Iterations: 10
Function Evaluations Limit: 150000
Population: 30

Prides Length: 4

Percent Nomads: 0.2
Percent Roaming: 0.8
Percent Sex: 0.2

Mating Rate: 0.6
Mutation Probability: 0.8
Immigration Rate: 0.2

Percent Group Influence: 0.8
Annealing On: true
Ranked Selection Pressure: 2
Near To Best Random Pressure: 2

Dimensions: 2
N-Dimension Space: -10:10

Fitness Iterations:
4.25987 (Initial Best)

158.415, 167.749, 73.5851, 64.951, 59.6704, 88.8686, 40.1467, 120.662, 109.388, 105.421, 143.394, 92.1665, 86.3261, 32.6725, 120.555, 137.486, 95.4497, 91.6169, 55.7016, 39.019, 91.8693, 53.5249, 190.426, 117.786, 139.379, 4.25987, 109.071, 59.4868, 98.2871, 33.6847, 

21.2105, 37.1144, 45.5963, 49.6745, 115.695, 50.2281, 9.60909, 13.953, 26.706, 33.3302, 39.1401, 81.7472, 11.6482, 17.0042, 19.8313, 27.2764, 27.3613, 91.6169, 13.7213, 20.7603, 25.9459, 26.0871, 34.7241, 83.8942, 39.3364, 40.1467, 4.25987, 19.5546, 22.3831, 33.6847, 36.4073, 

6.12063, 21.1356, 23.2823, 25.1611, 26.1265, 50.2281, 8.8456, 9.60909, 19.0354, 19.9151, 20.2883, 80.214, 4.40363, 7.40746, 11.5947, 11.6482, 19.8313, 76.8687, 10.5553, 13.7213, 18.0075, 20.7603, 21.2039, 59.57, 12.5996, 11.0882, 4.25987, 10.3909, 16.8154, 18.8018, 19.5546, 

4.60419, 6.12063, 11.0882, 13.2437, 26.1265, 50.2281, 5.02181, 8.80382, 9.60909, 19.0354, 20.2883, 44.6723, 4.26952, 4.35313, 7.40746, 10.1023, 11.5947, 59.8267, 8.69337, 9.05798, 10.5553, 13.7213, 18.0075, 59.57, 19.9068, 12.5996, 4.25987, 10.3909, 16.8154, 18.8018, 19.5546, 

4.60419, 5.44433, 11.0882, 13.2437, 18.5248, 50.2281, 5.02181, 8.80382, 9.60909, 15.2917, 20.2883, 16.5348, 2.91313, 2.92322, 4.26952, 4.35313, 11.5947, 20.2239, 6.31724, 8.49745, 8.69337, 9.05798, 10.5553, 19.2538, 12.5996, 19.0354, 4.25987, 10.3909, 16.8154, 18.8018, 19.5546, 

4.60419, 5.44433, 11.0882, 13.2437, 18.5248, 44.6767, 2.70832, 4.944, 5.90736, 9.60909, 14.2243, 16.5348, 1.44263, 1.56142, 2.88247, 2.91313, 9.17726, 20.2239, 4.83164, 5.09141, 6.31724, 8.57861, 8.69337, 19.2538, 6.31163, 12.5996, 4.25987, 10.3909, 11.6888, 16.8154, 18.8018, 

4.60419, 4.8905, 11.0882, 12.5996, 15.9876, 35.3242, 1.44855, 1.46846, 1.6857, 2.83818, 14.2243, 7.31461, 1.05878, 1.06069, 1.1429, 1.37082, 1.44263, 20.2239, 1.24942, 2.84649, 4.37003, 6.31724, 6.57684, 19.2538, 6.31163, 12.381, 2.75824, 4.25987, 10.3909, 11.6888, 16.8154, 

4.60419, 4.8905, 6.29454, 12.5996, 15.9876, 35.3242, 1.07629, 1.14027, 1.18575, 1.46846, 2.82784, 7.31461, 1.00344, 1.02661, 1.05878, 1.06069, 1.37082, 20.2239, 1.0663, 1.24942, 1.25042, 1.29046, 1.58262, 19.2538, 6.31163, 11.0882, 2.75824, 4.25987, 7.16302, 10.3909, 11.6888, 

4.31579, 4.42395, 4.60419, 6.29454, 6.31163, 35.3242, 1.05099, 1.05585, 1.0744, 1.13295, 1.22808, 7.31461, 0.995779, 0.998365, 0.999921, 1.00283, 1.00344, 20.2239, 1.01377, 1.01616, 1.01634, 1.0663, 1.22519, 19.2538, 11.0882, 4.60133, 2.73984, 2.75824, 4.25987, 7.16302, 10.3909, 

3.50515, 4.32025, 4.60133, 5.24569, 6.31163, 35.3242, 1.0438, 1.04423, 1.04702, 1.05096, 1.05118, 7.31461, 0.995207, 0.995239, 0.995406, 0.995779, 0.996234, 20.2239, 1.00034, 1.00771, 1.01131, 1.01377, 1.01409, 19.2538, 4.60419, 4.31579, 2.46279, 2.73984, 2.75824, 4.25987, 7.16302, 

2.66737, 3.48251, 3.50515, 4.31579, 4.60133, 35.3242, 1.02959, 1.03003, 1.03034, 1.0311, 1.04702, 7.31461, 0.995049, 0.995174, 0.995207, 0.995239, 0.995481, 20.2239, 0.995583, 0.999995, 1.00034, 1.00134, 1.00303, 19.2538, 4.32025, 1.20969, 2.46279, 2.73984, 2.75824, 4.25987, 7.16302, 

Best:
(0.000656234, -0.995105, )

Fitness Evaluations:
904
