Iterations: 200
Function Evaluations Limit: 150000
Population: 100

Prides Length: 4

Percent Nomads: 0.2
Percent Roaming: 0.8
Percent Sex: 0.2

Mating Rate: 0.6
Mutation Probability: 0.8
Immigration Rate: 0.2

Percent Group Influence: 0.8
Annealing On: true
Ranked Selection Pressure: 2
Near To Best Random Pressure: 2

Dimensions: 1
N-Dimension Space: -10:10

Fitness Iterations:
4.04292 (Initial Best)

24.3841, 57.3658, 49.4586, 10.8431, 5.25761, 14.6937, 6.96599, 79.9896, 70.6066, 4.87758, 112.061, 15.0826, 29.1509, 46.8131, 14.1383, 38.3938, 72.3347, 103.101, 7.15255, 74.6624, 18.7733, 22.6864, 7.91065, 6.74242, 6.88973, 14.8368, 55.5844, 14.9176, 22.9818, 4.64694, 86.7218, 12.9675, 11.0749, 40.5587, 31.1721, 5.75895, 5.58447, 14.1454, 16.5433, 5.72333, 6.99657, 70.0992, 17.2276, 43.0624, 11.232, 17.9454, 4.39938, 121.262, 52.5427, 15.5109, 52.443, 5.71743, 120.516, 8.51937, 18.5981, 16.4127, 6.88255, 33.3005, 10.068, 102.349, 14.9108, 39.7666, 4.05583, 33.0897, 18.4678, 54.3209, 33.0042, 34.1465, 91.3522, 4.63399, 5.82826, 71.1165, 4.1, 83.1417, 9.72205, 46.2378, 84.0348, 16.6812, 36.2573, 4.24549, 10.8481, 14.0078, 5.70078, 38.6724, 34.3298, 7.90957, 40.0267, 8.26854, 29.7003, 4.13864, 5.13477, 99.1427, 4.67147, 32.5137, 13.5647, 93.9975, 4.04292, 23.0801, 58.1592, 16.0357, 

4, 4.00001, 4.00008, 4.00018, 4.00036, 4.0005, 4.00082, 4.00163, 4.00205, 4.00416, 4.00868, 4.01011, 4.01168, 4.01496, 4.01526, 4.03821, 6.12049, 7.13811, 13.5723, 6.17882, 4, 4.00022, 4.00055, 4.00067, 4.0007, 4.00241, 4.00246, 4.00248, 4.00675, 4.03508, 4.05716, 4.06599, 4.08379, 4.11974, 4.06508, 4.09172, 4.01749, 4.50259, 5.58447, 4.00035, 4.00004, 4.0002, 4.00102, 4.00134, 4.00171, 4.00583, 4.00638, 4.01602, 4.01677, 4.0277, 4.02773, 4.0424, 4.07934, 4.0846, 4.08862, 4.1425, 6.88255, 9.79746, 5.66928, 31.9377, 4, 4.00002, 4.00008, 4.00012, 4.00019, 4.00031, 4.00044, 4.00106, 4.00146, 4.00222, 4.00385, 4.0117, 4.01231, 4.08591, 4.18181, 4.05152, 4.20931, 4.24549, 8.08711, 4.07668, 4.16599, 4.19186, 4.20779, 4.14579, 4.04292, 4.13864, 4.13908, 4.14258, 4.25903, 4.26999, 4.32269, 4.33947, 4.34226, 4.67147, 4.93213, 4.95913, 5.13477, 5.15224, 5.22688, 5.72333, 

4, 4, 4, 4, 4, 4, 4, 4, 4, 4, 4.00003, 4.00004, 4.00006, 4.00012, 4.00013, 4.00014, 5.89403, 7.00769, 4.21643, 4.59666, 4, 4, 4, 4, 4, 4, 4, 4, 4.00001, 4.00001, 4.00001, 4.00001, 4.00006, 4.00015, 4.00062, 4.0007, 4.50259, 4.78483, 4.01467, 5.70938, 4, 4, 4, 4, 4.00001, 4.00004, 4.00005, 4.00008, 4.00009, 4.00012, 4.00012, 4.00013, 4.0002, 4.0002, 4.00026, 4.00027, 4.03277, 4.39642, 4.04498, 5.11741, 4, 4, 4, 4, 4, 4, 4, 4, 4, 4, 4.00001, 4.00001, 4.00002, 4.00003, 4.00003, 4, 4.00071, 4.05486, 8.08711, 6.11858, 4.00068, 4.00259, 4.01173, 4.00099, 4.00001, 4.00003, 4.00005, 4.00023, 4.00042, 4.00063, 4.00742, 4.04292, 4.13571, 4.13864, 4.13908, 4.14258, 4.25903, 4.26324, 4.2671, 4.26999, 

4, 4, 4, 4, 4, 4, 4, 4, 4, 4, 4, 4, 4, 4, 4, 4, 4.07249, 4.53945, 4.59666, 4.13341, 4, 4, 4, 4, 4, 4, 4, 4, 4, 4, 4, 4, 4, 4, 4, 4.00001, 4.00215, 4.50259, 4.78483, 4.17716, 4, 4, 4, 4, 4, 4, 4, 4, 4, 4, 4, 4, 4, 4, 4, 4, 4, 4.03277, 4, 4.00379, 4, 4, 4, 4, 4, 4, 4, 4, 4, 4, 4, 4, 4, 4, 4, 4, 4, 4.00001, 4.08204, 4, 4, 4.00001, 4.00032, 4.00001, 4.00001, 4.00003, 4.00005, 4.00006, 4.00023, 4.00024, 4.00025, 4.00042, 4.00062, 4.00063, 4.00307, 4.00396, 4.00408, 4.00742, 4.01452, 4.01526, 

4, 4, 4, 4, 4, 4, 4, 4, 4, 4, 4, 4, 4, 4, 4, 4, 4.07845, 4.13341, 4.24092, 4.08204, 4, 4, 4, 4, 4, 4, 4, 4, 4, 4, 4, 4, 4, 4, 4, 4, 4.00849, 4.78483, 4.00001, 4.22761, 4, 4, 4, 4, 4, 4, 4, 4, 4, 4, 4, 4, 4, 4, 4, 4, 4, 4, 4.03277, 4, 4, 4, 4, 4, 4, 4, 4, 4, 4, 4, 4, 4, 4, 4, 4, 4, 4, 4, 4.01485, 4, 4, 4, 4, 4, 4, 4.00001, 4.00001, 4.00001, 4.00002, 4.00003, 4.00003, 4.00005, 4.00005, 4.00006, 4.00006, 4.00018, 4.00023, 4.00024, 4.00024, 4.00025, 

4, 4, 4, 4, 4, 4, 4, 4, 4, 4, 4, 4, 4, 4, 4, 4, 4.00209, 4.00604, 4.07845, 4.00085, 4, 4, 4, 4, 4, 4, 4, 4, 4, 4, 4, 4, 4, 4, 4, 4, 4, 4.02313, 4.22761, 4.00986, 4, 4, 4, 4, 4, 4, 4, 4, 4, 4, 4, 4, 4, 4, 4, 4, 4, 4, 4, 4.71567, 4, 4, 4, 4, 4, 4, 4, 4, 4, 4, 4, 4, 4, 4, 4, 4, 4, 4, 4, 4, 4, 4, 4, 4, 4, 4, 4, 4, 4, 4.00001, 4.00001, 4.00001, 4.00002, 4.00002, 4.00003, 4.00003, 4.00005, 4.00005, 4.00006, 4.00006, 

4, 4, 4, 4, 4, 4, 4, 4, 4, 4, 4, 4, 4, 4, 4, 4, 4.0001, 4.0052, 4.00604, 4.00004, 4, 4, 4, 4, 4, 4, 4, 4, 4, 4, 4, 4, 4, 4, 4, 4, 4.00163, 4.01554, 4.22761, 4.76943, 4, 4, 4, 4, 4, 4, 4, 4, 4, 4, 4, 4, 4, 4, 4, 4, 4, 4, 4, 4, 4, 4, 4, 4, 4, 4, 4, 4, 4, 4, 4, 4, 4, 4, 4, 4, 4, 4, 4, 5.37533, 4, 4, 4, 4, 4, 4, 4, 4, 4, 4, 4, 4, 4, 4, 4, 4, 4, 4, 4, 4.00001, 

4, 4, 4, 4, 4, 4, 4, 4, 4, 4, 4, 4, 4, 4, 4, 4, 4.00003, 4.00604, 4.00001, 4.00021, 4, 4, 4, 4, 4, 4, 4, 4, 4, 4, 4, 4, 4, 4, 4, 4, 4.08025, 4.22761, 4.00457, 4.00066, 4, 4, 4, 4, 4, 4, 4, 4, 4, 4, 4, 4, 4, 4, 4, 4, 4, 4, 4, 4, 4, 4, 4, 4, 4, 4, 4, 4, 4, 4, 4, 4, 4, 4, 4, 4, 4, 4, 5.37533, 4, 4, 4, 4, 4, 4, 4, 4, 4, 4, 4, 4, 4, 4, 4, 4, 4, 4, 4, 4, 4, 

4, 4, 4, 4, 4, 4, 4, 4, 4, 4, 4, 4, 4, 4, 4, 4, 4.00001, 4.00002, 4.00604, 4.01733, 4, 4, 4, 4, 4, 4, 4, 4, 4, 4, 4, 4, 4, 4, 4, 4, 4, 4.00457, 4.04433, 4, 4, 4, 4, 4, 4, 4, 4, 4, 4, 4, 4, 4, 4, 4, 4, 4, 4, 4, 4, NaN, 4, 4, 4, 4, 4, 4, 4, 4, 4, 4, 4, 4, 4, 4, 4, 4, 4, 4, 4, NaN, 4, 4, 4, 4, 4, 4, 4, 4, 4, 4, 4, 4, 4, 4, 4, 4, 4, 4, 4, 4, 

4, 4, 4, 4, 4, 4, 4, 4, 4, 4, 4, 4, 4, 4, 4, 4, 4, 4.00062, 4, 4.00804, 4, 4, 4, 4, 4, 4, 4, 4, 4, 4, 4, 4, 4, 4, 4, 4, 4, 4.01838, 4.00305, 4, 4, 4, 4, 4, 4, 4, 4, 4, 4, 4, 4, 4, 4, 4, 4, 4, 4, 4, NaN, NaN, 4, 4, 4, 4, 4, 4, 4, 4, 4, 4, 4, 4, 4, 4, 4, 4, 4, NaN, NaN, NaN, 4, 4, 4, 4, 4, 4, 4, 4, 4, 4, 4, 4, 4, 4, 4, 4, 4, 4, 4, 4, 

4, 4, 4, 4, 4, 4, 4, 4, 4, 4, 4, 4, 4, 4, 4, 4, 4, 4, 4.00804, 4, 4, 4, 4, 4, 4, 4, 4, 4, 4, 4, 4, 4, 4, 4, 4, 4, 4, 4, 4.00173, 4.00005, 4, 4, 4, 4, 4, 4, 4, 4, 4, 4, 4, 4, 4, 4, 4, 4, 4, NaN, NaN, NaN, 4, 4, 4, 4, 4, 4, 4, 4, 4, 4, 4, 4, 4, 4, 4, 4, 4, NaN, NaN, NaN, 4, 4, 4, 4, 4, 4, 4, 4, 4, 4, 4, 4, 4, 4, 4, 4, 4, 4, 4, 4, 

4, 4, 4, 4, 4, 4, 4, 4, 4, 4, 4, 4, 4, 4, 4, 4, 4, 4, 4.00301, 4, 4, 4, 4, 4, 4, 4, 4, 4, 4, 4, 4, 4, 4, 4, 4, 4, 4, 4, 4, 4, 4, 4, 4, 4, 4, 4, 4, 4, 4, 4, 4, 4, 4, 4, 4, 4, 4, NaN, NaN, NaN, 4, 4, 4, 4, 4, 4, 4, 4, 4, 4, 4, 4, 4, 4, 4, 4, NaN, NaN, NaN, NaN, 4, 4, 4, 4, 4, 4, 4, 4, 4, 4, 4, 4, 4, 4, 4, 4, 4, 4, 4, 4, 

4, 4, 4, 4, 4, 4, 4, 4, 4, 4, 4, 4, 4, 4, 4, 4, 4, 4, 4, 4, 4, 4, 4, 4, 4, 4, 4, 4, 4, 4, 4, 4, 4, 4, 4, 4, 4, 4, 4, 4, 4, 4, 4, 4, 4, 4, 4, 4, 4, 4, 4, 4, 4, 4, 4, 4, 4, NaN, NaN, NaN, 4, 4, 4, 4, 4, 4, 4, 4, 4, 4, 4, 4, 4, 4, 4, 4, NaN, NaN, NaN, NaN, 4, 4, 4, 4, 4, 4, 4, 4, 4, 4, 4, 4, 4, 4, 4, 4, 4, 4, 4, 4, 

Best:
(-1, )

Fitness Evaluations:
10774
