Iterations: 1
Function Evaluations Limit: 150000
Population: 100

Prides Length: 4

Percent Nomads: 0.2
Percent Roaming: 0.8
Percent Sex: 0.2

Mating Rate: 0.6
Mutation Probability: 0.8
Immigration Rate: 0.2

Percent Group Influence: 0.8
Annealing On: true
Ranked Selection Pressure: 2
Near To Best Random Pressure: 2

Dimensions: 2
N-Dimension Space: -10:10

Fitness Iterations:
8.39586 (Initial Best)

82.5022, 94.7523, 58.0686, 33.5069, 152.801, 38.2358, 130.309, 105.267, 106.138, 46.3114, 109.174, 69.2938, 98.7103, 58.2903, 84.5821, 101.169, 150.477, 116.781, 8.39586, 176.968, 126.189, 15.7847, 127.364, 65.2847, 107.803, 34.3842, 71.2711, 79.8022, 138.383, 17.1838, 109.166, 99.4033, 123.667, 37.8891, 101.9, 139.608, 108.873, 81.7666, 87.0247, 69.2131, 142.933, 109.354, 36.5656, 109.837, 41.0108, 53.7661, 40.1762, 35.8594, 143.227, 124.476, 203.002, 48.6981, 34.0841, 129.308, 124.567, 172.792, 84.8739, 141.888, 116.086, 85.5722, 124.352, 21.213, 81.4546, 112.251, 19.8732, 31.4366, 55.7236, 130.43, 94.3214, 140.867, 125.524, 121.659, 135.022, 42.9954, 173.92, 119.576, 85.3227, 85.4662, 114.446, 114.074, 109.817, 152.595, 74.4157, 33.0331, 66.4559, 75.0529, 151.967, 98.3847, 79.1859, 48.2266, 123.403, 32.0572, 110.278, 115.561, 192.697, 57.0751, 90.0792, 109.481, 33.9311, 22.9397, 

2.73705, 3.19049, 3.28968, 3.29719, 3.91572, 4.21894, 6.46092, 7.07318, 7.2471, 7.40105, 11.3703, 14.0181, 14.4384, 15.2253, 16.4123, 22.2008, 3.11877, 20.1817, 33.2567, 137.937, 2.46113, 3.50298, 3.5913, 4.21256, 4.27648, 4.63211, 5.29591, 9.56411, 9.7202, 10.0085, 10.2939, 15.7847, 15.979, 17.4375, 22.1854, 23.1813, 31.0115, 78.1545, 81.7666, 24.0189, 2.1932, 3.11296, 3.22708, 4.45773, 4.76055, 5.21326, 5.47246, 5.87139, 9.67552, 10.2095, 11.8719, 13.1674, 14.5625, 16.4197, 21.3912, 23.9126, 47.7004, 52.4318, 131.249, 53.6812, 4.22815, 5.17216, 5.81577, 6.12159, 6.33777, 6.56848, 8.14394, 8.31119, 13.0997, 13.3971, 14.1622, 16.1773, 16.7373, 19.9543, 22.996, 23.7894, 29.0282, 36.354, 65.792, 17.3543, 7.89452, 8.37646, 22.4785, 20.9038, 20.0309, 20.4394, 21.0613, 22.9397, 25.2427, 26.4147, 27.3581, 29.4676, 31.0461, 31.6479, 32.0572, 34.3065, 34.4087, 41.9184, 42.9234, 47.023, 

Best:
(-0.0424037, -0.0977906, )

Fitness Evaluations:
992
