Iterations: 10
Function Evaluations Limit: 150000
Population: 100

Prides Length: 4

Percent Nomads: 0.2
Percent Roaming: 0.8
Percent Sex: 0.2

Mating Rate: 0.6
Mutation Probability: 0.8
Immigration Rate: 0.2

Percent Group Influence: 0.8
Annealing On: true
Ranked Selection Pressure: 2
Near To Best Random Pressure: 2

Dimensions: 2
N-Dimension Space: -10:10

Fitness Iterations:
8.67923 (Initial Best)

56.7554, 136.297, 69.9697, 40.4978, 32.0858, 41.8851, 40.4254, 83.8794, 53.369, 125.32, 137.168, 46.0216, 118.492, 23.6977, 65.9242, 135.053, 116.855, 82.6143, 46.1831, 73.1759, 34.0243, 122.412, 21.9911, 57.4688, 49.2237, 51.6548, 90.5834, 55.8175, 35.9634, 88.4058, 83.588, 195.473, 99.3615, 86.026, 80.7299, 8.67923, 94.325, 92.5709, 122.538, 42.4326, 34.1785, 44.7918, 144.631, 170.886, 150.688, 133.654, 85.4573, 104.011, 51.1168, 118.847, 108.998, 69.1744, 98.0004, 62.9218, 76.0436, 83.2665, 87.3807, 127.464, 64.5419, 66.3347, 127.377, 41.0681, 135.863, 100.815, 71.7436, 174.863, 28.7147, 166.651, 73.2593, 127.645, 47.407, 123.321, 121.633, 87.5341, 106.547, 85.6486, 119.955, 86.1094, 66.002, 78.2954, 117.274, 79.4059, 41.8453, 39.1873, 188.189, 102.588, 160.906, 126.766, 102.362, 94.6124, 84.2125, 116, 69.96, 130.997, 19.6024, 38.4207, 87.4028, 42.7244, 167.747, 129.094, 

2.03236, 5.56309, 9.57392, 9.59233, 10.2344, 10.8422, 14.4365, 14.8711, 17.437, 18.128, 20.1695, 21.7131, 21.7822, 22.1565, 18.9569, 22.4127, 19.3499, 37.9243, 82.1595, 31.6568, 2.73279, 2.83894, 3.47747, 5.59784, 5.84368, 6.73412, 6.85246, 7.48862, 8.39934, 8.67923, 9.06714, 10.6183, 10.6552, 11.555, 11.6558, 18.393, 18.1958, 24.2588, 35.3231, 68.7889, 1.7897, 2.36877, 3.99986, 4.50389, 4.93209, 5.53137, 5.53922, 6.36874, 9.01815, 9.70755, 9.84566, 10.9917, 13.0382, 16.7564, 20.9164, 22.4321, 45.1755, 64.5419, 87.1352, 27.9789, 1.09657, 2.67415, 3.24759, 4.89573, 5.58471, 6.15533, 6.25721, 6.59926, 10.3449, 11.8404, 13.2351, 13.8125, 15.1525, 20.7409, 21.9937, 11.7071, 20.6105, 28.3866, 28.4059, 49.7894, 13.1489, 22.4692, 22.6686, 4.52662, 15.2055, 15.62, 16.7964, 19.2504, 19.6024, 23.3234, 24.3721, 26.1489, 31.6844, 33.649, 34.1754, 34.7359, 35.7383, 37.9707, 38.4207, 42.2201, 

1.26064, 1.38767, 1.39131, 1.48252, 1.73795, 2.03236, 2.37524, 3.36632, 3.39712, 4.52662, 5.14824, 7.91281, 8.71272, 10.2312, 11.4586, 12.8418, 6.84916, 17.1979, 19.3499, 20.2256, 1.01472, 1.50352, 1.53378, 1.8246, 1.8829, 2.00975, 2.4224, 2.73279, 2.7927, 2.83894, 3.47747, 3.68868, 3.7103, 3.72842, 4.57923, 8.24507, 18.1958, 24.9074, 21.2617, 40.1795, 1.04752, 1.06375, 1.13038, 1.45366, 1.7897, 1.83277, 1.92108, 2.11669, 2.36877, 2.55533, 2.79069, 3.31213, 4.03415, 4.93209, 6.19905, 8.3864, 8.64449, 9.4984, 50.0143, 30.9958, 1.09657, 1.12258, 1.2643, 1.34455, 1.54061, 1.61763, 1.80059, 1.93319, 1.96117, 2.45058, 2.67415, 2.77247, 2.85163, 3.63913, 3.7988, 6.15533, 20.7372, 26.692, 9.38614, 23.4424, 5.06605, 13.2871, 13.1489, 5.5822, 1.10547, 4.4618, 9.56628, 13.494, 14.4616, 15.2055, 15.62, 16.7964, 17.2725, 19.2504, 19.4846, 20.6105, 23.3234, 24.306, 24.3721, 24.5646, 

0.999558, 1.00095, 1.01112, 1.01204, 1.03231, 1.07473, 1.09502, 1.10687, 1.10721, 1.13462, 1.18104, 1.2526, 1.28342, 1.39131, 1.46813, 1.51385, 6.84916, 19.3499, 20.2256, 23.2777, 0.997691, 0.998778, 1.00176, 1.00393, 1.00397, 1.00485, 1.00497, 1.00803, 1.01139, 1.01289, 1.01482, 1.01553, 1.02505, 1.07892, 1.10276, 1.0505, 3.42414, 18.1958, 40.1795, 1.77562, 1.00284, 1.00549, 1.02314, 1.02956, 1.03098, 1.03195, 1.03522, 1.06375, 1.098, 1.12063, 1.13038, 1.14289, 1.14937, 1.15888, 1.19432, 1.53473, 4.32421, 9.4984, 2.09789, 21.2197, 0.723069, 0.995695, 0.996287, 0.996374, 0.998523, 1.00152, 1.00712, 1.04571, 1.05284, 1.07244, 1.08541, 1.09657, 1.10909, 1.12257, 1.14699, 1.2582, 5.16497, 9.38614, 14.4662, 20.9785, 1.12847, 1.15211, 0.995578, 1.11739, 1.00421, 1.10547, 1.22608, 1.43956, 1.4824, 1.72536, 4.4618, 4.76405, 8.35641, 8.94668, 13.494, 14.4616, 14.686, 15.2055, 15.62, 16.7964, 

0.995102, 0.995123, 0.995123, 0.995352, 0.995578, 0.99649, 0.996559, 0.99717, 0.998158, 0.998793, 0.999558, 1.00023, 1.01533, 1.01697, 1.03721, 1.06816, 6.84916, 8.21809, 20.2256, 32.8716, 0.994965, 0.994976, 0.99499, 0.994995, 0.995004, 0.995101, 0.995136, 0.995212, 0.995688, 0.99594, 0.996004, 0.996309, 0.996482, 0.997934, 0.999897, 1.00536, 1.08234, 38.7552, 45.8253, 1.25934, 0.99497, 0.994986, 0.99521, 0.995319, 0.99532, 0.995357, 0.995865, 0.996445, 0.999033, 0.999482, 1.0004, 1.00106, 1.00549, 1.00645, 1.00655, 1.00763, 1.00871, 1.44601, 7.21628, 21.465, 0.0413062, 0.180199, 0.477552, 0.530641, 0.551797, 0.572885, 0.701096, 0.723069, 0.737453, 0.753823, 0.78452, 0.796371, 0.832811, 0.996287, 1.02193, 1.04571, 5.16497, 6.76014, 21.2291, 36.9433, 0.995621, 1.00787, 1.02202, 1.0529, 0.999296, 1.00421, 1.01772, 1.10547, 1.13823, 1.22608, 1.43956, 1.4824, 1.72536, 2.12451, 2.37259, 2.92147, 3.13651, 4.32421, 4.4618, 4.76405, 

0.99496, 0.99496, 0.994964, 0.994965, 0.994967, 0.994971, 0.994972, 0.994974, 0.994989, 0.995025, 0.995031, 0.995048, 0.995102, 0.995117, 0.995204, 1.00787, 5.38828, 6.84916, 8.21809, 17.3696, 0.357528, 0.99496, 0.99496, 0.994961, 0.994961, 0.994962, 0.994963, 0.994963, 0.994965, 0.994968, 0.994976, 0.994979, 0.99498, 0.994983, 0.995122, 0.995292, 0.998703, 15.806, 21.9538, 18.4924, 0.994961, 0.994961, 0.994962, 0.994962, 0.994963, 0.994967, 0.994969, 0.99497, 0.994986, 0.994989, 0.994998, 0.995093, 0.995118, 0.995155, 0.995166, 0.995325, 1.00871, 1.09345, 7.21628, 1.02992, 0.000330751, 0.000720172, 0.0012733, 0.00221601, 0.00314885, 0.00322162, 0.00456388, 0.00543998, 0.0124285, 0.0124333, 0.0199166, 0.02064, 0.0253008, 0.027928, 0.0380511, 0.129583, 5.14576, 5.16497, 20.4079, 0.230968, 0.99496, 0.995621, 1.01216, 1.00117, 0.133217, 0.844647, 0.999296, 1.00108, 1.00279, 1.00421, 1.01757, 1.01772, 1.09852, 1.10547, 1.13823, 1.17405, 1.22608, 1.25934, 1.43956, 1.4824, 

0.295347, 0.299515, 0.99496, 0.99496, 0.994964, 0.994965, 0.994967, 0.994971, 0.994972, 0.994974, 0.994976, 0.994989, 0.995031, 0.995048, 0.995117, 0.995621, 5.38828, 6.51418, 4.59372, 2.43787, 0.00783825, 0.168615, 0.286005, 0.357528, 0.472596, 0.99496, 0.99496, 0.994961, 0.994962, 0.994963, 0.994963, 0.994965, 0.994968, 0.99498, 0.994983, 0.995007, 0.998488, 1.51269, 21.9538, 8.63902, 0.295393, 0.994959, 0.994959, 0.994959, 0.994959, 0.994959, 0.994959, 0.994959, 0.99496, 0.99496, 0.99496, 0.994961, 0.994962, 0.994964, 0.994966, 0.994967, 0.995531, 1.00871, 1.0154, 0.995443, 1.17159e-07, 5.42765e-07, 6.85695e-07, 2.8114e-06, 9.41957e-06, 1.29723e-05, 1.3545e-05, 1.54483e-05, 2.69319e-05, 6.5591e-05, 0.000102542, 0.000144084, 0.000158581, 0.000162004, 0.000194038, 0.000195448, 1.533, 2.31763, 5.14576, 0.0140167, 0.0212503, 0.99496, 0.995122, 0.994959, 0.0480374, 0.0549863, 0.133217, 0.844647, 0.996992, 0.999296, 1.00108, 1.00279, 1.00421, 1.01757, 1.01772, 1.09852, 1.10547, 1.13688, 1.13823, 1.17405, 

0.0096837, 0.0212503, 0.0620759, 0.0887583, 0.0904789, 0.299515, 0.342516, 0.530931, 0.663154, 0.731994, 0.99496, 0.99496, 0.994971, 0.994974, 0.995031, 0.995122, 2.43787, 3.05291, 6.51418, 18.1907, 0.00239299, 0.00765398, 0.00783825, 0.0146531, 0.0290403, 0.0746541, 0.0853434, 0.115222, 0.155916, 0.168615, 0.299185, 0.555529, 0.703323, 0.99496, 0.99496, 0.994965, 0.998488, 1.63499, 10.8914, 16.309, 0.00272402, 0.127612, 0.295393, 0.519314, 0.581443, 0.720711, 0.994959, 0.994959, 0.994959, 0.994959, 0.994959, 0.994959, 0.99496, 0.99496, 0.99496, 0.994962, 0.867102, 0.995037, 1.0154, 1.01796, 4.48774e-08, 4.56469e-08, 8.83415e-08, 1.17159e-07, 1.17172e-07, 3.04689e-07, 3.72116e-07, 2.16734e-06, 2.8114e-06, 3.22674e-06, 6.09917e-06, 6.19828e-06, 7.20776e-06, 1.12857e-05, 1.46348e-05, 1.62322e-05, 0.00100511, 1.533, 2.63675, 1.79582, 0.107098, 0.052747, 0.137366, 0.348017, 0.000311283, 0.0257743, 0.0480374, 0.0549863, 0.133217, 0.844647, 0.994981, 0.996992, 0.999296, 1.00108, 1.00279, 1.00406, 1.00421, 1.00871, 1.01757, 1.01772, 

0.00032748, 0.00104248, 0.00134522, 0.0016187, 0.00166689, 0.00289601, 0.00522042, 0.00700292, 0.0096837, 0.0109552, 0.0212503, 0.0223938, 0.02521, 0.0450388, 0.052747, 0.0746541, 1.39769, 1.49409, 2.43787, 19.1473, 5.77484e-05, 0.000785468, 0.000923762, 0.00116888, 0.00198792, 0.00218051, 0.0022739, 0.00239299, 0.00258538, 0.00336817, 0.00765398, 0.00783825, 0.00936482, 0.00987199, 0.0151435, 0.035072, 0.998488, 9.20116, 16.309, 0.0118301, 0.000747298, 0.00153254, 0.00725486, 0.0139489, 0.0457856, 0.0503177, 0.127612, 0.137366, 0.198917, 0.245878, 0.295393, 0.348017, 0.743729, 0.994959, 0.994959, 4.43347e-05, 0.000319091, 1.0154, 6.31585e-05, 68.6312, 2.9779e-10, 2.17124e-09, 2.83473e-09, 3.14497e-09, 6.0606e-09, 8.89538e-09, 8.95631e-09, 1.61485e-08, 1.87557e-08, 2.71366e-08, 3.38381e-08, 1.17159e-07, 3.46818e-07, 2.76758e-06, 2.8114e-06, 6.19828e-06, 0.842048, 1.79582, 2.63675, 0.527153, 0.000847807, 0.118371, 0.107098, 0.14008, 0.000300776, 0.000304228, 0.000311283, 0.00100511, 0.0257743, 0.0285806, 0.0480374, 0.0549863, 0.133217, 0.247537, 0.844647, 0.994981, 0.995037, 0.996992, 0.999296, 1.00108, 

2.39643e-07, 1.05058e-06, 3.25142e-06, 6.37806e-06, 6.5827e-06, 3.81767e-05, 9.0394e-05, 0.000130814, 0.0001458, 0.000190093, 0.000204621, 0.00022786, 0.000546065, 0.00065212, 0.000784338, 0.000791914, 0.164847, 2.43787, 19.1473, 18.7452, 7.94946e-07, 1.00214e-06, 1.54458e-06, 2.20309e-06, 3.14954e-06, 6.97434e-06, 1.12397e-05, 1.87789e-05, 1.95755e-05, 2.70042e-05, 5.8555e-05, 6.54819e-05, 9.33145e-05, 0.000124946, 0.000757901, 0.000847807, 0.998488, 16.309, 3.97092, 11.8957, 7.02371e-08, 1.0379e-06, 5.85506e-06, 1.35318e-05, 1.89631e-05, 3.46108e-05, 6.00347e-05, 8.75718e-05, 0.0001389, 0.000176893, 0.000206595, 0.000341472, 0.00131006, 0.00241156, 0.00555085, 0.000130086, 1.30601e-05, 6.31585e-05, 3.70824e-06, 44.1751, 2.86171e-12, 9.9627e-11, 3.97398e-10, 6.59631e-10, 8.79741e-10, 9.48008e-10, 1.57027e-09, 2.17124e-09, 2.2322e-09, 3.02945e-09, 3.14497e-09, 8.95631e-09, 1.87557e-08, 3.81153e-08, 1.17159e-07, 8.54714e-07, 0.527153, 0.842048, 1.79582, 0.125136, 0.000923762, 0.0172451, 0.000941205, 0.000865441, 0.000300776, 0.000304228, 0.000311283, 0.000512317, 0.000909864, 0.00100511, 0.00170444, 0.00589473, 0.0181473, 0.0204913, 0.0257743, 0.0267549, 0.0285806, 0.0416461, 0.0480374, 0.0549863, 

2.79952e-09, 5.89035e-08, 1.38567e-07, 2.30624e-07, 2.39643e-07, 3.93597e-07, 6.20341e-07, 3.43719e-06, 5.10509e-06, 6.37806e-06, 1.70946e-05, 3.16903e-05, 3.40295e-05, 6.24239e-05, 0.000130814, 0.000181147, 0.0609611, 2.43787, 0.0370696, 0.0347563, 1.09539e-08, 1.19434e-08, 1.44206e-08, 3.36172e-08, 1.49784e-07, 1.68187e-07, 1.90694e-07, 3.61085e-07, 5.59747e-07, 6.11111e-07, 1.00214e-06, 5.26326e-06, 1.12397e-05, 1.30981e-05, 3.37927e-05, 0.000847807, 0.998488, 1.22907, 16.309, 9.59357, 3.21757e-08, 4.28233e-08, 6.00265e-08, 6.85449e-08, 7.02371e-08, 1.68233e-07, 2.53199e-07, 2.63784e-07, 3.59697e-07, 4.88339e-07, 5.47436e-07, 8.36004e-07, 8.87828e-07, 1.52234e-06, 1.96223e-07, 5.73326e-07, 3.70824e-06, 6.31585e-05, 41.5827, 9.45193e-05, 1.74971e-12, 2.01972e-12, 2.86171e-12, 4.20286e-12, 4.77129e-12, 4.49134e-11, 4.63523e-11, 9.9627e-11, 1.0713e-10, 1.38186e-10, 1.63929e-10, 1.83599e-10, 9.48008e-10, 1.57027e-09, 2.08882e-09, 1.35963e-08, 0.0623222, 0.842048, 1.79582, 0.00977087, 2.42887e-05, 0.000140376, 0.000314841, 0.00022192, 1.48574e-07, 5.50205e-07, 0.000300776, 0.000304228, 0.000305239, 0.000311283, 0.000512317, 0.000909864, 0.00100511, 0.00170444, 0.00231706, 0.00282712, 0.00589473, 0.0135238, 0.0181473, 0.0204913, 

Best:
(-5.82041e-08, -7.3715e-08, )

Fitness Evaluations:
9089
