Iterations: 30
Function Evaluations Limit: 150000
Population: 100

Prides Length: 4

Percent Nomads: 0.2
Percent Roaming: 0.8
Percent Sex: 0.2

Mating Rate: 0.6
Mutation Probability: 0.8
Immigration Rate: 0.2

Percent Group Influence: 0.8
Annealing On: true
Ranked Selection Pressure: 2
Near To Best Random Pressure: 2

Dimensions: 2
N-Dimension Space: -10:10

Fitness Iterations:
9.05729 (Initial Best)

50.5519, 127.852, 115.543, 61.3973, 62.0903, 44.7987, 38.2197, 98.0236, 43.5795, 175.443, 45.6784, 114.954, 32.3669, 30.812, 144.17, 159.918, 81.4782, 22.0587, 61.2826, 20.877, 64.2264, 81.8047, 69.7865, 89.9152, 155.216, 9.05729, 63.2974, 99.2736, 27.8634, 33.6269, 98.3717, 50.6604, 62.0439, 80.832, 63.0879, 84.35, 37.4386, 155.49, 99.0693, 89.2036, 22.8533, 148.569, 118.45, 59.321, 107.219, 88.6569, 115.706, 116.321, 10.382, 148.512, 166.224, 93.8554, 113.602, 51.4704, 55.8169, 125.478, 33.6275, 61.612, 17.7613, 83.2422, 92.2216, 91.5065, 137.051, 35.2889, 82.1428, 65.5099, 43.8957, 84.5419, 87.503, 20.0194, 104.004, 101.787, 63.9955, 115.804, 40.4816, 143.192, 122.466, 68.6066, 133.185, 126.08, 79.6706, 97.2155, 128.27, 86.0489, 62.7541, 14.1331, 25.7822, 164.323, 102.74, 18.6415, 174.408, 71.8525, 72.4971, 75.8326, 116.495, 112.433, 87.9588, 34.8943, 126.754, 57.0863, 

5.10387, 5.61751, 6.18983, 6.22803, 6.98462, 11.2583, 11.7118, 13.469, 15.0904, 16.305, 18.3917, 19.5716, 19.6905, 21.1615, 22.7223, 22.8533, 22.0587, 25.2749, 29.1737, 49.3002, 1.18184, 3.86969, 4.66159, 5.44426, 5.46812, 5.5949, 5.91111, 9.84876, 10.1047, 11.093, 11.8646, 12.9982, 13.3484, 14.2, 17.8349, 20.9797, 20.2118, 30.1013, 109.082, 32.8701, 5.04148, 5.98195, 6.5648, 8.14935, 10.382, 10.6421, 11.1265, 12.8169, 13.0899, 13.2777, 13.7496, 18.1778, 20.1936, 22.7004, 14.882, 10.4251, 12.403, 23.5394, 41.7476, 286.098, 0.475791, 1.01216, 1.58563, 1.66121, 2.91295, 5.8804, 6.86829, 7.43401, 7.56556, 8.16181, 9.09535, 9.72656, 10.6903, 11.1437, 14.6288, 18.496, 6.0002, 14.2316, 120.78, 38.6907, 25.9184, 23.1052, 24.44, 19.1113, 9.22566, 14.1331, 16.5985, 16.9101, 18.6415, 20.877, 24.0878, 25.3065, 25.7822, 29.7836, 30.7808, 33.6275, 34.8943, 35.1403, 36.4197, 38.9523, 

1.0618, 1.2495, 1.25497, 1.48514, 1.48757, 1.66405, 2.32443, 2.5262, 2.65634, 3.02391, 3.3157, 3.59314, 3.68615, 4.80995, 5.23101, 9.39779, 5.32076, 11.4336, 25.2749, 22.3764, 1.00117, 1.008, 1.00838, 1.03697, 1.04051, 1.0634, 1.10982, 1.18184, 1.32651, 1.67632, 3.33931, 3.53633, 3.82378, 4.66159, 5.5949, 3.6228, 5.49751, 25.2365, 34.7958, 8.46289, 4.97806, 5.02696, 5.04148, 5.05548, 5.18095, 5.18206, 5.43333, 5.43642, 6.89402, 6.98738, 7.60887, 7.68591, 8.00053, 8.67117, 9.11197, 5.52598, 14.1818, 132.311, 7.25048, 7.04783, 0.012601, 0.0143624, 0.0312819, 0.0686154, 0.0989755, 0.114014, 0.134081, 0.25833, 0.407594, 0.475791, 0.705514, 0.785007, 1.01216, 1.66121, 2.50973, 0.978553, 10.5115, 23.7819, 20.7866, 1.0878, 2.89265, 9.59908, 10.0909, 6.80308, 1.00706, 4.34219, 6.0002, 6.95492, 9.22566, 11.855, 14.1331, 16.0636, 16.5985, 16.9101, 18.4922, 18.6415, 20.877, 22.3651, 23.6721, 24.0878, 

0.171702, 1.00132, 1.00152, 1.00751, 1.02073, 1.02788, 1.05457, 1.10252, 1.10322, 1.12135, 1.12363, 1.1714, 1.48757, 1.55132, 1.69731, 1.77587, 1.74555, 5.32076, 19.8773, 28.4685, 0.575166, 0.99539, 0.995687, 0.996251, 0.996419, 0.996523, 0.996603, 0.997461, 0.999704, 1.00047, 1.00117, 1.00152, 1.0041, 1.01914, 1.02119, 1.02536, 1.13356, 5.49751, 2.14719, 24.8742, 0.247473, 2.16087, 2.89265, 3.8783, 4.40575, 4.64018, 4.72325, 4.86559, 5.02696, 5.04148, 5.18095, 5.68639, 6.0686, 6.80308, 6.9637, 7.03132, 5.75295, 7.25048, 21.3804, 6.5502, 0.000383668, 0.000468638, 0.000673232, 0.0011606, 0.00145331, 0.00191937, 0.00194061, 0.0019877, 0.00275232, 0.00282235, 0.00380894, 0.00526332, 0.00561191, 0.00806294, 0.012601, 0.0157083, 1.0878, 7.2183, 0.513243, 32.6529, 1.00021, 4.07533, 0.995039, 4.14736, 1.00706, 1.09256, 1.1277, 1.49618, 4.34219, 4.99552, 5.89963, 6.0002, 6.95492, 9.22566, 11.855, 12.1092, 14.1331, 16.0636, 16.5985, 16.6138, 

0.0279181, 0.171702, 0.276681, 0.708276, 0.995039, 1.00021, 1.00751, 1.02073, 1.02788, 1.05457, 1.10252, 1.10322, 1.12135, 1.1714, 1.35359, 1.48757, 1.74555, 4.9626, 5.32076, 13.6996, 0.00140339, 0.102869, 0.110865, 0.145267, 0.177374, 0.182385, 0.242549, 0.303146, 0.372755, 0.575166, 0.986646, 0.99539, 0.995687, 0.996419, 1.00117, 0.273043, 1.13356, 1.22065, 1.05165, 1.01127, 0.0634996, 0.0728784, 0.247473, 0.369505, 0.471827, 0.514717, 0.543399, 0.618787, 1.9932, 2.16246, 2.81162, 2.89265, 2.91731, 2.95814, 4.14736, 4.86559, 1.1, 5.75295, 6.5502, 21.3804, 8.32212e-07, 2.31181e-06, 6.81449e-06, 1.24846e-05, 1.76495e-05, 1.85953e-05, 3.41937e-05, 3.64472e-05, 5.42276e-05, 7.68336e-05, 0.000155625, 0.000176224, 0.000182471, 0.000383668, 0.000949533, 0.000587572, 0.259042, 1.0878, 19.7817, 16.8332, 0.0838295, 1.00132, 1.00152, 1.01724, 0.000925797, 0.00305959, 1.00706, 1.09256, 1.1277, 1.46749, 1.49618, 1.76085, 4.34219, 4.99552, 5.49751, 5.89963, 6.0002, 6.95492, 9.22566, 9.45662, 

0.0269129, 0.0279181, 0.0341006, 0.0720761, 0.0838295, 0.102869, 0.278699, 0.380257, 0.613953, 0.627583, 0.708276, 0.995039, 1.00021, 1.00152, 1.05457, 1.16025, 1.74555, 13.6996, 19.8876, 1.40324, 3.8964e-06, 0.000154453, 0.00021072, 0.000330035, 0.000435056, 0.000797618, 0.000840269, 0.00121626, 0.00133009, 0.00133332, 0.00136168, 0.00230067, 0.00349621, 0.00399341, 0.0182276, 0.0292243, 0.0381048, 0.136035, 1.05165, 27.0072, 0.0174479, 0.0182267, 0.0406028, 0.0436535, 0.0455596, 0.0504617, 0.0634996, 0.0728784, 0.0832825, 0.104483, 0.124406, 0.16671, 0.190227, 0.213156, 0.602963, 0.337078, 1.1, 6.5502, 21.3804, 19.7902, 3.94101e-08, 6.53985e-08, 7.25482e-08, 9.55127e-08, 1.02938e-07, 3.1723e-07, 3.56875e-07, 5.14373e-07, 8.67883e-07, 8.84759e-07, 9.20328e-07, 2.93306e-06, 2.95632e-06, 2.98974e-06, 4.55661e-06, 5.50651e-06, 0.010624, 16.686, 19.7817, 26.2038, 0.000636381, 0.0942976, 0.276681, 0.671874, 0.000925797, 0.00208837, 0.00305959, 0.00722449, 0.0163896, 1.00706, 1.09256, 1.1277, 1.13356, 1.46749, 1.49618, 1.76085, 1.81609, 3.61406, 4.34219, 4.9626, 

0.00015978, 0.00277722, 0.00319202, 0.00359845, 0.00411587, 0.00451777, 0.00831333, 0.014866, 0.0189248, 0.0269129, 0.0328895, 0.0341006, 0.0720761, 0.0818513, 0.0878508, 0.671874, 0.240838, 1.74555, 19.8876, 0.125414, 9.79369e-08, 1.21042e-07, 2.2194e-07, 3.82847e-07, 6.311e-07, 8.5555e-07, 1.17562e-06, 2.58264e-06, 2.6652e-06, 3.8964e-06, 5.8489e-06, 6.46761e-06, 7.3887e-06, 2.29048e-05, 2.3363e-05, 0.000435056, 0.00103625, 0.00141443, 0.0882924, 27.0072, 4.23223e-05, 4.63253e-05, 9.97968e-05, 0.000273715, 0.000324655, 0.000372384, 0.000512776, 0.000859559, 0.00115252, 0.00126843, 0.00170301, 0.00296161, 0.00320054, 0.00363062, 0.00438018, 0.0371344, 0.808567, 19.7902, 0.0692431, 23.4172, 2.16714e-10, 5.6294e-10, 6.71992e-10, 9.13811e-10, 1.20326e-09, 4.93236e-09, 1.9037e-08, 2.97593e-08, 6.70138e-08, 8.72254e-08, 3.56875e-07, 5.14373e-07, 5.82569e-07, 5.89236e-07, 7.54274e-07, 8.84759e-07, 0.000899315, 16.686, 19.7817, 0.000327242, 0.00115488, 0.000636381, 0.00385614, 0.0135658, 0.000315555, 0.000925797, 0.00208837, 0.00305959, 0.00722449, 0.0163896, 0.143225, 0.327368, 0.463395, 1.00706, 1.09256, 1.1, 1.1277, 1.13356, 1.46749, 1.49618, 

1.46256e-05, 1.56998e-05, 1.91921e-05, 4.21124e-05, 4.46128e-05, 4.68683e-05, 4.75709e-05, 4.90985e-05, 9.56898e-05, 0.00011674, 0.000493072, 0.000636381, 0.000953774, 0.00117606, 0.00122477, 3.20145e-05, 0.00711416, 19.8876, 20.2932, 0.000243772, 7.98122e-10, 4.79704e-09, 7.23789e-09, 7.62955e-09, 1.74308e-08, 2.13597e-08, 2.31184e-08, 2.94346e-08, 3.50129e-08, 4.27733e-08, 5.67266e-08, 7.96661e-08, 8.60723e-08, 9.79369e-08, 1.21042e-07, 3.21383e-07, 8.58483e-05, 16.7273, 2.24992e-05, 0.000403594, 6.03308e-08, 4.53223e-07, 4.58939e-07, 5.16816e-07, 9.98849e-07, 2.07271e-06, 3.06167e-06, 4.23732e-06, 5.5294e-06, 9.30406e-06, 1.27291e-05, 1.47881e-05, 2.33368e-05, 4.04329e-05, 0.000100639, 0.00385614, 0.362226, 0.808567, 0.140113, 0.00113715, 1.18519e-11, 1.41913e-11, 2.45972e-11, 8.60592e-11, 1.06811e-10, 1.49925e-10, 2.16714e-10, 2.01889e-09, 2.0363e-09, 8.90053e-09, 1.9037e-08, 3.40845e-08, 4.74139e-08, 1.47334e-07, 2.67704e-07, 3.56875e-07, 2.36383e-05, 1.66293, 2.86484e-06, 0.403692, 8.36552e-06, 0.000116159, 0.000759236, 0.00115488, 2.87298e-05, 0.000145041, 0.000315555, 0.000327242, 0.000925797, 0.00103625, 0.00208837, 0.00305959, 0.00421003, 0.00461294, 0.00722449, 0.0163896, 0.092914, 0.143225, 0.327368, 0.337629, 

4.3555e-08, 5.47474e-07, 1.16456e-06, 1.44272e-06, 2.43436e-06, 2.57647e-06, 2.94844e-06, 3.05372e-06, 4.3629e-06, 5.98165e-06, 5.99825e-06, 7.07049e-06, 8.36552e-06, 1.12647e-05, 1.57813e-05, 4.30771e-06, 9.21365e-06, 0.00711416, 0.481198, 0.99638, 1.13882e-11, 3.62306e-11, 6.42846e-11, 6.9047e-11, 2.30832e-10, 3.73836e-10, 4.7317e-10, 5.30166e-10, 5.65279e-10, 1.07346e-09, 1.19504e-09, 1.81444e-09, 7.88807e-09, 1.57819e-08, 2.45171e-08, 3.21043e-08, 0.000223792, 16.0106, 5.3783e-06, 0.000760353, 1.99556e-09, 6.63411e-09, 8.08434e-09, 8.70119e-09, 3.13871e-08, 4.53935e-08, 6.03308e-08, 7.27597e-08, 9.59211e-08, 1.70762e-07, 3.16501e-07, 3.79375e-07, 4.58939e-07, 9.39308e-07, 1.27291e-05, 1.69597e-05, 0.00113715, 0.0158579, 0.796087, 34.7745, 8.54961e-12, 1.18519e-11, 1.41913e-11, 1.61933e-11, 2.02824e-11, 3.73284e-11, 4.57998e-11, 5.33351e-11, 1.06811e-10, 1.41405e-10, 1.49925e-10, 1.87502e-10, 2.73083e-10, 2.95387e-10, 9.96565e-10, 5.90252e-09, 0.000388864, 0.0259438, 7.69348e-05, 9.96673e-07, 2.37014e-07, 1.02325e-05, 6.85795e-05, 2.58588e-05, 6.17755e-07, 1.02742e-05, 2.24992e-05, 2.30388e-05, 2.36383e-05, 2.87298e-05, 7.3544e-05, 0.000145041, 0.000315555, 0.000327242, 0.000925797, 0.00101556, 0.00103625, 0.00159279, 0.00208837, 0.00275994, 

1.5755e-08, 3.28357e-08, 3.54398e-08, 3.59073e-08, 4.3555e-08, 4.7814e-08, 5.76056e-08, 6.35414e-08, 7.91302e-08, 1.00743e-07, 1.03682e-07, 1.9706e-07, 4.26837e-07, 5.38337e-07, 5.77333e-07, 3.56235e-06, 0.00711416, 0.481198, 0.563898, 5.49613e-07, 9.9476e-14, 3.74811e-13, 9.80549e-13, 4.07141e-12, 7.15161e-12, 1.04485e-11, 1.13882e-11, 1.27738e-11, 1.54046e-11, 2.98908e-11, 3.62306e-11, 6.9047e-11, 3.73836e-10, 5.30166e-10, 5.89262e-10, 7.88807e-09, 0.000223792, 7.75006, 9.65531e-08, 1.79763e-05, 2.71427e-12, 1.55266e-10, 2.35771e-10, 6.54209e-10, 9.56588e-10, 9.61133e-10, 1.99556e-09, 3.8977e-09, 8.08434e-09, 9.36029e-09, 1.85819e-08, 3.02989e-08, 4.44363e-08, 4.53935e-08, 9.83698e-08, 2.37014e-07, 0.00113715, 14.0637, 0.000389158, 0.0129037, 1.84741e-13, 6.19949e-13, 1.13864e-12, 2.86171e-12, 3.03935e-12, 3.19034e-12, 3.75522e-12, 5.03597e-12, 7.55662e-12, 8.03979e-12, 1.51505e-11, 1.61933e-11, 2.96971e-11, 3.81934e-11, 5.33351e-11, 2.59979e-09, 7.8965e-08, 0.000457017, 2.52742e-06, 3.36169e-08, 3.82084e-08, 2.07407e-07, 5.00625e-07, 2.90227e-07, 3.83242e-07, 4.94177e-07, 6.17755e-07, 1.53471e-06, 4.0672e-06, 6.78087e-06, 1.02742e-05, 1.48529e-05, 2.24992e-05, 2.30388e-05, 2.36383e-05, 2.87298e-05, 5.44764e-05, 7.3544e-05, 0.000145041, 0.000289445, 

1.54543e-13, 3.94564e-11, 6.22329e-11, 1.25885e-10, 4.49305e-10, 6.4257e-10, 6.85679e-10, 8.55559e-10, 1.06021e-09, 1.23686e-09, 1.74185e-09, 6.40012e-09, 2.34486e-08, 2.50775e-08, 1.77769e-07, 2.90227e-07, 5.49613e-07, 0.125875, 0.481198, 98.1734, 3.55271e-15, 1.06581e-14, 1.95399e-14, 9.9476e-14, 1.08358e-13, 1.91847e-13, 2.39808e-13, 5.41789e-13, 9.20153e-13, 1.46905e-12, 1.75682e-12, 2.5846e-12, 8.01137e-12, 1.04485e-11, 2.88782e-11, 3.62306e-11, 6.10205e-09, 0.000223792, 22.3734, 2.22953e-08, 2.71427e-12, 7.32925e-12, 1.76961e-11, 2.34728e-11, 3.15907e-11, 4.42704e-11, 7.03508e-11, 1.67582e-10, 2.35771e-10, 3.44462e-10, 4.40783e-10, 9.56588e-10, 2.41668e-09, 4.02377e-09, 6.60822e-09, 3.82084e-08, 0.000441415, 6.19061, 5.5186, 37.5681, 1.77636e-15, 1.77636e-15, 5.32907e-15, 2.66454e-14, 7.81597e-14, 1.84741e-13, 1.88294e-13, 2.45137e-13, 2.80664e-13, 2.8777e-13, 4.20997e-13, 4.7784e-13, 6.59028e-13, 9.85878e-13, 1.23457e-12, 1.66267e-12, 1.8009e-09, 1.05588e-08, 0.000457017, 5.0224e-10, 7.63913e-10, 4.94246e-09, 1.9706e-07, 1.97407e-07, 1.02869e-07, 2.94986e-07, 3.83242e-07, 4.94177e-07, 6.17755e-07, 6.72319e-07, 8.61145e-07, 1.16481e-06, 1.53471e-06, 1.89185e-06, 3.73635e-06, 4.0672e-06, 6.78087e-06, 1.02742e-05, 1.48529e-05, 2.05589e-05, 

1.54543e-13, 5.93303e-13, 2.44427e-12, 2.76401e-12, 5.04308e-12, 5.22427e-12, 7.70939e-12, 8.95284e-12, 9.38449e-12, 7.25198e-11, 1.16811e-10, 1.61821e-10, 2.22787e-10, 8.20274e-10, 4.75028e-09, 2.50775e-08, 0.00610917, 0.010293, 21.544, 0.000895119, 0, 0, 0, 1.77636e-15, 1.77636e-15, 3.55271e-15, 5.32907e-15, 7.10543e-15, 8.88178e-15, 1.42109e-14, 7.10543e-14, 7.4607e-14, 1.91847e-13, 2.04281e-13, 5.41789e-13, 1.75682e-12, 9.33209e-11, 4.95483e-10, 0.000223792, 3.57707, 2.17604e-12, 2.20091e-12, 2.65743e-12, 3.87068e-12, 5.54756e-12, 5.86553e-12, 7.36655e-12, 8.50164e-12, 9.15534e-12, 2.18208e-11, 3.01696e-11, 3.09601e-11, 1.27196e-10, 1.8402e-10, 2.35771e-10, 4.40783e-10, 5.22486e-05, 5.5186, 11.6677, 2.31556e-05, 0, 0, 0, 0, 0, 1.77636e-15, 1.77636e-15, 1.77636e-15, 1.77636e-15, 3.55271e-15, 5.32907e-15, 5.32907e-15, 2.4869e-14, 6.39488e-14, 7.81597e-14, 4.20997e-13, 1.87725e-11, 0.000457017, 0.000101729, 1.49925e-12, 5.13385e-11, 4.2248e-10, 7.63913e-10, 4.94246e-09, 2.28741e-11, 1.3231e-10, 1.8009e-09, 7.81262e-08, 1.02869e-07, 1.28556e-07, 2.94986e-07, 3.4266e-07, 3.50984e-07, 3.83242e-07, 4.94177e-07, 5.49613e-07, 6.17755e-07, 6.72319e-07, 8.61145e-07, 1.16481e-06, 

3.55271e-15, 1.54543e-13, 1.66978e-13, 2.34479e-13, 4.17444e-13, 9.05942e-13, 1.04805e-12, 1.18661e-12, 3.1477e-12, 5.05729e-12, 7.38254e-12, 7.72715e-12, 1.19869e-11, 7.25198e-11, 1.16811e-10, 2.22787e-10, 6.38512e-05, 0.000959627, 21.544, 2.90313e-05, 0, 0, 0, 0, 0, 0, 0, 0, 0, 0, 1.77636e-15, 1.77636e-15, 1.77636e-15, 5.32907e-15, 7.10543e-15, 8.88178e-15, 8.26006e-13, 4.95483e-10, 0.000223792, 3.57707, 5.32907e-15, 5.15143e-14, 8.88178e-14, 1.33227e-13, 3.76588e-13, 4.61853e-13, 6.98108e-13, 1.12443e-12, 1.68221e-12, 2.15472e-12, 2.17604e-12, 2.20091e-12, 2.3217e-12, 2.65743e-12, 7.36655e-12, 5.13385e-11, 9.70538e-08, 11.6677, 16.0273, 1.40501, 0, 0, 0, 0, 0, 0, 0, 0, 0, 0, 0, 0, 0, 1.77636e-15, 3.55271e-15, 3.55271e-15, 4.26326e-14, 2.04281e-12, 0.000101729, 5.4166e-05, 1.43885e-13, 2.61124e-13, 1.27196e-10, 4.2248e-10, 7.10543e-15, 2.43006e-12, 2.28741e-11, 1.3231e-10, 1.8009e-09, 7.81262e-08, 1.02869e-07, 1.17818e-07, 1.28556e-07, 2.94986e-07, 3.4266e-07, 3.50984e-07, 3.83242e-07, 4.94177e-07, 5.49613e-07, 6.17755e-07, 

1.77636e-15, 5.32907e-15, 7.10543e-15, 7.10543e-15, 2.30926e-14, 2.30926e-14, 5.50671e-14, 2.34479e-13, 2.61124e-13, 6.4837e-13, 9.05942e-13, 1.18661e-12, 3.1477e-12, 5.05729e-12, 6.61871e-12, 2.91944e-11, 2.67648e-06, 21.544, 2.0624e-05, 6.35014e-07, 0, 0, 0, 0, 0, 0, 0, 0, 0, 0, 0, 0, 0, 0, 5.32907e-15, 0, 4.44089e-14, 0.000223792, 3.57707, 6.95935e-05, 0, 0, 1.77636e-15, 1.77636e-15, 3.55271e-15, 3.55271e-15, 5.32907e-15, 7.10543e-15, 8.88178e-15, 1.77636e-14, 2.66454e-14, 4.9738e-14, 6.57252e-14, 8.88178e-14, 4.01457e-13, 5.13385e-11, 9.70538e-08, 11.0351, 11.6677, 20.2892, 0, 0, 0, 0, 0, 0, 0, 0, 0, 0, 0, 0, 0, 0, 0, 0, 7.10543e-15, 5.4166e-05, 0.000101729, 3.25073e-13, 3.55271e-15, 8.88178e-15, 1.66978e-13, 1.43885e-13, 1.77636e-15, 7.10543e-15, 1.59872e-14, 2.34479e-13, 2.43006e-12, 1.18039e-11, 2.28741e-11, 1.3231e-10, 4.95483e-10, 1.8009e-09, 2.46698e-08, 7.81262e-08, 1.02869e-07, 1.17818e-07, 1.22719e-07, 1.28556e-07, 

1.77636e-15, 1.77636e-15, 3.55271e-15, 3.55271e-15, 3.55271e-15, 3.55271e-15, 3.55271e-15, 3.55271e-15, 3.55271e-15, 3.55271e-15, 7.10543e-15, 7.10543e-15, 2.13163e-14, 5.50671e-14, 6.03961e-14, 1.43885e-13, 1.30363e-08, 2.0624e-05, 10.3333, 1.55423e-08, 0, 0, 0, 0, 0, 0, 0, 0, 0, 0, 0, 0, 0, 0, 0, 0, 1.77636e-15, 1.4123e-06, 0.000223792, 3.57707, 0, 0, 0, 0, 0, 0, 0, 1.77636e-15, 1.77636e-15, 1.77636e-15, 1.77636e-15, 1.77636e-15, 5.32907e-15, 7.10543e-15, 1.77636e-14, 2.66454e-14, 9.70538e-08, 0.829691, 0.236442, 2.0919e-07, 0, 0, 0, 0, 0, 0, 0, 0, 0, 0, 0, 0, 0, 0, 0, 0, 7.10543e-15, 7.81597e-14, 0.000100293, 10.9263, 3.55271e-15, 5.32907e-15, 8.88178e-15, 3.55271e-15, 0, 1.77636e-15, 1.77636e-15, 7.10543e-15, 1.59872e-14, 4.79616e-14, 2.34479e-13, 2.43006e-12, 1.18039e-11, 2.28741e-11, 1.31914e-10, 1.3231e-10, 4.95483e-10, 1.8009e-09, 2.46698e-08, 7.81262e-08, 

0, 0, 0, 0, 0, 0, 0, 0, 0, 0, 0, 1.77636e-15, 3.55271e-15, 3.55271e-15, 7.10543e-15, 1.42109e-14, 1.59579e-10, 2.0624e-05, 27.9423, 3.22053e-12, 0, 0, 0, 0, 0, 0, 0, 0, 0, 0, 0, 0, 0, 0, 0, 0, 0, 5.08311e-07, 3.57707, 3.4278e-07, 0, 0, 0, 0, 0, 0, 0, 0, 0, 0, 0, 0, 0, 0, 1.77636e-15, 3.55271e-15, 2.06685e-08, 9.70538e-08, 0.0439828, 1.27585e-08, 0, 0, 0, 0, 0, 0, 0, 0, 0, 0, 0, 0, 0, 0, 0, 0, 7.10543e-15, 3.60002e-05, 10.9263, 31.2793, 3.55271e-15, 2.66454e-14, 5.32907e-15, 8.88178e-15, 0, 1.77636e-15, 1.77636e-15, 3.55271e-15, 7.10543e-15, 7.10543e-15, 1.42109e-14, 1.59872e-14, 4.79616e-14, 2.34479e-13, 2.43006e-12, 9.18021e-12, 1.18039e-11, 2.28741e-11, 2.4226e-11, 1.31914e-10, 

0, 0, 0, 0, 0, 0, 0, 0, 0, 0, 0, 0, 0, 1.77636e-15, 1.77636e-15, 3.55271e-15, 3.73035e-14, 3.3511e-11, 27.9423, 2.19593e-11, 0, 0, 0, 0, 0, 0, 0, 0, 0, 0, 0, 0, 0, 0, 0, 0, 0, 3.60346e-09, 3.4278e-07, NaN, 0, 0, 0, 0, 0, 0, 0, 0, 0, 0, 0, 0, 0, 0, 0, 3.55271e-15, 1.88352e-09, 2.06685e-08, 1.32403e-10, 1.19907e-07, 0, 0, 0, 0, 0, 0, 0, 0, 0, 0, 0, 0, 0, 0, 0, 0, 7.10543e-15, 3.60002e-05, 10.9263, 1.77636e-15, 3.55271e-15, 5.32907e-15, 3.55271e-15, 5.32907e-15, 0, 1.77636e-15, 1.77636e-15, 3.55271e-15, 5.32907e-15, 5.32907e-15, 7.10543e-15, 7.10543e-15, 7.10543e-15, 1.24345e-14, 1.42109e-14, 1.59872e-14, 4.79616e-14, 2.34479e-13, 2.43006e-12, 3.12994e-12, 

0, 0, 0, 0, 0, 0, 0, 0, 0, 0, 0, 0, 0, 0, 0, 0, 6.17639e-12, 11.4779, 0, 10.8516, 0, 0, 0, 0, 0, 0, 0, 0, 0, 0, 0, 0, 0, 0, 0, 0, 0, NaN, NaN, 1.05949e-06, 0, 0, 0, 0, 0, 0, 0, 0, 0, 0, 0, 0, 0, 0, 0, 0, 1.32403e-10, 2.06685e-08, 1.19907e-07, 1.84784e-08, 0, 0, 0, 0, 0, 0, 0, 0, 0, 0, 0, 0, 0, 0, 0, 0, 0, 3.60002e-05, 10.9263, 1.23649e-05, 0, 0, 0, 1.77636e-15, 0, 1.77636e-15, 1.77636e-15, 1.77636e-15, 3.55271e-15, 3.55271e-15, 5.32907e-15, 5.32907e-15, 7.10543e-15, 7.10543e-15, 7.10543e-15, 7.10543e-15, 1.24345e-14, 1.42109e-14, 1.59872e-14, 2.13163e-14, 

0, 0, 0, 0, 0, 0, 0, 0, 0, 0, 0, 0, 0, 0, 0, 0, 0, 11.4779, 2.4869e-14, 4.26176, 0, 0, 0, 0, 0, 0, 0, 0, 0, 0, 0, 0, 0, 0, 0, 0, 1.80433e-07, NaN, 0, NaN, 0, 0, 0, 0, 0, 0, 0, 0, 0, 0, 0, 0, 0, 0, 0, 0, 1.32403e-10, 3.86284e-09, 2.00401e-08, 2.06685e-08, 0, 0, 0, 0, 0, 0, 0, 0, 0, 0, 0, 0, 0, 0, 0, 0, 2.99813e-07, 3.60002e-05, 20.2485, 3.11637e-07, 0, 0, 0, 1.77636e-15, 0, 0, 0, 0, 1.77636e-15, 1.77636e-15, 1.77636e-15, 3.55271e-15, 3.55271e-15, 3.55271e-15, 5.32907e-15, 5.32907e-15, 5.32907e-15, 7.10543e-15, 7.10543e-15, 7.10543e-15, 

0, 0, 0, 0, 0, 0, 0, 0, 0, 0, 0, 0, 0, 0, 0, 0, 0, 2.4869e-14, 4.05741, 10.1654, 0, 0, 0, 0, 0, 0, 0, 0, 0, 0, 0, 0, 0, 0, 0, 0, 0, 6.46743e-09, NaN, 1.70318e-09, 0, 0, 0, 0, 0, 0, 0, 0, 0, 0, 0, 0, 0, 0, 0, 0, 9.23706e-13, 2.06685e-08, 32.251, 1.45661e-13, 0, 0, 0, 0, 0, 0, 0, 0, 0, 0, 0, 0, 0, 0, 0, 0, 5.64769e-09, 9.88061e-09, 3.60002e-05, 7.77336e-06, 0, 0, 0, 1.77636e-15, 0, 0, 0, 0, 0, 0, 1.77636e-15, 1.77636e-15, 1.77636e-15, 1.77636e-15, 1.77636e-15, 1.77636e-15, 3.55271e-15, 3.55271e-15, 3.55271e-15, 5.32907e-15, 

0, 0, 0, 0, 0, 0, 0, 0, 0, 0, 0, 0, 0, 0, 0, 0, 0, 2.4869e-14, 2.64255, 40.3331, 0, 0, 0, 0, 0, 0, 0, 0, 0, 0, 0, 0, 0, 0, 0, 0, 0, 1.6641e-09, 6.46743e-09, NaN, 0, 0, 0, 0, 0, 0, 0, 0, 0, 0, 0, 0, 0, 0, 0, 0, 3.37508e-14, 9.23706e-13, 32.251, 39.6008, 0, 0, 0, 0, 0, 0, 0, 0, 0, 0, 0, 0, 0, 0, 0, 0, 2.60377e-10, 3.24112e-06, 3.60002e-05, 30.8168, 0, 0, 0, 0, 0, 0, 0, 0, 0, 0, 0, 1.77636e-15, 1.77636e-15, 1.77636e-15, 1.77636e-15, 1.77636e-15, 1.77636e-15, 3.55271e-15, 3.55271e-15, 3.55271e-15, 

0, 0, 0, 0, 0, 0, 0, 0, 0, 0, 0, 0, 0, 0, 0, 0, 0, 17.8104, NaN, 0.510864, 0, 0, 0, 0, 0, 0, 0, 0, 0, 0, 0, 0, 0, 0, 0, 0, 0, 1.6641e-09, 6.46743e-09, 57.9824, 0, 0, 0, 0, 0, 0, 0, 0, 0, 0, 0, 0, 0, 0, 0, 0, 3.37508e-14, 9.23706e-13, 21.1632, 31.5086, 0, 0, 0, 0, 0, 0, 0, 0, 0, 0, 0, 0, 0, 0, 0, 0, 7.1033e-11, 2.48587e-07, 2.67212e-10, 8.58336e-12, 0, 0, 0, 0, 0, 0, 0, 0, 0, 0, 0, 0, 0, 1.77636e-15, 1.77636e-15, 1.77636e-15, 1.77636e-15, 1.77636e-15, 1.77636e-15, 1.77636e-15, 

0, 0, 0, 0, 0, 0, 0, 0, 0, 0, 0, 0, 0, 0, 0, 0, 0.510864, 1.3082, 0, 22.7806, 0, 0, 0, 0, 0, 0, 0, 0, 0, 0, 0, 0, 0, 0, 0, 0, 4.66281e-10, 1.98583, NaN, 4.04421e-10, 0, 0, 0, 0, 0, 0, 0, 0, 0, 0, 0, 0, 0, 0, 0, 0, 9.23706e-13, 0.572656, 3.90799e-14, 1.12814, 0, 0, 0, 0, 0, 0, 0, 0, 0, 0, 0, 0, 0, 0, 0, 0, 1.40332e-13, 2.67212e-10, 8.07186e-09, 3.73035e-14, 0, 0, 0, 0, 0, 0, 0, 0, 0, 0, 0, 0, 0, 0, 0, 0, 0, 0, 0, 1.77636e-15, 

0, 0, 0, 0, 0, 0, 0, 0, 0, 0, 0, 0, 0, 0, 0, 0, 0, 22.0357, 0.000836124, NaN, 0, 0, 0, 0, 0, 0, 0, 0, 0, 0, 0, 0, 0, 0, 0, 0, 2.97753e-11, NaN, 3.68257e-11, 46.4019, 0, 0, 0, 0, 0, 0, 0, 0, 0, 0, 0, 0, 0, 0, 0, 0, 3.90799e-14, 0.00279471, 0, 0.0101146, 0, 0, 0, 0, 0, 0, 0, 0, 0, 0, 0, 0, 0, 0, 0, 0, 3.73035e-14, 2.67212e-10, 1.33529e-09, 7.28306e-14, 0, 0, 0, 0, 0, 0, 0, 0, 0, 0, 0, 0, 0, 0, 0, 0, 0, 0, 0, 0, 

0, 0, 0, 0, 0, 0, 0, 0, 0, 0, 0, 0, 0, 0, 0, 0, 0, 0.989903, 27.2195, 0, 0, 0, 0, 0, 0, 0, 0, 0, 0, 0, 0, 0, 0, 0, 0, 0, 1.1422e-12, 3.68257e-11, 7.10638, 2.51423, 0, 0, 0, 0, 0, 0, 0, 0, 0, 0, 0, 0, 0, 0, 0, 0, 0, 0.000651695, NaN, 5.99048e-05, 0, 0, 0, 0, 0, 0, 0, 0, 0, 0, 0, 0, 0, 0, 0, 0, 1.77636e-15, 3.73035e-14, 1.80032e-10, 31.7838, 0, 0, 0, 0, 0, 0, 0, 0, 0, 0, 0, 0, 0, 0, 0, 0, 0, 0, 0, 0, 

0, 0, 0, 0, 0, 0, 0, 0, 0, 0, 0, 0, 0, 0, 0, 0, 0, 0.338492, 0.0929184, 0, 0, 0, 0, 0, 0, 0, 0, 0, 0, 0, 0, 0, 0, 0, 0, 0, 3.68257e-11, 7.10638, 2.28005, 7.10543e-15, 0, 0, 0, 0, 0, 0, 0, 0, 0, 0, 0, 0, 0, 0, 0, 0, 0, 9.85666e-07, NaN, NaN, 0, 0, 0, 0, 0, 0, 0, 0, 0, 0, 0, 0, 0, 0, 0, 0, 0, 3.73035e-14, 1.80032e-10, NaN, 0, 0, 0, 0, 0, 0, 0, 0, 0, 0, 0, 0, 0, 0, 0, 0, 0, 0, 0, 0, 

0, 0, 0, 0, 0, 0, 0, 0, 0, 0, 0, 0, 0, 0, 0, 0, 0, 0, 0.0083002, 0.0929184, 0, 0, 0, 0, 0, 0, 0, 0, 0, 0, 0, 0, 0, 0, 0, 0, 0, 1.00879e-11, 0.104649, 7.10638, 0, 0, 0, 0, 0, 0, 0, 0, 0, 0, 0, 0, 0, 0, 0, 0, NaN, NaN, NaN, NaN, 0, 0, 0, 0, 0, 0, 0, 0, 0, 0, 0, 0, 0, 0, 0, 0, 1.80032e-10, NaN, 43.6835, 0, 0, 0, 0, 0, 0, 0, 0, 0, 0, 0, 0, 0, 0, 0, 0, 0, 0, 0, 0, 0, 

0, 0, 0, 0, 0, 0, 0, 0, 0, 0, 0, 0, 0, 0, 0, 0, 0, 0, NaN, 0, 0, 0, 0, 0, 0, 0, 0, 0, 0, 0, 0, 0, 0, 0, 0, 0, 0, 7.10638, 0.149387, 1.77636e-15, 0, 0, 0, 0, 0, 0, 0, 0, 0, 0, 0, 0, 0, 0, 0, 0, NaN, NaN, NaN, NaN, 0, 0, 0, 0, 0, 0, 0, 0, 0, 0, 0, 0, 0, 0, 0, 0, 6.83418e-11, NaN, 0, 19.3624, 0, 0, 0, 0, 0, 0, 0, 0, 0, 0, 0, 0, 0, 0, 0, 0, 0, 0, 0, 0, 

0, 0, 0, 0, 0, 0, 0, 0, 0, 0, 0, 0, 0, 0, 0, 0, 0, 0, NaN, NaN, 0, 0, 0, 0, 0, 0, 0, 0, 0, 0, 0, 0, 0, 0, 0, 0, 0.00246531, 0.233516, NaN, 0.000998812, 0, 0, 0, 0, 0, 0, 0, 0, 0, 0, 0, 0, 0, 0, 0, 0, NaN, NaN, NaN, NaN, 0, 0, 0, 0, 0, 0, 0, 0, 0, 0, 0, 0, 0, 0, 0, 0, 0, 1.05338e-12, 7.7843, 2.46736e-12, 0, 0, 0, 0, 0, 0, 0, 0, 0, 0, 0, 0, 0, 0, 0, 0, 0, 0, 0, 0, 

0, 0, 0, 0, 0, 0, 0, 0, 0, 0, 0, 0, 0, 0, 0, 0, 0, 0, NaN, NaN, 0, 0, 0, 0, 0, 0, 0, 0, 0, 0, 0, 0, 0, 0, 0, 0, 5.69161e-05, 0.00406719, 1.25527e-05, 0.000132612, 0, 0, 0, 0, 0, 0, 0, 0, 0, 0, 0, 0, 0, 0, 0, 0, NaN, NaN, NaN, NaN, 0, 0, 0, 0, 0, 0, 0, 0, 0, 0, 0, 0, 0, 0, 0, 0, 3.73035e-14, 3.57048e-13, 1.06581e-14, 1.77636e-15, 0, 0, 0, 0, 0, 0, 0, 0, 0, 0, 0, 0, 0, 0, 0, 0, 0, 0, 0, 0, 

0, 0, 0, 0, 0, 0, 0, 0, 0, 0, 0, 0, 0, 0, 0, 0, 0, NaN, NaN, NaN, 0, 0, 0, 0, 0, 0, 0, 0, 0, 0, 0, 0, 0, 0, 0, 0, 2.33168e-07, 1.1479e-05, 5.69161e-05, 9.61759e-05, 0, 0, 0, 0, 0, 0, 0, 0, 0, 0, 0, 0, 0, 0, 0, 0, NaN, NaN, NaN, NaN, 0, 0, 0, 0, 0, 0, 0, 0, 0, 0, 0, 0, 0, 0, 0, 0, 1.77636e-15, 1.06581e-14, 1.72307e-13, 0, 0, 0, 0, 0, 0, 0, 0, 0, 0, 0, 0, 0, 0, 0, 0, 0, 0, 0, 0, 0, 

Best:
(-9.21061e-10, 1.09038e-09, )

Fitness Evaluations:
27151
