Iterations: 50
Function Evaluations Limit: 150000
Population: 50

Prides Length: 4

Percent Nomads: 0.2
Percent Roaming: 0.2
Percent Sex: 0.8

Mating Rate: 0.3
Mutation Probability: 0.2
Immigration Rate: 0.4

Percent Group Influence: 0.4
Annealing On: true
Ranked Selection Pressure: 2
Near To Best Random Pressure: 2

Dimensions: 1
N-Dimension Space: -5:5

Fitness Iterations:
0.00185788 (Initial Best)

12.92, 9.33533, 3.66253, 22.0978, 5.93009, 6.02163, 0.526216, 0.0875222, 0.335898, 0.21929, 1.64946, 21.8788, 21.2641, 18.0045, 23.7146, 6.28647, 21.7517, 8.33568, 8.44285, 5.04152, 7.677, 11.4815, 22.1183, 24.1369, 13.7221, 0.219434, 5.14664, 8.96774, 6.71645, 12.4809, 12.8208, 9.67726, 18.3988, 3.69927, 0.779452, 0.265867, 0.00185788, 0.185681, 23.219, 15.5484, 2.65857, 1.18294, 16.4807, 0.0565716, 8.02271, 24.1476, 0.0350852, 18.3291, 0.0515106, 2.28063, 

0.00129148, 0.000175657, 0.00788829, 0.0875222, 0.335898, 6.02163, 22.0978, 0.0681117, 0.0375673, 0.265867, 0.0565716, 0.0656426, 0.293013, 1.71998, 5.04152, 18.0045, 20.1333, 0.185681, 0.0205098, 0.015219, 0.0350852, 0.685907, 2.79608, 5.14664, 6.71645, 22.1183, 3.76489, 0.526216, 0.00273829, 0.453741, 0.00634387, 0.236705, 0.00185788, 0.779452, 3.69927, 15.5484, 0.587708, 0.0752845, 0.0423837, 0.219434, 0.0217542, 0.00548577, 0.660361, 0.143877, 1.04792, 1.18294, 1.3659, 1.46805, 0.703624, 1.61478, 

0.000175657, 0.000905983, 0.0495715, 0.0681117, 0.335898, 18.2072, 0.193563, 0.0118316, 1.14456, 0.185681, 0.017628, 0.0201047, 0.015219, 0.0205098, 0.293013, 1.65204, 20.1333, 0.587708, 0.0375673, 0.00183528, 0.00055016, 0.143877, 0.00273829, 0.526216, 0.638544, 3.76489, 6.56044, 0.453741, 0.00788829, 0.703624, 0.00113131, 0.0131794, 0.005058, 0.0440689, 0.779452, 3.69927, 12.0466, 0.0423837, 0.408958, 0.00185788, 0.00607469, 0.00548577, 0.0138628, 0.0565716, 0.0217542, 0.0232425, 0.303848, 0.147503, 1.61478, 1.66684, 

3.14738e-05, 0.000581106, 0.0118316, 0.141386, 0.185681, 1.14456, 6.45671, 0.00788829, 0.193563, 0.184618, 0.000577681, 0.00548577, 0.015219, 0.0205098, 0.0224592, 0.293013, 2.11894, 0.00185788, 0.005058, 0.00183528, 0.00055016, 0.00607469, 0.453741, 0.638544, 0.703624, 3.76489, 0.161046, 0.0495715, 0.0375673, 0.0519149, 0.00113131, 0.00249833, 0.0440689, 0.408958, 12.0466, 4.64867, 3.35052, 0.00273829, 0.0423837, 1.16201e-05, 0.00768439, 0.0331333, 0.00878694, 0.0138628, 0.0147767, 0.0217542, 0.0232425, 0.0437247, 0.229112, 0.300152, 

3.14738e-05, 0.000581106, 0.00788829, 0.185681, 0.193563, 1.14456, 2.33975, 0.0118316, 0.0423837, 0.00273829, 0.000577681, 0.00548577, 0.00183528, 0.00185788, 0.015219, 0.155487, 0.838922, 6.46868e-05, 0.0192583, 0.00253961, 0.00055016, 0.000136159, 1.31767e-05, 0.161046, 0.703624, 3.76489, 6.65332e-05, 0.0224592, 0.005058, 0.141386, 0.00113131, 0.00147353, 1.16201e-05, 0.0440689, 0.408958, 4.94172, 0.07509, 0.137186, 0.122135, 0.0519149, 0.00421517, 0.00607469, 0.00768439, 0.00878694, 0.0138628, 0.0147767, 0.0217542, 0.0232425, 0.229112, 0.293013, 

7.83457e-06, 3.14738e-05, 0.00163625, 0.00273829, 0.00788829, 2.33975, 0.160121, 0.0423837, 0.015219, 6.65332e-05, 0.000229311, 0.00337759, 0.00253961, 0.155487, 0.642827, 0.51596, 0.23141, 0.0440689, 6.46868e-05, 0.00185788, 0.000101607, 0.000136159, 1.31767e-05, 0.0224592, 0.141386, 0.703624, 0.031651, 0.0209895, 0.000387988, 0.0118316, 9.01247e-06, 0.00113131, 1.16201e-05, 0.0519149, 0.07509, 0.122135, 0.137186, 0.005058, 0.0192583, 0.00183528, 0.000577681, 0.00421517, 0.00607469, 0.00768439, 0.00878694, 0.0138628, 0.0147767, 0.0202658, 0.161046, 0.185681, 

4.78582e-06, 9.23122e-06, 6.65332e-05, 0.00273829, 0.00788829, 0.0423837, 6.69641, 0.000262586, 0.00183528, 0.0118316, 1.48138e-05, 2.55675e-05, 0.00253961, 0.0381462, 0.23141, 0.642827, 1.46363, 0.000387988, 0.00185788, 0.0209895, 1.6483e-05, 0.000136159, 1.31767e-05, 0.0224592, 0.141386, 0.703624, 0.403685, 1.5345e-05, 0.0192583, 6.46868e-05, 9.01247e-06, 1.70296e-05, 1.16201e-05, 2.02059e-05, 0.005058, 0.0519149, 0.0674601, 3.60697e-05, 0.00163625, 8.68419e-09, 3.14738e-05, 5.75976e-05, 0.000577681, 0.00059017, 0.00337759, 0.00607469, 0.00768439, 0.00878694, 0.122135, 0.14057, 

4.78582e-06, 5.05725e-06, 6.65332e-05, 0.000262586, 0.00273829, 0.0423837, 0.289004, 0.0192583, 0.00183528, 0.000387988, 1.48138e-05, 1.80195e-05, 0.00185788, 0.00964508, 0.0381462, 0.23141, 0.0176998, 1.31767e-05, 0.0118316, 0.00253961, 1.6483e-05, 5.75976e-05, 1.5345e-05, 0.0224592, 0.403685, 0.703624, 0.0474341, 1.16201e-05, 6.46868e-05, 0.00163625, 9.01247e-06, 1.70296e-05, 8.68419e-09, 2.02059e-05, 3.60697e-05, 0.0674601, 0.66824, 0.005058, 0.00788829, 0.010254, 3.14738e-05, 0.000136159, 0.000269503, 0.000577681, 0.00059017, 0.00180771, 0.00337759, 0.00343375, 0.0200827, 0.0519149, 

4.78582e-06, 5.05725e-06, 6.65332e-05, 0.00183528, 0.289004, 0.0754447, 0.480432, 1.31767e-05, 0.005058, 0.00843609, 8.61105e-06, 1.43306e-05, 0.00253961, 0.00964508, 0.23141, 0.733088, 0.060075, 0.00185788, 2.02059e-05, 0.000262586, 1.6483e-05, 2.9371e-05, 1.16201e-05, 6.46868e-05, 0.703624, 1.78653, 3.00267, 3.60697e-05, 0.00163625, 0.0118316, 4.05909e-06, 4.10464e-06, 8.68419e-09, 0.00338074, 0.010254, 0.66824, 0.913902, 1.5345e-05, 0.000387988, 0.00273829, 1.22677e-05, 3.14738e-05, 0.000269503, 0.000577681, 0.00059017, 0.00180771, 0.00337759, 0.00343375, 0.013099, 0.0176998, 

4.78582e-06, 5.05725e-06, 1.31767e-05, 0.00183528, 0.00843609, 0.0100233, 0.0101937, 0.00253961, 0.0176998, 0.005058, 8.61105e-06, 9.69413e-06, 2.02059e-05, 0.000262586, 0.00964508, 0.733088, 2.29158, 0.00273829, 6.46868e-05, 6.65332e-05, 1.47087e-05, 1.3293e-05, 3.60697e-05, 0.00163625, 0.0118316, 5.2244, 1.46314e-05, 0.013099, 0.00185788, 0.060075, 4.05909e-06, 4.10464e-06, 8.68419e-09, 1.5345e-05, 0.000387988, 0.00338074, 0.010254, 1.16201e-05, 0.23141, 0.0754447, 1.43306e-05, 1.22677e-05, 2.68516e-05, 3.14738e-05, 0.000269503, 0.000577681, 0.00059017, 0.00180771, 0.284322, 0.318659, 

4.78582e-06, 5.05725e-06, 0.00183528, 0.00253961, 0.005058, 0.0101937, 6.85484, 6.46868e-05, 0.000452136, 6.65332e-05, 8.61105e-06, 9.69413e-06, 2.02059e-05, 0.000262586, 0.00964508, 0.199699, 0.0679067, 0.000430001, 0.00474747, 1.31767e-05, 1.988e-08, 1.43306e-05, 0.00163625, 0.0118316, 0.060075, 5.2244, 0.0952439, 0.00273829, 0.000387988, 0.00185788, 4.05909e-06, 4.10464e-06, 8.68419e-09, 1.16201e-05, 1.5345e-05, 0.00338074, 0.23141, 3.60697e-05, 1.46314e-05, 0.000108777, 1.22677e-05, 1.47087e-05, 2.68516e-05, 3.14738e-05, 0.000127422, 0.000269503, 0.000490867, 0.000568112, 0.00568241, 0.00843609, 

4.62776e-06, 4.78582e-06, 0.000452136, 0.00183528, 0.00253961, 0.984393, 0.0894973, 0.000262586, 6.65332e-05, 0.00338074, 8.61105e-06, 9.69413e-06, 1.31767e-05, 2.02059e-05, 0.000430001, 0.00474747, 1.08002, 0.005058, 0.000387988, 0.00273829, 1.988e-08, 1.43306e-05, 0.00163625, 0.0118316, 0.0130159, 0.0263918, 8.81902, 1.16201e-05, 6.46868e-05, 3.60697e-05, 4.05909e-06, 4.10464e-06, 8.68419e-09, 1.46314e-05, 1.5345e-05, 0.23141, 4.35251e-05, 0.00568241, 0.00185788, 0.000108777, 1.22677e-05, 1.47087e-05, 2.68516e-05, 2.95242e-05, 3.14738e-05, 0.000127422, 0.000269503, 0.000490867, 0.00843609, 0.00964508, 

4.62776e-06, 4.78582e-06, 6.65332e-05, 0.000452136, 0.00253961, 0.00338074, 6.66711e-05, 1.31767e-05, 0.00185788, 0.000262586, 8.61105e-06, 9.69413e-06, 2.02059e-05, 0.000387988, 0.000430001, 0.00273829, 0.000240165, 0.00474747, 0.000108777, 0.005058, 1.988e-08, 8.47017e-07, 6.46868e-05, 0.0118316, 0.0263918, 5.1263e-06, 11.5982, 0.00163625, 0.00183528, 1.16201e-05, 4.05909e-06, 4.10464e-06, 8.68419e-09, 1.5345e-05, 4.35251e-05, 0.00568241, 1.26778, 3.60697e-05, 1.46314e-05, 3.85081e-05, 1.1604e-05, 1.22677e-05, 1.47087e-05, 2.68516e-05, 2.95242e-05, 3.14738e-05, 0.000127422, 0.000269503, 0.00843609, 0.00964508, 

4.62776e-06, 4.74753e-06, 1.31767e-05, 6.65332e-05, 0.000262586, 0.00253961, 0.00338074, 6.46868e-05, 0.000240165, 0.000108777, 8.61105e-06, 9.69413e-06, 2.02059e-05, 0.000430001, 0.00273829, 0.724452, 0.278243, 1.16201e-05, 8.68419e-09, 0.00185788, 1.988e-08, 8.47017e-07, 5.1263e-06, 0.00183528, 0.0118316, 11.5982, 0.60849, 0.000452136, 0.00163625, 1.46314e-05, 4.0517e-06, 4.05909e-06, 1.5345e-05, 3.60697e-05, 3.85081e-05, 4.35251e-05, 0.170868, 6.66711e-05, 0.00474747, 0.000387988, 1.1604e-05, 1.22677e-05, 1.47087e-05, 2.68516e-05, 2.95242e-05, 3.14738e-05, 0.000127422, 0.000269503, 0.005058, 0.00568241, 

4.62776e-06, 4.71219e-06, 6.46868e-05, 0.000108777, 0.00253961, 1.24929, 0.000607504, 1.31767e-05, 0.000240165, 6.65332e-05, 4.22315e-07, 2.3305e-06, 2.68124e-06, 0.000430001, 0.00273829, 0.278243, 0.280635, 0.000262586, 2.02059e-05, 8.68419e-09, 1.988e-08, 8.46006e-08, 1.46314e-05, 0.000452136, 0.00163625, 0.0118316, 7.60536e-05, 1.16201e-05, 6.66711e-05, 5.1263e-06, 2.49005e-06, 4.0517e-06, 1.5345e-05, 3.60697e-05, 0.170868, 4.06058, 1.5527, 4.35251e-05, 0.000387988, 3.85081e-05, 1.1604e-05, 1.22677e-05, 1.47087e-05, 2.68516e-05, 2.95242e-05, 3.14738e-05, 0.000127422, 0.000235776, 0.000996005, 0.00183528, 

4.62776e-06, 4.71219e-06, 1.31767e-05, 6.46868e-05, 0.000240165, 3.18048, 0.0261199, 0.000430001, 0.000108777, 0.00163625, 3.04704e-07, 4.22315e-07, 8.68419e-09, 2.68124e-06, 0.000262586, 0.0558923, 1.32101, 0.000607504, 0.000996005, 5.1263e-06, 1.988e-08, 8.46006e-08, 1.46314e-05, 6.66711e-05, 7.60536e-05, 0.000452136, 2.19739, 3.60697e-05, 2.02059e-05, 1.16201e-05, 2.49005e-06, 4.0517e-06, 3.85081e-05, 4.35251e-05, 0.000387988, 13.5726, 0.870028, 0.00183528, 6.65332e-05, 1.5345e-05, 1.1604e-05, 1.19424e-05, 1.22677e-05, 1.47087e-05, 2.00449e-05, 3.14738e-05, 0.000127422, 0.000235776, 0.00253961, 0.00273829, 

4.58488e-06, 4.62776e-06, 1.31767e-05, 6.46868e-05, 0.000108777, 0.000240165, 3.18048, 0.000996005, 0.000387988, 4.35251e-05, 1.48809e-11, 3.04704e-07, 2.68124e-06, 0.000262586, 0.000607504, 0.0558923, 3.36734, 0.00163625, 1.16201e-05, 7.60536e-05, 1.68744e-08, 1.988e-08, 1.46314e-05, 3.60697e-05, 0.000452136, 0.186396, 0.19192, 5.1263e-06, 0.000430001, 8.68419e-09, 2.49005e-06, 4.0517e-06, 1.5345e-05, 3.85081e-05, 13.5726, 0.357058, 2.22592, 6.65332e-05, 2.02059e-05, 6.66711e-05, 1.1604e-05, 1.19424e-05, 1.22677e-05, 1.47087e-05, 2.00449e-05, 3.14738e-05, 0.000127422, 0.000235776, 0.00183528, 0.00253961, 

3.62388e-07, 1.65848e-06, 1.31767e-05, 4.35251e-05, 3.18048, 0.368257, 1.83668e-05, 3.60697e-05, 0.000262586, 0.000430001, 1.48809e-11, 3.04704e-07, 2.68124e-06, 7.60536e-05, 0.0558923, 0.0320775, 6.38574, 0.000240165, 1.5345e-05, 0.000118706, 1.68744e-08, 1.988e-08, 8.68419e-09, 1.46314e-05, 0.000452136, 0.19192, 1.12817, 0.000108777, 1.16201e-05, 0.000387988, 2.49005e-06, 4.0517e-06, 2.02059e-05, 3.85081e-05, 6.66711e-05, 0.590128, 2.22592, 6.46868e-05, 5.1263e-06, 6.65332e-05, 1.1604e-05, 1.19424e-05, 1.22677e-05, 1.47087e-05, 2.00449e-05, 3.14738e-05, 0.000127422, 0.000235776, 0.000607504, 0.000996005, 

3.62388e-07, 1.65848e-06, 1.83668e-05, 4.35251e-05, 1.05945, 0.967861, 0.157733, 0.000387988, 1.5345e-05, 6.66711e-05, 1.48809e-11, 3.04704e-07, 2.68124e-06, 7.60536e-05, 0.000118706, 0.000240165, 0.0558923, 0.000430001, 8.06396e-06, 6.46868e-05, 1.68744e-08, 1.6985e-08, 1.16201e-05, 1.46314e-05, 0.000108777, 1.12817, 1.87463e-06, 5.1263e-06, 0.000262586, 1.31767e-05, 7.65052e-09, 4.0517e-06, 3.85081e-05, 6.65332e-05, 0.709104, 1.85763, 1.29498, 3.60697e-05, 2.02059e-05, 8.68419e-09, 2.56141e-06, 1.1604e-05, 1.19424e-05, 1.22677e-05, 1.47087e-05, 2.00449e-05, 3.14738e-05, 0.000127422, 0.000607504, 0.000996005, 

3.62388e-07, 1.65848e-06, 1.5345e-05, 1.83668e-05, 4.35251e-05, 0.967861, 1.05945, 3.85081e-05, 1.16201e-05, 0.000607504, 1.48809e-11, 3.04704e-07, 2.68124e-06, 8.06396e-06, 6.46868e-05, 0.000240165, 0.0558923, 6.66711e-05, 0.000387988, 7.60536e-05, 1.68744e-08, 1.6985e-08, 1.87463e-06, 1.46314e-05, 0.000108777, 0.000262586, 0.371481, 1.31767e-05, 3.60697e-05, 6.65332e-05, 7.65052e-09, 2.56141e-06, 8.68419e-09, 2.02059e-05, 1.29498, 1.85763, 3.39905, 0.000118706, 0.000430001, 5.1263e-06, 4.0517e-06, 1.1604e-05, 1.19424e-05, 1.22677e-05, 1.47087e-05, 2.00449e-05, 3.14738e-05, 0.000127422, 0.000996005, 

3.62388e-07, 1.65848e-06, 1.16201e-05, 1.5345e-05, 4.35251e-05, 0.000607504, 1.2412, 3.85081e-05, 2.68124e-06, 7.60536e-05, 1.48809e-11, 3.04704e-07, 0.000240165, 0.000387988, 0.0558923, 0.250631, 1.44875e-05, 6.66711e-05, 6.46868e-05, 1.83668e-05, 1.68275e-08, 1.68744e-08, 1.31767e-05, 1.46314e-05, 3.60697e-05, 6.65332e-05, 0.371481, 8.06396e-06, 5.54649e-09, 1.87463e-06, 7.65052e-09, 6.19882e-09, 4.32176e-09, 0.000430001, 1.29498, 1.85763, 0.48282, 2.02059e-05, 0.000108777, 5.1263e-06, 2.56141e-06, 4.0517e-06, 1.1604e-05, 1.19424e-05, 1.22677e-05, 1.47087e-05, 1.66814e-05, 2.00449e-05, 0.000118706, 0.000262586, 

7.26447e-08, 3.62388e-07, 1.16201e-05, 1.5345e-05, 4.35251e-05, 0.000607504, 0.0665679, 3.85081e-05, 1.31767e-05, 5.1263e-06, 1.48809e-11, 1.98116e-07, 1.83668e-05, 0.000387988, 0.0558923, 0.250631, 4.40354, 1.46314e-05, 6.46868e-05, 2.68124e-06, 1.68275e-08, 1.68744e-08, 5.54649e-09, 1.87463e-06, 3.60697e-05, 6.65332e-05, 0.216162, 4.32176e-09, 1.56642e-09, 8.06396e-06, 5.35822e-09, 6.19882e-09, 2.02059e-05, 0.000108777, 0.0773688, 0.000193734, 0.0943091, 7.60536e-05, 1.66485e-08, 1.44875e-05, 2.56141e-06, 4.0517e-06, 1.1604e-05, 1.19424e-05, 1.22677e-05, 1.47087e-05, 1.66814e-05, 2.00449e-05, 0.000118706, 0.000240165, 

2.91348e-09, 7.26447e-08, 1.5345e-05, 4.35251e-05, 0.000607504, 0.00695575, 2.99108, 5.1263e-06, 6.46868e-05, 1.83668e-05, 1.48809e-11, 1.98116e-07, 2.68124e-06, 1.46314e-05, 0.000387988, 0.250631, 1.47374e-06, 1.31767e-05, 1.87463e-06, 0.000118706, 2.77915e-09, 1.68744e-08, 4.32176e-09, 5.54649e-09, 3.60697e-05, 0.0514374, 8.65034, 3.85081e-05, 0.000108777, 1.16201e-05, 5.35822e-09, 6.19882e-09, 1.66485e-08, 1.44875e-05, 2.02059e-05, 7.60536e-05, 0.000193734, 8.06396e-06, 6.65332e-05, 1.56642e-09, 7.54422e-07, 2.56141e-06, 4.0517e-06, 1.1604e-05, 1.19424e-05, 1.22677e-05, 1.47087e-05, 1.66814e-05, 0.000240165, 

2.91348e-09, 7.26447e-08, 1.83668e-05, 4.35251e-05, 0.00695575, 2.99108, 1.64788, 3.60697e-05, 1.66485e-08, 6.46868e-05, 1.48809e-11, 1.98116e-07, 1.47374e-06, 1.46314e-05, 0.000387988, 4.20333, 0.0422132, 1.87463e-06, 5.1263e-06, 5.54649e-09, 2.77915e-09, 1.68744e-08, 4.32176e-09, 1.16201e-05, 0.0514374, 2.92715, 0.122369, 1.31767e-05, 1.5345e-05, 3.85081e-05, 5.35822e-09, 6.19882e-09, 8.06396e-06, 2.02059e-05, 6.65332e-05, 0.000193734, 0.0959553, 1.44875e-05, 1.52224e-06, 1.56642e-09, 7.54422e-07, 2.56141e-06, 4.0517e-06, 1.1604e-05, 1.19424e-05, 1.22677e-05, 1.47087e-05, 1.66814e-05, 7.60536e-05, 0.000108777, 

2.91348e-09, 7.26447e-08, 1.66485e-08, 4.35251e-05, 6.46868e-05, 1.09035, 5.36382, 1.48809e-11, 8.58215e-08, 5.54649e-09, 1.87463e-06, 5.1263e-06, 0.992986, 5.37823, 2.77915e-09, 1.61529e-08, 4.32176e-09, 1.31767e-05, 1.5345e-05, 3.85081e-05, 2.92715, 2.13715e-09, 5.35822e-09, 8.06396e-06, 6.65332e-05, 0.000193734, 1.02471, 4.04333, 7.54422e-07, 2.56141e-06, 4.0517e-06, 1.1604e-05, 1.19424e-05, 1.22677e-05, 1.47087e-05, 1.66814e-05, 1.56642e-09, 5.55696e-07, 

2.91348e-09, 7.26447e-08, 4.35251e-05, 6.46868e-05, 1.09035, 5.00211, 1.58438e-05, 1.48809e-11, 4.75297e-08, 5.54649e-09, 1.87463e-06, 0.992986, 5.37823, 4.88382, 2.77915e-09, 1.61529e-08, 4.32176e-09, 1.31767e-05, 3.85081e-05, 0.453179, 0.686064, 2.13715e-09, 5.35822e-09, 8.06396e-06, 6.65332e-05, 0.000193734, 4.04333, 0.853545, 7.54422e-07, 2.56141e-06, 4.0517e-06, 1.1604e-05, 1.19424e-05, 1.22677e-05, 1.47087e-05, 1.66814e-05, 1.56642e-09, 1.66485e-08, 

2.91348e-09, 2.92703e-08, 1.58438e-05, 4.35251e-05, 1.09035, 5.00211, 0.219807, 1.48809e-11, 4.75297e-08, 5.54649e-09, 0.0116681, 0.992986, 4.88382, 0.00484847, 2.77915e-09, 1.19475e-08, 4.32176e-09, 1.31767e-05, 3.85081e-05, 0.453179, 0.686064, 1.60001e-09, 2.13715e-09, 6.65332e-05, 0.000193734, 0.230774, 4.04333, 0.139941, 7.54422e-07, 2.56141e-06, 4.0517e-06, 1.1604e-05, 1.19424e-05, 1.22677e-05, 1.47087e-05, 1.66814e-05, 1.56642e-09, 1.66485e-08, 

2.91348e-09, 2.92703e-08, 1.58438e-05, 4.35251e-05, 0.0447592, 0.219807, 5.00211, 1.48809e-11, 4.75297e-08, 0.000122129, 0.0116681, 0.992986, 4.88382, 3.122, 1.54433e-09, 2.77915e-09, 1.31767e-05, 3.85081e-05, 0.0321086, 0.453179, 4.49035, 1.60001e-09, 1.94709e-09, 6.65332e-05, 0.000193734, 0.0570032, 0.230774, 0.158656, 7.54422e-07, 2.56141e-06, 4.0517e-06, 1.1604e-05, 1.19424e-05, 1.22677e-05, 1.47087e-05, 1.66814e-05, 1.56642e-09, 4.32176e-09, 

2.91348e-09, 3.98418e-09, 2.56869e-06, 1.58438e-05, 0.0238855, 5.00211, 1.23276e-06, 1.48809e-11, 4.75297e-08, 3.03282e-05, 0.0116681, 0.992986, 1.03898, 1.38242, 1.54433e-09, 2.77915e-09, 1.31767e-05, 3.85081e-05, 0.0250557, 2.69871, 1.97001, 1.60001e-09, 1.94709e-09, 6.65332e-05, 0.000193734, 0.0370503, 0.230774, 0.000331963, 3.03562e-07, 7.54422e-07, 2.56141e-06, 4.0517e-06, 1.1604e-05, 1.19424e-05, 1.22677e-05, 1.47087e-05, 1.56642e-09, 4.32176e-09, 

2.91348e-09, 3.98418e-09, 1.23276e-06, 2.56869e-06, 1.58438e-05, 5.00211, 0.00013402, 1.48809e-11, 1.14838e-09, 3.03282e-05, 0.0116681, 0.10002, 0.992986, 1.03898, 1.54433e-09, 2.65035e-09, 1.31767e-05, 0.0229742, 0.0250557, 2.69871, 1.47233, 1.60001e-09, 1.94113e-09, 6.65332e-05, 0.000193734, 0.000331963, 0.214483, 0.0524386, 3.03562e-07, 7.54422e-07, 2.56141e-06, 4.0517e-06, 1.1604e-05, 1.19424e-05, 1.22677e-05, 1.47087e-05, 1.56642e-09, 4.32176e-09, 

2.32068e-09, 2.91348e-09, 1.23276e-06, 2.56869e-06, 7.08272e-06, 1.58438e-05, 5.00211, 1.48809e-11, 3.50295e-10, 0.0116681, 0.10002, 0.992986, 1.03898, 1.37473, 1.54433e-09, 1.67681e-09, 1.31767e-05, 0.0229742, 0.0250557, 2.69871, 4.48915e-06, 1.60001e-09, 1.83173e-09, 6.65332e-05, 0.000193734, 0.000331963, 0.0524386, 0.866902, 3.03562e-07, 7.54422e-07, 2.56141e-06, 4.0517e-06, 1.1604e-05, 1.19424e-05, 1.22677e-05, 1.47087e-05, 1.56642e-09, 4.32176e-09, 

2.32068e-09, 2.75883e-09, 1.23276e-06, 2.56869e-06, 7.08272e-06, 1.58438e-05, 0.399673, 1.48809e-11, 1.31435e-10, 0.0116681, 0.10002, 0.177968, 0.185003, 1.03898, 1.54433e-09, 1.65482e-09, 4.48915e-06, 1.31767e-05, 0.0250557, 2.69871, 0.374421, 1.60001e-09, 1.83173e-09, 6.65332e-05, 0.000331963, 0.0524386, 0.866902, 0.0895761, 3.03562e-07, 7.54422e-07, 2.56141e-06, 4.0517e-06, 1.1604e-05, 1.19424e-05, 1.22677e-05, 1.47087e-05, 1.56642e-09, 4.32176e-09, 

2.32068e-09, 2.75883e-09, 1.23276e-06, 7.08272e-06, 1.58438e-05, 0.399673, 0.90875, 2.78951e-12, 1.48809e-11, 0.0116681, 0.10002, 0.114056, 0.177968, 0.955625, 1.54433e-09, 1.65482e-09, 4.48915e-06, 0.0250557, 0.374421, 2.69871, 5.06942e-06, 1.60001e-09, 1.83173e-09, 6.65332e-05, 0.000331963, 0.0052376, 0.0524386, 0.0895761, 3.03562e-07, 7.54422e-07, 2.56141e-06, 4.0517e-06, 1.1604e-05, 1.19424e-05, 1.22677e-05, 1.47087e-05, 1.56642e-09, 4.32176e-09, 

5.09512e-14, 2.75883e-09, 7.08272e-06, 1.58438e-05, 0.399673, 0.90875, 0.837898, 2.78951e-12, 1.48809e-11, 0.0116681, 0.0333443, 0.114056, 0.955625, 0.00324603, 1.54433e-09, 1.65482e-09, 4.48915e-06, 5.06942e-06, 0.0250557, 0.374421, 0.418398, 1.60001e-09, 1.83173e-09, 6.65332e-05, 0.000331963, 0.0052376, 0.010359, 0.0305773, 2.32068e-09, 3.03562e-07, 7.54422e-07, 2.56141e-06, 4.0517e-06, 1.1604e-05, 1.22677e-05, 1.47087e-05, 1.56642e-09, 4.32176e-09, 

5.09512e-14, 4.75938e-11, 7.08272e-06, 0.045994, 0.399673, 0.90875, 0.0655733, 2.78951e-12, 1.48809e-11, 0.000103797, 0.00324603, 0.0333443, 0.955625, 0.627583, 1.54433e-09, 1.65482e-09, 4.48915e-06, 5.06942e-06, 0.0372435, 0.374421, 0.737223, 1.60001e-09, 1.82293e-09, 6.65332e-05, 0.000331963, 0.00143317, 0.0305773, 0.914543, 2.32068e-09, 3.03562e-07, 7.54422e-07, 2.56141e-06, 4.0517e-06, 1.1604e-05, 1.22677e-05, 1.47087e-05, 1.56642e-09, 4.32176e-09, 

5.09512e-14, 4.75938e-11, 7.08272e-06, 0.045994, 0.0655733, 0.399673, 0.164485, 2.78951e-12, 1.48809e-11, 0.000103797, 0.00216708, 0.00324603, 0.955625, 2.13838, 1.49525e-09, 1.54433e-09, 4.48915e-06, 5.06942e-06, 0.00265773, 0.0372435, 1.23159, 1.60001e-09, 1.82293e-09, 6.65332e-05, 0.000331963, 0.00143317, 0.0289879, 0.881182, 2.32068e-09, 3.03562e-07, 7.54422e-07, 2.56141e-06, 4.0517e-06, 1.1604e-05, 1.22677e-05, 1.47087e-05, 1.56642e-09, 4.32176e-09, 

5.09512e-14, 4.75938e-11, 7.08272e-06, 0.0284701, 0.045994, 0.0655733, 0.0585672, 2.78951e-12, 1.48809e-11, 0.000103797, 0.00216708, 0.955625, 2.13838, 2.09641e-05, 1.47409e-09, 1.49525e-09, 4.48915e-06, 5.06942e-06, 0.00265773, 0.224625, 3.15439, 1.60001e-09, 1.82293e-09, 6.65332e-05, 0.000331963, 0.00143317, 0.881182, 0.202691, 2.32068e-09, 3.60733e-08, 3.03562e-07, 7.54422e-07, 4.0517e-06, 1.1604e-05, 1.22677e-05, 1.47087e-05, 1.56642e-09, 4.32176e-09, 

5.09512e-14, 4.75938e-11, 7.08272e-06, 0.0284701, 0.045994, 0.0655733, 0.0357183, 2.78951e-12, 1.48809e-11, 1.15854e-05, 0.00216708, 0.955625, 2.13838, 2.61954e-06, 1.47409e-09, 1.49525e-09, 4.48915e-06, 5.06942e-06, 0.00265773, 0.599161, 0.00977467, 1.60001e-09, 1.7354e-09, 6.65332e-05, 0.00143317, 0.202691, 0.666663, 0.204287, 2.32068e-09, 3.60733e-08, 3.03562e-07, 7.54422e-07, 4.0517e-06, 1.1604e-05, 1.22677e-05, 1.47087e-05, 1.56642e-09, 4.32176e-09, 

5.09512e-14, 4.75938e-11, 0.0241585, 0.0256349, 0.0284701, 0.0357183, 0.31818, 2.78951e-12, 1.48809e-11, 1.15854e-05, 0.00216708, 0.955625, 2.13838, 7.02121, 1.47409e-09, 1.48131e-09, 4.48915e-06, 5.06942e-06, 0.00265773, 0.00977467, 0.000286303, 1.48594e-09, 1.60001e-09, 6.65332e-05, 0.00143317, 0.202691, 0.204287, 0.235155, 2.32068e-09, 3.60733e-08, 3.03562e-07, 7.54422e-07, 4.0517e-06, 1.1604e-05, 1.22677e-05, 1.47087e-05, 1.56642e-09, 4.32176e-09, 

5.09512e-14, 4.75938e-11, 0.0241585, 0.0256349, 0.0284701, 0.0357183, 0.31818, 2.78951e-12, 1.48809e-11, 1.15854e-05, 0.00216708, 0.189382, 0.955625, 2.13838, 1.47409e-09, 1.48131e-09, 4.48915e-06, 5.06942e-06, 0.000286303, 0.00977467, 9.44844, 1.48594e-09, 1.5316e-09, 0.00143317, 0.0579054, 0.202691, 0.204287, 0.011481, 2.32068e-09, 3.60733e-08, 3.03562e-07, 7.54422e-07, 4.0517e-06, 1.1604e-05, 1.22677e-05, 1.47087e-05, 1.56642e-09, 4.32176e-09, 

5.09512e-14, 4.75938e-11, 0.0230121, 0.0241585, 0.0256349, 0.0284701, 0.31818, 2.78951e-12, 1.48809e-11, 0.00216708, 0.0399199, 0.955625, 2.13838, 0.597736, 1.47409e-09, 1.48131e-09, 4.48915e-06, 5.06942e-06, 0.000286303, 0.00977467, 8.75853, 1.46779e-09, 1.48594e-09, 0.011481, 0.0346443, 0.202691, 0.204287, 0.00247884, 2.32068e-09, 3.60733e-08, 3.03562e-07, 7.54422e-07, 4.0517e-06, 1.1604e-05, 1.22677e-05, 1.47087e-05, 1.56642e-09, 4.32176e-09, 

5.09512e-14, 4.75938e-11, 0.0230121, 0.0241585, 0.0256349, 0.0284701, 0.31818, 2.78951e-12, 1.48809e-11, 0.000160795, 0.00216708, 0.160974, 0.955625, 4.75571e-05, 1.47409e-09, 1.48131e-09, 4.48915e-06, 5.06942e-06, 0.000286303, 8.75853, 2.01591, 1.46779e-09, 1.48594e-09, 0.00247884, 0.011481, 0.202691, 0.204287, 21.5249, 2.32068e-09, 3.60733e-08, 3.03562e-07, 7.54422e-07, 4.0517e-06, 1.1604e-05, 1.22677e-05, 1.47087e-05, 1.56642e-09, 4.32176e-09, 

5.09512e-14, 1.92295e-11, 0.0230121, 0.0256349, 0.0284701, 0.31818, 2.41147, 2.78951e-12, 1.48809e-11, 4.75571e-05, 0.000160795, 0.00216708, 0.955625, 0.0552382, 1.47409e-09, 1.48131e-09, 4.48915e-06, 5.06942e-06, 0.000286303, 2.01591, 8.75853, 1.4522e-09, 1.46779e-09, 0.00247884, 0.011481, 0.204287, 21.5249, 3.03509, 2.32068e-09, 3.60733e-08, 3.03562e-07, 7.54422e-07, 4.0517e-06, 1.1604e-05, 1.22677e-05, 1.47087e-05, 1.56642e-09, 4.32176e-09, 

5.09512e-14, 1.92295e-11, 0.0230121, 0.0256349, 0.0284701, 0.31818, 2.01746, 2.78951e-12, 1.48809e-11, 4.75571e-05, 0.00216708, 0.0552382, 0.383175, 0.794932, 1.47409e-09, 1.48131e-09, 4.48915e-06, 5.06942e-06, 0.000286303, 5.66992, 7.33191, 1.4522e-09, 1.46779e-09, 0.011481, 0.204287, 3.03509, 21.5249, 0.641228, 2.32068e-09, 3.60733e-08, 3.03562e-07, 7.54422e-07, 4.0517e-06, 1.1604e-05, 1.22677e-05, 1.47087e-05, 1.56642e-09, 4.32176e-09, 

5.09512e-14, 1.92295e-11, 0.00270303, 0.0230121, 0.0284701, 2.01746, 1.87295, 2.78951e-12, 1.48809e-11, 4.75571e-05, 0.00216708, 0.00541889, 0.383175, 0.794932, 1.47409e-09, 1.48131e-09, 4.48915e-06, 0.000286303, 0.70422, 5.66992, 4.67628, 1.4522e-09, 1.46779e-09, 0.011481, 0.204287, 0.641228, 3.03509, 6.75687, 2.32068e-09, 3.60733e-08, 3.03562e-07, 7.54422e-07, 4.0517e-06, 1.1604e-05, 1.22677e-05, 1.47087e-05, 1.56642e-09, 4.32176e-09, 

5.09512e-14, 1.92295e-11, 0.00270303, 0.0230121, 0.0284701, 0.361729, 0.0120308, 1.67138e-13, 1.48809e-11, 0.00216708, 0.00541889, 0.383175, 0.794932, 0.225097, 1.47409e-09, 1.48131e-09, 4.48915e-06, 0.000286303, 0.70422, 3.56569, 4.67628, 1.44667e-09, 1.4522e-09, 0.011481, 0.094497, 1.76786, 3.03509, 3.26073, 2.32068e-09, 3.60733e-08, 3.03562e-07, 7.54422e-07, 4.0517e-06, 1.1604e-05, 1.22677e-05, 1.47087e-05, 1.56642e-09, 4.32176e-09, 

5.09512e-14, 1.92295e-11, 0.00270303, 0.0120308, 0.0230121, 0.0284701, 0.361729, 1.67138e-13, 4.27016e-12, 0.00216708, 0.00541889, 0.225097, 0.383175, 1.0983, 1.47409e-09, 1.48131e-09, 4.48915e-06, 0.000286303, 0.70422, 3.56569, 8.68828, 1.44667e-09, 1.45106e-09, 1.09729e-05, 0.094497, 1.76786, 3.26073, 1.84265e-06, 2.32068e-09, 3.60733e-08, 3.03562e-07, 7.54422e-07, 4.0517e-06, 1.1604e-05, 1.22677e-05, 1.47087e-05, 1.56642e-09, 4.32176e-09, 

5.09512e-14, 1.00753e-12, 0.00270303, 0.0230121, 0.0284701, 0.361729, 10.2953, 1.67138e-13, 8.34162e-13, 0.00216708, 0.00541889, 0.383175, 0.816704, 0.317216, 1.47409e-09, 1.48131e-09, 4.48915e-06, 9.51485e-05, 0.505353, 8.68828, 0.0954802, 1.44241e-09, 1.44667e-09, 1.84265e-06, 1.09729e-05, 0.0200483, 1.76786, 0.00538414, 2.32068e-09, 3.60733e-08, 3.03562e-07, 7.54422e-07, 4.0517e-06, 1.1604e-05, 1.22677e-05, 1.47087e-05, 1.56642e-09, 4.32176e-09, 

5.09512e-14, 1.00753e-12, 0.00270303, 0.0230121, 0.0284701, 10.2953, 0.000319943, 1.67138e-13, 8.34162e-13, 0.00216708, 0.00541889, 0.383175, 0.816704, 0.00113354, 1.47409e-09, 1.48131e-09, 4.48915e-06, 9.51485e-05, 0.0368893, 0.358634, 0.117661, 1.44241e-09, 1.44667e-09, 1.84265e-06, 1.09729e-05, 0.00538414, 0.314738, 0.0270779, 2.32068e-09, 3.60733e-08, 3.03562e-07, 7.54422e-07, 4.0517e-06, 1.1604e-05, 1.22677e-05, 1.47087e-05, 1.56642e-09, 4.32176e-09, 

5.09512e-14, 1.00753e-12, 0.000319943, 0.0230121, 0.0284701, 6.47631, 0.0517999, 1.67138e-13, 8.34162e-13, 0.00113354, 0.00216708, 0.00541889, 0.00684912, 0.45015, 1.47409e-09, 1.48131e-09, 9.51485e-05, 0.0368893, 0.117661, 0.358634, 2.08267, 1.44169e-09, 1.44241e-09, 1.09729e-05, 0.00538414, 0.0070905, 0.314738, 3.62971, 2.32068e-09, 3.60733e-08, 3.03562e-07, 7.54422e-07, 4.0517e-06, 1.1604e-05, 1.22677e-05, 1.47087e-05, 1.56642e-09, 4.32176e-09, 

5.09512e-14, 1.00753e-12, 0.0151459, 0.0230121, 0.0284701, 6.47631, 19.2523, 1.67138e-13, 8.34162e-13, 0.00113354, 0.00216708, 0.00541889, 0.45015, 1.64219, 1.47409e-09, 1.48131e-09, 9.51485e-05, 0.0368893, 0.117661, 0.358634, 0.444036, 1.44169e-09, 1.44241e-09, 0.00538414, 0.0070905, 0.314738, 3.62971, 0.268673, 2.32068e-09, 3.60733e-08, 3.03562e-07, 5.89536e-07, 7.54422e-07, 4.0517e-06, 1.1604e-05, 1.22677e-05, 1.56642e-09, 4.32176e-09, 

Best:
(2.25724e-07, )

Fitness Evaluations:
2798

End Population
(2.257238e-07), (1.003760e-06), (1.230688e-01), (1.516974e-01), (1.687309e-01), (2.544859e+00), (-4.387745e+00), (-4.088257e-07), (-9.133245e-07), (3.366802e-02), (-4.655188e-02), (7.361313e-02), (6.709325e-01), (-1.281481e+00), (-3.839382e-05), (-3.848775e-05), (9.754409e-03), (1.920659e-01), (3.430172e-01), (-5.988609e-01), (6.663605e-01), (-3.796963e-05), (-3.797907e-05), (7.337671e-02), (8.420508e-02), (-5.610154e-01), (-1.905179e+00), (-5.183367e-01), (4.817339e-05), (-1.899297e-04), (5.509646e-04), (7.678125e-04), (-8.685747e-04), (-2.012883e-03), (3.406457e-03), (3.502523e-03), (-3.957798e-05), (-6.574006e-05), 