Iterations: 10
Function Evaluations Limit: 150000
Population: 30

Prides Length: 4

Percent Nomads: 0.2
Percent Roaming: 0.8
Percent Sex: 0.2

Mating Rate: 0.6
Mutation Probability: 0.8
Immigration Rate: 0.2

Percent Group Influence: 0.8
Annealing On: true
Ranked Selection Pressure: 2
Near To Best Random Pressure: 2

Dimensions: 2
N-Dimension Space: -10:10

Fitness Iterations:
19.5775 (Initial Best)

85.6313, 117.333, 74.7468, 106.709, 83.4787, 90.6928, 85.3313, 161.762, 38.4239, 74.3836, 81.5522, 98.8895, 77.261, 102.958, 58.2433, 57.0972, 109.46, 19.5775, 54.2244, 139.819, 25.9283, 110.637, 27.4152, 74.0794, 90.3102, 126.109, 56.3527, 161.839, 36.1055, 22.4819, 

26.846, 35.8679, 40.9028, 50.9541, 55.0024, 75.5474, 10.9244, 12.2851, 19.7537, 20.0003, 26.6263, 85.8034, 5.30968, 16.7039, 17.3772, 20.4366, 23.117, 19.5775, 22.0136, 25.9283, 29.5277, 33.9493, 53.0796, 74.0794, 64.2963, 70.3822, 18.5695, 22.4265, 22.4819, 30.8221, 36.1055, 

5.29997, 6.19988, 6.88542, 14.7056, 23.1321, 75.5474, 10.9244, 12.2851, 19.3404, 19.7537, 20.0003, 85.8034, 2.22416, 2.70519, 5.30968, 5.62721, 23.117, 18.6667, 13.4056, 13.908, 14.5145, 20.6057, 27.2743, 74.0794, 8.48347, 31.9723, 8.78458, 18.5695, 22.4265, 22.4819, 26.1142, 

5.29997, 6.19988, 6.88542, 10.0961, 12.1099, 75.5474, 8.48347, 12.2851, 17.7258, 18.6379, 19.7537, 36.1289, 1.48903, 2.18059, 2.22416, 2.48269, 17.7307, 18.6667, 0.807474, 4.27234, 13.4056, 14.5145, 17.8246, 74.0794, 10.9244, 23.1321, 8.78458, 10.3326, 17.2359, 18.5695, 22.4265, 

5.29997, 6.19988, 6.88542, 10.0961, 10.9244, 35.173, 8.48347, 8.5364, 17.7258, 18.6379, 19.7537, 26.4547, 1.48903, 1.5261, 2.22416, 2.48269, 4.13819, 18.6667, 0.568596, 0.807474, 4.08609, 8.56372, 13.4056, 74.0794, 12.1099, 23.1321, 8.78458, 8.90918, 10.3326, 17.2359, 18.5695, 

5.29997, 6.19988, 6.88542, 10.0961, 10.9244, 35.173, 3.65515, 5.40573, 6.26037, 8.5364, 12.1099, 26.4547, 1.09573, 1.13322, 1.1347, 1.48903, 1.52246, 18.6667, 0.504868, 0.568596, 1.56318, 4.08609, 10.2325, 72.6096, 17.7258, 23.1321, 8.78458, 8.90918, 10.3326, 17.2359, 18.5695, 

4.28511, 5.29997, 6.19988, 6.88542, 10.9244, 35.173, 3.11278, 3.54464, 3.65515, 4.71816, 7.49973, 26.4547, 1.02386, 1.04423, 1.06283, 1.0737, 1.09573, 18.6667, 0.2242, 0.504868, 0.568596, 1.1266, 4.08609, 48.0774, 17.7258, 22.0019, 8.78458, 8.90918, 10.3326, 17.2359, 18.5695, 

4.28511, 5.29997, 6.05781, 6.19988, 6.88542, 25.447, 1.27047, 1.48711, 1.76245, 2.30052, 2.48816, 26.4547, 0.995394, 0.9961, 0.996354, 1.02317, 1.06283, 18.6667, 0.0990748, 0.127782, 0.16926, 0.186607, 0.468895, 48.0774, 17.7258, 19.0569, 8.78458, 8.90918, 10.3326, 16.4166, 17.2359, 

4.28511, 5.29997, 5.99269, 6.19988, 6.88542, 25.447, 1.0215, 1.27047, 1.31164, 1.38563, 1.39726, 26.4547, 0.995155, 0.995394, 0.995451, 0.995466, 0.99976, 18.6667, 0.0148691, 0.028055, 0.0450441, 0.0990748, 0.10592, 38.9668, 17.7258, 19.0569, 8.78458, 8.90918, 10.3326, 16.4166, 17.2359, 

2.98665, 4.13431, 4.28511, 6.05159, 6.19988, 25.447, 1.0215, 1.03361, 1.15524, 1.28404, 1.38563, 22.7318, 0.995155, 0.995172, 0.99531, 0.995394, 0.995398, 9.04184, 0.00313499, 0.0144132, 0.0148691, 0.0174239, 0.0246956, 38.9668, 17.7258, 19.0569, 8.78458, 8.90918, 10.3326, 16.4166, 17.2359, 

2.98159, 2.98665, 4.28511, 4.57921, 6.19988, 25.447, 0.995717, 1.01697, 1.03152, 1.03361, 1.11205, 22.7318, 0.995133, 0.995142, 0.995172, 0.99531, 0.995398, 9.04184, 0.000211697, 0.000482578, 0.000703248, 0.00211968, 0.0148691, 14.6118, 17.7258, 19.0569, 8.78458, 8.90918, 10.3326, 16.4166, 17.2359, 

Best:
(-0.00103296, 7.88065e-06, )

Fitness Evaluations:
894
