Iterations: 200
Function Evaluations Limit: 150000
Population: 100

Prides Length: 4

Percent Nomads: 0.2
Percent Roaming: 0.8
Percent Sex: 0.2

Mating Rate: 0.6
Mutation Probability: 0.8
Immigration Rate: 0.2

Percent Group Influence: 0.8
Annealing On: true
Ranked Selection Pressure: 2
Near To Best Random Pressure: 2

Dimensions: 2
N-Dimension Space: -10:10

Fitness Iterations:
5.86718 (Initial Best)

90.3486, 91.5348, 124.072, 75.5307, 26.6765, 152.407, 63.8643, 59.0005, 63.6219, 63.8009, 25.7849, 24.2628, 60.2545, 88.7334, 26.0624, 163.689, 136.926, 121.877, 135.954, 96.7862, 138.13, 50.2421, 64.5198, 60.1551, 20.7153, 138.124, 120.7, 112.426, 70.5604, 67.7639, 101.049, 101.86, 60.8085, 86.5997, 75.5929, 66.4587, 129.437, 53.1422, 68.299, 36.01, 78.1972, 35.7546, 21.7387, 124.302, 84.5696, 55.9697, 14.9276, 78.5654, 138.955, 73.9788, 33.3516, 10.3936, 30.436, 91.0381, 31.791, 118.324, 174.575, 62.4537, 52.1831, 8.16699, 113.28, 45.6834, 9.18824, 105.739, 20.1707, 12.8215, 164.557, 14.2524, 5.86718, 49.2137, 125.215, 65.8027, 152.603, 80.509, 51.798, 190.08, 7.39213, 35.8891, 81.6639, 25.253, 47.4792, 6.65108, 161.259, 59.1176, 158.146, 91.5705, 27.1591, 50.0193, 19.6557, 38.9588, 35.4617, 118.21, 96.4727, 33.3666, 115.333, 86.4888, 32.0536, 71.0897, 118.527, 6.503, 

5.00221, 5.00939, 5.01347, 5.01645, 5.03232, 5.03362, 5.0359, 5.04105, 5.10723, 5.19176, 5.24588, 6.14786, 6.65108, 7.9121, 8.04872, 8.80791, 52.4297, 77.7252, 36.4445, 19.9357, 5.00336, 5.00396, 5.01246, 5.02108, 5.03856, 5.06769, 5.19839, 5.23961, 5.29708, 5.35847, 5.43868, 5.45981, 5.54367, 5.91919, 6.1288, 7.465, 7.25037, 8.70893, 130.506, 5.94935, 5.00028, 5.0068, 5.01017, 5.01477, 5.01522, 5.02065, 5.03906, 5.05605, 5.06549, 5.07604, 5.12813, 5.16038, 5.2109, 5.23196, 5.29286, 6.76783, 6.11799, 12.4441, 63.2755, 50.6069, 5.00019, 5.00067, 5.0107, 5.0139, 5.01396, 5.0184, 5.02073, 5.04147, 5.04373, 5.09617, 5.18914, 5.22639, 5.28087, 5.34173, 6.1989, 5.70798, 7.02947, 7.54775, 35.8891, 5.23365, 5.08863, 6.96397, 5.41058, 6.88965, 5.0341, 5.08951, 5.35405, 5.44041, 5.46632, 5.79358, 5.93885, 6.11223, 6.8086, 9.62579, 13.3863, 13.6605, 19.3899, 19.4314, 19.6557, 22.275, 

5.00003, 5.00006, 5.00017, 5.00026, 5.00028, 5.0003, 5.00035, 5.00048, 5.00052, 5.00056, 5.00063, 5.00078, 5.00194, 5.01318, 5.01785, 5.02172, 5.93403, 40.3346, 5.48274, 5.18184, 5.00004, 5.00008, 5.00015, 5.00021, 5.00043, 5.00058, 5.00077, 5.00135, 5.00301, 5.00311, 5.00336, 5.00438, 5.00457, 5.0064, 5.00827, 5.01682, 5.0575, 5.94935, 8.70893, 15.4872, 5, 5.00002, 5.00002, 5.00004, 5.00004, 5.00007, 5.00011, 5.00011, 5.00022, 5.00022, 5.00028, 5.0004, 5.00046, 5.00048, 5.00305, 5.00913, 5.24049, 6.86645, 50.6069, 5.74643, 5, 5.00001, 5.00006, 5.00006, 5.00007, 5.00011, 5.00011, 5.00014, 5.00016, 5.00016, 5.00018, 5.00067, 5.00087, 5.00124, 5.0054, 5.00766, 5.23365, 7.54775, 10.9101, 7.14979, 5.01909, 5.05339, 5.07848, 5.04583, 5.00604, 5.0109, 5.01435, 5.0341, 5.08951, 5.11377, 5.1408, 5.15631, 5.22327, 5.23501, 5.35405, 5.44041, 5.46632, 5.79358, 5.93885, 6.06244, 

5, 5, 5, 5, 5, 5, 5, 5.00001, 5.00001, 5.00002, 5.00002, 5.00002, 5.00002, 5.00006, 5.00006, 5.00014, 5.01676, 5.18184, 5.23428, 6.04182, 5, 5, 5, 5, 5, 5, 5, 5.00001, 5.00001, 5.00001, 5.00001, 5.00002, 5.00002, 5.00002, 5.00003, 5.00005, 5.00393, 5.02331, 8.70893, 5.00095, 5, 5, 5, 5, 5, 5, 5, 5, 5, 5, 5.00001, 5.00001, 5.00001, 5.00002, 5.00004, 5.00007, 5.24049, 5.4023, 25.3982, 5.04509, 5, 5, 5, 5, 5, 5, 5, 5, 5, 5, 5, 5, 5, 5.00001, 5.00001, 5.00055, 5.06684, 5.16929, 5.95987, 6.14401, 5.00076, 5.0084, 5.0009, 5.01728, 5.00604, 5.01052, 5.0109, 5.01435, 5.0341, 5.03498, 5.0356, 5.05982, 5.08951, 5.11377, 5.13763, 5.1408, 5.15631, 5.15638, 5.1682, 5.22327, 

5, 5, 5, 5, 5, 5, 5, 5, 5, 5, 5, 5, 5, 5, 5, 5, 5.00176, 5.02331, 5.00072, 5.00319, 5, 5, 5, 5, 5, 5, 5, 5, 5, 5, 5, 5, 5, 5, 5, 5, 5.00095, 5.00393, 5.28366, 5.08965, 5, 5, 5, 5, 5, 5, 5, 5, 5, 5, 5, 5, 5, 5, 5, 5, 5.05975, 5.24049, 5.4023, 5.00094, 5, 5, 5, 5, 5, 5, 5, 5, 5, 5, 5, 5, 5, 5, 5, 5, 5.01896, 5.95987, 5.00042, 5.02889, 5.00008, 5.00033, 5.00076, 5.0009, 5.00012, 5.00276, 5.00604, 5.0061, 5.00677, 5.00796, 5.01052, 5.0109, 5.01152, 5.01247, 5.01435, 5.01676, 5.02028, 5.02755, 5.0341, 5.03498, 

5, 5, 5, 5, 5, 5, 5, 5, 5, 5, 5, 5, 5, 5, 5, 5, 5.00001, 5.00194, 5, 5.00112, 5, 5, 5, 5, 5, 5, 5, 5, 5, 5, 5, 5, 5, 5, 5, 5, 5.00095, 5.00415, 14.8962, 5.00888, 5, 5, 5, 5, 5, 5, 5, 5, 5, 5, 5, 5, 5, 5, 5, 5, 5.0171, 5.05975, 5.4023, 5.02158, 5, 5, 5, 5, 5, 5, 5, 5, 5, 5, 5, 5, 5, 5, 5, 5, 5.00001, 5.00017, 5.33867, 5.0004, 5, 5.00001, 5.00008, 5.00011, 5, 5.00002, 5.00012, 5.00014, 5.00176, 5.00276, 5.00393, 5.00446, 5.0049, 5.00604, 5.0061, 5.00677, 5.0069, 5.00796, 5.00798, 5.01052, 

5, 5, 5, 5, 5, 5, 5, 5, 5, 5, 5, 5, 5, 5, 5, 5, 5, 5.00007, 5, 5.00008, 5, 5, 5, 5, 5, 5, 5, 5, 5, 5, 5, 5, 5, 5, 5, 5, 5.00075, 5.00095, 14.8962, 5.00032, 5, 5, 5, 5, 5, 5, 5, 5, 5, 5, 5, 5, 5, 5, 5, 5, 5.00072, 5.00924, 5.05975, 6.8904, 5, 5, 5, 5, 5, 5, 5, 5, 5, 5, 5, 5, 5, 5, 5, 5, 5.00003, 5.08077, 5, 7.37374, 5, 5, 5, 5.00001, 5, 5, 5, 5, 5, 5.00001, 5.00001, 5.00002, 5.00012, 5.00014, 5.00017, 5.00027, 5.00081, 5.00176, 5.00194, 5.00276, 

5, 5, 5, 5, 5, 5, 5, 5, 5, 5, 5, 5, 5, 5, 5, 5, 5, 5.00001, 5.00003, 5, 5, 5, 5, 5, 5, 5, 5, 5, 5, 5, 5, 5, 5, 5, 5, 5, 5, 5.00028, 14.8962, 5, 5, 5, 5, 5, 5, 5, 5, 5, 5, 5, 5, 5, 5, 5, 5, 5, 5.00003, 5.00672, 5.06482, 5.01262, 5, 5, 5, 5, 5, 5, 5, 5, 5, 5, 5, 5, 5, 5, 5, 5, 5, 5.00003, 5.02767, 5, 5, 5, 5, 5, 5, 5, 5, 5, 5, 5, 5, 5, 5, 5.00001, 5.00001, 5.00001, 5.00001, 5.00001, 5.00002, 5.00002, 

5, 5, 5, 5, 5, 5, 5, 5, 5, 5, 5, 5, 5, 5, 5, 5, 5, 5, 5, 5, 5, 5, 5, 5, 5, 5, 5, 5, 5, 5, 5, 5, 5, 5, 5, 5, 5, 5, 5, 5, 5, 5, 5, 5, 5, 5, 5, 5, 5, 5, 5, 5, 5, 5, 5, 5, 5.00001, 5.00799, 5, 5.00005, 5, 5, 5, 5, 5, 5, 5, 5, 5, 5, 5, 5, 5, 5, 5, 5, 5, 5.00003, 5.00012, 5, 5, 5, 5, 5, 5, 5, 5, 5, 5, 5, 5, 5, 5, 5, 5, 5, 5, 5, 5, 5, 

5, 5, 5, 5, 5, 5, 5, 5, 5, 5, 5, 5, 5, 5, 5, 5, 5, 5, 5, 5, 5, 5, 5, 5, 5, 5, 5, 5, 5, 5, 5, 5, 5, 5, 5, 5, 5, 5, 5, 5, 5, 5, 5, 5, 5, 5, 5, 5, 5, 5, 5, 5, 5, 5, 5, 5, 5, 5, 5.00799, 5, 5, 5, 5, 5, 5, 5, 5, 5, 5, 5, 5, 5, 5, 5, 5, 5, 5, 5, 5.03715, 5, 5, 5, 5, 5, 5, 5, 5, 5, 5, 5, 5, 5, 5, 5, 5, 5, 5, 5, 5, 5, 

5, 5, 5, 5, 5, 5, 5, 5, 5, 5, 5, 5, 5, 5, 5, 5, 5, 5, 5, 5, 5, 5, 5, 5, 5, 5, 5, 5, 5, 5, 5, 5, 5, 5, 5, 5, 5, 5, 5, 5, 5, 5, 5, 5, 5, 5, 5, 5, 5, 5, 5, 5, 5, 5, 5, 5, 5, 5, 5.00799, 5, 5, 5, 5, 5, 5, 5, 5, 5, 5, 5, 5, 5, 5, 5, 5, 5, 5, 5, 5, 5, 5, 5, 5, 5, 5, 5, 5, 5, 5, 5, 5, 5, 5, 5, 5, 5, 5, 5, 5, 5, 

5, 5, 5, 5, 5, 5, 5, 5, 5, 5, 5, 5, 5, 5, 5, 5, 5, 5, 5, 5, 5, 5, 5, 5, 5, 5, 5, 5, 5, 5, 5, 5, 5, 5, 5, 5, 5, 5, 5, 5, 5, 5, 5, 5, 5, 5, 5, 5, 5, 5, 5, 5, 5, 5, 5, 5, 5, 5, 5.00046, 17.969, 5, 5, 5, 5, 5, 5, 5, 5, 5, 5, 5, 5, 5, 5, 5, 5, 5, 5, 5, 5, 5, 5, 5, 5, 5, 5, 5, 5, 5, 5, 5, 5, 5, 5, 5, 5, 5, 5, 5, 5, 

5, 5, 5, 5, 5, 5, 5, 5, 5, 5, 5, 5, 5, 5, 5, 5, 5, 5, 5.42911, 5, 5, 5, 5, 5, 5, 5, 5, 5, 5, 5, 5, 5, 5, 5, 5, 5, 5, 5, 5, 5, 5, 5, 5, 5, 5, 5, 5, 5, 5, 5, 5, 5, 5, 5, 5, 5, 5, 6.62888, 5, 7.32387, 5, 5, 5, 5, 5, 5, 5, 5, 5, 5, 5, 5, 5, 5, 5, 5, 5, 5, 5, 6.87249, 5, 5, 5, 5, 5, 5, 5, 5, 5, 5, 5, 5, 5, 5, 5, 5, 5, 5, 5, 5, 

5, 5, 5, 5, 5, 5, 5, 5, 5, 5, 5, 5, 5, 5, 5, 5, 5, 5, 5.04379, NaN, 5, 5, 5, 5, 5, 5, 5, 5, 5, 5, 5, 5, 5, 5, 5, 5, 5, 5, 5, 5, 5, 5, 5, 5, 5, 5, 5, 5, 5, 5, 5, 5, 5, 5, 5, 5, 5, 5, 5.04983, 5, 5, 5, 5, 5, 5, 5, 5, 5, 5, 5, 5, 5, 5, 5, 5, 5, 5, 5, 5.07443, 5, 5, 5, 5, 5, 5, 5, 5, 5, 5, 5, 5, 5, 5, 5, 5, 5, 5, 5, 5, 5, 

5, 5, 5, 5, 5, 5, 5, 5, 5, 5, 5, 5, 5, 5, 5, 5, 5, 5.00005, NaN, 5, 5, 5, 5, 5, 5, 5, 5, 5, 5, 5, 5, 5, 5, 5, 5, 5, 5, 5, 5, 5, 5, 5, 5, 5, 5, 5, 5, 5, 5, 5, 5, 5, 5, 5, 5, 5, 5, 5, 5, 5, 5, 5, 5, 5, 5, 5, 5, 5, 5, 5, 5, 5, 5, 5, 5, 5, 5, 5, 5, 5.00093, 5, 5, 5, 5, 5, 5, 5, 5, 5, 5, 5, 5, 5, 5, 5, 5, 5, 5, 5, 5, 

Best:
(7.32196e-09, -1, )

Fitness Evaluations:
12542
