Iterations: 30
Function Evaluations Limit: 150000
Population: 100

Prides Length: 4

Percent Nomads: 0.2
Percent Roaming: 0.8
Percent Sex: 0.2

Mating Rate: 0.6
Mutation Probability: 0.8
Immigration Rate: 0.2

Percent Group Influence: 0.8
Annealing On: true
Ranked Selection Pressure: 2
Near To Best Random Pressure: 2

Dimensions: 2
N-Dimension Space: -10:10

Fitness Iterations:
6.67648 (Initial Best)

37.6652, 43.948, 94.6888, 28.5907, 173.795, 94.6446, 108.444, 143.778, 97.7189, 120.885, 122.016, 172.911, 17.4014, 154.635, 95.161, 38.7018, 63.3727, 112.479, 92.9514, 55.7041, 43.1253, 138.641, 97.8305, 40.5178, 134.22, 109.192, 158.998, 42.5114, 93.0759, 102.515, 47.6646, 150.533, 84.3444, 167.884, 123.438, 83.0779, 20.163, 221.352, 69.2674, 65.3209, 41.8877, 38.1781, 149.206, 61.387, 49.2392, 64.91, 63.2639, 92.6241, 20.7888, 96.1111, 93.3554, 80.9051, 83.7105, 83.8383, 123.682, 146.9, 22.1065, 53.0128, 91.1368, 97.9103, 125.979, 78.8536, 53.0114, 80.4602, 129.168, 81.0289, 83.2174, 111.376, 89.2962, 123.127, 33.4722, 129.417, 35.6439, 113.247, 23.3573, 108.498, 49.9048, 75.4634, 171.485, 105.778, 91.4824, 88.4264, 65.9117, 194.098, 58.9048, 58.5709, 74.4853, 30.1125, 24.9327, 69.9879, 6.67648, 99.8379, 121.225, 114.212, 60.1904, 125.916, 100.124, 104.394, 77.5524, 100.063, 

3.15073, 4.51718, 5.5193, 6.49301, 6.65251, 6.8779, 7.05551, 7.83811, 8.56844, 9.03148, 9.35338, 11.7431, 12.3622, 16.8242, 17.592, 20.336, 38.1042, 82.6089, 15.5665, 5.33282, 2.67719, 3.07102, 3.75699, 4.17343, 5.26864, 5.84801, 5.96707, 8.89588, 9.97924, 10.033, 10.3451, 11.682, 12.9607, 13.3613, 16.4973, 15.6438, 20.163, 32.9391, 47.4512, 34.6625, 0.897582, 4.06237, 5.44323, 6.12746, 6.83628, 6.87995, 7.64232, 10.8328, 11.5375, 12.1419, 13.7352, 14.3765, 14.4283, 14.4757, 19.6553, 16.339, 37.4423, 71.0096, 79.6952, 38.312, 2.02224, 2.26528, 2.50121, 2.88199, 3.15279, 3.24654, 4.19117, 7.12869, 9.16094, 10.1893, 10.3313, 13.2552, 13.8212, 14.8883, 20.001, 21.6189, 22.7273, 45.6385, 19.6184, 23.6484, 21.598, 22.4728, 11.4427, 22.4052, 6.67648, 6.98362, 15.9528, 18.2293, 21.418, 22.1065, 22.637, 23.9426, 24.5246, 24.9327, 30.1125, 33.5143, 35.626, 35.7965, 36.7869, 36.9492, 

0.0483027, 0.812678, 1.05823, 1.15062, 1.4604, 2.1187, 3.09794, 3.15073, 3.23074, 3.47342, 3.48391, 3.65931, 4.51718, 5.5193, 5.79386, 1.67146, 4.47945, 5.33282, 28.4937, 8.93495, 1.02998, 1.05061, 1.29345, 1.44636, 1.9282, 2.08298, 2.41921, 2.67719, 2.68848, 3.75699, 4.17343, 5.26625, 5.84801, 5.96707, 6.68204, 7.36642, 9.26803, 20.1429, 20.163, 30.16, 0.0284818, 0.0693063, 0.627131, 0.743464, 0.897582, 0.977985, 1.29517, 1.35587, 2.78046, 2.89878, 3.21586, 4.06237, 5.44323, 5.73942, 6.01733, 6.12746, 8.11207, 24.0294, 69.6076, 24.19, 2.00695, 2.02224, 2.03157, 2.04862, 2.06772, 2.07539, 2.1369, 2.14416, 2.50121, 3.00905, 3.24654, 3.25983, 3.45986, 3.71451, 7.12869, 3.68762, 5.58159, 19.6184, 11.4947, 13.6585, 2.42346, 6.65251, 11.4427, 9.51441, 2.65248, 6.67648, 6.98362, 9.08055, 9.54257, 10.8163, 18.2293, 18.9091, 19.4459, 20.2456, 21.1084, 21.418, 22.1065, 22.1532, 22.637, 23.2315, 

0.00238863, 0.00696007, 0.0259511, 0.0268074, 0.0289649, 0.0483027, 0.0532486, 0.107615, 0.253362, 0.329107, 0.449974, 0.454031, 1.02157, 1.09941, 0.735279, 1.1814, 0.943871, 3.42965, 4.47945, 28.4937, 0.107121, 0.371891, 0.786077, 0.79482, 0.996784, 0.99964, 1.02506, 1.02998, 1.10546, 1.77525, 1.91219, 2.08298, 2.67719, 3.17538, 3.75699, 3.77103, 5.53955, 9.26803, 20.1429, 6.21518, 0.000128077, 0.000303076, 0.00151293, 0.00156147, 0.00264628, 0.00307046, 0.00324527, 0.00998266, 0.0120677, 0.0153943, 0.0229983, 0.0270931, 0.0284818, 0.0344693, 0.0590854, 0.248264, 5.54117, 24.0294, 35.4869, 36.8324, 1.94067, 1.9937, 1.99678, 1.99729, 1.99751, 2.0038, 2.00695, 2.02079, 2.02224, 2.02746, 2.03157, 2.06772, 2.08266, 2.10765, 2.42346, 3.23074, 2.22809, 2.76133, 11.4947, 4.80817, 1.9282, 2.51373, 3.68762, 3.68827, 1.46964, 2.28858, 2.65248, 5.58159, 5.93046, 6.67648, 6.98362, 9.08055, 9.54257, 10.8163, 14.7894, 17.8655, 18.2293, 18.9091, 19.4459, 20.2456, 

0.000138498, 0.00016602, 0.000602797, 0.000920957, 0.00204461, 0.00228606, 0.00238863, 0.00298907, 0.00327838, 0.00378089, 0.00472385, 0.00635579, 0.00686439, 0.0109814, 0.0268074, 0.188904, 0.943871, 1.98711, 4.47945, 6.99619, 0.00604681, 0.0175443, 0.0587957, 0.0690694, 0.0772975, 0.0823565, 0.104453, 0.107121, 0.283205, 0.33149, 0.332632, 0.371891, 0.392925, 0.996784, 1.10546, 1.63187, 5.53955, 20.1429, 1.91468, 22.1632, 1.94035e-06, 9.25589e-06, 3.17683e-05, 3.265e-05, 3.69255e-05, 6.18363e-05, 0.000113522, 0.000128077, 0.000303076, 0.000326458, 0.000397249, 0.000726759, 0.00088884, 0.00264628, 0.00397132, 0.00558549, 11.8338, 22.1327, 1.5749, 38.5716, 0.229241, 0.391682, 0.544659, 0.895546, 1.11358, 1.12909, 1.13786, 1.66138, 1.76586, 1.8818, 1.9282, 1.99729, 2.0038, 2.00695, 2.02079, 2.02746, 2.22809, 2.76133, 4.80817, 9.82234, 0.309672, 1.99678, 2.51373, 3.68368, 1.46964, 2.28858, 2.65248, 5.54117, 5.58159, 5.93046, 6.15077, 6.21518, 6.67648, 6.96233, 6.98362, 7.36909, 9.08055, 9.54257, 9.86085, 10.1497, 

1.35799e-05, 1.56511e-05, 2.93868e-05, 3.31696e-05, 3.98671e-05, 5.55211e-05, 6.76518e-05, 0.000126912, 0.000130732, 0.000138737, 0.00016602, 0.000516247, 0.000796381, 0.000920957, 0.00136267, 0.00298907, 0.166777, 0.622848, 4.47945, 0.0288393, 3.50989e-05, 5.1017e-05, 0.000223387, 0.000572236, 0.000828539, 0.000929353, 0.00175029, 0.00251233, 0.00282984, 0.00416274, 0.00477746, 0.00507666, 0.00604681, 0.00689252, 0.00692879, 0.0230995, 1.02067, 2.66902, 5.18817, 20.1429, 2.1744e-08, 2.38255e-08, 5.83236e-08, 6.39502e-08, 5.26984e-07, 5.34447e-07, 1.94035e-06, 5.14614e-06, 5.88524e-06, 9.21824e-06, 9.25589e-06, 1.17201e-05, 1.67557e-05, 2.76282e-05, 5.35892e-05, 0.00138962, 0.410298, 11.8338, 14.6007, 0.174042, 0.00273159, 0.00485331, 0.00529406, 0.00564814, 0.0144902, 0.0195051, 0.0213741, 0.0315601, 0.0518968, 0.0605993, 0.0821914, 0.0859721, 0.109606, 0.129407, 0.181986, 0.309672, 2.22809, 4.80817, 9.82234, 0.21158, 0.0786429, 0.145394, 0.583307, 0.629607, 0.670941, 0.943871, 1.0289, 1.46964, 2.28858, 2.65248, 3.75535, 4.86627, 5.54117, 5.58159, 5.93046, 6.15077, 6.21518, 6.67648, 6.96233, 6.98362, 

1.48423e-08, 2.84495e-08, 3.10569e-07, 5.46089e-07, 6.03191e-07, 1.57155e-06, 2.26312e-06, 3.07142e-06, 3.54987e-06, 4.1895e-06, 5.21261e-06, 6.30693e-06, 1.19697e-05, 1.56511e-05, 2.08733e-05, 9.63936e-05, 0.00083996, 0.622848, 18.1554, 0.000114808, 9.08294e-08, 2.63853e-07, 1.97582e-06, 2.39254e-06, 7.42479e-06, 1.08694e-05, 1.197e-05, 1.94546e-05, 2.33423e-05, 2.65389e-05, 4.04207e-05, 5.1017e-05, 6.83738e-05, 0.00012207, 0.000139992, 0.000572236, 0.162605, 5.18817, 0.00670278, 22.2641, 1.28485e-09, 1.25878e-08, 1.74072e-08, 2.1744e-08, 2.38255e-08, 5.83236e-08, 1.23881e-07, 2.29702e-07, 5.26984e-07, 6.34022e-07, 1.00836e-06, 2.40618e-06, 2.77723e-06, 9.21824e-06, 9.25589e-06, 5.35892e-05, 0.120519, 0.174042, 11.8338, 0.0126267, 9.12717e-05, 0.000120996, 0.000245157, 0.000246585, 0.000292987, 0.000431239, 0.000652062, 0.000718487, 0.000770224, 0.000782646, 0.000947083, 0.00111194, 0.00122001, 0.00214174, 0.0026046, 0.00285589, 0.0582335, 2.22809, 9.82234, 8.78669, 0.00133791, 0.0126885, 0.0394272, 0.0786429, 0.000566041, 0.395869, 0.670941, 0.943871, 1.0289, 1.46964, 2.28858, 2.65248, 2.66902, 3.53991, 3.75535, 4.47945, 4.80817, 4.86627, 5.35387, 5.54117, 

2.94773e-09, 4.28059e-09, 4.73254e-09, 1.10002e-08, 1.86335e-08, 2.8352e-08, 2.84495e-08, 1.0398e-07, 1.13354e-07, 1.83935e-07, 1.88756e-07, 2.34602e-07, 7.70268e-07, 8.30739e-07, 1.53672e-06, 1.57161e-06, 0.00083996, 0.622848, 4.19688e-06, 0.239947, 6.84884e-08, 9.08294e-08, 1.19611e-07, 1.77857e-07, 2.63853e-07, 2.96073e-07, 3.34638e-07, 3.58711e-07, 3.62605e-07, 5.48242e-07, 1.76999e-06, 2.39254e-06, 2.71001e-06, 7.65725e-06, 7.68098e-06, 5.95872e-05, 0.000209301, 0.00383819, 5.18817, 0.00166345, 1.17849e-09, 1.25295e-09, 1.28485e-09, 2.19381e-09, 2.36845e-09, 2.59258e-09, 5.3833e-09, 6.55336e-09, 7.35869e-09, 1.74072e-08, 2.1744e-08, 6.34609e-08, 3.763e-07, 4.28364e-07, 8.87976e-07, 1.23375e-06, 0.000340015, 0.00441204, 0.174042, 0.00139184, 1.19353e-06, 1.86517e-06, 2.02378e-06, 3.17566e-06, 5.38052e-06, 6.23763e-06, 6.78195e-06, 7.90952e-06, 8.62003e-06, 1.16549e-05, 1.51031e-05, 3.02748e-05, 3.05312e-05, 6.83738e-05, 0.000718487, 0.000446585, 0.00167971, 9.82234, 0.00783017, 37.3613, 4.46729e-06, 0.000374129, 0.000239917, 0.000758614, 5.76549e-06, 3.28761e-05, 7.30755e-05, 0.000216616, 0.000566041, 0.395869, 0.493545, 0.670941, 0.943871, 1.0289, 1.09871, 1.42767, 1.46964, 2.28858, 2.65248, 2.66902, 

6.53273e-11, 3.82553e-10, 5.64725e-10, 9.53552e-10, 9.87839e-10, 1.29441e-09, 1.88914e-09, 1.95189e-09, 2.90251e-09, 2.94773e-09, 4.94777e-09, 1.40397e-08, 2.32854e-08, 2.33876e-08, 4.44379e-08, 7.70885e-08, 0.00083996, 0.027609, 0.239947, 0.000215185, 8.91084e-09, 1.13805e-08, 1.37056e-08, 1.63124e-08, 1.69049e-08, 2.82099e-08, 2.93594e-08, 3.02523e-08, 3.46429e-08, 4.86145e-08, 5.46083e-08, 5.5828e-08, 6.84884e-08, 7.44878e-08, 8.74798e-08, 1.60185e-07, 4.83907e-06, 0.00279025, 5.18817, 21.509, 8.05453e-11, 1.05324e-10, 1.16154e-10, 2.66436e-10, 3.43888e-10, 4.34449e-10, 5.21871e-10, 5.85283e-10, 6.41984e-10, 1.38805e-09, 2.59258e-09, 4.1093e-09, 8.18826e-09, 1.74072e-08, 4.50773e-08, 1.84196e-07, 4.03639e-06, 5.25423e-05, 0.00108962, 2.31057e-07, 3.38811e-08, 1.17731e-07, 2.6116e-07, 2.87946e-07, 3.26163e-07, 3.33263e-07, 3.35706e-07, 3.5754e-07, 3.64654e-07, 8.17175e-07, 8.37108e-07, 8.63726e-07, 1.32509e-06, 2.93991e-06, 4.75485e-06, 1.44185e-06, 1.11657e-05, 6.33062, 13.1874, 2.76634e-05, 6.95197e-07, 1.04088e-06, 3.89403e-06, 4.46729e-06, 8.16199e-09, 5.30217e-08, 4.66106e-06, 5.76549e-06, 1.74081e-05, 3.28761e-05, 7.30755e-05, 0.000216616, 0.000374389, 0.000566041, 0.000860666, 0.174042, 0.395869, 0.493545, 0.670941, 0.943871, 

1.7053e-13, 5.25269e-12, 6.27942e-12, 1.09228e-11, 1.3145e-11, 1.39746e-11, 3.3932e-11, 4.46416e-11, 6.53273e-11, 9.61826e-11, 9.80478e-11, 1.11585e-10, 1.53722e-10, 1.61315e-10, 1.75817e-10, 2.78531e-10, 5.37268e-08, 1.99656e-05, 0.00148027, 1.53581e-08, 4.13483e-11, 2.05119e-10, 2.17559e-10, 3.12843e-10, 3.57835e-10, 1.33336e-09, 1.66897e-09, 2.25777e-09, 2.68788e-09, 4.23258e-09, 8.83377e-09, 8.91084e-09, 1.69049e-08, 4.86145e-08, 4.87361e-08, 5.5828e-08, 4.83907e-06, 4.59929, 0.000638023, 20.3612, 1.53655e-12, 3.61844e-12, 5.12479e-12, 8.30269e-12, 1.07399e-11, 1.71863e-11, 1.79359e-11, 3.55023e-11, 4.99512e-11, 7.88098e-11, 1.05324e-10, 1.12804e-10, 1.16154e-10, 2.58817e-10, 3.21037e-10, 3.92488e-10, 9.78227e-09, 7.22362e-07, 0.00108962, 1.31421e-06, 9.36637e-11, 1.73145e-10, 1.94241e-10, 2.29974e-10, 4.73111e-10, 6.23023e-10, 1.27574e-09, 1.47077e-09, 2.02979e-09, 3.6108e-09, 3.97269e-09, 4.32973e-09, 4.7552e-09, 8.66681e-09, 9.12555e-09, 3.82728e-08, 1.11657e-05, 6.01336, 6.68212, 36.2892, 2.69679e-09, 1.70855e-08, 5.67323e-08, 6.34613e-09, 1.11081e-09, 5.1821e-09, 5.23928e-09, 8.16199e-09, 4.0335e-08, 5.30217e-08, 1.71174e-07, 1.98773e-06, 4.66106e-06, 5.30278e-06, 5.76549e-06, 1.74081e-05, 2.66239e-05, 3.28761e-05, 6.42912e-05, 7.30755e-05, 

1.06581e-14, 3.73035e-14, 5.86198e-14, 7.28306e-14, 8.34888e-14, 1.01252e-13, 1.38556e-13, 1.7053e-13, 4.17444e-13, 9.04166e-13, 1.07114e-12, 1.09779e-12, 1.92557e-12, 7.58149e-12, 7.61702e-12, 1.0612e-11, 4.66191e-09, 0.00148027, 4.33625e-06, 2.28811e-10, 2.73737e-12, 7.42162e-12, 1.51257e-11, 3.44826e-11, 4.13483e-11, 6.26272e-11, 1.77598e-10, 2.17559e-10, 2.44306e-10, 3.57835e-10, 4.7619e-10, 4.8405e-10, 1.30414e-09, 1.38077e-09, 4.23258e-09, 6.34613e-09, 0.000638023, 4.59929, 11.8549, 3.66844, 3.55271e-15, 1.06581e-14, 1.77636e-14, 2.13163e-14, 4.9738e-14, 5.15143e-14, 2.54019e-13, 3.89022e-13, 4.81393e-13, 6.27054e-13, 1.44773e-12, 1.53655e-12, 2.87059e-12, 2.89901e-12, 3.61844e-12, 8.43769e-13, 5.59375e-12, 1.19279e-10, 7.22362e-07, 5.90283e-12, 6.11067e-13, 1.73728e-12, 2.20446e-12, 7.59925e-12, 9.03473e-11, 9.25393e-11, 9.36637e-11, 1.03908e-10, 1.10624e-10, 1.41782e-10, 1.59474e-10, 2.47976e-10, 2.97241e-10, 2.69679e-09, 8.66681e-09, 9.12555e-09, 1.04055, 6.68212, 1.36806, 2.8964, 1.39746e-11, 1.19542e-10, 4.32973e-09, 3.18972e-10, 2.01375e-10, 4.90555e-10, 1.11081e-09, 5.1821e-09, 5.23928e-09, 8.16199e-09, 4.0335e-08, 5.30217e-08, 1.35494e-07, 1.71174e-07, 1.98773e-06, 4.66106e-06, 4.83907e-06, 4.9191e-06, 5.30278e-06, 5.76549e-06, 

1.77636e-15, 1.77636e-15, 1.77636e-15, 1.77636e-15, 3.55271e-15, 3.55271e-15, 3.55271e-15, 3.55271e-15, 5.32907e-15, 7.10543e-15, 1.06581e-14, 1.06581e-14, 1.24345e-14, 7.63833e-14, 7.81597e-14, 4.60076e-13, 9.08074e-12, 3.76829e-10, 3.50475e-12, 3.47963e-08, 2.98428e-13, 5.27578e-13, 5.32907e-13, 6.82121e-13, 1.03739e-12, 2.73737e-12, 7.19069e-12, 7.42162e-12, 7.60636e-12, 9.49996e-12, 1.39746e-11, 9.83178e-11, 1.49129e-10, 2.44306e-10, 3.18972e-10, 5.24672e-09, 0.000638023, 0.0695704, 1.86234, 4.5929, 0, 0, 0, 0, 0, 1.77636e-15, 1.77636e-15, 3.55271e-15, 3.55271e-15, 3.55271e-15, 1.06581e-14, 1.06581e-14, 1.42109e-14, 1.59872e-14, 1.77636e-14, 3.19744e-14, 5.61329e-12, 7.22362e-07, 1.03029e-13, 1.93623e-12, 3.55271e-15, 1.59872e-14, 6.75016e-14, 7.63833e-14, 1.3145e-13, 1.86517e-13, 2.59348e-13, 8.9706e-13, 9.11271e-13, 1.55431e-12, 1.71774e-12, 2.07834e-12, 6.55831e-12, 9.4218e-12, 1.16227e-11, 1.90461e-11, 0.0121294, 0.143783, 6.68212, 0.00374713, 9.05942e-14, 1.28608e-12, 1.98721e-11, 2.84075e-11, 3.53495e-13, 2.89724e-12, 3.444e-11, 1.49363e-10, 2.01375e-10, 4.90555e-10, 1.11081e-09, 5.1821e-09, 5.23928e-09, 8.16199e-09, 4.0335e-08, 5.30217e-08, 1.35494e-07, 1.49199e-07, 1.71174e-07, 3.78764e-07, 
