Iterations: 50
Function Evaluations Limit: 150000
Population: 50

Prides Length: 4

Percent Nomads: 0.2
Percent Roaming: 0.2
Percent Sex: 0.8

Mating Rate: 0.3
Mutation Probability: 0.2
Immigration Rate: 0.4

Dimensions: 1
N-Dimension Space: -5:5

Fitness Iterations:
4.71587e-07
13.2129, 18.2344, 21.6472, 9.18859, 8.73461, 9.33995, 9.18237, 0.137504, 9.5491, 24.5925, 6.75836, 5.71792, 5.49294, 9.95793, 5.57187, 16.2423, 0.286147, 0.412708, 17.8178, 5.47507, 20.1103, 0.207208, 20.2338, 23.4574, 23.563, 0.052408, 11.6719, 6.49838, 4.71587e-07, 2.21069, 12.9823, 2.35489, 0.156951, 0.505104, 0.638391, 7.58007, 3.03227, 15.1611, 4.25709, 6.24308, 0.954604, 17.7175, 2.16065, 12.917, 22.6124, 14.9685, 5.83646, 0.99162, 0.00785479, 18.4869, 

0.00011355, 0.0460853, 1.18047, 8.73461, 9.5491, 24.5925, 7.64022, 0.137504, 3.80182, 0.412708, 0.840519, 1.46024, 5.49294, 9.95793, 16.2423, 0.286147, 0.900867, 0.0771748, 1.91614, 0.233509, 0.00274583, 0.462305, 23.4574, 11.1008, 4.71587e-07, 2.21069, 1.42917, 0.334934, 0.00886674, 0.415931, 0.10172, 1.14506, 0.156951, 0.0267103, 0.354468, 15.1611, 4.27567, 0.00785479, 0.536413, 0.505104, 2.16065, 2.13829, 0.207208, 0.99162, 0.954604, 0.85126, 2.10966, 2.35489, 4.25709, 5.57187, 

0.00011355, 0.00968109, 1.18047, 2.43583, 7.64022, 0.819348, 0.241593, 0.286147, 0.00886674, 2.15505, 0.00361019, 0.274804, 6.49111, 0.900867, 0.233509, 4.72944, 8.86484, 0.0305697, 0.00333082, 1.42917, 0.00274583, 0.035408, 11.6553, 0.0280503, 0.415931, 5.01063, 0.0542914, 0.0771748, 0.505104, 0.0267103, 0.10172, 0.0918248, 0.156951, 4.27567, 0.00785479, 9.83968e-05, 0.0442565, 0.354468, 1.14577, 4.71587e-07, 0.207208, 0.108379, 0.146172, 0.0936503, 0.0272866, 0.281495, 0.365935, 0.473374, 2.21069, 4.25709, 

0.00011355, 0.00968109, 0.197868, 0.286147, 0.00886674, 2.15505, 0.0150109, 0.122187, 4.71587e-07, 0.595347, 0.00361019, 0.000490294, 0.900867, 0.233509, 8.86484, 0.0305697, 0.00333082, 0.505104, 0.00733759, 0.0120737, 0.00274583, 0.00532731, 0.0280503, 0.028807, 0.0771748, 0.0267103, 0.457183, 0.415931, 0.354468, 0.0417847, 0.0177607, 0.0272866, 0.156951, 9.83968e-05, 0.0442565, 1.14577, 0.0206794, 0.00785479, 0.0549013, 0.253283, 0.108379, 0.146172, 0.0936503, 0.0713298, 0.0101164, 0.0297594, 0.168581, 0.0885765, 0.819348, 0.840104, 

0.0001005, 5.07813e-05, 0.00886674, 1.28898, 0.0150109, 0.595347, 20.6981, 0.00333082, 0.140425, 0.0280503, 0.00361019, 0.000285407, 0.900867, 0.00643287, 0.00227347, 0.505104, 0.00733759, 0.00785479, 0.00711036, 0.0206794, 0.000596985, 0.002688, 0.0771748, 0.0267103, 0.457183, 0.0417847, 0.972539, 0.0797377, 0.000572595, 4.71587e-07, 0.00476411, 0.0054514, 9.83968e-05, 0.0442565, 0.026931, 0.253283, 4.94201e-05, 0.122187, 0.0146086, 0.0120737, 0.0234826, 0.0101164, 0.0297594, 0.0640599, 0.00828456, 0.0283042, 0.00274583, 0.0272866, 0.197868, 0.286147, 

0.0001005, 5.07813e-05, 1.28898, 0.140425, 0.0280503, 3.20107, 1.19539, 0.00643287, 0.0442565, 0.00886674, 0.00361019, 0.000285407, 0.00227347, 0.505104, 0.00785479, 0.0206794, 3.63518, 0.0267103, 0.026931, 0.000572595, 0.000339786, 0.000264728, 0.457183, 0.0417847, 0.0797377, 4.71587e-07, 0.0556559, 0.0150109, 0.00733759, 9.83968e-05, 0.00476411, 0.0054514, 4.94201e-05, 0.0146086, 0.0120737, 3.27231, 2.26601, 0.00333082, 0.00831545, 0.00711036, 0.0234826, 0.0101164, 0.0297594, 0.0640599, 0.00828456, 0.0283042, 0.00274583, 0.0272866, 0.0771748, 0.122187, 

0.0001005, 5.07813e-05, 0.00538288, 0.0280503, 3.20107, 0.00643287, 0.0442565, 0.00886674, 0.00711036, 0.0797377, 0.000285407, 0.00104557, 0.00227347, 0.0206794, 0.000572595, 2.88916, 0.124639, 0.00175988, 0.00127287, 0.026931, 0.000339786, 0.000264728, 0.457183, 4.71587e-07, 0.00202056, 9.83968e-05, 0.640887, 0.0556559, 0.0267103, 0.0417847, 0.000553226, 0.00487068, 4.94201e-05, 0.0120737, 3.27231, 0.00333082, 0.178069, 0.0771748, 0.00785479, 0.0146086, 0.0234826, 0.0101164, 0.00828456, 0.0283042, 0.00274583, 0.0272866, 0.00476411, 0.00127342, 0.122187, 0.140425, 

0.0001005, 5.07813e-05, 0.00538288, 0.0280503, 0.00711036, 0.145302, 3.51444, 0.0120737, 4.71587e-07, 0.0556559, 0.000189325, 0.00104557, 0.0206794, 2.88916, 0.00127287, 0.026931, 0.0104944, 0.00886674, 4.94201e-05, 0.0267103, 0.000339786, 1.70657e-05, 0.457183, 0.00202056, 9.83968e-05, 0.0417847, 2.03524, 0.0442565, 0.000572595, 0.0536908, 3.09313e-05, 0.00127342, 0.00333082, 0.178069, 0.0771748, 6.56516e-05, 0.0146086, 0.000206096, 0.00227347, 0.00643287, 0.0234826, 0.0101164, 0.00828456, 0.00487068, 0.00476411, 0.00274583, 0.0191985, 0.00650625, 0.0797377, 0.120537, 

0.0001005, 5.07813e-05, 0.00538288, 0.145302, 3.51444, 0.0120737, 0.00185065, 3.10775e-07, 0.00711036, 0.0146086, 0.000189325, 0.000339786, 2.88916, 0.00127287, 0.00886674, 4.94201e-05, 1.57535, 0.000572595, 0.000527985, 4.71587e-07, 1.70657e-05, 4.88822e-06, 0.00202056, 9.83968e-05, 2.03524, 0.0536908, 1.67021, 0.000307004, 0.00227347, 0.0206794, 3.09313e-05, 0.000177837, 0.00333082, 0.0771748, 6.56516e-05, 0.00643287, 0.0002793, 0.026931, 0.0104944, 0.000206096, 0.00487068, 0.00476411, 0.00274583, 0.00650625, 0.00248794, 0.00206789, 0.00104557, 0.00127342, 0.0280503, 0.0356102, 

0.0001005, 5.07813e-05, 0.00538288, 0.00185065, 0.00711036, 0.0314995, 0.0026789, 0.00227347, 0.0146086, 0.00333082, 3.99304e-06, 0.000339786, 0.00127287, 0.00886674, 4.94201e-05, 0.000572595, 0.000527985, 5.88117e-05, 0.0120737, 0.0280503, 1.70657e-05, 4.88822e-06, 0.00202056, 9.83968e-05, 2.03524, 0.000307004, 0.0206794, 0.000206096, 0.0536908, 3.10775e-07, 3.09313e-05, 0.000107575, 0.0002793, 0.026931, 0.0104944, 0.00368555, 3.71804, 4.71587e-07, 0.00643287, 0.0356102, 0.00476411, 0.00274583, 0.00248794, 0.00206789, 0.00104557, 0.00127342, 0.00425736, 0.00056601, 0.0771748, 0.145302, 

0.0001005, 5.07813e-05, 0.00538288, 0.00185065, 0.00711036, 0.0314995, 0.00227347, 0.000288029, 4.94201e-05, 0.00368555, 3.99304e-06, 8.44605e-05, 0.00886674, 0.000572595, 5.88117e-05, 0.0120737, 0.0280503, 6.95023e-05, 0.000206096, 0.00074376, 1.70657e-05, 4.88822e-06, 0.00202056, 2.03524, 0.000307004, 3.10775e-07, 0.806682, 0.00127287, 9.83968e-05, 0.000527985, 9.25949e-06, 3.69483e-06, 0.0104944, 3.71804, 4.71587e-07, 0.0356102, 3.26695e-06, 0.0026789, 0.0002793, 0.00333082, 0.00206789, 0.00104557, 0.00127342, 0.00056601, 0.000664205, 0.000339786, 0.000202323, 3.09313e-05, 0.00643287, 0.0146086, 

3.09313e-05, 5.07813e-05, 0.00538288, 0.00711036, 0.000288029, 4.94201e-05, 0.00368555, 0.000527985, 0.000307004, 9.83968e-05, 3.99304e-06, 8.44605e-05, 0.00886674, 0.000572595, 0.0280503, 0.00074376, 0.132941, 7.17918e-05, 0.00185065, 0.00227347, 3.31913e-07, 4.88822e-06, 0.00202056, 0.0143708, 3.10775e-07, 0.806682, 0.00127287, 3.26695e-06, 5.88117e-05, 0.000118355, 3.95551e-06, 3.69483e-06, 3.71804, 0.0356102, 0.0026789, 0.0002793, 0.776764, 4.71587e-07, 6.95023e-05, 0.00333082, 0.00104557, 0.00127342, 0.00056601, 0.000664205, 0.000339786, 0.000202323, 0.0001005, 0.000505129, 0.00643287, 0.0104944, 

3.09313e-05, 5.07813e-05, 0.00538288, 0.000288029, 0.00368555, 0.000527985, 0.027579, 0.000572595, 0.00643287, 3.26695e-06, 6.97113e-07, 8.44605e-05, 0.00886674, 0.00074376, 7.17918e-05, 0.00185065, 0.00227347, 3.10775e-07, 6.95023e-05, 0.00333082, 2.90772e-07, 3.95608e-07, 0.00202056, 0.0143708, 0.00127287, 0.000118355, 3.7894e-07, 0.000307004, 0.0002793, 9.83968e-05, 3.95551e-06, 3.69483e-06, 0.0615744, 0.0026789, 0.776764, 4.71587e-07, 4.53007e-06, 5.88117e-05, 4.94201e-05, 4.83368e-06, 0.00104557, 0.00056601, 0.000664205, 0.000339786, 0.000202323, 0.0001005, 0.000505129, 3.99304e-06, 0.00711036, 0.00829037, 

3.99304e-06, 5.07813e-05, 0.00538288, 0.000527985, 0.00643287, 0.824345, 1.61868, 3.26695e-06, 0.000288029, 4.94201e-05, 6.97113e-07, 4.27435e-06, 0.00886674, 0.0010692, 3.10775e-07, 0.00333082, 0.217252, 9.83968e-05, 2.1029e-07, 5.88117e-05, 2.90772e-07, 3.95608e-07, 0.00202056, 0.0143708, 0.0002793, 0.0367312, 0.0356796, 3.7894e-07, 0.000118355, 6.95023e-05, 3.61871e-06, 4.02476e-07, 0.0615744, 0.0026789, 0.776764, 4.53007e-06, 0.862808, 7.17918e-05, 4.71587e-07, 1.22683e-05, 0.00056601, 0.000664205, 0.000339786, 0.000202323, 0.0001005, 0.000505129, 3.09313e-05, 8.44605e-05, 0.000307004, 0.000572595, 

3.99304e-06, 7.29942e-06, 0.824345, 3.26695e-06, 0.000288029, 0.372612, 8.04353e-06, 0.000572595, 4.94201e-05, 3.7894e-07, 6.97113e-07, 4.27435e-06, 0.00147001, 0.0010692, 3.10775e-07, 0.217252, 9.83968e-05, 8.10135e-06, 0.000118355, 0.000527985, 2.90772e-07, 3.95608e-07, 0.00202056, 0.0002793, 0.000324449, 0.0356796, 0.0186191, 5.88117e-05, 0.000307004, 6.95023e-05, 3.61871e-06, 4.02476e-07, 0.0615744, 0.776764, 4.53007e-06, 4.71587e-07, 2.35899, 2.1029e-07, 0.0026789, 7.17918e-05, 0.00056601, 0.000339786, 0.000202323, 0.0001005, 0.000505129, 3.09313e-05, 8.44605e-05, 1.39158e-05, 0.00333082, 0.00394971, 

3.99304e-06, 3.38246e-06, 3.26695e-06, 0.372612, 8.04353e-06, 3.7894e-07, 4.62122e-06, 0.0002793, 0.000212029, 0.000572595, 6.97113e-07, 4.27435e-06, 0.0010692, 9.83968e-05, 8.10135e-06, 0.000118355, 0.000527985, 2.1029e-07, 3.10775e-07, 0.000307004, 2.90772e-07, 3.95608e-07, 0.00202056, 0.0356796, 5.88117e-05, 0.149432, 0.719308, 0.000324449, 4.94201e-05, 4.71587e-07, 3.94347e-08, 4.02476e-07, 4.53007e-06, 0.0026789, 7.17918e-05, 0.81998, 0.999384, 0.000288029, 6.95023e-05, 0.00147001, 0.000339786, 0.000202323, 0.0001005, 0.000505129, 3.09313e-05, 8.44605e-05, 1.39158e-05, 7.93414e-05, 0.00333082, 0.00394971, 

3.24643e-06, 3.2931e-06, 3.26695e-06, 8.04353e-06, 3.7894e-07, 4.62122e-06, 0.740052, 0.000572595, 0.000288029, 4.94201e-05, 6.81188e-07, 3.38246e-06, 8.10135e-06, 0.000118355, 0.000527985, 5.43864, 0.134044, 3.10775e-07, 7.17918e-05, 9.83968e-05, 2.90772e-07, 3.95608e-07, 0.00202056, 5.88117e-05, 0.149432, 0.719308, 4.40201e-07, 0.0002793, 0.000307004, 0.000212029, 1.30188e-08, 4.02476e-07, 4.53007e-06, 0.81998, 0.999384, 6.95023e-05, 10.3671, 0.000324449, 2.1029e-07, 3.28786e-06, 0.000339786, 0.000202323, 0.0001005, 3.09313e-05, 8.44605e-05, 1.39158e-05, 7.93414e-05, 4.27435e-06, 0.0010692, 0.00147001, 

1.66557e-07, 3.82726e-07, 3.26695e-06, 8.04353e-06, 0.740052, 0.000572595, 0.000288029, 8.10135e-06, 0.000527985, 3.28786e-06, 6.81188e-07, 3.38246e-06, 0.000118355, 0.134044, 7.17918e-05, 9.83968e-05, 0.537668, 4.62122e-06, 4.67204e-05, 6.95023e-05, 2.90772e-07, 2.57531e-07, 5.88117e-05, 0.719308, 2.17302e-07, 0.0002793, 2.47918e-07, 0.000212029, 3.10775e-07, 0.000324449, 1.30188e-08, 2.69019e-07, 4.53007e-06, 0.506589, 2.1029e-07, 0.243099, 2.22709, 0.000307004, 3.7894e-07, 4.94201e-05, 0.0001005, 3.09313e-05, 8.44605e-05, 1.39158e-05, 7.93414e-05, 4.27435e-06, 1.95057e-05, 3.2931e-06, 0.0010692, 0.00147001, 

1.66557e-07, 3.82726e-07, 3.26695e-06, 0.000288029, 3.28786e-06, 0.429525, 1.77874, 2.1029e-07, 8.10135e-06, 0.000324449, 6.81188e-07, 3.2931e-06, 0.000118355, 4.62122e-06, 4.67204e-05, 6.95023e-05, 1.22135, 8.04353e-06, 4.53007e-06, 2.47918e-07, 2.90772e-07, 2.57531e-07, 5.88117e-05, 2.17302e-07, 0.000212029, 3.10775e-07, 1.58307, 0.0002793, 4.94201e-05, 9.83968e-05, 1.30188e-08, 2.69019e-07, 0.506589, 0.243099, 2.22709, 0.000307004, 3.7894e-07, 0.000527985, 7.17918e-05, 7.03725e-05, 3.09313e-05, 8.44605e-05, 1.39158e-05, 7.93414e-05, 4.27435e-06, 1.95057e-05, 3.38246e-06, 9.31492e-05, 0.000572595, 0.0010692, 

1.66557e-07, 3.82726e-07, 3.26695e-06, 0.000288029, 3.28786e-06, 8.10135e-06, 0.298442, 7.17918e-05, 3.10775e-07, 5.88117e-05, 6.11167e-07, 3.2931e-06, 0.000118355, 6.95023e-05, 8.04353e-06, 4.53007e-06, 0.324603, 4.62122e-06, 0.000307004, 1.94568e-07, 2.90772e-07, 2.57531e-07, 0.000212029, 1.58307, 0.0002793, 9.83968e-05, 0.11272, 2.17302e-07, 2.1029e-07, 4.94201e-05, 1.30188e-08, 2.69019e-07, 0.506589, 0.243099, 2.22709, 3.7894e-07, 3.52971, 4.67204e-05, 2.47918e-07, 7.03725e-05, 3.09313e-05, 8.44605e-05, 1.39158e-05, 7.93414e-05, 4.27435e-06, 1.95057e-05, 3.38246e-06, 9.31492e-05, 0.000324449, 0.000527985, 

1.66557e-07, 2.87116e-07, 3.28786e-06, 0.298442, 7.17918e-05, 3.10775e-07, 5.88117e-05, 0.0002793, 4.67204e-05, 4.62122e-06, 6.11167e-07, 2.65297e-06, 0.000118355, 4.53007e-06, 1.94568e-07, 0.700646, 1.33779, 7.03725e-05, 3.75928e-05, 3.26695e-06, 2.10331e-07, 2.57531e-07, 0.000212029, 9.83968e-05, 0.000124658, 2.17302e-07, 4.94201e-05, 8.10135e-06, 2.86248e-07, 8.04353e-06, 1.30188e-08, 2.60205e-07, 0.506589, 0.243099, 0.576763, 3.7894e-07, 4.45335, 2.47918e-07, 2.1029e-07, 6.95023e-05, 3.09313e-05, 1.39158e-05, 7.93414e-05, 4.27435e-06, 1.95057e-05, 3.38246e-06, 3.82726e-07, 3.0435e-05, 0.000288029, 0.000307004, 

1.66557e-07, 2.87116e-07, 3.10775e-07, 5.88117e-05, 0.0002793, 4.67204e-05, 4.62122e-06, 3.75928e-05, 8.10135e-06, 0.000288029, 3.82726e-07, 4.37553e-07, 4.53007e-06, 1.94568e-07, 0.000147348, 7.03725e-05, 3.26695e-06, 3.7894e-07, 2.1029e-07, 6.95023e-05, 2.10331e-07, 2.57531e-07, 9.83968e-05, 0.000124658, 2.17302e-07, 2.86248e-07, 8.04353e-06, 7.17918e-05, 3.28786e-06, 4.94201e-05, 1.30188e-08, 2.60205e-07, 0.190856, 0.353967, 2.47918e-07, 0.00844555, 0.710879, 4.61963e-05, 0.000118355, 0.000212029, 3.09313e-05, 1.39158e-05, 4.27435e-06, 1.95057e-05, 3.38246e-06, 6.11167e-07, 3.0435e-05, 2.91821e-05, 0.000307004, 0.15708, 

1.66557e-07, 2.12481e-07, 5.88117e-05, 0.0002793, 4.67204e-05, 8.10135e-06, 0.000288029, 2.29152e-07, 3.7894e-07, 4.62122e-06, 3.82726e-07, 4.37553e-07, 4.53007e-06, 0.000147348, 7.03725e-05, 2.1029e-07, 0.25273, 6.95023e-05, 4.94201e-05, 1.94568e-07, 2.10331e-07, 2.03186e-07, 0.000124658, 2.17302e-07, 8.04353e-06, 7.17918e-05, 2.23192e-07, 1.77994e-05, 3.75928e-05, 3.10775e-07, 1.30188e-08, 1.58019e-07, 0.190856, 0.00844555, 0.710879, 4.61963e-05, 0.000212029, 2.47918e-07, 3.26695e-06, 3.28786e-06, 1.39158e-05, 4.27435e-06, 1.95057e-05, 3.38246e-06, 6.11167e-07, 2.91821e-05, 9.53741e-06, 2.87116e-07, 9.83968e-05, 0.000118355, 

1.66557e-07, 2.12481e-07, 5.88117e-05, 8.10135e-06, 0.000288029, 0.68185, 1.29094e-05, 1.94568e-07, 4.53007e-06, 3.7894e-07, 3.82726e-07, 8.50127e-09, 7.03725e-05, 2.1029e-07, 6.95023e-05, 4.94201e-05, 6.49608, 2.17302e-07, 4.62122e-06, 2.47918e-07, 2.10331e-07, 2.03186e-07, 0.000124658, 1.77994e-05, 3.10775e-07, 0.0426063, 0.595912, 4.67204e-05, 2.29152e-07, 3.28786e-06, 1.30188e-08, 1.58019e-07, 0.190856, 4.61963e-05, 0.000212029, 3.26695e-06, 0.0798687, 2.23192e-07, 3.75928e-05, 8.04353e-06, 1.39158e-05, 4.27435e-06, 1.95057e-05, 3.38246e-06, 6.11167e-07, 9.53741e-06, 2.87116e-07, 1.35189e-05, 7.17918e-05, 9.83968e-05, 

1.66557e-07, 2.12481e-07, 1.29094e-05, 4.53007e-06, 3.7894e-07, 1.39531, 1.07442e-06, 2.17302e-07, 1.62322e-07, 5.88117e-05, 1.31963e-09, 1.78513e-07, 2.1029e-07, 6.95023e-05, 6.49608, 2.47918e-07, 1.35425, 8.10135e-06, 3.28786e-06, 4.62122e-06, 2.10331e-07, 2.03186e-07, 0.000124658, 1.77994e-05, 0.595912, 4.67204e-05, 2.29152e-07, 1.79913e-05, 4.94201e-05, 3.10775e-07, 1.30188e-08, 1.58019e-07, 4.61963e-05, 3.26695e-06, 2.23192e-07, 8.04353e-06, 0.318424, 1.94568e-07, 3.75928e-05, 7.03725e-05, 4.27435e-06, 3.38246e-06, 6.11167e-07, 9.53741e-06, 2.87116e-07, 1.35189e-05, 2.24991e-06, 3.82726e-07, 7.17918e-05, 9.83968e-05, 

1.66557e-07, 2.12481e-07, 1.29094e-05, 4.53007e-06, 1.07442e-06, 1.62322e-07, 1.03979, 1.65859e-05, 2.47918e-07, 1.94568e-07, 1.31963e-09, 1.78513e-07, 6.95023e-05, 1.35425, 8.10135e-06, 3.28786e-06, 0.0239914, 3.7894e-07, 3.26695e-06, 4.61963e-05, 2.10331e-07, 2.03186e-07, 0.595912, 2.29152e-07, 4.94201e-05, 3.10775e-07, 0.159742, 2.17302e-07, 1.77994e-05, 8.04353e-06, 1.30188e-08, 1.58019e-07, 2.23192e-07, 0.318424, 3.75928e-05, 7.03725e-05, 0.293119, 1.79913e-05, 2.1029e-07, 4.62122e-06, 4.27435e-06, 3.38246e-06, 6.11167e-07, 9.53741e-06, 2.87116e-07, 2.24991e-06, 3.82726e-07, 9.99672e-06, 4.67204e-05, 5.88117e-05, 

1.66557e-07, 2.12481e-07, 1.29094e-05, 1.07442e-06, 1.62322e-07, 1.03979, 0.372762, 1.65859e-05, 2.17302e-07, 2.29152e-07, 1.31963e-09, 1.78513e-07, 6.95023e-05, 8.10135e-06, 3.28786e-06, 0.0543242, 0.00614157, 3.7894e-07, 2.47918e-07, 4.61963e-05, 2.10331e-07, 2.03186e-07, 4.94201e-05, 3.10775e-07, 0.159742, 1.77994e-05, 2.10676e-07, 8.04353e-06, 2.23192e-07, 3.26695e-06, 1.30188e-08, 1.58019e-07, 0.318424, 3.75928e-05, 1.79913e-05, 4.62122e-06, 5.52463, 2.1029e-07, 1.94568e-07, 4.53007e-06, 4.27435e-06, 3.38246e-06, 6.11167e-07, 9.53741e-06, 2.87116e-07, 2.24991e-06, 3.82726e-07, 2.13307e-07, 4.67204e-05, 5.88117e-05, 

1.66557e-07, 1.78513e-07, 1.29094e-05, 1.62322e-07, 0.139215, 2.17302e-07, 0.0815861, 1.07442e-06, 1.65859e-05, 3.28786e-06, 1.31963e-09, 4.6216e-09, 8.10135e-06, 0.0543242, 5.03235e-08, 0.0158394, 5.33935e-09, 2.29152e-07, 3.7894e-07, 4.62122e-06, 2.10331e-07, 2.03186e-07, 4.94201e-05, 0.159742, 1.77994e-05, 2.10676e-07, 0.693519, 8.04353e-06, 3.26695e-06, 2.1029e-07, 1.30188e-08, 1.58019e-07, 0.318424, 5.52463, 4.53007e-06, 3.21921, 0.965094, 2.23192e-07, 1.94568e-07, 3.10775e-07, 4.27435e-06, 3.38246e-06, 6.11167e-07, 2.87116e-07, 2.24991e-06, 3.82726e-07, 2.13307e-07, 2.12481e-07, 1.79913e-05, 3.75928e-05, 

1.66557e-07, 1.78513e-07, 0.0815861, 1.07442e-06, 3.28786e-06, 1.55909, 0.555511, 1.65859e-05, 8.04353e-06, 5.03235e-08, 1.31963e-09, 2.06556e-09, 8.10135e-06, 0.0158394, 5.33935e-09, 3.7894e-07, 4.62122e-06, 1.94568e-07, 1.29094e-05, 1.79913e-05, 2.10331e-07, 2.03186e-07, 4.94201e-05, 0.159742, 1.77994e-05, 2.10676e-07, 2.1029e-07, 3.75928e-05, 4.53007e-06, 2.17302e-07, 1.30188e-08, 1.58019e-07, 0.318424, 2.59347, 0.965094, 2.23192e-07, 3.10775e-07, 3.26695e-06, 1.62322e-07, 2.29152e-07, 4.27435e-06, 3.38246e-06, 6.11167e-07, 2.87116e-07, 2.24991e-06, 3.82726e-07, 2.13307e-07, 2.12481e-07, 0.0543242, 0.0562523, 

1.07507e-07, 1.78513e-07, 3.28786e-06, 1.55909, 0.555511, 1.65859e-05, 8.04353e-06, 2.10676e-07, 3.7894e-07, 2.17302e-07, 1.31963e-09, 2.06556e-09, 4.62122e-06, 1.94568e-07, 1.29094e-05, 1.79913e-05, 1.42112, 1.07442e-06, 5.33935e-09, 2.1029e-07, 2.10331e-07, 2.03186e-07, 4.94201e-05, 0.159742, 1.14761e-05, 0.194029, 0.0352393, 3.10775e-07, 5.03235e-08, 8.36702e-08, 1.30188e-08, 1.58019e-07, 0.318424, 2.23192e-07, 1.62322e-07, 2.29152e-07, 10.1936, 3.26695e-06, 8.01666e-08, 4.53007e-06, 3.38246e-06, 6.11167e-07, 2.87116e-07, 2.24991e-06, 3.82726e-07, 2.13307e-07, 2.12481e-07, 1.66557e-07, 8.10135e-06, 1.77994e-05, 

1.07507e-07, 1.78513e-07, 0.555511, 8.04353e-06, 2.10676e-07, 3.7894e-07, 0.10521, 2.17302e-07, 3.28786e-06, 3.26695e-06, 1.31963e-09, 2.06556e-09, 1.94568e-07, 1.79913e-05, 1.42112, 5.33935e-09, 0.0170446, 4.53007e-06, 8.10135e-06, 1.07148e-09, 1.66557e-07, 5.07298e-08, 0.159742, 0.194029, 0.0352393, 5.03235e-08, 0.248898, 3.10775e-07, 1.07442e-06, 4.62122e-06, 1.30188e-08, 1.76305e-09, 2.23192e-07, 1.62322e-07, 2.29152e-07, 8.01666e-08, 3.85391, 8.36702e-08, 2.1029e-07, 1.14761e-05, 3.38246e-06, 6.11167e-07, 2.87116e-07, 2.24991e-06, 3.82726e-07, 2.13307e-07, 2.12481e-07, 2.0289e-07, 1.29094e-05, 1.65859e-05, 

2.753e-08, 1.78513e-07, 0.555511, 2.10676e-07, 3.7894e-07, 0.10521, 3.26695e-06, 5.03235e-08, 8.04353e-06, 8.10135e-06, 1.31963e-09, 2.06556e-09, 5.33935e-09, 0.0170446, 4.53007e-06, 2.62138, 4.09929, 3.28786e-06, 1.94568e-07, 1.62322e-07, 1.66557e-07, 5.07298e-08, 0.194029, 3.10775e-07, 1.07442e-06, 4.62122e-06, 10.4177, 1.14761e-05, 1.65859e-05, 1.07148e-09, 1.30188e-08, 1.76305e-09, 2.23192e-07, 2.29152e-07, 8.01666e-08, 8.36702e-08, 7.33262e-08, 1.29094e-05, 2.1029e-07, 2.17302e-07, 6.11167e-07, 2.87116e-07, 2.24991e-06, 3.82726e-07, 2.13307e-07, 2.12481e-07, 2.0289e-07, 1.07507e-07, 1.79913e-05, 0.0156384, 

2.753e-08, 1.78513e-07, 2.10676e-07, 3.7894e-07, 3.26695e-06, 5.03235e-08, 8.04353e-06, 2.11155e-06, 8.10135e-06, 8.01666e-08, 1.31963e-09, 2.06556e-09, 3.28786e-06, 1.94568e-07, 1.62322e-07, 2.7235, 4.24244, 2.17302e-07, 3.10775e-07, 1.14761e-05, 3.33903e-08, 5.07298e-08, 0.194029, 1.07442e-06, 0.8701, 1.65859e-05, 7.8026, 4.62122e-06, 2.10183e-08, 4.53007e-06, 1.30188e-08, 1.76305e-09, 2.23192e-07, 2.29152e-07, 8.36702e-08, 1.29094e-05, 2.1029e-07, 5.33935e-09, 1.79913e-05, 1.07148e-09, 6.11167e-07, 2.87116e-07, 2.24991e-06, 3.82726e-07, 2.13307e-07, 2.12481e-07, 2.0289e-07, 1.07507e-07, 0.0156384, 0.0170446, 

2.753e-08, 1.78513e-07, 2.10676e-07, 3.26695e-06, 5.03235e-08, 2.38671e-09, 0.053, 2.10183e-08, 2.11155e-06, 2.23192e-07, 1.31963e-09, 2.06556e-09, 2.7235, 4.24244, 1.14761e-05, 0.000587795, 14.9921, 1.62322e-07, 8.36702e-08, 1.94568e-07, 9.47005e-09, 5.07298e-08, 1.07442e-06, 1.65859e-05, 4.62122e-06, 4.53007e-06, 4.91076, 8.01666e-08, 3.7894e-07, 3.28786e-06, 1.76305e-09, 1.82629e-10, 2.29152e-07, 2.1029e-07, 1.79913e-05, 1.07148e-09, 0.00224249, 2.17302e-07, 3.10775e-07, 7.86792e-10, 6.11167e-07, 2.87116e-07, 3.82726e-07, 2.13307e-07, 2.12481e-07, 2.0289e-07, 1.07507e-07, 3.33903e-08, 8.10135e-06, 1.29094e-05, 

2.753e-08, 3.33903e-08, 2.10676e-07, 2.38671e-09, 2.11155e-06, 0.107161, 23.1064, 3.26695e-06, 2.23192e-07, 8.36702e-08, 1.31963e-09, 2.06556e-09, 2.7235, 0.000587795, 7.99627, 1.62322e-07, 2.01951, 2.10183e-08, 3.28786e-06, 2.1029e-07, 9.47005e-09, 5.07298e-08, 1.65859e-05, 4.62122e-06, 4.91076, 8.01666e-08, 16.8738, 1.94568e-07, 3.7894e-07, 4.53007e-06, 1.76305e-09, 1.82629e-10, 2.29152e-07, 1.79913e-05, 1.07148e-09, 2.17302e-07, 3.10775e-07, 5.03235e-08, 1.07442e-06, 7.86792e-10, 6.11167e-07, 2.87116e-07, 3.82726e-07, 2.13307e-07, 2.12481e-07, 2.0289e-07, 1.78513e-07, 1.07507e-07, 8.10135e-06, 1.14761e-05, 

2.753e-08, 3.33903e-08, 2.11155e-06, 0.107161, 3.26695e-06, 2.23192e-07, 7.97137e-07, 1.62322e-07, 2.10676e-07, 8.36702e-08, 1.31963e-09, 4.7782e-10, 1.22542, 0.000587795, 2.01951, 2.1029e-07, 2.63544, 2.10183e-08, 2.38671e-09, 3.62786e-08, 9.47005e-09, 5.07298e-08, 4.62122e-06, 4.91076, 8.01666e-08, 2.71592, 5.50089, 5.03235e-08, 1.94568e-07, 1.07442e-06, 1.76305e-09, 1.82629e-10, 1.07148e-09, 3.10775e-07, 7.86792e-10, 0.00805682, 0.487439, 2.17302e-07, 3.28786e-06, 3.7894e-07, 2.87116e-07, 3.82726e-07, 2.13307e-07, 2.12481e-07, 2.0289e-07, 1.78513e-07, 1.07507e-07, 5.27388e-07, 4.53007e-06, 8.10135e-06, 

2.753e-08, 3.33903e-08, 2.11155e-06, 7.97137e-07, 2.10676e-07, 8.36702e-08, 13.0353, 8.01666e-08, 4.53007e-06, 8.10135e-06, 1.31963e-09, 4.7782e-10, 1.22542, 2.1029e-07, 3.62786e-08, 0.233911, 6.37514, 1.62322e-07, 5.24132e-08, 2.38671e-09, 9.47005e-09, 5.07298e-08, 0.791341, 2.71592, 5.03235e-08, 1.94568e-07, 1.07442e-06, 4.62122e-06, 3.26695e-06, 2.10183e-08, 1.76305e-09, 1.82629e-10, 3.10775e-07, 7.86792e-10, 3.28786e-06, 3.7894e-07, 0.403651, 2.17302e-07, 2.23192e-07, 1.07148e-09, 2.87116e-07, 3.82726e-07, 2.13307e-07, 2.12481e-07, 2.0289e-07, 1.78513e-07, 1.07507e-07, 5.50582e-08, 0.000144477, 0.000587795, 

2.753e-08, 3.22927e-08, 2.10676e-07, 8.36702e-08, 13.0353, 4.53007e-06, 0.0838675, 7.86792e-10, 1.07148e-09, 6.20613e-08, 1.31963e-09, 4.7782e-10, 3.62786e-08, 0.233911, 6.37514, 5.24132e-08, 2.38671e-09, 2.23192e-07, 1.62322e-07, 3.10775e-07, 9.47005e-09, 3.21044e-08, 0.139342, 5.03235e-08, 1.94568e-07, 1.07442e-06, 0.685041, 4.82376e-08, 2.11155e-06, 2.10183e-08, 1.76305e-09, 1.32678e-10, 3.28786e-06, 3.7894e-07, 0.403651, 2.17302e-07, 0.181083, 2.1029e-07, 7.97137e-07, 8.01666e-08, 2.13307e-07, 2.12481e-07, 2.0289e-07, 1.78513e-07, 1.07507e-07, 5.50582e-08, 5.58463e-08, 4.69533e-08, 3.26695e-06, 4.62122e-06, 

2.753e-08, 3.22927e-08, 2.10676e-07, 4.53007e-06, 0.0838675, 7.86792e-10, 1.07148e-09, 8.36702e-08, 3.10775e-07, 8.01666e-08, 1.31963e-09, 4.7782e-10, 3.62786e-08, 0.233911, 5.24132e-08, 2.38671e-09, 15.7775, 6.20613e-08, 1.07442e-06, 4.82376e-08, 9.47005e-09, 2.73378e-08, 0.139342, 5.03235e-08, 1.94568e-07, 0.30199, 0.192636, 2.23192e-07, 2.10183e-08, 7.97137e-07, 1.76305e-09, 1.32678e-10, 0.403651, 2.17302e-07, 0.181083, 2.1029e-07, 0.00907362, 2.11155e-06, 1.62322e-07, 3.7894e-07, 2.13307e-07, 2.12481e-07, 2.0289e-07, 1.78513e-07, 1.07507e-07, 5.50582e-08, 5.58463e-08, 4.69533e-08, 3.26695e-06, 3.28786e-06, 

2.753e-08, 2.61848e-08, 2.10676e-07, 1.07148e-09, 3.10775e-07, 8.01666e-08, 4.32475, 3.28786e-06, 4.82376e-08, 2.1029e-07, 1.31963e-09, 4.7782e-10, 5.24132e-08, 2.38671e-09, 3.11657, 6.20613e-08, 4.95609, 7.97137e-07, 2.11155e-06, 3.26695e-06, 9.47005e-09, 2.73378e-08, 5.03235e-08, 0.30199, 2.23192e-07, 2.10183e-08, 0.193098, 7.86792e-10, 3.62786e-08, 1.07442e-06, 1.76305e-09, 1.32678e-10, 0.00907362, 1.62322e-07, 3.7894e-07, 3.39285, 0.0165828, 8.36702e-08, 1.94568e-07, 2.17302e-07, 2.13307e-07, 2.12481e-07, 2.0289e-07, 1.78513e-07, 1.07507e-07, 5.50582e-08, 5.58463e-08, 4.69533e-08, 4.53007e-06, 0.0071091, 

2.7325e-08, 2.61848e-08, 3.10775e-07, 4.32475, 3.28786e-06, 4.82376e-08, 0.181786, 2.11155e-06, 2.1029e-07, 1.94568e-07, 1.31963e-09, 4.7782e-10, 5.24132e-08, 2.38671e-09, 4.95609, 7.97137e-07, 3.26695e-06, 4.53007e-06, 2.10676e-07, 4.02283e-08, 7.63268e-09, 2.73378e-08, 5.03235e-08, 2.10183e-08, 7.86792e-10, 3.62786e-08, 1.07442e-06, 1.07148e-09, 8.01666e-08, 0.00173522, 1.76305e-09, 1.32678e-10, 1.62322e-07, 3.7894e-07, 0.0165828, 8.36702e-08, 1.45961, 6.20613e-08, 2.17302e-07, 2.23192e-07, 2.12481e-07, 2.0289e-07, 1.78513e-07, 1.07507e-07, 5.50582e-08, 5.58463e-08, 4.69533e-08, 5.7041e-08, 0.0071091, 0.00907362, 

2.65442e-08, 2.61848e-08, 3.10775e-07, 3.28786e-06, 4.82376e-08, 0.00305835, 2.1029e-07, 2.11155e-06, 8.01666e-08, 1.28192e-08, 1.43265e-10, 4.7782e-10, 5.24132e-08, 2.38671e-09, 7.97137e-07, 3.26695e-06, 4.53007e-06, 4.02283e-08, 2.10183e-08, 2.10676e-07, 7.63268e-09, 2.70661e-08, 7.86792e-10, 1.07148e-09, 0.00173522, 5.37331, 1.34304, 3.7894e-07, 2.17302e-07, 3.62786e-08, 3.01056e-10, 1.32678e-10, 1.62322e-07, 8.36702e-08, 6.20613e-08, 2.23192e-07, 1.85746, 1.94568e-07, 5.03235e-08, 1.07442e-06, 2.0289e-07, 1.78513e-07, 1.07507e-07, 5.50582e-08, 5.58463e-08, 4.69533e-08, 5.7041e-08, 2.73378e-08, 0.0071091, 0.00907362, 

9.42248e-09, 2.61848e-08, 3.10775e-07, 3.28786e-06, 2.11155e-06, 8.01666e-08, 7.32626, 3.62786e-08, 8.36702e-08, 1.28192e-08, 5.21646e-11, 5.63e-12, 5.24132e-08, 3.26695e-06, 4.53007e-06, 4.02283e-08, 1.02163e-08, 1.07148e-09, 6.20613e-08, 2.1029e-07, 7.63268e-09, 1.86808e-08, 5.37331, 1.34304, 3.7894e-07, 9.50113e-09, 0.071696, 2.38671e-09, 1.62322e-07, 1.94568e-07, 3.01056e-10, 1.32678e-10, 2.23192e-07, 0.556675, 5.03235e-08, 1.07442e-06, 0.366164, 4.82376e-08, 2.10183e-08, 7.86792e-10, 1.78513e-07, 1.07507e-07, 5.50582e-08, 5.58463e-08, 4.69533e-08, 5.7041e-08, 2.73378e-08, 2.65442e-08, 2.10676e-07, 2.17302e-07, 

9.42248e-09, 1.99434e-08, 3.28786e-06, 2.11155e-06, 3.62786e-08, 8.36702e-08, 1.28192e-08, 3.10775e-07, 8.01666e-08, 1.62322e-07, 5.21646e-11, 5.63e-12, 5.24132e-08, 1.02163e-08, 1.07148e-09, 2.1029e-07, 1.70318e-05, 3.26695e-06, 0.0086452, 0.00529452, 7.63268e-09, 1.86808e-08, 3.7894e-07, 9.50113e-09, 2.38671e-09, 1.94568e-07, 0.636658, 2.10676e-07, 4.02283e-08, 2.10183e-08, 3.01056e-10, 7.05183e-11, 2.23192e-07, 5.03235e-08, 1.07442e-06, 4.82376e-08, 7.86792e-10, 4.53007e-06, 6.20613e-08, 2.17302e-07, 1.78513e-07, 1.07507e-07, 5.50582e-08, 5.58463e-08, 4.69533e-08, 5.7041e-08, 2.73378e-08, 2.65442e-08, 0.0104, 0.0211668, 

9.42248e-09, 1.99434e-08, 2.11155e-06, 3.62786e-08, 1.28192e-08, 3.10775e-07, 8.01666e-08, 2.10183e-08, 2.17302e-07, 3.7894e-07, 5.21646e-11, 5.63e-12, 5.24132e-08, 1.07148e-09, 1.70318e-05, 3.26695e-06, 0.0306239, 4.82376e-08, 1.07442e-06, 9.50113e-09, 7.63268e-09, 1.86808e-08, 2.38671e-09, 1.94568e-07, 0.42788, 2.10676e-07, 4.02283e-08, 1.02163e-08, 2.1029e-07, 3.28786e-06, 3.01056e-10, 7.05183e-11, 2.23192e-07, 5.03235e-08, 7.86792e-10, 0.00410262, 0.0806806, 6.20613e-08, 1.62322e-07, 8.36702e-08, 1.78513e-07, 1.07507e-07, 5.50582e-08, 5.58463e-08, 4.69533e-08, 5.7041e-08, 2.73378e-08, 2.65442e-08, 4.53007e-06, 0.00529452, 

9.42248e-09, 1.99434e-08, 3.62786e-08, 1.28192e-08, 3.10775e-07, 8.01666e-08, 6.91325e-07, 5.24132e-08, 3.7894e-07, 8.36702e-08, 5.21646e-11, 5.63e-12, 1.70318e-05, 3.26695e-06, 9.50113e-09, 0.425639, 1.45825, 2.17302e-07, 2.10676e-07, 1.07442e-06, 1.4924e-09, 4.32104e-09, 2.38671e-09, 1.94568e-07, 4.02283e-08, 1.02163e-08, 0.786839, 2.36448e-08, 4.82376e-08, 2.1029e-07, 3.01056e-10, 7.05183e-11, 2.23192e-07, 7.86792e-10, 6.20613e-08, 1.62322e-07, 4.81169, 2.10183e-08, 1.07148e-09, 5.03235e-08, 1.07507e-07, 5.50582e-08, 5.58463e-08, 4.69533e-08, 5.7041e-08, 2.73378e-08, 2.65442e-08, 5.79491e-08, 2.11155e-06, 3.28786e-06, 

9.42248e-09, 1.99434e-08, 3.62786e-08, 5.24132e-08, 3.7894e-07, 8.36702e-08, 0.413307, 1.28192e-08, 3.10775e-07, 1.62322e-07, 5.21646e-11, 5.63e-12, 1.70318e-05, 2.17302e-07, 2.10676e-07, 1.07442e-06, 7.32073e-08, 1.02163e-08, 2.10183e-08, 8.01666e-08, 1.4924e-09, 4.32104e-09, 4.02283e-08, 0.786839, 2.36448e-08, 4.82376e-08, 2.1029e-07, 6.91325e-07, 2.38671e-09, 6.20613e-08, 3.01056e-10, 7.05183e-11, 7.86792e-10, 4.81169, 1.07148e-09, 5.03235e-08, 7.91592, 2.23192e-07, 1.94568e-07, 9.50113e-09, 1.07507e-07, 5.50582e-08, 5.58463e-08, 4.69533e-08, 5.7041e-08, 2.73378e-08, 2.65442e-08, 5.79491e-08, 2.11155e-06, 3.26695e-06, 

9.42248e-09, 1.99434e-08, 3.62786e-08, 8.36702e-08, 0.413307, 3.10775e-07, 3.47458, 2.38671e-09, 2.17302e-07, 5.24132e-08, 5.21646e-11, 5.63e-12, 2.10676e-07, 1.07442e-06, 7.32073e-08, 1.02163e-08, 8.01666e-08, 7.86792e-10, 1.62322e-07, 5.03235e-08, 1.4924e-09, 4.32104e-09, 0.786839, 4.82376e-08, 2.1029e-07, 6.20613e-08, 0.972291, 3.7894e-07, 4.02283e-08, 2.36448e-08, 3.01056e-10, 7.05183e-11, 4.81169, 1.07148e-09, 2.23192e-07, 1.94568e-07, 9.50113e-09, 7.62949e-09, 1.28192e-08, 2.10183e-08, 5.50582e-08, 5.58463e-08, 4.69533e-08, 5.7041e-08, 2.73378e-08, 2.65442e-08, 5.79491e-08, 3.0476e-09, 6.91325e-07, 2.11155e-06, 

3.0476e-09, 1.99434e-08, 8.36702e-08, 2.38671e-09, 2.17302e-07, 0.76399, 2.92975, 2.10676e-07, 7.32073e-08, 4.02283e-08, 5.21646e-11, 5.63e-12, 1.02163e-08, 1.62322e-07, 5.03235e-08, 0.0242456, 6.38009, 8.01666e-08, 3.62786e-08, 5.24132e-08, 1.4924e-09, 4.32104e-09, 0.786839, 6.20613e-08, 0.00835329, 3.7894e-07, 0.646082, 2.10183e-08, 2.36448e-08, 4.82376e-08, 3.01056e-10, 7.05183e-11, 1.07148e-09, 9.50113e-09, 7.62949e-09, 1.28192e-08, 0.303562, 7.86792e-10, 1.94568e-07, 2.1029e-07, 5.50582e-08, 5.58463e-08, 4.69533e-08, 5.7041e-08, 2.73378e-08, 2.65442e-08, 5.79491e-08, 9.42248e-09, 2.23192e-07, 3.10775e-07, 

3.0476e-09, 1.99434e-08, 2.17302e-07, 0.40443, 2.10676e-07, 0.055771, 0.0101833, 4.82376e-08, 2.38671e-09, 6.20613e-08, 5.21646e-11, 5.63e-12, 1.02163e-08, 5.03235e-08, 8.01666e-08, 3.62786e-08, 5.24132e-08, 9.50113e-09, 4.02283e-08, 1.94568e-07, 1.4924e-09, 4.32104e-09, 0.786839, 3.7894e-07, 0.646082, 2.36448e-08, 0.041475, 1.62322e-07, 8.36702e-08, 7.86792e-10, 3.01056e-10, 7.05183e-11, 1.07148e-09, 7.62949e-09, 1.28192e-08, 2.1029e-07, 1.34716, 2.10183e-08, 5.8533e-08, 7.32073e-08, 5.50582e-08, 5.58463e-08, 4.69533e-08, 5.7041e-08, 2.73378e-08, 2.65442e-08, 9.42248e-09, 4.15198e-08, 2.23192e-07, 3.10775e-07, 

3.0476e-09, 1.99434e-08, 2.10676e-07, 0.0101833, 6.20613e-08, 0.315057, 0.830152, 1.28192e-08, 4.02283e-08, 2.10183e-08, 5.21646e-11, 5.63e-12, 5.03235e-08, 8.01666e-08, 3.62786e-08, 5.24132e-08, 9.50113e-09, 3.16441e-11, 2.38671e-09, 1.07148e-09, 3.01056e-10, 4.32104e-09, 3.7894e-07, 2.36448e-08, 1.62322e-07, 8.36702e-08, 1.06587, 7.86792e-10, 7.32073e-08, 1.02163e-08, 1.17152e-11, 2.10827e-11, 7.62949e-09, 2.1029e-07, 1.34716, 1.98601e-11, 1.06167, 4.82376e-08, 1.94568e-07, 2.17302e-07, 5.50582e-08, 5.58463e-08, 4.69533e-08, 2.73378e-08, 2.65442e-08, 9.42248e-09, 4.15198e-08, 1.4924e-09, 2.23192e-07, 3.10775e-07, 

Best:
-2.37276e-06	

Fitness Evaluations:
3303

End Population
(-5.520505e-05), (-1.412212e-04), (-4.589946e-04), (-1.009126e-01), (-2.491210e-04), (5.612998e-01), (9.111269e-01), (-1.132218e-04), (-2.005699e-04), (-1.449769e-04), (7.222505e-06), (-2.372761e-06), (2.243290e-04), (-2.831372e-04), (1.904695e-04), (-2.289392e-04), (-9.747375e-05), (5.625311e-06), (4.885398e-05), (-3.273352e-05), (1.735097e-05), (-6.573464e-05), (-6.155811e-04), (-1.537688e-04), (-4.028925e-04), (-2.892581e-04), (1.032409e+00), (-2.804981e-05), (-2.705685e-04), (-1.010756e-04), (3.422752e-06), (4.591591e-06), (-8.734693e-05), (-4.585744e-04), (-1.160672e+00), (4.456472e-06), (-1.030374e+00), (-2.196305e-04), (-4.410991e-04), (-4.661562e-04), (-2.346447e-04), (-2.363183e-04), (-2.166872e-04), (-1.653416e-04), (-1.629240e-04), (-9.706948e-05), (-2.037641e-04), (3.863157e-05), (-4.724320e-04), (-5.574720e-04), 