Iterations: 50
Function Evaluations Limit: 150000
Population: 50

Prides Length: 4

Percent Nomads: 0.2
Percent Roaming: 0.2
Percent Sex: 0.8

Mating Rate: 0.3
Mutation Probability: 0.2
Immigration Rate: 0.4

Dimensions: 1
N-Dimension Space: -5:5

Fitness Iterations:
0.0185864
5.33949, 3.42, 14.668, 20.2346, 23.6643, 23.0885, 6.85548, 24.7153, 13.7259, 15.6981, 0.136367, 9.28793, 18.8475, 13.1186, 0.215818, 8.38443, 1.94963, 15.7333, 0.120471, 14.4317, 13.022, 1.63672, 15.7794, 7.67785, 10.2669, 5.89602, 21.4778, 1.13727, 5.8083, 0.922678, 0.297317, 3.96149, 5.7535, 4.78894, 0.0185864, 0.0514624, 0.298283, 0.0664443, 2.23751, 12.0747, 8.34031, 1.78964, 8.33976, 0.185541, 6.52691, 1.49869, 6.53492, 15.8959, 3.36658, 10.3899, 

0.185541, 0.297317, 1.14847, 0.189364, 2.01806, 6.14378, 3.13751, 0.229057, 2.48382, 1.30728, 0.00361297, 0.582829, 7.17004, 0.215818, 1.94963, 0.00924133, 2.10643, 0.0185864, 0.298283, 1.78836, 1.63672, 1.7778, 7.67785, 21.4778, 5.8083, 0.922678, 3.0591, 0.328227, 2.23751, 0.0108225, 0.142689, 0.012234, 1.82937, 0.0514624, 0.0664443, 2.76471, 0.577939, 0.270017, 1.93265, 1.07478, 1.78964, 0.800617, 0.907844, 1.49869, 2.09019, 1.48389, 0.680409, 0.338728, 3.36658, 3.79271, 

0.00128846, 0.297317, 0.523304, 6.14378, 0.229057, 2.48382, 0.690843, 1.61721, 0.0695796, 0.00924133, 0.00361297, 0.092884, 7.17004, 0.215818, 0.298283, 1.78836, 1.9802, 0.297504, 0.0514624, 0.0185864, 0.172832, 0.00263021, 7.67785, 8.02719, 0.670387, 0.00625043, 0.0108225, 0.189364, 0.159678, 0.270017, 9.75055e-05, 0.012234, 1.82937, 0.0664443, 2.76471, 1.07478, 0.105355, 1.59083, 1.30728, 0.922678, 0.800617, 0.907844, 0.680409, 0.582829, 1.36053, 0.0118449, 0.230138, 0.338728, 1.93265, 1.94963, 

0.00128846, 0.0118449, 0.229057, 0.690843, 1.61721, 0.0695796, 1.76275, 0.341621, 0.298283, 0.0108225, 0.00361297, 0.0127783, 0.0244251, 1.78836, 0.924899, 0.0514624, 0.0185864, 0.0231368, 0.108882, 0.338809, 0.00263021, 0.106685, 8.02719, 0.670387, 0.00625043, 0.270017, 2.20786, 0.297504, 0.105355, 0.314907, 9.75055e-05, 0.012234, 0.0664443, 1.07478, 1.59083, 5.675, 0.00713782, 0.00924133, 0.189364, 0.159678, 0.297317, 0.230138, 0.338728, 0.345918, 0.25155, 0.154684, 0.153346, 0.092884, 0.927011, 1.30728, 

0.00128846, 0.0118449, 0.229057, 0.690843, 0.341621, 0.298283, 0.0108225, 0.00712175, 0.105355, 0.311762, 0.00361297, 0.0127783, 0.0244251, 1.78836, 0.328569, 0.0231368, 0.108882, 0.0514624, 0.338809, 0.00627622, 0.00263021, 0.00331431, 0.00625043, 0.270017, 0.0646263, 0.314907, 1.14442, 0.0256336, 0.0185864, 0.0897511, 9.75055e-05, 0.00725889, 0.00289596, 0.00713782, 0.00924133, 0.159678, 0.884464, 0.0695796, 0.0174782, 0.0664443, 0.230138, 0.154684, 0.153346, 0.092884, 0.130887, 0.12562, 0.0126015, 0.012234, 0.393959, 0.443457, 

0.00128846, 0.0118449, 0.298283, 0.00712175, 0.105355, 7.3546, 11.1734, 0.00625043, 0.229057, 0.0573487, 0.00361297, 0.012234, 0.0244251, 0.0231368, 0.0514624, 0.338809, 0.00627622, 0.0897511, 0.0664443, 0.0108225, 0.00263021, 0.00331431, 0.270017, 0.0646263, 1.14442, 0.0185864, 3.2133, 0.0256336, 0.00015493, 0.108882, 9.75055e-05, 0.00725889, 0.00289596, 0.00924133, 0.159678, 0.0695796, 0.0174782, 0.00713782, 0.311762, 0.314907, 0.153346, 0.092884, 0.130887, 0.12562, 0.0127783, 0.0126015, 0.0129931, 0.0275797, 0.341621, 0.393959, 

0.00128846, 0.00725889, 0.298283, 0.00712175, 0.348192, 0.229057, 1.53296, 0.0573487, 0.0461053, 0.105355, 0.00361297, 0.00601094, 0.0244251, 0.0514624, 0.00627622, 0.0664443, 0.0108225, 0.0613042, 0.00625043, 0.0646263, 0.00263021, 0.00331431, 0.270017, 0.0185864, 0.0256336, 0.00015493, 0.108882, 0.0231368, 0.00673921, 0.00562152, 8.69876e-05, 0.000832966, 0.0174782, 8.18752e-05, 0.314907, 0.000753517, 0.101521, 0.00289596, 0.00924133, 0.0333891, 0.0127783, 0.0126015, 0.0129931, 0.0275797, 0.0319854, 0.0787299, 0.0410832, 0.0118449, 0.159678, 0.311762, 

0.00128846, 0.00601094, 0.0709033, 0.00712175, 0.348192, 0.0461053, 3.15636, 0.0333891, 0.0573487, 0.00625043, 0.00361297, 0.000223706, 0.0514624, 0.00627622, 0.0664443, 0.0108225, 0.0613042, 0.0482208, 0.00015493, 0.0174782, 0.0023872, 0.00331431, 0.270017, 0.0256336, 0.108882, 0.0231368, 0.00673921, 0.00562152, 0.000643146, 0.0244251, 8.69876e-05, 0.0007724, 8.18752e-05, 0.314907, 0.101521, 0.00289596, 0.195528, 0.00924133, 0.000753517, 0.0185864, 0.0127783, 0.0126015, 0.0129931, 0.0275797, 0.0319854, 0.0410832, 0.0118449, 0.00712411, 0.0646263, 0.105355, 

0.00128846, 0.00601094, 0.0461053, 0.00333628, 0.00625043, 1.22391, 5.25223, 0.000753517, 0.00712175, 0.0482208, 0.000758944, 0.000223706, 0.000669195, 0.0108225, 0.0613042, 0.00015493, 0.00145663, 0.0244251, 0.000643146, 0.0646263, 0.0023872, 0.00331431, 0.270017, 0.0256336, 0.108882, 0.0156753, 0.00673921, 0.00289596, 0.0514624, 0.00562152, 8.69876e-05, 0.00049777, 8.18752e-05, 0.101521, 0.00924133, 0.0185864, 0.000824184, 0.0333891, 0.0174782, 0.0048243, 0.0127783, 0.0126015, 0.0129931, 0.0275797, 0.0118449, 0.00712411, 0.00361297, 0.00119981, 0.0664443, 0.0709033, 

0.00128846, 0.0024999, 0.00605454, 0.00625043, 0.00712175, 4.49218, 6.53393e-05, 0.000753517, 0.021927, 0.0108225, 0.000758944, 0.000223706, 0.0101868, 0.00145663, 0.000643146, 0.0646263, 0.0876871, 0.00015493, 0.000669195, 0.00333628, 0.0023872, 6.37929e-05, 0.270017, 0.0256336, 0.00673921, 0.00289596, 0.00562152, 0.011453, 0.0208924, 0.0052228, 8.69876e-05, 0.00049777, 8.18752e-05, 0.101521, 0.00924133, 0.0174782, 0.0513926, 0.0048243, 0.00804043, 0.000824184, 0.0127783, 0.0126015, 0.0129931, 0.0118449, 0.00712411, 0.00361297, 0.00119981, 0.00601094, 0.0244251, 0.0257932, 

2.2702e-05, 0.00119981, 0.00625043, 0.00712175, 6.53393e-05, 0.147637, 0.0388964, 0.00145663, 0.000753517, 0.0048243, 0.000223706, 2.98698e-05, 0.00015493, 0.000669195, 0.00333628, 1.59364e-05, 0.496792, 0.000372899, 0.0244251, 0.0052228, 0.000103165, 6.37929e-05, 0.0256336, 0.00673921, 0.00289596, 0.00562152, 0.011453, 0.000643146, 8.18752e-05, 0.0130578, 8.69876e-05, 0.00028335, 0.00924133, 0.000180727, 0.00804043, 0.000824184, 0.0272549, 0.0208924, 0.00605454, 0.000248171, 0.0127783, 0.0126015, 0.0118449, 0.00712411, 0.00361297, 0.0024999, 0.00601094, 0.000758944, 0.0257932, 0.035521, 

2.2702e-05, 0.000202837, 0.00625043, 6.53393e-05, 0.025789, 0.0388964, 0.000392329, 1.59364e-05, 0.000669195, 0.000753517, 0.000223706, 2.45488e-05, 0.00015493, 0.00333628, 0.496792, 0.0052228, 2.81071, 0.000264118, 0.000248171, 0.000180727, 0.000103165, 6.37929e-05, 0.00149888, 0.00673921, 0.00289596, 0.000643146, 0.0130578, 8.18752e-05, 0.00298625, 0.0048243, 7.60322e-05, 0.00028335, 0.00924133, 0.00804043, 0.000824184, 0.0208924, 0.0113924, 0.000384116, 0.00145663, 0.000372899, 0.00361297, 0.0024999, 0.00601094, 0.000758944, 0.00119981, 0.00181153, 0.000856937, 0.000990598, 0.00562152, 0.00605454, 

2.2702e-05, 1.41939e-05, 0.00625043, 0.0388964, 1.59364e-05, 1.7885e-07, 0.697842, 0.00289596, 0.00286257, 0.000372899, 0.000202837, 2.45488e-05, 0.000137685, 0.207976, 0.000248171, 1.0683, 0.0308876, 0.000669195, 0.00145663, 0.00333628, 0.000103165, 1.77095e-05, 0.00149888, 0.000643146, 0.0130578, 0.00298625, 0.485058, 0.000180727, 0.000753517, 0.000392329, 7.60322e-05, 0.00028335, 0.00804043, 0.000824184, 0.0208924, 0.000384116, 1.06235, 6.53393e-05, 8.18752e-05, 0.000264118, 0.0024999, 0.000758944, 0.00119981, 0.00181153, 0.000856937, 0.000990598, 0.000223706, 0.00267714, 0.0048243, 0.0052228, 

2.2702e-05, 1.41939e-05, 0.00625043, 0.00289596, 0.000372899, 0.48202, 3.48387, 6.53393e-05, 0.000824184, 1.59364e-05, 1.13954e-05, 2.86134e-06, 0.207976, 0.000248171, 0.00145663, 0.0826883, 0.425218, 0.00298625, 0.000264118, 0.000669195, 1.77095e-05, 4.14934e-07, 4.34263e-05, 0.000643146, 0.000392329, 0.160907, 3.01872e-06, 1.7885e-07, 0.000753517, 0.000137685, 7.60322e-05, 1.19374e-05, 0.00804043, 0.0208924, 0.000384116, 1.06235, 0.561984, 8.18752e-05, 0.000887682, 0.000180727, 0.0024999, 0.000758944, 0.00119981, 0.00181153, 0.000856937, 0.000990598, 0.000223706, 0.000103165, 0.00333628, 0.0048243, 

2.2702e-05, 1.41939e-05, 0.000372899, 0.48202, 0.000824184, 1.59364e-05, 0.277224, 4.34263e-05, 6.53393e-05, 0.000669195, 9.91317e-06, 2.86134e-06, 0.207976, 0.0826883, 0.425218, 0.00298625, 0.000264118, 9.89784e-05, 3.96762e-05, 0.000887682, 1.36254e-05, 1.19336e-07, 0.000392329, 3.01872e-06, 1.7885e-07, 0.000137685, 0.932339, 0.00077588, 0.000753517, 0.00145663, 3.80348e-05, 1.19374e-05, 0.000384116, 1.06235, 8.18752e-05, 0.000180727, 0.247064, 0.000643146, 0.000248171, 0.00289596, 0.000758944, 0.000856937, 0.000990598, 0.000223706, 0.000103165, 0.000294118, 7.60322e-05, 0.000460483, 0.00333628, 0.0048243, 

2.2702e-05, 1.02952e-05, 0.000192641, 0.000824184, 1.59364e-05, 0.277224, 4.34263e-05, 0.000138986, 0.000137685, 0.000753517, 9.91317e-06, 2.86134e-06, 0.207976, 0.0826883, 9.89784e-05, 0.000162769, 2.88085, 0.000384116, 0.000669195, 6.53393e-05, 8.75414e-06, 1.19336e-07, 3.01872e-06, 1.7885e-07, 0.932339, 0.00077588, 3.10328, 0.000264118, 3.96762e-05, 0.000392329, 3.80348e-05, 1.19374e-05, 0.633889, 0.000180727, 0.247064, 0.000643146, 2.07627, 0.000372899, 0.000248171, 8.18752e-05, 0.000758944, 0.000223706, 0.000103165, 0.000294118, 7.60322e-05, 0.000460483, 0.000407411, 0.000269316, 0.000887682, 0.00145663, 

2.2702e-05, 4.21246e-07, 0.000824184, 1.59364e-05, 4.34263e-05, 0.0285884, 0.00543092, 0.000137685, 9.89784e-05, 0.000180727, 9.91317e-06, 2.86134e-06, 0.207976, 2.88085, 0.000669195, 6.53393e-05, 4.92373, 0.000138986, 8.18752e-05, 0.000264118, 8.75414e-06, 1.19336e-07, 1.7885e-07, 0.000356388, 3.10328, 0.000392329, 0.0196753, 8.2706e-05, 0.000192641, 3.01872e-06, 3.80348e-05, 1.19374e-05, 0.633889, 0.247064, 0.000643146, 2.07627, 0.000372899, 0.000248171, 0.000162769, 3.96762e-05, 0.000223706, 0.000103165, 0.000294118, 7.60322e-05, 0.000460483, 0.000407411, 0.000269316, 7.1865e-05, 0.000384116, 0.000753517, 

1.83058e-09, 7.07726e-06, 1.59364e-05, 0.00543092, 0.000137685, 9.89784e-05, 0.0473479, 0.000753517, 0.000669195, 0.000356388, 9.91317e-06, 2.86134e-06, 0.207976, 2.88085, 4.92373, 0.000138986, 8.18752e-05, 0.000392329, 0.000248171, 0.000180727, 3.13485e-11, 1.19336e-07, 1.7885e-07, 0.0196753, 6.58808e-06, 0.000192641, 0.0664776, 6.53393e-05, 0.000162769, 0.000264118, 2.2702e-05, 1.19374e-05, 0.000643146, 2.07627, 0.000372899, 3.96762e-05, 5.9496, 0.000384116, 4.34263e-05, 3.01872e-06, 0.000223706, 0.000103165, 0.000294118, 7.60322e-05, 0.000407411, 0.000269316, 7.1865e-05, 3.80348e-05, 0.000824184, 0.0285884, 

1.83058e-09, 7.07726e-06, 1.59364e-05, 0.0473479, 0.000753517, 0.000356388, 0.752456, 0.000384116, 0.000824184, 3.96762e-05, 1.48965e-06, 2.86134e-06, 0.207976, 0.000138986, 0.000392329, 0.000180727, 1.32191, 0.000669195, 0.00543092, 0.000248171, 3.13485e-11, 1.19336e-07, 1.7885e-07, 6.58808e-06, 6.53393e-05, 0.000162769, 2.84164, 9.89784e-05, 0.000137685, 0.000192641, 2.2702e-05, 1.19374e-05, 0.000643146, 0.000372899, 4.34263e-05, 3.01872e-06, 4.50225, 8.18752e-05, 0.000264118, 0.0196753, 0.000223706, 0.000103165, 0.000294118, 7.60322e-05, 0.000407411, 0.000269316, 7.1865e-05, 3.80348e-05, 0.0285884, 0.0664776, 

1.83058e-09, 7.07726e-06, 1.59364e-05, 0.0694293, 0.000384116, 0.000824184, 0.0111492, 0.000356388, 0.000138986, 3.96762e-05, 1.48965e-06, 2.86134e-06, 0.000392329, 5.51095e-05, 0.00543092, 0.000248171, 3.1272, 0.000192641, 4.34263e-05, 0.0285884, 3.13485e-11, 1.19336e-07, 1.7885e-07, 6.58808e-06, 0.000162769, 9.89784e-05, 0.000137685, 0.000753517, 6.53393e-05, 3.01872e-06, 2.2702e-05, 1.19374e-05, 0.000643146, 0.000372899, 8.18752e-05, 1.7173, 1.47701, 0.000180727, 0.000264118, 0.0196753, 0.000223706, 0.000103165, 0.000294118, 7.60322e-05, 0.000407411, 0.000269316, 7.1865e-05, 3.80348e-05, 0.0473479, 0.0664776, 

1.83058e-09, 7.07726e-06, 0.000384116, 0.000824184, 0.0111492, 3.96762e-05, 2.70434, 0.000180727, 6.58808e-06, 9.89784e-05, 1.48965e-06, 2.66553e-06, 0.00543092, 3.1272, 0.000192641, 4.34263e-05, 5.80626e-05, 0.000138986, 5.51095e-05, 6.53393e-05, 3.13485e-11, 1.19336e-07, 1.7885e-07, 0.000162769, 0.000137685, 3.01872e-06, 0.788412, 0.000753517, 1.59364e-05, 0.000248171, 2.2702e-05, 1.19374e-05, 0.000643146, 8.18752e-05, 1.7173, 0.000264118, 2.30567, 0.000372899, 0.000356388, 0.000392329, 0.000223706, 0.000103165, 0.000294118, 7.60322e-05, 0.000269316, 7.1865e-05, 3.80348e-05, 4.18051e-05, 0.0196753, 0.0261763, 

1.83058e-09, 7.07726e-06, 0.0111492, 0.000180727, 9.89784e-05, 0.579871, 0.230894, 0.000264118, 1.59364e-05, 0.000356388, 1.48965e-06, 2.66553e-06, 0.00263196, 3.1272, 4.34263e-05, 5.80626e-05, 6.53393e-05, 0.000248171, 0.000384116, 3.96762e-05, 3.13485e-11, 1.09503e-07, 1.7885e-07, 0.000162769, 0.000137685, 3.01872e-06, 1.67911, 5.51095e-05, 6.58808e-06, 0.000295432, 4.98998e-07, 1.19374e-05, 0.000643146, 8.18752e-05, 0.000372899, 0.000392329, 0.895236, 0.000192641, 0.000138986, 0.000824184, 0.000223706, 0.000103165, 0.000294118, 7.60322e-05, 0.000269316, 7.1865e-05, 3.80348e-05, 4.18051e-05, 0.0196753, 0.0261763, 

1.83058e-09, 7.07726e-06, 0.000180727, 0.0319211, 0.230894, 1.59364e-05, 1.00585, 1.7885e-07, 0.000392329, 0.000264118, 3.63434e-07, 2.66553e-06, 0.00263196, 4.34263e-05, 0.000248171, 3.96762e-05, 4.85248, 6.53393e-05, 0.000372899, 0.000384116, 3.13485e-11, 1.09503e-07, 0.000162769, 0.000137685, 3.01872e-06, 5.51095e-05, 0.000295432, 6.58808e-06, 0.000824184, 5.80626e-05, 4.98998e-07, 5.68631e-07, 0.000643146, 8.18752e-05, 0.000192641, 3.01321e-05, 2.81143, 0.000356388, 9.89784e-05, 0.000138986, 0.000223706, 0.000103165, 7.60322e-05, 0.000269316, 7.1865e-05, 3.80348e-05, 4.18051e-05, 6.99965e-05, 0.0111492, 0.0192388, 

1.83058e-09, 7.07726e-06, 0.230894, 1.59364e-05, 1.00585, 1.7885e-07, 0.0235147, 0.000356388, 6.53393e-05, 0.000137685, 3.63434e-07, 2.66553e-06, 0.00263196, 0.000248171, 3.96762e-05, 4.85248, 0.000384116, 0.000295432, 9.89784e-05, 4.34263e-05, 3.13485e-11, 1.09503e-07, 3.01872e-06, 5.51095e-05, 6.58808e-06, 0.000824184, 0.202895, 0.000162769, 0.000180727, 3.01321e-05, 4.98998e-07, 5.68631e-07, 0.000643146, 0.000192641, 0.000138986, 4.32211, 0.56997, 8.18752e-05, 5.80626e-05, 0.000264118, 0.000223706, 0.000103165, 7.60322e-05, 7.1865e-05, 3.80348e-05, 4.18051e-05, 6.99965e-05, 0.000128729, 0.000372899, 0.000389235, 

1.83058e-09, 7.07726e-06, 1.00585, 1.7885e-07, 0.0235147, 0.000356388, 0.00936595, 9.89784e-05, 0.000264118, 4.34263e-05, 3.63434e-07, 2.66553e-06, 0.000248171, 4.85248, 0.000384116, 3.22812, 2.38407, 3.01872e-06, 3.96762e-05, 6.53393e-05, 3.13485e-11, 1.09503e-07, 6.58808e-06, 0.000824184, 0.202895, 4.89939e-05, 0.000180727, 0.000138986, 5.51095e-05, 0.000137685, 4.98998e-07, 5.68631e-07, 0.000643146, 0.000192641, 4.32211, 8.18752e-05, 5.80626e-05, 3.01321e-05, 1.59364e-05, 0.000295432, 0.000223706, 0.000103165, 7.60322e-05, 7.1865e-05, 3.80348e-05, 4.18051e-05, 6.99965e-05, 0.000128729, 0.000372899, 0.000389235, 

1.83058e-09, 1.2475e-06, 1.00585, 0.0235147, 0.000356388, 9.89784e-05, 4.34263e-05, 8.18752e-05, 6.58808e-06, 0.000138986, 3.63434e-07, 2.66553e-06, 0.000384116, 3.22812, 3.01872e-06, 3.96762e-05, 6.53393e-05, 1.7885e-07, 0.000264118, 0.000137685, 3.13485e-11, 1.09503e-07, 4.89939e-05, 0.000180727, 5.51095e-05, 0.00117406, 0.227129, 9.5543e-06, 0.000389235, 0.000248171, 4.66032e-08, 5.68631e-07, 4.32211, 5.80626e-05, 3.01321e-05, 1.59364e-05, 18.7125, 0.000372899, 0.000295432, 0.000192641, 0.000103165, 7.60322e-05, 7.1865e-05, 3.80348e-05, 4.18051e-05, 6.99965e-05, 0.000128729, 7.07726e-06, 0.000643146, 0.000824184, 

1.83058e-09, 1.2475e-06, 0.0418886, 0.0235147, 0.000356388, 8.18752e-05, 0.000138986, 1.7885e-07, 4.34263e-05, 0.000192641, 3.63434e-07, 3.10798e-07, 3.01872e-06, 3.96762e-05, 0.000137685, 0.0790443, 0.374113, 3.01321e-05, 6.58808e-06, 9.89784e-05, 3.13485e-11, 1.09503e-07, 4.89939e-05, 0.000180727, 0.00021598, 0.227129, 0.000389235, 6.53393e-05, 9.5543e-06, 1.59364e-05, 4.66032e-08, 1.70135e-07, 4.32211, 0.39379, 0.000295432, 1.25575, 0.00630634, 5.80626e-05, 5.51095e-05, 0.000248171, 0.000103165, 7.60322e-05, 7.1865e-05, 3.80348e-05, 4.18051e-05, 6.99965e-05, 0.000128729, 7.07726e-06, 0.000264118, 0.000372899, 

1.83058e-09, 3.63434e-07, 0.0418886, 4.34263e-05, 0.000192641, 4.56707, 2.12529e-05, 4.04182e-07, 4.89939e-05, 5.80626e-05, 3.10798e-07, 2.71983e-07, 3.96762e-05, 0.0790443, 0.374113, 6.58808e-06, 9.89784e-05, 8.18752e-05, 3.01872e-06, 0.000180727, 3.13485e-11, 1.09503e-07, 8.99421e-06, 6.53393e-05, 9.5543e-06, 1.59364e-05, 5.31291, 3.01321e-05, 1.7885e-07, 0.000264118, 4.66032e-08, 1.70135e-07, 0.254465, 0.000295432, 0.00630634, 0.000248171, 2.14558, 5.51095e-05, 0.000137685, 0.000138986, 7.60322e-05, 7.1865e-05, 3.80348e-05, 4.18051e-05, 6.99965e-05, 7.07726e-06, 4.35506e-05, 1.2475e-06, 0.000356388, 0.000372899, 

1.83058e-09, 2.29056e-07, 0.000192641, 2.12529e-05, 4.04182e-07, 4.89939e-05, 5.80626e-05, 3.01872e-06, 0.000264118, 5.51095e-05, 3.10798e-07, 2.71983e-07, 0.374113, 6.58808e-06, 0.000180727, 0.471429, 1.09981, 0.000137685, 3.01321e-05, 0.000248171, 3.13485e-11, 1.09503e-07, 8.99421e-06, 6.53393e-05, 9.5543e-06, 1.59364e-05, 3.63247, 8.18752e-05, 4.34263e-05, 0.000356388, 4.66032e-08, 1.70135e-07, 0.254465, 0.000295432, 0.00630634, 0.000138986, 0.307733, 9.89784e-05, 1.7885e-07, 3.96762e-05, 7.60322e-05, 7.1865e-05, 3.80348e-05, 4.18051e-05, 6.99965e-05, 7.07726e-06, 4.35506e-05, 1.2475e-06, 0.000372899, 0.0200952, 

1.83058e-09, 3.74679e-08, 0.000192641, 4.04182e-07, 4.89939e-05, 0.000264118, 0.000300164, 0.000356388, 0.000295432, 5.80626e-05, 2.36121e-07, 2.71983e-07, 6.58808e-06, 0.000180727, 3.01321e-05, 0.000248171, 0.0810201, 0.000137685, 8.99421e-06, 3.02937e-05, 3.13485e-11, 1.09503e-07, 9.5543e-06, 1.59364e-05, 8.18752e-05, 4.34263e-05, 1.05612e-05, 3.96762e-05, 2.12529e-05, 1.7885e-07, 4.66032e-08, 1.70135e-07, 0.254465, 0.000138986, 0.307733, 9.89784e-05, 0.54033, 5.51095e-05, 6.53393e-05, 3.01872e-06, 7.1865e-05, 3.80348e-05, 4.18051e-05, 6.99965e-05, 7.07726e-06, 4.35506e-05, 1.2475e-06, 5.52907e-05, 0.000372899, 0.00630634, 

1.83058e-09, 3.74679e-08, 4.04182e-07, 4.89939e-05, 0.000264118, 0.00024369, 0.594596, 9.5543e-06, 6.18677e-05, 3.96762e-05, 2.36121e-07, 2.71983e-07, 6.58808e-06, 5.33863e-05, 8.99421e-06, 3.02937e-05, 4.05513e-06, 6.53393e-05, 1.05612e-05, 9.89784e-05, 3.13485e-11, 1.09503e-07, 8.18752e-05, 4.34263e-05, 2.12529e-05, 1.82448, 0.249593, 5.51095e-05, 3.01321e-05, 1.59364e-05, 4.66032e-08, 1.70135e-07, 0.254465, 0.000138986, 0.54033, 0.24596, 2.85531e-05, 1.7885e-07, 3.01872e-06, 5.80626e-05, 3.80348e-05, 4.18051e-05, 7.07726e-06, 4.35506e-05, 1.2475e-06, 5.52907e-05, 7.89254e-06, 3.64e-05, 0.000137685, 0.000180727, 

1.83058e-09, 3.74679e-08, 4.04182e-07, 0.000264118, 0.594596, 3.96762e-05, 0.760176, 5.80626e-05, 0.000137685, 5.33863e-05, 2.36121e-07, 2.71983e-07, 6.58808e-06, 8.99421e-06, 3.02937e-05, 6.53393e-05, 9.89784e-05, 4.05513e-06, 4.89939e-05, 9.5543e-06, 3.13485e-11, 1.09503e-07, 8.18752e-05, 2.12529e-05, 1.82448, 5.51095e-05, 1.59364e-05, 4.34263e-05, 3.01872e-06, 3.01321e-05, 4.66032e-08, 1.70135e-07, 0.254465, 8.89523e-08, 0.54033, 0.24596, 1.7885e-07, 6.18677e-05, 1.05612e-05, 2.85531e-05, 3.80348e-05, 4.18051e-05, 7.07726e-06, 4.35506e-05, 1.2475e-06, 5.52907e-05, 7.89254e-06, 3.64e-05, 0.000180727, 0.00024369, 

1.83058e-09, 3.74679e-08, 4.04182e-07, 0.000264118, 5.80626e-05, 5.33863e-05, 1.77279, 6.18677e-05, 3.01321e-05, 3.02937e-05, 2.36121e-07, 2.71983e-07, 8.99421e-06, 4.05513e-06, 9.5543e-06, 3.66771e-06, 0.137015, 3.96762e-05, 1.05612e-05, 8.18752e-05, 3.13485e-11, 1.09503e-07, 2.12529e-05, 0.664987, 1.59364e-05, 4.34263e-05, 2.68982, 6.53393e-05, 3.01872e-06, 4.89939e-05, 5.26188e-10, 1.70135e-07, 8.89523e-08, 0.24596, 1.7885e-07, 2.85531e-05, 0.506019, 9.89784e-05, 5.51095e-05, 6.58808e-06, 3.80348e-05, 4.18051e-05, 7.07726e-06, 4.35506e-05, 1.2475e-06, 7.89254e-06, 3.64e-05, 9.51799e-06, 0.000137685, 0.000180727, 

1.83058e-09, 3.74679e-08, 4.04182e-07, 0.000264118, 5.80626e-05, 3.01321e-05, 3.02937e-05, 5.33863e-05, 5.51095e-05, 6.58808e-06, 2.36121e-07, 2.71983e-07, 8.99421e-06, 9.5543e-06, 1.05612e-05, 0.0324968, 0.602142, 3.66771e-06, 4.34263e-05, 3.78199e-08, 3.13485e-11, 1.09503e-07, 2.12529e-05, 6.53393e-05, 3.01872e-06, 4.89939e-05, 1.26388, 8.89523e-08, 1.59364e-05, 4.05513e-06, 5.26188e-10, 1.00499e-08, 0.24596, 1.7885e-07, 2.85531e-05, 0.506019, 9.89784e-05, 7.84519e-06, 6.18677e-05, 3.96762e-05, 3.80348e-05, 4.18051e-05, 7.07726e-06, 1.2475e-06, 7.89254e-06, 3.64e-05, 9.51799e-06, 6.31881e-08, 8.18752e-05, 0.000137685, 

1.83058e-09, 3.74679e-08, 3.01321e-05, 3.02937e-05, 5.33863e-05, 6.58808e-06, 1.34832, 5.80626e-05, 5.51095e-05, 6.18677e-05, 6.31881e-08, 2.71983e-07, 8.99421e-06, 9.5543e-06, 0.0324968, 4.34263e-05, 1.65201, 3.66771e-06, 1.7885e-07, 1.05612e-05, 3.13485e-11, 1.09503e-07, 6.53393e-05, 4.89939e-05, 8.89523e-08, 0.135651, 0.0569275, 3.01872e-06, 4.05513e-06, 4.04182e-07, 5.26188e-10, 1.00499e-08, 0.24596, 2.85531e-05, 1.46475e-06, 3.96762e-05, 1.91353, 2.12529e-05, 3.78199e-08, 1.59364e-05, 3.80348e-05, 4.18051e-05, 7.07726e-06, 1.2475e-06, 7.89254e-06, 3.64e-05, 9.51799e-06, 2.36121e-07, 8.18752e-05, 9.89784e-05, 

1.83058e-09, 3.74679e-08, 3.01321e-05, 3.02937e-05, 0.242904, 5.80626e-05, 5.51095e-05, 3.01872e-06, 6.18677e-05, 1.05612e-05, 6.31881e-08, 1.37206e-07, 9.5543e-06, 4.34263e-05, 3.66771e-06, 0.0136381, 0.336475, 3.78199e-08, 6.58808e-06, 4.05513e-06, 3.13485e-11, 1.09503e-07, 6.53393e-05, 4.89939e-05, 8.89523e-08, 0.135651, 4.04182e-07, 8.99421e-06, 5.33863e-05, 2.85531e-05, 5.26188e-10, 1.00499e-08, 0.24596, 3.96762e-05, 1.91353, 2.12529e-05, 0.0122332, 1.46475e-06, 1.7885e-07, 1.59364e-05, 3.80348e-05, 4.18051e-05, 7.07726e-06, 1.2475e-06, 7.89254e-06, 3.64e-05, 9.51799e-06, 2.36121e-07, 8.18752e-05, 9.89784e-05, 

1.83058e-09, 3.74679e-08, 0.242904, 5.80626e-05, 3.01872e-06, 6.18677e-05, 0.277371, 4.34263e-05, 3.96762e-05, 3.01321e-05, 6.31881e-08, 1.37206e-07, 3.66771e-06, 0.0136381, 0.336475, 3.78199e-08, 0.288743, 2.85531e-05, 1.05612e-05, 3.02937e-05, 3.13485e-11, 1.09503e-07, 4.89939e-05, 8.89523e-08, 8.99421e-06, 1.5467, 0.0570335, 9.5543e-06, 4.04182e-07, 4.05513e-06, 5.26188e-10, 1.00499e-08, 2.12529e-05, 1.46475e-06, 1.59364e-05, 0.0200492, 6.41522, 1.7885e-07, 5.33863e-05, 6.58808e-06, 3.80348e-05, 4.18051e-05, 7.07726e-06, 1.2475e-06, 7.89254e-06, 3.64e-05, 9.51799e-06, 2.36121e-07, 5.51095e-05, 6.53393e-05, 

1.83058e-09, 2.90934e-08, 3.01872e-06, 0.277371, 3.96762e-05, 3.01321e-05, 3.30631, 3.02937e-05, 4.04182e-07, 1.05612e-05, 6.31881e-08, 2.07778e-08, 3.66771e-06, 0.248, 0.288743, 2.85531e-05, 3.28287, 8.89523e-08, 9.5543e-06, 6.58808e-06, 3.13485e-11, 1.09503e-07, 8.99421e-06, 1.5467, 4.05513e-06, 1.18272, 0.586587, 3.78199e-08, 4.34263e-05, 4.89939e-05, 5.26188e-10, 1.00499e-08, 2.12529e-05, 1.46475e-06, 0.0200492, 1.7885e-07, 5.33863e-05, 2.5333e-05, 1.59364e-05, 5.51095e-05, 3.80348e-05, 4.18051e-05, 7.07726e-06, 1.2475e-06, 7.89254e-06, 3.64e-05, 9.51799e-06, 2.36121e-07, 5.80626e-05, 6.18677e-05, 

1.83058e-09, 2.07778e-08, 0.277371, 3.96762e-05, 3.01321e-05, 3.02937e-05, 4.04182e-07, 2.5333e-05, 2.85531e-05, 1.7885e-07, 9.06587e-09, 1.76676e-08, 0.248, 3.28287, 9.5543e-06, 1.427e-08, 7.59764, 8.89523e-08, 1.05612e-05, 3.66771e-06, 3.13485e-11, 1.09503e-07, 3.78199e-08, 4.34263e-05, 4.89939e-05, 11.4694, 0.486681, 5.33863e-05, 4.05513e-06, 5.80626e-05, 5.26188e-10, 1.98592e-10, 2.12529e-05, 1.46475e-06, 1.59364e-05, 5.51095e-05, 0.279256, 3.01872e-06, 1.70779e-08, 8.99421e-06, 3.80348e-05, 7.07726e-06, 1.2475e-06, 7.89254e-06, 3.64e-05, 9.51799e-06, 2.36121e-07, 2.90934e-08, 6.18677e-05, 0.0200492, 

1.83058e-09, 2.07778e-08, 3.96762e-05, 3.02937e-05, 2.5333e-05, 2.85531e-05, 1.7885e-07, 1.05612e-05, 3.78199e-08, 9.5543e-06, 9.06587e-09, 1.76676e-08, 0.248, 3.28287, 3.66771e-06, 0.585633, 0.915725, 1.427e-08, 3.01872e-06, 1.73293e-06, 3.13485e-11, 1.09503e-07, 11.4694, 0.486681, 5.33863e-05, 4.05513e-06, 0.964423, 4.04182e-07, 4.89939e-05, 3.01321e-05, 5.26188e-10, 1.98592e-10, 2.12529e-05, 1.46475e-06, 5.51095e-05, 8.99421e-06, 0.226191, 8.89523e-08, 1.70779e-08, 1.59364e-05, 3.80348e-05, 7.07726e-06, 1.2475e-06, 7.89254e-06, 3.64e-05, 9.51799e-06, 2.36121e-07, 2.90934e-08, 5.80626e-05, 6.18677e-05, 

1.83058e-09, 3.35202e-09, 3.02937e-05, 2.85531e-05, 1.05612e-05, 3.78199e-08, 0.0322144, 3.01321e-05, 1.7885e-07, 5.96126e-09, 9.06587e-09, 1.76676e-08, 3.28287, 3.66771e-06, 0.585633, 0.915725, 1.427e-08, 1.70779e-08, 1.46475e-06, 2.5333e-05, 3.13485e-11, 1.09503e-07, 5.33863e-05, 4.05513e-06, 0.964423, 4.04182e-07, 0.0275529, 3.96762e-05, 8.99421e-06, 9.5543e-06, 5.26188e-10, 1.98592e-10, 2.12529e-05, 0.226191, 8.89523e-08, 1.59364e-05, 1.06311, 4.89939e-05, 1.73293e-06, 3.01872e-06, 7.07726e-06, 1.2475e-06, 7.89254e-06, 3.64e-05, 9.51799e-06, 2.36121e-07, 2.90934e-08, 2.07778e-08, 5.51095e-05, 5.80626e-05, 

1.83058e-09, 3.35202e-09, 3.02937e-05, 2.85531e-05, 1.05612e-05, 3.78199e-08, 1.7885e-07, 4.05513e-06, 1.59364e-05, 3.01321e-05, 9.06587e-09, 1.76676e-08, 2.54862, 3.66771e-06, 0.585633, 0.915725, 1.46475e-06, 1.427e-08, 5.33863e-05, 2.5333e-05, 3.13485e-11, 2.07778e-08, 4.04182e-07, 0.0275529, 3.96762e-05, 8.99421e-06, 9.5543e-06, 5.51095e-05, 5.90176e-06, 5.96126e-09, 5.26188e-10, 1.98592e-10, 2.12529e-05, 0.119576, 1.73293e-06, 3.01872e-06, 1.1864, 8.89523e-08, 4.89939e-05, 1.70779e-08, 7.07726e-06, 1.2475e-06, 7.89254e-06, 9.51799e-06, 2.36121e-07, 1.09503e-07, 2.90934e-08, 9.7182e-06, 5.80626e-05, 0.0036953, 

1.83058e-09, 3.35202e-09, 1.05612e-05, 3.78199e-08, 1.7885e-07, 4.05513e-06, 3.01321e-05, 5.90176e-06, 3.02937e-05, 5.96126e-09, 9.06587e-09, 1.76676e-08, 0.585633, 1.46475e-06, 2.5333e-05, 5.34782, 0.0314088, 2.12529e-05, 5.80626e-05, 1.427e-08, 3.13485e-11, 2.07778e-08, 4.04182e-07, 3.96762e-05, 8.99421e-06, 9.5543e-06, 5.51095e-05, 0.0036953, 0.0275529, 3.66771e-06, 5.26188e-10, 1.98592e-10, 1.73293e-06, 3.01872e-06, 8.89523e-08, 4.89939e-05, 1.70779e-08, 1.59364e-05, 2.85531e-05, 5.33863e-05, 7.07726e-06, 1.2475e-06, 7.89254e-06, 9.51799e-06, 2.36121e-07, 1.09503e-07, 2.90934e-08, 9.7182e-06, 0.0907723, 0.119576, 

1.83058e-09, 3.35202e-09, 1.7885e-07, 4.05513e-06, 3.01321e-05, 5.96126e-09, 0.00407807, 2.85531e-05, 1.34121e-07, 5.90176e-06, 9.06587e-09, 1.76676e-08, 0.585633, 2.5333e-05, 5.34782, 0.00201087, 2.12529e-05, 3.78199e-08, 1.427e-08, 1.70779e-08, 3.13485e-11, 2.07778e-08, 4.04182e-07, 3.96762e-05, 8.99421e-06, 9.5543e-06, 0.0036953, 3.02937e-05, 1.46475e-06, 8.89523e-08, 5.26188e-10, 1.98592e-10, 1.73293e-06, 3.01872e-06, 4.89939e-05, 1.59364e-05, 0.0930676, 5.33863e-05, 3.66771e-06, 1.05612e-05, 7.07726e-06, 1.2475e-06, 7.89254e-06, 9.51799e-06, 2.36121e-07, 1.09503e-07, 2.90934e-08, 1.71126e-07, 5.51095e-05, 5.80626e-05, 

1.83058e-09, 3.35202e-09, 1.7885e-07, 5.96126e-09, 1.34121e-07, 5.90176e-06, 0.954936, 1.05612e-05, 2.12529e-05, 1.59364e-05, 9.06587e-09, 1.76676e-08, 2.5333e-05, 5.34782, 0.00201087, 1.70779e-08, 8.8449, 3.78199e-08, 4.05513e-06, 5.33863e-05, 3.13485e-11, 2.07778e-08, 8.99421e-06, 9.5543e-06, 3.02937e-05, 1.46475e-06, 8.89523e-08, 4.04182e-07, 3.01872e-06, 2.85531e-05, 4.69115e-10, 1.98592e-10, 1.73293e-06, 4.89939e-05, 3.66771e-06, 1.26461, 3.5357, 3.96762e-05, 1.427e-08, 3.01321e-05, 7.07726e-06, 1.2475e-06, 7.89254e-06, 9.51799e-06, 2.36121e-07, 1.09503e-07, 2.90934e-08, 1.71126e-07, 5.51095e-05, 5.80626e-05, 

1.83058e-09, 2.11826e-10, 1.34121e-07, 5.90176e-06, 0.954936, 2.12529e-05, 3.94803e-10, 1.05612e-05, 3.66771e-06, 2.85531e-05, 9.06587e-09, 1.76676e-08, 0.00201087, 7.861, 3.78199e-08, 0.618245, 0.360054, 5.96126e-09, 1.59364e-05, 1.7885e-07, 3.13485e-11, 3.35202e-09, 8.99421e-06, 3.02937e-05, 1.46475e-06, 4.04182e-07, 1.1561, 8.89523e-08, 1.70779e-08, 2.5333e-05, 4.69115e-10, 1.98592e-10, 1.73293e-06, 3.5357, 1.427e-08, 3.01321e-05, 3.65808, 9.5543e-06, 3.01872e-06, 4.05513e-06, 7.07726e-06, 1.2475e-06, 7.89254e-06, 2.36121e-07, 1.09503e-07, 2.90934e-08, 1.71126e-07, 2.07778e-08, 3.96762e-05, 4.89939e-05, 

1.83058e-09, 2.11826e-10, 5.90176e-06, 2.12529e-05, 2.85531e-05, 1.68994, 5.02067, 3.94803e-10, 9.5543e-06, 3.01321e-05, 9.06587e-09, 1.76676e-08, 0.618245, 0.360054, 1.59364e-05, 1.7885e-07, 1.31189, 1.46475e-06, 1.05612e-05, 4.04182e-07, 3.13485e-11, 3.35202e-09, 3.02937e-05, 8.89523e-08, 2.5333e-05, 5.05889, 0.264324, 3.78199e-08, 3.66771e-06, 5.96126e-09, 4.69115e-10, 1.98592e-10, 1.73293e-06, 1.427e-08, 3.01872e-06, 4.05513e-06, 0.672236, 8.99421e-06, 1.70779e-08, 1.34121e-07, 7.07726e-06, 1.2475e-06, 7.89254e-06, 2.36121e-07, 1.09503e-07, 2.90934e-08, 1.71126e-07, 2.07778e-08, 3.96762e-05, 4.89939e-05, 

1.83058e-09, 2.11826e-10, 2.12529e-05, 0.0142334, 9.5543e-06, 3.01321e-05, 0.0046723, 2.5333e-05, 1.59364e-05, 3.66771e-06, 9.06587e-09, 1.76676e-08, 0.618245, 1.31189, 1.05612e-05, 4.66931, 3.15007, 8.89523e-08, 1.73293e-06, 1.46475e-06, 3.13485e-11, 3.35202e-09, 3.02937e-05, 5.05889, 3.78199e-08, 5.96126e-09, 4.02731, 4.04182e-07, 1.7885e-07, 3.94803e-10, 3.29804e-10, 1.98592e-10, 4.05513e-06, 8.99421e-06, 1.70779e-08, 1.34121e-07, 4.11729, 3.01872e-06, 1.427e-08, 5.90176e-06, 7.07726e-06, 1.2475e-06, 2.36121e-07, 1.09503e-07, 2.90934e-08, 1.71126e-07, 2.07778e-08, 3.16993e-06, 2.85531e-05, 3.96762e-05, 

1.83058e-09, 2.11826e-10, 2.12529e-05, 0.0142334, 9.5543e-06, 0.0046723, 3.66771e-06, 3.78199e-08, 1.59364e-05, 8.99421e-06, 9.06587e-09, 1.76676e-08, 1.31189, 1.05612e-05, 8.89523e-08, 1.73293e-06, 1.60221, 3.01321e-05, 1.427e-08, 1.46475e-06, 3.13485e-11, 3.35202e-09, 5.96126e-09, 4.02731, 4.04182e-07, 1.7885e-07, 0.154743, 2.85531e-05, 5.90176e-06, 3.02937e-05, 3.29804e-10, 1.98592e-10, 4.05513e-06, 1.34121e-07, 0.577572, 3.01872e-06, 0.159546, 2.5333e-05, 1.70779e-08, 3.94803e-10, 7.07726e-06, 1.2475e-06, 2.36121e-07, 1.09503e-07, 2.90934e-08, 1.71126e-07, 2.07778e-08, 3.16993e-06, 3.96762e-05, 0.00140831, 

1.83058e-09, 2.11826e-10, 2.12529e-05, 9.5543e-06, 0.0046723, 8.99421e-06, 0.223817, 3.01321e-05, 2.85531e-05, 3.22666e-06, 9.06587e-09, 5.3443e-09, 1.05612e-05, 8.89523e-08, 1.73293e-06, 1.427e-08, 0.540949, 1.70779e-08, 3.78199e-08, 1.59364e-05, 3.13485e-11, 3.35202e-09, 5.96126e-09, 4.02731, 4.04182e-07, 5.90176e-06, 0.879244, 1.7885e-07, 3.01872e-06, 3.02937e-05, 3.29804e-10, 1.98592e-10, 1.34121e-07, 0.11693, 2.5333e-05, 3.94803e-10, 2.16871, 3.66771e-06, 4.05513e-06, 1.46475e-06, 1.2475e-06, 2.36121e-07, 1.09503e-07, 2.90934e-08, 1.71126e-07, 2.07778e-08, 3.16993e-06, 5.01105e-06, 3.96762e-05, 0.00140831, 

1.83058e-09, 2.11826e-10, 9.5543e-06, 8.99421e-06, 2.85531e-05, 3.21115e-07, 0.468519, 8.89523e-08, 1.7885e-07, 1.04795e-07, 9.06587e-09, 5.3443e-09, 1.427e-08, 1.70779e-08, 3.78199e-08, 1.59364e-05, 5.12214, 5.96126e-09, 3.01872e-06, 3.66771e-06, 3.13485e-11, 3.35202e-09, 4.02731, 4.04182e-07, 0.25108, 3.02937e-05, 20.0769, 5.90176e-06, 1.46475e-06, 2.12529e-05, 1.62589e-10, 1.61871e-10, 1.34121e-07, 3.94803e-10, 2.16871, 4.05513e-06, 2.94871, 1.05612e-05, 2.5333e-05, 1.73293e-06, 1.2475e-06, 2.36121e-07, 1.09503e-07, 2.90934e-08, 1.71126e-07, 2.07778e-08, 3.16993e-06, 9.39018e-08, 3.01321e-05, 3.96762e-05, 

Best:
-5.59897e-06	

Fitness Evaluations:
3369

End Population
(-4.278528e-05), (1.455425e-05), (-3.091003e-03), (2.999035e-03), (5.343509e-03), (5.666702e-04), (-6.844843e-01), (2.982487e-04), (4.229071e-04), (3.237204e-04), (9.521486e-05), (7.310472e-05), (1.194570e-04), (1.306826e-04), (1.944734e-04), (-3.992042e-03), (-2.263213e+00), (7.720917e-05), (1.737447e-03), (-1.915126e-03), (-5.598974e-06), (5.789667e-05), (2.006817e+00), (6.357535e-04), (5.010792e-01), (-5.503971e-03), (-4.480724e+00), (-2.429354e-03), (-1.210269e-03), (4.610090e-03), (-1.275102e-05), (-1.272283e-05), (3.662250e-04), (1.986964e-05), (1.472655e+00), (-2.013736e-03), (1.717180e+00), (3.249802e-03), (5.033186e-03), (-1.316406e-03), (-1.116916e-03), (4.859230e-04), (3.309118e-04), (-1.705677e-04), (4.136735e-04), (1.441451e-04), (-1.780430e-03), (3.064340e-04), (5.489271e-03), (-6.298901e-03), 