Iterations: 50
Function Evaluations Limit: 150000
Population: 50

Prides Length: 4

Percent Nomads: 0.2
Percent Roaming: 0.2
Percent Sex: 0.8

Mating Rate: 0.3
Mutation Probability: 0.2
Immigration Rate: 0.4

Dimensions: 1
N-Dimension Space: -5:5

Fitness Iterations:
0.0323206
13.8373, 14.5822, 2.77315, 21.8462, 24.9081, 3.94201, 0.374541, 0.153088, 10.8161, 10.3599, 12.6396, 0.0323206, 2.09568, 0.514763, 23.1975, 11.8058, 0.154245, 9.58316, 14.3936, 1.71829, 6.16002, 0.706765, 2.43744, 0.688674, 10.522, 7.49732, 23.2964, 5.30145, 0.801159, 5.50931, 11.4593, 10.3191, 16.5086, 14.4137, 22.7994, 15.3845, 0.558617, 5.72511, 10.0972, 0.89031, 1.53086, 3.92458, 1.33127, 9.55282, 1.37103, 3.50742, 4.04407, 2.76686, 4.39151, 2.86203, 

0.383071, 0.910498, 1.33329, 0.304873, 2.03238, 0.964159, 5.11973, 0.0466192, 0.558617, 0.201955, 0.0323206, 0.273438, 2.09568, 0.514763, 9.58316, 12.4458, 0.363715, 2.49437, 4.62463, 0.14897, 0.706765, 0.569908, 5.30145, 0.801159, 0.488966, 1.03532, 0.585166, 1.80592, 0.154245, 0.153088, 1.31592, 3.92458, 12.8842, 10.0972, 0.89031, 17.7626, 11.4156, 0.808803, 4.39151, 0.899698, 1.53086, 2.36786, 3.50742, 2.76686, 1.37103, 1.01852, 1.33127, 1.31552, 5.72511, 6.58884, 

0.225314, 0.207693, 1.33329, 0.71912, 0.964159, 0.558617, 0.201955, 0.14897, 0.0466192, 0.578788, 0.0323206, 0.171004, 0.514763, 0.363715, 4.62463, 0.233989, 1.81998, 0.621903, 0.591217, 0.369694, 0.451843, 0.49906, 0.801159, 0.488966, 0.585166, 1.80592, 7.80469, 0.572199, 0.153088, 0.304873, 0.224747, 0.733007, 0.89031, 0.322843, 0.263878, 0.372126, 2.3552, 0.482533, 0.542656, 0.067804, 1.09508, 1.37103, 0.569908, 1.33127, 1.31552, 0.49729, 0.273438, 1.31592, 0.783136, 0.898035, 

0.12286, 0.16242, 0.71912, 0.964159, 0.14897, 0.0466192, 8.40029, 0.0174038, 0.153088, 0.201955, 0.0108278, 0.171004, 0.514763, 0.233989, 1.81998, 0.55381, 0.328273, 0.369694, 0.0745043, 0.542656, 0.139986, 0.0266587, 0.801159, 0.488966, 0.0104834, 1.80592, 0.304873, 0.591217, 0.572199, 0.15342, 0.224747, 0.255595, 0.322843, 0.372126, 0.00209714, 0.482533, 0.067804, 0.363715, 0.578788, 0.263878, 1.09508, 0.77809, 0.569908, 0.0323206, 0.616023, 0.273438, 0.227857, 0.931396, 0.783136, 0.89031, 

0.0323206, 0.0649728, 0.330026, 0.0174038, 0.153088, 0.201955, 0.0747105, 0.067804, 0.322843, 0.0104834, 0.0108278, 0.025978, 0.514763, 0.233989, 0.0745043, 0.00840196, 0.328502, 0.0632229, 0.328273, 0.369694, 0.100493, 0.0266587, 0.488966, 1.80592, 0.304873, 0.024606, 2.91725, 0.14897, 0.372126, 0.15342, 0.0814368, 0.0253249, 0.00209714, 0.482533, 0.00423119, 0.0815861, 0.100763, 0.0466192, 0.0258202, 0.263878, 0.12286, 0.273438, 0.227857, 0.290382, 0.171004, 0.142849, 0.224747, 0.139986, 0.464752, 0.55381, 

0.0318465, 0.0649728, 0.153088, 0.0292644, 0.0397564, 0.322843, 0.21379, 0.0628487, 0.0224071, 0.15342, 0.0108278, 0.025978, 0.233989, 0.328502, 0.0632229, 0.573567, 1.26223, 0.00840196, 0.14897, 0.0104834, 0.100493, 0.0266587, 0.488966, 0.304873, 0.024606, 0.372126, 3.34168, 0.0258202, 0.201955, 0.0745043, 0.0268849, 0.0253249, 0.00209714, 0.482533, 0.00423119, 0.0815861, 12.4614, 0.0466192, 0.0174038, 0.089636, 0.12286, 0.227857, 0.171004, 0.0323206, 0.224747, 0.139986, 0.225372, 0.0897819, 0.263878, 0.328273, 

0.0164507, 0.00269126, 0.153088, 0.0397564, 0.12427, 0.0379456, 0.00905717, 0.024606, 0.174847, 0.0745043, 0.0108278, 0.025978, 0.328502, 0.0632229, 1.26223, 0.14897, 6.35088, 0.00107282, 0.0224071, 0.089636, 0.0323206, 0.0266587, 0.372126, 3.34168, 0.029331, 0.0270339, 6.74034, 0.0104834, 0.00423119, 0.0628487, 0.00489154, 0.0253249, 0.00209714, 0.0815861, 0.0466192, 0.0174038, 3.37842, 0.0258202, 0.00840196, 0.0058492, 0.12286, 0.171004, 0.0495516, 0.224747, 0.139986, 0.0897819, 0.0586336, 0.0318465, 0.21379, 0.263878, 

0.00269126, 0.00778134, 0.0397564, 0.0379456, 0.024606, 0.00931784, 1.67574, 0.00209714, 0.0628487, 0.0258202, 0.0108278, 0.025978, 0.14897, 1.81022, 0.00107282, 0.0224071, 0.634641, 0.0241295, 0.089636, 0.0466192, 0.000209969, 0.0164507, 3.34168, 0.029331, 0.0270339, 6.74034, 3.36607, 0.00840196, 0.0104834, 0.00423119, 0.00489154, 0.0253249, 0.0815861, 0.0174038, 3.37842, 0.0058492, 0.707585, 0.00905717, 0.0110915, 0.0632229, 0.106211, 0.0495516, 0.139986, 0.0897819, 0.0586336, 0.0318465, 0.10998, 0.0266587, 0.12427, 0.153088, 

0.00269126, 0.00778134, 0.0397564, 0.024606, 0.00212487, 1.67574, 0.0625166, 0.0234338, 0.00107282, 0.00209714, 0.0108278, 0.025978, 1.81022, 0.0224071, 0.089636, 1.12564, 0.813904, 0.00905717, 0.0270339, 0.029331, 0.000209969, 0.00601366, 3.34168, 6.74034, 2.78346, 0.0104834, 0.00423119, 0.0241295, 0.0379456, 0.00847195, 0.00489154, 0.00950621, 0.0174038, 1.06078, 0.0058492, 0.0110915, 0.0632229, 0.0258202, 0.014305, 0.00840196, 0.106211, 0.0495516, 0.0897819, 0.0586336, 0.0318465, 0.0266587, 0.0342858, 0.0175712, 0.0466192, 0.12427, 

0.00269126, 0.00655707, 0.0182715, 0.024606, 0.0625166, 0.00107282, 0.477633, 0.0270339, 0.029331, 0.0224071, 0.00950621, 0.00633319, 1.81022, 0.813904, 0.00905717, 2.26945, 2.36398, 0.00840196, 0.0234338, 0.00212487, 0.000209969, 0.00601366, 1.44863, 0.0104834, 0.00423119, 0.00847195, 0.0648986, 0.0258202, 0.014305, 0.00209714, 6.52915e-05, 0.000767508, 0.0174038, 1.06078, 0.0058492, 0.0110915, 3.5856, 0.0132386, 0.0241295, 4.46787e-05, 0.0318465, 0.00374318, 0.0342858, 0.0175712, 0.0404443, 0.0278545, 0.0119025, 0.0108278, 0.0379456, 0.0466192, 

0.00269126, 0.00374318, 0.024606, 0.0625166, 0.00107282, 3.77576e-05, 0.0224071, 0.0132386, 0.00847195, 0.0270339, 1.71458e-06, 4.38745e-05, 1.81022, 2.26945, 0.00212487, 1.02259, 1.85604, 0.00840196, 0.0258202, 0.00905717, 0.000209969, 0.00601366, 1.44863, 0.0104834, 0.0648986, 0.014305, 0.00209714, 0.0182715, 4.46787e-05, 0.00423119, 6.52915e-05, 0.000539909, 0.0174038, 0.0058492, 0.0110915, 3.5856, 1.99401, 0.0241295, 0.0234338, 0.0152124, 0.0318465, 0.00655707, 0.0342858, 0.0175712, 0.0278545, 0.0119025, 0.0108278, 0.0131103, 0.0379456, 0.0466192, 

0.0011397, 0.00374318, 3.77576e-05, 0.0224071, 0.0132386, 0.0270339, 2.08573, 0.0104834, 4.46787e-05, 0.00905717, 1.71458e-06, 4.38745e-05, 1.81022, 2.26945, 0.0258202, 1.39132, 1.09257, 0.0174038, 0.00212487, 0.00209714, 0.000209969, 0.00601366, 0.252763, 0.00101382, 0.0182715, 0.00423119, 0.849403, 0.0241295, 0.024606, 0.00840196, 6.52915e-05, 0.000539909, 0.0110915, 1.99401, 0.0234338, 0.0152124, 3.15057, 0.00107282, 0.0058492, 0.00847195, 0.0318465, 0.00655707, 0.0342858, 0.0175712, 0.0278545, 0.0119025, 0.0108278, 0.0131103, 0.0379456, 0.0466192, 

0.000729302, 0.000198481, 3.77576e-05, 0.0132386, 0.0085838, 0.399065, 2.30894e-05, 0.00395215, 0.0234338, 4.46787e-05, 1.71458e-06, 4.38745e-05, 1.81022, 2.26945, 1.09257, 0.00212487, 0.214752, 0.00101382, 0.00423119, 0.00209714, 0.000209969, 0.00601366, 0.0182715, 0.849403, 0.024606, 0.00840196, 0.859624, 0.0104834, 0.0058492, 3.7769e-05, 6.52915e-05, 0.000539909, 0.00214124, 0.700267, 0.0152124, 0.0827142, 0.00847195, 0.00107282, 0.0174038, 0.00255181, 0.00655707, 0.0175712, 0.0278545, 0.0119025, 0.0108278, 0.0131103, 0.00131343, 0.0187117, 0.0241295, 0.0331125, 

0.000729302, 5.27706e-05, 3.77576e-05, 0.0132386, 0.399065, 0.00395215, 4.46787e-05, 0.00214124, 0.0234338, 0.00338491, 1.71458e-06, 4.38745e-05, 0.00212487, 0.214752, 0.00101382, 0.00209714, 0.00814011, 0.00107282, 2.30894e-05, 0.0058492, 0.000209969, 0.00573434, 0.0182715, 0.859624, 0.0104834, 3.7769e-05, 7.70538, 0.0241295, 0.0085838, 0.00423119, 3.42237e-05, 0.000537524, 0.0152124, 0.0827142, 0.00847195, 0.00255181, 5.34669, 0.024606, 0.00840196, 0.0174038, 0.00655707, 0.0175712, 0.0119025, 0.0108278, 0.0131103, 0.00131343, 0.0187117, 0.0038189, 0.0331125, 0.700267, 

0.000729302, 5.27706e-05, 3.77576e-05, 0.399065, 0.00214124, 0.0234338, 0.00338491, 0.0132386, 0.00847195, 4.46787e-05, 1.71458e-06, 8.30295e-06, 0.00212487, 0.00101382, 2.30894e-05, 1.1872, 0.000405841, 0.0156117, 0.0154345, 0.00395215, 0.000209969, 0.00131343, 0.859624, 0.0104834, 3.7769e-05, 0.00423119, 4.64895, 0.00209714, 0.00107282, 0.0152124, 3.42237e-05, 9.21514e-05, 0.00255181, 0.024606, 0.00325646, 0.0174038, 1.18163, 0.00814011, 0.00398414, 0.0058492, 0.00655707, 0.0119025, 0.0108278, 0.0131103, 0.00573434, 0.0038189, 0.0174317, 0.000537524, 0.0182715, 0.0241295, 

0.000729302, 5.27706e-05, 0.399065, 0.00338491, 4.46787e-05, 2.36544, 2.62718, 3.77576e-05, 0.00640629, 0.00212487, 1.71458e-06, 8.30295e-06, 2.30894e-05, 1.1872, 0.000405841, 0.00395215, 0.780663, 0.0132386, 3.7769e-05, 0.00325646, 0.000209969, 0.000454538, 0.0104834, 4.64895, 0.00209714, 0.00107282, 0.216143, 0.0152124, 0.00423119, 0.00214124, 3.42237e-05, 6.34975e-06, 0.00255181, 0.024606, 0.00814011, 0.00398414, 0.0058492, 0.00101382, 0.003021, 0.00847195, 0.00655707, 0.0119025, 0.0108278, 0.000599413, 0.00573434, 0.0038189, 0.000537524, 0.0107256, 0.0154345, 0.0174038, 

5.27706e-05, 0.000404133, 0.399065, 4.46787e-05, 3.77576e-05, 0.0010105, 0.000464657, 3.7769e-05, 0.00395215, 0.00255181, 1.71458e-06, 8.30295e-06, 0.780663, 0.0132386, 0.000254363, 0.925655, 0.722555, 0.00214124, 0.00423119, 0.000405841, 0.000209969, 0.000454538, 0.0104834, 4.64895, 0.00107282, 0.0152124, 0.400281, 0.00209714, 0.0058492, 0.00338491, 1.24542e-05, 6.34975e-06, 0.024606, 0.00814011, 0.00101382, 0.003021, 0.00847195, 2.30894e-05, 0.00212487, 0.00398414, 0.00655707, 0.0108278, 0.000599413, 0.00195852, 0.0038189, 0.000537524, 0.0107256, 0.000729302, 0.0154345, 0.0157462, 

5.27706e-05, 0.000235991, 0.399065, 3.77576e-05, 0.0010105, 0.000464657, 0.000343834, 3.7769e-05, 2.30894e-05, 4.46787e-05, 1.71458e-06, 8.30295e-06, 0.780663, 0.000254363, 0.925655, 0.722555, 0.00214124, 0.00423119, 0.00814011, 0.00255181, 0.000209969, 0.000404133, 0.0152124, 0.00209714, 0.0058492, 0.00338491, 0.570395, 0.000125837, 0.00212487, 0.000709713, 1.24542e-05, 6.34975e-06, 0.024606, 0.00101382, 0.00847195, 0.0885526, 0.137473, 0.00107282, 0.003021, 0.000405841, 0.00655707, 0.000599413, 0.00195852, 0.0038189, 0.000537524, 0.0107256, 0.000729302, 0.000454538, 0.0104834, 0.0132386, 

5.27706e-05, 5.75157e-05, 0.000343834, 3.7769e-05, 2.30894e-05, 4.46787e-05, 18.5415, 0.000464657, 0.00338491, 0.00423119, 1.71458e-06, 8.30295e-06, 0.925655, 0.00214124, 0.00255181, 0.506406, 0.0714103, 0.000709713, 0.000125837, 0.00107282, 0.00015212, 7.95439e-05, 0.000219392, 0.00171489, 0.106473, 0.00212487, 0.00071645, 0.000405841, 0.0010105, 0.00847195, 1.24542e-05, 6.34975e-06, 0.00101382, 0.137473, 0.003021, 2.60708, 0.000800803, 0.00814011, 0.000254363, 3.77576e-05, 0.000599413, 0.000537524, 0.000729302, 0.000454538, 0.000560474, 0.000209969, 0.000555231, 0.000738196, 0.0104834, 0.0132386, 

5.27706e-05, 5.75157e-05, 3.7769e-05, 0.000464657, 0.00423119, 0.467567, 0.408787, 2.30894e-05, 0.000343834, 0.00338491, 1.71458e-06, 4.18154e-07, 0.00214124, 0.0714103, 1.97359e-05, 0.000125837, 8.36093e-07, 0.00107282, 4.46787e-05, 0.000219392, 8.30295e-06, 7.95439e-05, 0.00496724, 0.00212487, 0.00071645, 0.000405841, 0.00825208, 0.00171489, 0.00255181, 0.000254363, 1.24542e-05, 7.20384e-07, 0.00101382, 0.000800803, 3.77576e-05, 11.0282, 3.67869, 0.0010105, 0.003021, 0.00814011, 0.000599413, 0.000537524, 0.000729302, 0.000454538, 0.000560474, 0.000209969, 0.000555231, 0.00015212, 0.00847195, 0.0104834, 

3.63833e-05, 1.81474e-05, 3.7769e-05, 0.408787, 0.000343834, 0.00338491, 15.4805, 0.00215936, 0.000464657, 0.00107282, 1.71458e-06, 4.18154e-07, 0.000125837, 8.36093e-07, 4.46787e-05, 0.000219392, 0.000690778, 2.30894e-05, 0.00101382, 0.00255181, 8.30295e-06, 7.95439e-05, 0.00212487, 0.00071645, 0.000405841, 0.00825208, 0.00171489, 0.000254363, 0.0010105, 1.97359e-05, 1.24542e-05, 7.20384e-07, 0.000800803, 3.67869, 0.00814011, 1.65006, 5.43618, 0.00214124, 0.003021, 3.77576e-05, 0.000599413, 0.000537524, 0.000454538, 0.000560474, 0.000209969, 0.000555231, 0.00015212, 0.00060495, 0.00496724, 0.00847195, 

9.53222e-06, 1.81474e-05, 3.7769e-05, 0.00338491, 0.000464657, 0.00107282, 0.048119, 0.003021, 0.00496724, 0.00215936, 1.03477e-06, 4.18154e-07, 0.000125837, 0.000219392, 0.000690778, 2.30894e-05, 7.53615, 0.00255181, 0.0010105, 4.46787e-05, 8.30295e-06, 7.95439e-05, 0.00212487, 0.00071645, 0.000405841, 0.00171489, 1.97359e-05, 8.70329e-06, 0.00101382, 0.000254363, 1.24542e-05, 7.20384e-07, 0.000800803, 5.43618, 0.00214124, 4.18158, 0.56091, 3.77576e-05, 8.36093e-07, 0.000343834, 0.000599413, 0.000537524, 0.000454538, 0.000560474, 0.000209969, 0.000555231, 0.00015212, 3.63833e-05, 0.00611638, 0.00814011, 

9.53222e-06, 1.81474e-05, 3.7769e-05, 0.048119, 0.003021, 0.00496724, 0.243884, 0.00071645, 0.00107282, 0.000254363, 1.03477e-06, 4.18154e-07, 0.000125837, 0.000219392, 7.53615, 0.00255181, 4.46787e-05, 2.30894e-05, 0.000464657, 0.000343834, 2.75039e-06, 3.63833e-05, 0.000405841, 1.97359e-05, 8.70329e-06, 0.00101382, 3.7955, 0.00171489, 0.00212487, 0.0010105, 1.24542e-05, 7.20384e-07, 0.000800803, 4.18158, 0.56091, 3.77576e-05, 1.18559, 8.36093e-07, 0.000574058, 0.000657352, 0.000537524, 0.000454538, 0.000560474, 0.000209969, 0.000555231, 0.00015212, 7.95439e-05, 0.000517119, 0.00214124, 0.00215936, 

9.53222e-06, 1.81474e-05, 2.39064e-05, 0.003021, 0.00071645, 0.1321, 8.18008, 3.77576e-05, 0.00214124, 0.00212487, 1.03477e-06, 4.18154e-07, 0.000125837, 1.19574, 2.30894e-05, 0.000343834, 0.369376, 0.00107282, 8.36093e-07, 0.000219392, 2.75039e-06, 3.63833e-05, 0.000405841, 8.70329e-06, 0.00101382, 0.378067, 0.0010105, 0.000254363, 0.00171489, 1.97359e-05, 1.24542e-05, 7.20384e-07, 0.000800803, 0.810078, 0.000574058, 0.000657352, 1.2589, 0.00215936, 0.000464657, 4.46787e-05, 0.000537524, 0.000454538, 0.000560474, 0.000209969, 0.000555231, 0.00015212, 7.95439e-05, 0.000517119, 0.00255181, 0.00496724, 

9.53222e-06, 1.81474e-05, 0.003021, 0.000343254, 8.18008, 0.00214124, 3.20138, 0.000125837, 2.30894e-05, 2.39064e-05, 1.03038e-06, 4.18154e-07, 1.19574, 0.369376, 8.36093e-07, 0.000219392, 0.0018287, 0.00071645, 0.000574058, 4.46787e-05, 2.75039e-06, 3.63833e-05, 0.000405841, 8.70329e-06, 0.000254363, 0.00171489, 0.000476956, 0.000200488, 1.97359e-05, 0.000343834, 1.24542e-05, 7.20384e-07, 0.000800803, 0.0593414, 0.000657352, 0.00215936, 5.08319, 0.0010105, 0.000464657, 3.77576e-05, 0.000537524, 0.000454538, 0.000209969, 0.000555231, 0.00015212, 7.95439e-05, 0.000517119, 0.000450726, 0.00101382, 0.00107282, 

9.53222e-06, 1.31767e-05, 0.003021, 0.000343254, 8.18008, 0.00214124, 2.30894e-05, 2.39064e-05, 0.000574058, 0.000668727, 1.03038e-06, 4.18154e-07, 0.369376, 8.36093e-07, 0.0018287, 0.00071645, 0.125873, 1.97359e-05, 0.000343834, 4.46787e-05, 2.75039e-06, 3.63833e-05, 8.70329e-06, 0.000254363, 0.00171489, 0.000200488, 0.793658, 0.000125837, 1.59728e-05, 0.000176438, 1.24542e-05, 7.20384e-07, 0.000800803, 0.000657352, 0.0010105, 0.000464657, 0.517456, 0.000405841, 0.000219392, 3.77576e-05, 0.000454538, 0.000209969, 0.00015212, 7.95439e-05, 0.000517119, 0.000450726, 0.000302875, 0.000208427, 0.00101382, 0.00107282, 

9.53222e-06, 1.31767e-05, 7.00528, 0.00214124, 2.30894e-05, 0.000574058, 1.21911, 2.39064e-05, 4.46787e-05, 8.70329e-06, 1.03038e-06, 4.18154e-07, 8.36093e-07, 0.00071645, 0.125873, 1.97359e-05, 0.000343834, 0.000668727, 0.000800803, 0.000657352, 2.75039e-06, 2.01728e-05, 0.00171489, 0.793658, 1.59728e-05, 0.000176438, 0.426083, 0.000200488, 0.000343254, 0.000125837, 1.24542e-05, 7.20384e-07, 0.000464657, 0.000405841, 0.000219392, 3.77576e-05, 1.78403, 0.000254363, 0.00101382, 0.0010105, 0.000454538, 0.000209969, 0.00015212, 7.95439e-05, 0.000517119, 0.000450726, 0.000302875, 0.000208427, 0.00107282, 0.0018287, 

9.53222e-06, 1.31767e-05, 0.00214124, 2.39064e-05, 4.46787e-05, 8.70329e-06, 4.69965, 0.000254363, 8.36093e-07, 0.0010105, 1.03038e-06, 4.18154e-07, 0.00071645, 1.97359e-05, 0.000668727, 0.000657352, 1.07356, 0.000343254, 0.000176438, 2.30894e-05, 2.75039e-06, 2.01728e-05, 0.426083, 0.000200488, 0.000125837, 22.0027, 0.0829739, 0.000464657, 1.59728e-05, 0.000343834, 1.24542e-05, 7.20384e-07, 0.000405841, 0.000219392, 1.51182, 0.538725, 0.193827, 0.000800803, 3.77576e-05, 0.000574058, 0.000454538, 0.000209969, 0.00015212, 7.95439e-05, 0.000517119, 0.000450726, 0.000302875, 0.000208427, 0.00101382, 0.00107282, 

9.53222e-06, 1.31767e-05, 2.39064e-05, 8.70329e-06, 4.69965, 0.000254363, 8.36093e-07, 1.59728e-05, 2.0277e-05, 0.0010105, 1.03038e-06, 4.18154e-07, 1.97359e-05, 0.000176438, 2.30894e-05, 6.24763, 3.53541, 0.000343834, 0.00071645, 0.000657352, 2.75039e-06, 2.01728e-05, 0.000200488, 0.000125837, 0.220677, 0.00264941, 0.0538404, 0.000464657, 0.000343254, 6.1463e-05, 1.24542e-05, 7.20384e-07, 0.000405841, 0.000219392, 1.51182, 0.000800803, 0.000574058, 4.46787e-05, 3.77576e-05, 0.000668727, 0.000454538, 0.000209969, 0.00015212, 7.95439e-05, 0.000450726, 0.000302875, 0.000208427, 6.11652e-05, 0.00101382, 0.00107282, 

8.69087e-06, 3.33038e-06, 8.70329e-06, 4.69965, 0.000254363, 8.36093e-07, 0.0672038, 0.000343834, 0.000464657, 2.39064e-05, 1.03038e-06, 1.43473e-09, 1.97359e-05, 6.24763, 0.00071645, 0.000657352, 0.604709, 0.000343254, 3.35145e-06, 2.0277e-05, 2.75039e-06, 1.31767e-05, 0.000200488, 0.220677, 8.04241e-05, 0.0538404, 0.654799, 0.000405841, 1.59728e-05, 0.000176438, 1.24542e-05, 5.65857e-08, 0.000219392, 0.000800803, 4.46787e-05, 3.77576e-05, 1.33919, 6.1463e-05, 2.30894e-05, 5.66507e-05, 0.000209969, 0.00015212, 7.95439e-05, 0.000450726, 0.000302875, 0.000208427, 6.11652e-05, 2.01728e-05, 0.000574058, 0.000668727, 

1.16902e-07, 3.33038e-06, 0.826096, 0.000343834, 0.000464657, 2.39064e-05, 0.00472805, 8.36093e-07, 0.000254363, 3.35145e-06, 1.03038e-06, 1.43473e-09, 6.24763, 0.00071645, 0.000657352, 0.000343254, 6.26307e-06, 8.70329e-06, 0.000176438, 5.66507e-05, 2.75039e-06, 6.08302e-06, 0.220677, 0.0538404, 0.654799, 1.59728e-05, 0.876874, 1.97359e-05, 8.04241e-05, 4.46787e-05, 1.24542e-05, 5.65857e-08, 3.77576e-05, 1.33919, 6.1463e-05, 2.30894e-05, 0.369207, 2.0277e-05, 0.000200488, 0.000219392, 0.000209969, 0.00015212, 7.95439e-05, 0.000302875, 0.000208427, 6.11652e-05, 2.01728e-05, 1.24092e-05, 0.000405841, 0.000574058, 

1.16902e-07, 3.33038e-06, 0.000343834, 2.39064e-05, 0.00472805, 0.000254363, 0.26627, 8.04241e-05, 5.66507e-05, 8.36093e-07, 1.03038e-06, 1.43473e-09, 6.24763, 0.00071645, 0.000657352, 8.70329e-06, 0.000176438, 9.68321e-05, 4.95079e-06, 4.46787e-05, 2.75039e-06, 6.08302e-06, 0.220677, 0.0538404, 1.59728e-05, 0.876874, 7.18102e-06, 1.3517e-05, 3.35145e-06, 0.000343254, 1.24542e-05, 5.65857e-08, 6.1463e-05, 2.30894e-05, 0.369207, 0.000200488, 5.5234e-05, 6.26307e-06, 3.77576e-05, 2.0277e-05, 0.00015212, 7.95439e-05, 6.11652e-05, 2.01728e-05, 1.24092e-05, 5.88553e-05, 7.05023e-06, 1.26831e-05, 0.000405841, 0.000464657, 

1.16902e-07, 3.33038e-06, 0.000343834, 0.175334, 8.04241e-05, 5.66507e-05, 0.643247, 0.000254363, 0.000343254, 1.3517e-05, 1.03038e-06, 1.43473e-09, 0.000176438, 9.68321e-05, 4.95079e-06, 0.728266, 0.598652, 3.77576e-05, 0.000405841, 8.36093e-07, 2.75039e-06, 6.08302e-06, 0.220677, 1.59728e-05, 7.18102e-06, 3.35145e-06, 6.14154, 4.46787e-05, 2.0277e-05, 0.000233976, 1.24542e-05, 5.65857e-08, 6.1463e-05, 2.30894e-05, 0.00224142, 0.000200488, 6.26307e-06, 5.5234e-05, 8.70329e-06, 2.39064e-05, 0.00015212, 7.95439e-05, 6.11652e-05, 2.01728e-05, 1.24092e-05, 5.88553e-05, 7.05023e-06, 1.26831e-05, 0.000464657, 0.000521376, 

1.16902e-07, 3.33038e-06, 0.000343834, 8.04241e-05, 5.66507e-05, 2.22101, 2.42814, 3.77576e-05, 5.5234e-05, 6.1463e-05, 1.03038e-06, 1.43473e-09, 0.000176438, 9.68321e-05, 0.227709, 0.000405841, 0.054207, 2.39064e-05, 0.000254363, 8.36093e-07, 2.75039e-06, 6.08302e-06, 0.220677, 7.18102e-06, 3.35145e-06, 4.46787e-05, 2.0277e-05, 1.59728e-05, 4.95079e-06, 1.3517e-05, 5.65857e-08, 5.62128e-06, 2.30894e-05, 0.00224142, 6.26307e-06, 8.70329e-06, 3.76307e-06, 0.000200488, 0.000233976, 0.000343254, 7.95439e-05, 6.11652e-05, 2.01728e-05, 1.24092e-05, 5.88553e-05, 7.05023e-06, 1.26831e-05, 1.24542e-05, 0.000464657, 0.000521376, 

1.16902e-07, 3.33038e-06, 5.66507e-05, 2.42814, 5.5234e-05, 6.1463e-05, 0.0566254, 7.18102e-06, 1.59728e-05, 2.30894e-05, 1.03038e-06, 1.43473e-09, 0.0965356, 0.054207, 2.39064e-05, 8.36093e-07, 3.978, 0.000200488, 0.000233976, 0.000176438, 2.75039e-06, 6.08302e-06, 4.46787e-05, 2.0277e-05, 4.95079e-06, 1.3517e-05, 0.253403, 9.68321e-05, 0.000235993, 6.3418e-06, 5.65857e-08, 5.62128e-06, 0.00224142, 6.26307e-06, 8.70329e-06, 0.0260669, 2.54954, 3.76307e-06, 8.04241e-05, 3.35145e-06, 7.95439e-05, 6.11652e-05, 2.01728e-05, 1.24092e-05, 5.88553e-05, 7.05023e-06, 1.26831e-05, 1.24542e-05, 0.000254363, 0.000343254, 

1.16902e-07, 3.33038e-06, 5.5234e-05, 6.1463e-05, 0.0566254, 0.394983, 0.479498, 8.36093e-07, 2.30894e-05, 1.59728e-05, 1.03038e-06, 1.43473e-09, 0.0965356, 0.054207, 2.39064e-05, 0.000176438, 2.87913, 0.000235993, 1.3517e-05, 3.76307e-06, 2.25993e-06, 6.08302e-06, 4.46787e-05, 2.0277e-05, 4.95079e-06, 9.68321e-05, 6.3418e-06, 0.000343254, 5.66507e-05, 0.000254363, 5.65857e-08, 2.98279e-06, 0.00224142, 6.26307e-06, 8.70329e-06, 8.04241e-05, 3.35145e-06, 0.000233976, 7.18102e-06, 0.000200488, 7.95439e-05, 6.11652e-05, 2.01728e-05, 1.24092e-05, 5.88553e-05, 7.05023e-06, 1.26831e-05, 1.24542e-05, 0.0260669, 0.0850496, 

1.16902e-07, 3.33038e-06, 5.5234e-05, 0.0566254, 0.394983, 0.479498, 2.30894e-05, 9.68321e-05, 4.95079e-06, 3.35145e-06, 1.03038e-06, 1.43473e-09, 0.0965356, 2.39064e-05, 0.000235993, 3.76307e-06, 0.856044, 0.000200488, 1.59728e-05, 1.86858e-05, 2.25993e-06, 6.08302e-06, 2.0277e-05, 0.000343254, 5.66507e-05, 1.14218, 0.667977, 6.3418e-06, 7.18102e-06, 1.3517e-05, 5.65857e-08, 2.98279e-06, 0.00224142, 6.26307e-06, 8.70329e-06, 8.04241e-05, 0.000233976, 4.46787e-05, 8.36093e-07, 6.1463e-05, 7.95439e-05, 6.11652e-05, 2.01728e-05, 1.24092e-05, 5.88553e-05, 7.05023e-06, 1.26831e-05, 1.24542e-05, 0.000254363, 0.0260669, 

1.16902e-07, 3.33038e-06, 5.5234e-05, 0.394983, 0.479498, 9.68321e-05, 4.95079e-06, 6.1463e-05, 0.00224142, 0.000254363, 1.03038e-06, 1.43473e-09, 0.0965356, 2.39064e-05, 3.76307e-06, 0.000200488, 1.86858e-05, 0.000235993, 8.36093e-07, 8.04241e-05, 2.25993e-06, 6.08302e-06, 0.000343254, 5.66507e-05, 0.061325, 7.18102e-06, 1.3517e-05, 1.59728e-05, 6.51658e-06, 2.83697e-07, 5.65857e-08, 3.30258e-07, 6.26307e-06, 8.70329e-06, 0.000233976, 4.46787e-05, 0.108969, 6.3418e-06, 2.0277e-05, 3.35145e-06, 6.11652e-05, 2.01728e-05, 1.24092e-05, 5.88553e-05, 7.05023e-06, 1.26831e-05, 1.24542e-05, 2.1955e-06, 0.00375606, 0.0260669, 

1.16902e-07, 2.1955e-06, 0.394983, 9.68321e-05, 0.00224142, 1.938, 1.50231, 1.59728e-05, 5.66507e-05, 0.000254363, 1.01518e-06, 1.43473e-09, 2.39064e-05, 1.86858e-05, 0.000235993, 8.36093e-07, 0.0323252, 3.76307e-06, 4.95079e-06, 6.3418e-06, 2.25993e-06, 6.08302e-06, 0.000343254, 7.18102e-06, 1.3517e-05, 6.51658e-06, 0.0352882, 6.1463e-05, 0.000233976, 2.83697e-07, 5.65857e-08, 3.30258e-07, 6.26307e-06, 8.70329e-06, 4.46787e-05, 2.0277e-05, 3.35145e-06, 8.04241e-05, 0.000200488, 5.5234e-05, 2.01728e-05, 1.24092e-05, 5.88553e-05, 7.05023e-06, 1.26831e-05, 1.24542e-05, 3.33038e-06, 4.11907e-05, 0.00375606, 0.0124238, 

1.16902e-07, 2.1955e-06, 9.68321e-05, 0.00224142, 1.938, 0.000616941, 0.298553, 5.5234e-05, 6.3418e-06, 6.1522e-06, 1.01518e-06, 1.43473e-09, 2.39064e-05, 0.00141082, 3.76307e-06, 4.95079e-06, 0.860993, 5.66507e-05, 6.1463e-05, 1.59728e-05, 2.25993e-06, 2.81472e-06, 0.000343254, 1.3517e-05, 6.51658e-06, 0.000233976, 2.83697e-07, 4.46787e-05, 2.0277e-05, 6.26307e-06, 5.65857e-08, 1.65312e-08, 8.70329e-06, 3.35145e-06, 8.04241e-05, 0.125743, 0.0564144, 7.18102e-06, 8.36093e-07, 1.86858e-05, 2.01728e-05, 1.24092e-05, 7.05023e-06, 1.26831e-05, 1.24542e-05, 3.33038e-06, 4.11907e-05, 6.08302e-06, 0.000200488, 0.000235993, 

1.16902e-07, 2.1955e-06, 9.68321e-05, 1.938, 5.5234e-05, 1.70677, 1.47217e-05, 6.69483e-06, 8.70329e-06, 6.3418e-06, 1.01518e-06, 1.43473e-09, 2.39064e-05, 0.00141082, 0.860993, 1.59728e-05, 2.61177, 1.86858e-05, 4.95079e-06, 6.1522e-06, 2.24218e-06, 2.81472e-06, 0.000343254, 2.83697e-07, 4.46787e-05, 6.26307e-06, 0.300221, 1.3517e-05, 7.18102e-06, 6.51658e-06, 5.65857e-08, 1.65312e-08, 3.35145e-06, 8.04241e-05, 0.0564144, 8.36093e-07, 0.511452, 2.0277e-05, 3.76307e-06, 5.66507e-05, 2.01728e-05, 1.24092e-05, 7.05023e-06, 1.26831e-05, 1.24542e-05, 3.33038e-06, 6.08302e-06, 2.25993e-06, 6.1463e-05, 0.000200488, 

1.16902e-07, 2.1955e-06, 9.68321e-05, 1.938, 1.70677, 6.69483e-06, 3.5857, 7.18102e-06, 6.51658e-06, 8.36093e-07, 1.43473e-09, 2.63126e-07, 2.39064e-05, 1.59728e-05, 2.61177, 2.52953e-07, 2.62868e-07, 2.0277e-05, 4.95079e-06, 6.3418e-06, 1.01518e-06, 2.25993e-06, 0.000343254, 2.83697e-07, 4.46787e-05, 1.3517e-05, 11.5387, 5.66507e-05, 6.1522e-06, 6.26307e-06, 5.65857e-08, 1.65312e-08, 3.35145e-06, 8.04241e-05, 0.511452, 3.76307e-06, 0.501201, 1.47217e-05, 5.5234e-05, 8.70329e-06, 1.24092e-05, 7.05023e-06, 1.26831e-05, 1.24542e-05, 3.33038e-06, 6.08302e-06, 2.81472e-06, 2.24218e-06, 6.1463e-05, 0.000200488, 

1.16902e-07, 2.1955e-06, 9.68321e-05, 1.70677, 3.48302, 8.36093e-07, 0.00224551, 4.46787e-05, 7.18102e-06, 6.1522e-06, 1.43473e-09, 5.48946e-08, 2.39064e-05, 1.59728e-05, 2.62868e-07, 2.0277e-05, 6.3418e-06, 2.52953e-07, 2.83697e-07, 8.70329e-06, 1.01518e-06, 2.24218e-06, 0.000343254, 1.3517e-05, 11.5387, 6.26307e-06, 7.95394e-05, 6.69483e-06, 4.95079e-06, 3.76307e-06, 5.65857e-08, 1.65312e-08, 3.35145e-06, 0.501201, 1.47217e-05, 5.5234e-05, 3.17249, 5.66507e-05, 6.1463e-05, 6.51658e-06, 1.24092e-05, 7.05023e-06, 1.26831e-05, 1.24542e-05, 3.33038e-06, 6.08302e-06, 2.81472e-06, 2.25993e-06, 8.04241e-05, 0.000200488, 

1.16902e-07, 1.4736e-10, 9.68321e-05, 1.70677, 8.36093e-07, 4.46787e-05, 3.36157, 6.1463e-05, 2.62868e-07, 8.70329e-06, 1.43473e-09, 5.48946e-08, 2.39064e-05, 2.0277e-05, 2.52953e-07, 2.83697e-07, 0.336014, 6.26307e-06, 3.76307e-06, 1.59728e-05, 4.40645e-07, 2.24218e-06, 0.000343254, 7.95394e-05, 4.95079e-06, 6.58963, 0.460799, 5.5234e-05, 6.3418e-06, 7.18102e-06, 4.67948e-09, 1.65312e-08, 3.35145e-06, 1.47217e-05, 5.66507e-05, 6.51658e-06, 1.15898e-05, 6.69483e-06, 6.1522e-06, 1.3517e-05, 1.24092e-05, 7.05023e-06, 1.26831e-05, 1.24542e-05, 3.33038e-06, 6.08302e-06, 2.81472e-06, 2.25993e-06, 8.04241e-05, 0.000200488, 

1.16902e-07, 1.4736e-10, 9.68321e-05, 4.46787e-05, 3.36157, 2.62868e-07, 8.70329e-06, 2.83697e-07, 8.36093e-07, 1.81251e-05, 1.43473e-09, 5.48946e-08, 2.0277e-05, 2.52953e-07, 6.26307e-06, 3.76307e-06, 6.1976, 1.59728e-05, 6.1522e-06, 4.95079e-06, 4.40645e-07, 2.24218e-06, 7.95394e-05, 6.3418e-06, 7.18102e-06, 0.386818, 3.52333, 1.15898e-05, 3.35145e-06, 1.47217e-05, 4.67948e-09, 1.65312e-08, 2.5409e-09, 6.69483e-06, 1.3517e-05, 0.00270755, 3.26548, 5.5234e-05, 2.39064e-05, 6.51658e-06, 1.24092e-05, 7.05023e-06, 1.26831e-05, 1.24542e-05, 3.33038e-06, 6.08302e-06, 2.81472e-06, 2.25993e-06, 6.1463e-05, 8.04241e-05, 

1.16902e-07, 1.4736e-10, 9.68321e-05, 4.46787e-05, 3.36157, 2.62868e-07, 6.157, 6.1522e-06, 1.59728e-05, 8.70329e-06, 1.43473e-09, 5.48946e-08, 2.0277e-05, 2.52953e-07, 3.76307e-06, 6.1976, 4.20553, 1.81251e-05, 6.69483e-06, 6.3418e-06, 4.40645e-07, 1.94204e-06, 7.18102e-06, 3.52333, 1.15898e-05, 3.35145e-06, 1.47217e-05, 2.39064e-05, 8.36093e-07, 6.26307e-06, 4.67948e-09, 2.56386e-10, 2.5409e-09, 1.3517e-05, 3.26548, 6.51658e-06, 22.4191, 2.5805e-06, 4.95079e-06, 2.83697e-07, 1.24092e-05, 7.05023e-06, 3.33038e-06, 6.08302e-06, 2.81472e-06, 2.25993e-06, 2.96422e-06, 2.24218e-06, 5.5234e-05, 6.1463e-05, 

1.16902e-07, 1.4736e-10, 0.000549206, 6.1522e-06, 1.59728e-05, 0.00376491, 0.00454836, 2.62868e-07, 6.69483e-06, 6.3418e-06, 1.43473e-09, 5.48946e-08, 2.0277e-05, 4.20553, 1.81251e-05, 18.8844, 0.397136, 3.76307e-06, 8.70329e-06, 1.3517e-05, 4.40645e-07, 1.94204e-06, 7.18102e-06, 3.52333, 1.15898e-05, 3.35145e-06, 1.47217e-05, 2.5805e-06, 2.83697e-07, 2.52953e-07, 4.67948e-09, 2.56386e-10, 2.5409e-09, 0.119065, 2.1445e-06, 4.95079e-06, 0.357647, 2.39064e-05, 6.26307e-06, 8.36093e-07, 1.24092e-05, 7.05023e-06, 3.33038e-06, 6.08302e-06, 2.81472e-06, 2.25993e-06, 2.96422e-06, 2.24218e-06, 4.46787e-05, 5.5234e-05, 

1.16902e-07, 1.4736e-10, 0.000549206, 6.1522e-06, 1.59728e-05, 0.00376491, 2.62868e-07, 7.18102e-06, 5.5234e-05, 6.26307e-06, 1.43473e-09, 5.48946e-08, 1.81251e-05, 18.8844, 0.397136, 3.76307e-06, 8.67735, 6.3418e-06, 2.5805e-06, 4.46787e-05, 4.40645e-07, 1.94204e-06, 1.15898e-05, 3.35145e-06, 1.47217e-05, 2.83697e-07, 0.838676, 0.00454836, 8.70329e-06, 2.52953e-07, 4.67948e-09, 2.56386e-10, 2.5409e-09, 1.21461e-06, 4.95079e-06, 2.39064e-05, 8.36093e-07, 6.69483e-06, 1.3517e-05, 2.0277e-05, 1.24092e-05, 7.05023e-06, 3.33038e-06, 6.08302e-06, 2.81472e-06, 2.25993e-06, 2.96422e-06, 2.24218e-06, 0.119065, 0.188011, 

1.16902e-07, 1.4736e-10, 6.1522e-06, 1.59728e-05, 7.18102e-06, 5.5234e-05, 2.2119e-06, 6.26307e-06, 8.70329e-06, 4.95079e-06, 1.43473e-09, 5.48946e-08, 1.81251e-05, 0.397136, 3.76307e-06, 6.3418e-06, 2.5805e-06, 1.3517e-05, 3.35145e-06, 2.0277e-05, 3.87122e-07, 1.94204e-06, 1.15898e-05, 1.47217e-05, 0.00454836, 0.0700663, 0.0252904, 8.36093e-07, 2.83697e-07, 2.52953e-07, 4.67948e-09, 2.56386e-10, 2.5409e-09, 2.39064e-05, 6.69483e-06, 1.00002, 6.29282, 2.62868e-07, 4.46787e-05, 1.21461e-06, 1.24092e-05, 7.05023e-06, 3.33038e-06, 6.08302e-06, 2.81472e-06, 2.25993e-06, 2.96422e-06, 2.24218e-06, 0.000549206, 0.00376491, 

1.16902e-07, 1.4736e-10, 6.1522e-06, 1.59728e-05, 7.18102e-06, 4.95079e-06, 0.525068, 6.69483e-06, 6.3418e-06, 1.47217e-05, 1.43473e-09, 5.48946e-08, 0.397136, 3.76307e-06, 2.5805e-06, 3.35145e-06, 3.77394, 8.70329e-06, 1.81251e-05, 2.0277e-05, 3.87122e-07, 1.94204e-06, 0.00454836, 0.0252904, 8.36093e-07, 2.83697e-07, 2.52953e-07, 2.62868e-07, 6.26307e-06, 1.3517e-05, 4.67948e-09, 2.56386e-10, 2.5409e-09, 6.29282, 4.46787e-05, 1.21461e-06, 0.768792, 2.39064e-05, 1.15898e-05, 2.2119e-06, 1.24092e-05, 7.05023e-06, 3.33038e-06, 6.08302e-06, 2.81472e-06, 2.25993e-06, 2.96422e-06, 2.24218e-06, 5.5234e-05, 0.000549206, 

1.16902e-07, 1.4736e-10, 1.59728e-05, 7.18102e-06, 4.95079e-06, 6.69483e-06, 1.47217e-05, 2.0277e-05, 2.83697e-07, 1.15898e-05, 1.43473e-09, 9.52496e-09, 2.5805e-06, 3.35145e-06, 3.77394, 1.81251e-05, 1.51029, 1.46665e-06, 2.52953e-07, 1.21461e-06, 2.75629e-07, 1.94204e-06, 0.000662313, 2.62868e-07, 6.26307e-06, 1.3517e-05, 0.31191, 8.36093e-07, 6.3418e-06, 8.70329e-06, 4.67948e-09, 2.56386e-10, 0.103063, 4.46787e-05, 2.39064e-05, 2.2119e-06, 0.0361294, 6.1522e-06, 3.76307e-06, 2.5409e-09, 7.05023e-06, 3.33038e-06, 6.08302e-06, 2.81472e-06, 2.25993e-06, 2.96422e-06, 2.24218e-06, 3.12914e-06, 5.5234e-05, 0.000167234, 

Best:
-1.21392e-05	

Fitness Evaluations:
3364

End Population
(-3.419092e-04), (-1.213919e-05), (-3.996603e-03), (-2.679743e-03), (2.225038e-03), (-2.587438e-03), (3.836884e-03), (4.502999e-03), (-5.326317e-04), (-3.404377e-03), (-3.787778e-05), (9.759591e-05), (-1.606394e-03), (-1.830696e-03), (-1.942662e+00), (4.257353e-03), (-1.228940e+00), (1.211055e-03), (-5.029447e-04), (1.102092e-03), (-5.250037e-04), (-1.393570e-03), (-2.573545e-02), (-5.127062e-04), (-2.502612e-03), (-3.676541e-03), (-5.584886e-01), (-9.143810e-04), (-2.518293e-03), (2.950134e-03), (6.840675e-05), (-1.601205e-05), (3.210349e-01), (6.684212e-03), (-4.889421e-03), (-1.487245e-03), (-1.900774e-01), (-2.480362e-03), (1.939863e-03), (5.040734e-05), (-2.655226e-03), (-1.824934e-03), (-2.466377e-03), (-1.677714e-03), (1.503308e-03), (-1.721691e-03), (-1.497390e-03), (1.768938e-03), (7.431955e-03), (-1.293189e-02), 