Iterations: 50
Function Evaluations Limit: 150000
Population: 50

Prides Length: 4

Percent Nomads: 0.2
Percent Roaming: 0.2
Percent Sex: 0.8

Mating Rate: 0.3
Mutation Probability: 0.2
Immigration Rate: 0.4

Dimensions: 1
N-Dimension Space: -5:5

Fitness Iterations:
0.0104768
16.4667, 4.9063, 17.088, 11.7229, 20.9002, 13.9139, 1.7519, 20.9313, 9.9051, 22.1458, 8.53851, 6.643, 18.835, 21.1133, 0.61213, 21.5564, 17.2836, 2.42552, 5.91134, 12.8245, 1.1615, 3.34526, 10.8118, 4.2455, 16.2303, 10.4625, 3.79582, 20.27, 2.41734, 4.97634, 2.14075, 4.38336, 21.674, 0.375225, 9.80488, 8.7143, 1.40284, 0.296086, 6.48653, 0.0104768, 0.0213872, 20.596, 0.219788, 16.1974, 12.1891, 7.04992, 3.19463, 21.6121, 9.01684, 21.918, 

0.468593, 0.0944516, 4.03359, 7.40694, 8.38005, 5.75529, 0.597226, 1.40284, 1.48141, 0.0725644, 0.0213872, 0.604569, 17.2836, 0.00100788, 0.614233, 4.62594, 0.291116, 2.51848, 5.9868, 0.241406, 0.040312, 0.0757727, 16.2303, 10.4625, 0.162869, 20.27, 0.00397958, 2.56726, 0.0835882, 0.825775, 0.0101982, 0.0110105, 7.74552, 0.375225, 0.0104768, 9.86445, 1.84315, 4.97634, 0.296086, 0.61213, 0.123471, 1.1615, 0.219788, 3.90893, 2.44565, 3.34526, 2.14075, 2.97568, 6.48653, 7.80947, 

0.468593, 0.0944516, 7.40694, 0.0155387, 0.00218959, 0.736612, 1.04388, 0.614233, 0.597226, 0.296086, 0.0213872, 0.0169222, 0.00100788, 4.62594, 5.9868, 0.184056, 0.0008362, 2.51848, 1.45147, 3.85176, 0.040312, 0.0757727, 10.4625, 0.00397958, 0.274752, 0.0835882, 0.825775, 0.520766, 0.291116, 0.162869, 0.0101982, 0.0110105, 0.375225, 9.86445, 1.84315, 4.97634, 0.61213, 0.16203, 1.40284, 0.0104768, 0.123471, 0.219788, 0.572905, 0.576645, 0.470972, 0.191365, 0.157535, 0.488551, 4.03359, 4.70189, 

0.000730035, 0.00635802, 0.0155387, 0.0203641, 1.04388, 0.126459, 8.4712, 0.61213, 0.0357467, 0.597226, 0.0169222, 0.000404969, 0.00100788, 5.9868, 2.27898, 0.0207724, 0.00116723, 0.274752, 0.184056, 0.162869, 0.040312, 0.0757727, 10.4625, 0.00397958, 0.0835882, 0.520766, 0.291116, 0.0008362, 0.438704, 0.631089, 0.0101982, 0.0110105, 1.84315, 1.40284, 0.0104768, 0.710642, 4.24087, 0.16203, 0.0895053, 0.00218959, 0.123471, 0.219788, 0.191365, 0.157535, 0.11118, 0.0944516, 0.0213872, 0.23291, 0.825775, 1.95589, 

0.000730035, 0.00635802, 0.126459, 8.4712, 0.0357467, 0.257104, 0.649363, 0.00959858, 0.0207724, 0.274752, 0.0110105, 0.000404969, 0.00100788, 0.129243, 0.00116723, 1.10468, 0.127193, 0.0359835, 0.00397958, 0.162869, 0.000164587, 0.0213872, 0.0835882, 0.520766, 0.291116, 0.438704, 0.631089, 0.0008362, 0.0203641, 0.184056, 0.0101982, 0.00518637, 1.84315, 0.0104768, 4.24087, 0.16203, 0.000162457, 0.00218959, 0.0155387, 0.038125, 0.123471, 0.157535, 0.11118, 0.040312, 0.0672553, 0.11441, 0.010478, 0.0169222, 0.597226, 0.749224, 

0.000255045, 0.000359598, 3.07577, 0.158266, 0.0207724, 0.00223095, 0.709342, 0.126459, 0.0357467, 0.0835882, 0.00335145, 0.000404969, 0.00116723, 1.10468, 0.127193, 0.945206, 0.00365404, 0.00100788, 0.0104768, 0.00397958, 0.000164587, 2.12977e-06, 0.291116, 0.631089, 0.000136911, 7.2446, 1.09651e-07, 0.0359835, 0.00218959, 0.00959858, 0.0101982, 0.00518637, 0.000162457, 0.0155387, 0.0222792, 0.850328, 0.0158572, 0.000508578, 0.000517351, 0.0008362, 0.040312, 0.0672553, 0.00147462, 0.0169222, 0.000730035, 0.00366352, 0.0213872, 0.0120644, 0.129243, 0.16203, 

0.000255045, 0.000359598, 0.158266, 0.0207724, 0.029308, 0.0835882, 2.67215, 0.000162457, 0.0104768, 0.00100788, 0.000730035, 0.000404969, 0.00116723, 0.127193, 0.945206, 0.00365404, 0.00397958, 0.000517351, 0.000508578, 0.00218959, 0.000164587, 2.12977e-06, 0.291116, 0.631089, 0.000136911, 1.09651e-07, 0.0359835, 0.00959858, 0.0222792, 0.00611744, 0.000570368, 0.00366352, 0.0155387, 0.418092, 0.0158572, 0.0008362, 0.150224, 0.0357467, 0.00223095, 0.02134, 0.00335145, 0.0169222, 0.00147462, 0.00722364, 0.0213872, 0.0120644, 0.00620975, 0.0101982, 0.105611, 0.129243, 

0.000255045, 0.000359598, 0.0207724, 0.029308, 0.000162457, 0.195079, 0.245046, 0.000517351, 0.0104768, 0.00100788, 0.000730035, 0.000404969, 0.00116723, 0.000973343, 0.000508578, 0.00218959, 5.03517, 0.0155387, 0.0222792, 0.000136911, 0.000164587, 2.12977e-06, 0.631089, 1.09651e-07, 0.0359835, 0.00611744, 0.57857, 0.00397958, 0.0158572, 0.0008362, 0.000570368, 0.00335145, 0.418092, 0.150224, 0.00223095, 0.02134, 9.72866, 0.000220625, 0.0357467, 0.00959858, 0.00366352, 0.0169222, 0.00147462, 0.00722364, 0.0120644, 0.00620975, 0.0101982, 0.0105668, 0.0365378, 0.0835882, 

0.000255045, 0.000359598, 0.000162457, 0.000517351, 0.0104768, 0.00100788, 10.8111, 0.00397958, 0.029308, 1.09651e-07, 0.000109734, 0.000105636, 0.000508578, 0.00218959, 5.03517, 0.0155387, 9.39899e-05, 0.0207724, 0.000136911, 0.0222792, 0.000164587, 2.12977e-06, 0.631089, 0.0359835, 0.57857, 0.0158572, 4.0255, 0.000973343, 0.000220625, 0.00611744, 0.000570368, 0.000730035, 0.418092, 0.00223095, 0.02134, 0.0357467, 0.00959858, 0.0008362, 0.0365378, 0.00116723, 0.00366352, 0.00147462, 0.00722364, 0.0120644, 0.00620975, 0.0101982, 0.0105668, 0.00335145, 0.0835882, 0.114232, 

0.000255045, 0.000359598, 0.000162457, 10.8111, 0.00397958, 0.029308, 4.29188, 0.0104768, 0.00933299, 0.000508578, 4.23255e-05, 2.2481e-05, 0.00218959, 0.0155387, 9.39899e-05, 0.0222792, 6.75645e-05, 0.00112109, 1.09651e-07, 0.000220625, 0.000164587, 2.12977e-06, 0.631089, 0.0158572, 4.0255, 0.000973343, 0.00242597, 0.00910976, 0.0207724, 0.00116723, 0.000423624, 0.000730035, 0.418092, 0.00223095, 0.0008362, 0.0365378, 5.62034, 0.000136911, 0.00100788, 0.000517351, 0.00366352, 0.00147462, 0.00722364, 0.00620975, 0.00335145, 0.0011515, 0.00117897, 0.0025656, 0.0357467, 0.0359835, 

0.000255045, 0.000359598, 0.000458754, 0.029308, 2.70861, 0.0104768, 0.584105, 9.39899e-05, 0.0158572, 0.00242597, 4.23255e-05, 2.2481e-05, 0.00218959, 0.0155387, 0.0222792, 1.09651e-07, 0.00544254, 0.0207724, 0.00112109, 0.000136911, 0.000164587, 2.12977e-06, 0.631089, 4.0255, 0.000973343, 0.00910976, 0.00116723, 0.00933299, 6.75645e-05, 0.000508578, 0.000423624, 5.2503e-05, 3.57717e-06, 0.0008362, 0.00100788, 0.000517351, 0.00602486, 0.000220625, 3.79294e-05, 0.000162457, 0.00366352, 0.00147462, 0.00620975, 0.00335145, 0.0011515, 0.00117897, 0.0025656, 4.62739e-05, 0.0357467, 0.0359835, 

0.000255045, 0.000359598, 0.029308, 0.0104768, 0.584105, 0.00242597, 5.61073, 0.000136911, 3.79294e-05, 0.0008362, 4.23255e-05, 2.2481e-05, 0.00218959, 0.000460041, 1.09651e-07, 0.00544254, 0.0207724, 0.0107757, 0.00100788, 0.00112109, 4.62739e-05, 2.12977e-06, 4.0255, 0.000973343, 0.00933299, 6.75645e-05, 0.232788, 9.39899e-05, 0.00910976, 0.000458754, 0.000423624, 2.5215e-06, 3.57717e-06, 0.000517351, 8.78767e-05, 0.000220625, 0.000162457, 0.00485369, 0.00116723, 0.000508578, 0.00366352, 0.00147462, 0.00620975, 0.00335145, 0.0011515, 0.00117897, 0.0025656, 0.000164587, 0.0155387, 0.0158572, 

0.000255045, 0.000359598, 0.029308, 5.61073, 3.79294e-05, 1.6434e-05, 0.744793, 0.000106618, 3.57717e-06, 0.00242597, 2.2481e-05, 4.07241e-05, 0.000460041, 1.09651e-07, 0.0107757, 0.00100788, 0.00112109, 0.000192739, 0.000162457, 0.000136911, 4.23255e-05, 2.12977e-06, 0.000973343, 0.00463045, 9.39899e-05, 0.000458754, 5.02505, 8.78767e-05, 0.00218959, 0.0013932, 0.000233295, 2.5215e-06, 0.000517351, 0.000220625, 0.00485369, 0.000508578, 0.259585, 0.00116723, 6.75645e-05, 0.00544254, 0.00116543, 0.00147462, 0.0011515, 0.00117897, 0.0025656, 0.000164587, 4.62739e-05, 0.00101535, 0.00910976, 0.0104768, 

4.62739e-05, 0.000164587, 0.029308, 3.79294e-05, 1.6434e-05, 3.57717e-06, 0.0407924, 0.000973343, 0.00485369, 9.39899e-05, 2.2481e-05, 4.07241e-05, 1.09651e-07, 0.0107757, 0.00100788, 0.000136911, 0.64431, 0.000460041, 0.000106618, 0.00463045, 4.23255e-05, 2.12977e-06, 0.000458754, 5.02505, 0.00218959, 0.0013932, 1.71738, 0.00242597, 0.00112109, 0.000192739, 0.000233295, 2.5215e-06, 0.000220625, 0.000508578, 0.00116723, 6.75645e-05, 3.48205, 8.78767e-05, 0.000162457, 0.000517351, 0.00116543, 0.00147462, 0.0011515, 0.00117897, 0.000359598, 5.6327e-05, 0.00101535, 0.00186992, 0.00544254, 0.00910976, 

4.62739e-05, 0.000164587, 0.029308, 3.79294e-05, 1.6434e-05, 9.39899e-05, 4.00901, 0.00100788, 0.000517351, 0.00242597, 7.58998e-08, 1.18941e-05, 1.09651e-07, 0.000136911, 0.000460041, 0.000106618, 0.00463045, 0.000220625, 2.15655e-05, 0.0013932, 1.30523e-05, 2.12977e-06, 0.000458754, 0.00218959, 0.268538, 0.000192739, 3.99533, 0.00116723, 0.00112109, 0.000973343, 2.2481e-05, 2.5215e-06, 0.000508578, 3.48205, 8.78767e-05, 0.000162457, 5.74208, 6.75645e-05, 0.000433697, 3.57717e-06, 0.00116543, 0.0011515, 0.00117897, 0.000359598, 0.000233295, 0.00101535, 5.6327e-05, 0.000893302, 0.00485369, 0.00544254, 

1.18941e-05, 5.6327e-05, 0.029308, 4.00901, 0.00100788, 0.00448989, 0.504438, 0.000460041, 0.00116723, 3.79294e-05, 7.58998e-08, 8.55392e-07, 1.09651e-07, 0.000136911, 0.00463045, 0.000220625, 0.0545376, 0.000973343, 0.0013932, 9.39899e-05, 1.30523e-05, 8.63928e-07, 0.000458754, 0.00218959, 0.268538, 3.99533, 0.00112109, 1.6434e-05, 0.000508578, 0.000517351, 2.2481e-05, 2.5215e-06, 8.78767e-05, 0.000162457, 6.75645e-05, 0.000433697, 3.57717e-06, 0.000192739, 0.000106618, 1.79595e-08, 0.00116543, 0.0011515, 0.000359598, 0.000233295, 0.00101535, 0.000164587, 0.000893302, 4.62739e-05, 0.00242597, 0.00485369, 

1.18941e-05, 5.6327e-05, 0.00303142, 0.000460041, 0.00116723, 3.79294e-05, 1.60621e-05, 0.000508578, 0.000106618, 0.00242597, 7.58998e-08, 8.55392e-07, 0.00463045, 0.000220625, 0.000973343, 9.39899e-05, 0.3621, 0.0013932, 0.000458754, 0.000136911, 9.76643e-06, 8.63928e-07, 0.00218959, 0.0236823, 1.6434e-05, 0.000517351, 0.207182, 0.000162457, 0.0037947, 0.00112109, 2.2481e-05, 2.5215e-06, 6.75645e-05, 0.000433697, 3.57717e-06, 0.000192739, 1.79595e-08, 1.09651e-07, 0.00100788, 8.78767e-05, 0.0011515, 0.000359598, 0.000233295, 0.00101535, 0.000164587, 0.000893302, 4.62739e-05, 0.000780793, 0.00448989, 0.00485369, 

1.18941e-05, 9.18076e-06, 0.00303142, 0.00116723, 3.79294e-05, 0.392592, 1.02448e-07, 1.60621e-05, 0.00100788, 0.000220625, 7.58998e-08, 8.55392e-07, 0.000361154, 0.000973343, 0.0013932, 0.000458754, 0.942616, 1.79595e-08, 0.000460041, 0.000517351, 9.76643e-06, 8.63928e-07, 0.00218959, 1.6434e-05, 0.000162457, 0.00112109, 0.297075, 0.000106618, 0.000136911, 0.000508578, 2.2481e-05, 2.5215e-06, 3.57717e-06, 0.000192739, 1.09651e-07, 8.78767e-05, 0.256047, 9.39899e-05, 6.75645e-05, 0.000433697, 0.000359598, 0.000233295, 0.000164587, 0.000893302, 4.62739e-05, 0.000780793, 5.6327e-05, 1.95429e-05, 0.00242597, 0.00332684, 

5.88329e-06, 1.61276e-06, 3.79294e-05, 0.0158084, 0.000220625, 1.29446e-06, 0.00295322, 9.39899e-05, 1.60621e-05, 1.02448e-07, 7.58998e-08, 1.78353e-10, 0.000361154, 0.0013932, 0.942616, 0.000517351, 1.97091, 0.000973343, 0.000460041, 0.000192739, 7.31344e-06, 8.63928e-07, 0.00218959, 1.6434e-05, 0.000162457, 0.000136911, 1.21234, 0.000433697, 0.000106618, 0.000508578, 9.18076e-06, 2.5215e-06, 3.57717e-06, 1.09651e-07, 8.78767e-05, 6.75645e-05, 3.14426, 0.000130223, 1.79595e-08, 0.000458754, 0.000359598, 0.000233295, 0.000164587, 4.62739e-05, 0.000780793, 5.6327e-05, 2.2481e-05, 1.95429e-05, 0.00100788, 0.00112109, 

5.88329e-06, 1.28685e-06, 0.000220625, 0.00295322, 9.39899e-05, 1.02448e-07, 10.5872, 0.000458754, 8.78767e-05, 3.79294e-05, 1.16231e-11, 1.78353e-10, 0.000361154, 0.942616, 1.97091, 0.000460041, 0.424345, 5.18905e-10, 1.79595e-08, 1.09651e-07, 7.31344e-06, 8.63928e-07, 0.000136911, 0.205153, 0.000433697, 0.000508578, 1.41921e-05, 1.60621e-05, 0.000162457, 1.29446e-06, 9.18076e-06, 2.5215e-06, 3.57717e-06, 6.75645e-05, 0.0981733, 0.000130223, 6.72646, 0.000192739, 0.000106618, 1.6434e-05, 0.000359598, 0.000233295, 0.000164587, 4.62739e-05, 5.6327e-05, 2.2481e-05, 1.95429e-05, 7.85552e-05, 0.000517351, 0.000973343, 

5.88329e-06, 1.36212e-08, 1.02448e-07, 10.5872, 0.000458754, 8.78767e-05, 3.79294e-05, 0.000136911, 0.000220625, 9.39899e-05, 1.16231e-11, 1.78353e-10, 0.000361154, 5.18905e-10, 1.79595e-08, 1.59002, 4.6246, 0.000162457, 1.29446e-06, 3.57717e-06, 7.31344e-06, 8.63928e-07, 0.000508578, 1.41921e-05, 1.60621e-05, 0.00135366, 0.0473302, 0.000433697, 0.000460041, 1.6434e-05, 9.18076e-06, 2.5215e-06, 6.75645e-05, 0.0981733, 0.000130223, 0.000192739, 0.0690044, 1.09651e-07, 0.000517351, 0.000106618, 0.000359598, 0.000233295, 0.000164587, 4.62739e-05, 5.6327e-05, 2.2481e-05, 1.95429e-05, 7.85552e-05, 0.000973343, 0.00295322, 

5.88329e-06, 1.36212e-08, 10.5872, 0.000458754, 0.000136911, 9.39899e-05, 10.7435, 8.78767e-05, 3.79294e-05, 0.000433697, 1.16231e-11, 3.09626e-12, 5.18905e-10, 3.0771, 3.57717e-06, 0.314568, 0.170062, 1.79595e-08, 0.000162457, 0.000220625, 7.31344e-06, 8.63928e-07, 1.60621e-05, 0.0473302, 0.000460041, 1.6434e-05, 0.0142952, 0.000192739, 0.000361154, 1.41921e-05, 9.18076e-06, 2.5215e-06, 6.75645e-05, 0.000130223, 1.09651e-07, 0.000517351, 0.00208254, 1.29446e-06, 1.02448e-07, 0.000106618, 0.000359598, 0.000233295, 0.000164587, 4.62739e-05, 5.6327e-05, 2.2481e-05, 1.95429e-05, 7.85552e-05, 0.000508578, 0.000973343, 

5.63976e-06, 1.36212e-08, 9.50125, 0.000136911, 10.7435, 8.78767e-05, 0.0273365, 1.6434e-05, 3.79294e-05, 1.29446e-06, 1.16231e-11, 3.09626e-12, 3.0771, 3.57717e-06, 0.000162457, 0.000220625, 2.46306, 1.79595e-08, 5.18905e-10, 0.000458754, 8.63928e-07, 1.09545e-07, 1.60621e-05, 0.0142952, 0.000192739, 0.000361154, 3.45912e-06, 0.000202066, 1.02448e-07, 0.000433697, 7.31344e-06, 2.5215e-06, 6.75645e-05, 1.09651e-07, 0.000582485, 0.000106618, 11.0638, 9.39899e-05, 0.000130223, 1.41921e-05, 0.000233295, 0.000164587, 4.62739e-05, 5.6327e-05, 2.2481e-05, 1.95429e-05, 7.85552e-05, 9.18076e-06, 0.000460041, 0.000508578, 

5.63976e-06, 1.36212e-08, 8.78767e-05, 0.0101943, 1.29446e-06, 2.31092, 9.58354, 0.000202066, 3.79294e-05, 3.57717e-06, 1.16231e-11, 3.09626e-12, 0.000220625, 2.46306, 5.18905e-10, 8.14826, 7.80685, 1.6434e-05, 0.000136911, 2.39046e-06, 8.63928e-07, 1.09545e-07, 0.000361154, 3.45912e-06, 1.02448e-07, 1.22061, 0.965594, 1.79595e-08, 0.000192739, 5.02967e-05, 2.5215e-06, 7.15765e-06, 1.09651e-07, 0.000582485, 0.000106618, 9.39899e-05, 1.41921e-05, 6.75645e-05, 0.000130223, 0.000162457, 0.000164587, 4.62739e-05, 5.6327e-05, 2.2481e-05, 1.95429e-05, 7.85552e-05, 9.18076e-06, 7.31344e-06, 0.000433697, 0.000458754, 

5.63976e-06, 1.36212e-08, 8.78767e-05, 0.0101943, 2.31092, 0.000202066, 3.57717e-06, 0.000162457, 1.02448e-07, 1.33896e-06, 1.16231e-11, 3.09626e-12, 2.46306, 5.18905e-10, 0.162651, 1.6434e-05, 1.41702, 1.79595e-08, 5.02967e-05, 0.000136911, 8.63928e-07, 1.09545e-07, 0.000361154, 3.45912e-06, 0.109677, 0.276272, 0.876977, 3.79294e-05, 6.75645e-05, 1.09651e-07, 2.5215e-06, 5.2481e-06, 0.000106618, 9.39899e-05, 1.41921e-05, 0.000130223, 1.6062, 0.000192739, 1.29446e-06, 0.000220625, 4.62739e-05, 5.6327e-05, 2.2481e-05, 1.95429e-05, 7.85552e-05, 9.18076e-06, 7.31344e-06, 6.7498e-05, 0.000433697, 0.000458754, 

5.63976e-06, 1.36212e-08, 0.0101943, 2.31092, 0.000202066, 3.57717e-06, 0.000162457, 0.000130223, 1.02448e-07, 1.29446e-06, 1.16231e-11, 3.09626e-12, 5.18905e-10, 0.162651, 1.6434e-05, 5.02967e-05, 0.0305524, 1.79595e-08, 1.33896e-06, 1.09651e-07, 8.63928e-07, 1.09545e-07, 3.45912e-06, 0.109677, 0.276272, 0.876977, 6.75645e-05, 0.000361154, 3.79294e-05, 0.000106618, 2.5215e-06, 1.11164e-08, 9.39899e-05, 1.41921e-05, 1.6062, 0.000220625, 0.0867354, 0.000136911, 8.78767e-05, 0.000192739, 4.62739e-05, 5.6327e-05, 2.2481e-05, 1.95429e-05, 9.18076e-06, 7.31344e-06, 6.7498e-05, 5.2481e-06, 0.000433697, 0.000458754, 

1.48978e-09, 2.56401e-06, 2.31092, 0.000130223, 1.02448e-07, 1.29446e-06, 0.467146, 1.6434e-05, 1.09651e-07, 0.000162457, 1.16231e-11, 3.09626e-12, 5.02967e-05, 7.05816e-11, 1.33896e-06, 1.45941, 0.0851682, 0.000192739, 3.79294e-05, 3.57717e-06, 8.63928e-07, 1.09545e-07, 3.45912e-06, 0.876977, 0.000361154, 0.000106618, 5.11262, 6.75645e-05, 4.39259e-05, 0.000136911, 2.5215e-06, 1.11164e-08, 9.39899e-05, 1.41921e-05, 0.000220625, 8.78767e-05, 7.16392, 0.000202066, 5.18905e-10, 3.65311e-06, 4.62739e-05, 2.2481e-05, 1.95429e-05, 9.18076e-06, 7.31344e-06, 5.2481e-06, 5.63976e-06, 5.60183e-05, 0.000433697, 0.000458754, 

1.48978e-09, 2.25512e-07, 1.29446e-06, 0.208125, 1.6434e-05, 0.000162457, 0.0483198, 3.45912e-06, 0.000130223, 0.000361154, 1.16231e-11, 3.09626e-12, 5.02967e-05, 7.05816e-11, 0.000192739, 3.79294e-05, 2.78584, 3.57717e-06, 0.000202066, 9.39899e-05, 8.63928e-07, 1.09545e-07, 5.11262, 6.75645e-05, 4.39259e-05, 0.000136911, 7.1475, 1.41921e-05, 1.33896e-06, 5.18905e-10, 2.5215e-06, 1.11164e-08, 0.000220625, 8.78767e-05, 6.15483, 3.65311e-06, 0.00143704, 1.02448e-07, 1.09651e-07, 0.000106618, 4.62739e-05, 2.2481e-05, 1.95429e-05, 9.18076e-06, 7.31344e-06, 5.2481e-06, 5.63976e-06, 2.47811e-06, 0.000433697, 0.000458754, 

1.48978e-09, 2.25512e-07, 1.29446e-06, 0.00532149, 0.0483198, 0.000130223, 0.000361154, 3.45912e-06, 0.000433697, 1.6434e-05, 1.16231e-11, 3.09626e-12, 3.79294e-05, 2.78584, 3.57717e-06, 0.000202066, 9.39899e-05, 7.05816e-11, 3.65311e-06, 2.16871e-06, 8.63928e-07, 1.09545e-07, 6.75645e-05, 4.39259e-05, 0.000136911, 1.5134, 1.33896e-06, 1.09651e-07, 5.18905e-10, 0.000162457, 2.08092e-07, 1.11164e-08, 8.78767e-05, 0.00143704, 1.02448e-07, 0.000106618, 0.0808145, 5.02967e-05, 1.41921e-05, 0.000192739, 4.62739e-05, 2.2481e-05, 1.95429e-05, 9.18076e-06, 7.31344e-06, 5.2481e-06, 5.63976e-06, 2.47811e-06, 0.000458754, 0.107135, 

1.48978e-09, 2.25512e-07, 1.29446e-06, 0.0483198, 3.45912e-06, 0.000433697, 0.0119102, 0.000130223, 3.79294e-05, 0.000136911, 1.16231e-11, 3.09626e-12, 2.78584, 7.05816e-11, 3.65311e-06, 8.05276e-05, 3.72895, 0.000106618, 2.16871e-06, 5.18905e-10, 7.43073e-08, 3.67712e-08, 6.75645e-05, 4.39259e-05, 1.09651e-07, 0.000162457, 0.741482, 9.39899e-05, 8.78767e-05, 1.6434e-05, 2.08092e-07, 1.11164e-08, 1.02448e-07, 5.02967e-05, 0.000192739, 1.04273, 0.0614159, 1.41921e-05, 3.57717e-06, 1.33896e-06, 2.2481e-05, 1.95429e-05, 9.18076e-06, 7.31344e-06, 5.2481e-06, 5.63976e-06, 2.47811e-06, 2.74895e-05, 0.000202066, 0.000361154, 

1.48978e-09, 2.25512e-07, 0.000433697, 0.000130223, 0.000136911, 0.0389588, 0.598443, 3.79294e-05, 3.45912e-06, 1.09651e-07, 1.16231e-11, 3.09626e-12, 2.78584, 3.65311e-06, 8.05276e-05, 0.000106618, 5.18905e-10, 6.75645e-05, 0.000192739, 7.05816e-11, 7.43073e-08, 3.67712e-08, 4.39259e-05, 0.000162457, 0.0736786, 0.0586916, 5.96714, 1.29446e-06, 9.39899e-05, 1.6434e-05, 2.08092e-07, 1.11164e-08, 5.02967e-05, 1.04273, 1.41921e-05, 3.57717e-06, 1.33896e-06, 8.78767e-05, 2.16871e-06, 1.02448e-07, 2.2481e-05, 1.95429e-05, 9.18076e-06, 7.31344e-06, 5.2481e-06, 5.63976e-06, 2.47811e-06, 2.74895e-05, 0.000202066, 0.000361154, 

1.99404e-10, 2.25512e-07, 0.000433697, 0.000136911, 0.0389588, 1.09651e-07, 3.81199, 1.41921e-05, 0.000130223, 4.39259e-05, 3.16209e-13, 3.09626e-12, 2.78584, 3.65311e-06, 8.05276e-05, 6.75645e-05, 0.000192739, 4.75938e-11, 5.18905e-10, 3.79294e-05, 7.43073e-08, 3.67712e-08, 0.0586916, 1.29446e-06, 9.39899e-05, 1.6434e-05, 2.9701e-05, 0.000106618, 5.02967e-05, 3.57717e-06, 1.03698e-08, 1.11164e-08, 1.04273, 1.33896e-06, 8.78767e-05, 1.02448e-07, 1.82687, 3.45912e-06, 7.05816e-11, 2.16871e-06, 2.2481e-05, 1.95429e-05, 9.18076e-06, 7.31344e-06, 5.2481e-06, 5.63976e-06, 2.47811e-06, 1.48978e-09, 0.000162457, 0.000202066, 

1.99404e-10, 8.44311e-08, 0.000433697, 0.0389588, 1.41921e-05, 0.000130223, 4.39259e-05, 7.05816e-11, 9.39899e-05, 8.78767e-05, 3.16209e-13, 3.09626e-12, 2.78584, 0.000192739, 4.75938e-11, 6.71844e-07, 0.211389, 1.02448e-07, 5.18905e-10, 6.75645e-05, 1.48978e-09, 3.67712e-08, 1.29446e-06, 1.6434e-05, 0.000106618, 5.02967e-05, 0.575975, 3.79294e-05, 3.65311e-06, 3.57717e-06, 1.03698e-08, 1.11164e-08, 1.33896e-06, 1.82687, 3.45912e-06, 2.16871e-06, 0.195575, 2.9701e-05, 8.05276e-05, 1.09651e-07, 1.95429e-05, 9.18076e-06, 7.31344e-06, 5.2481e-06, 5.63976e-06, 2.47811e-06, 7.43073e-08, 1.18917e-06, 0.000136911, 0.000162457, 

1.99404e-10, 8.44311e-08, 0.0389588, 0.000130223, 4.39259e-05, 1.62942, 0.656895, 2.16871e-06, 6.75645e-05, 1.29446e-06, 3.16209e-13, 3.09626e-12, 2.767, 4.75938e-11, 1.02448e-07, 5.18905e-10, 0.499311, 3.57717e-06, 6.71844e-07, 7.05816e-11, 1.48978e-09, 3.67712e-08, 0.000106618, 5.02967e-05, 0.575975, 3.65311e-06, 0.946269, 1.6434e-05, 3.79294e-05, 1.33896e-06, 1.03698e-08, 1.11164e-08, 3.45912e-06, 2.9701e-05, 8.05276e-05, 1.09651e-07, 0.00527871, 8.78767e-05, 4.8852e-05, 1.41921e-05, 1.95429e-05, 9.18076e-06, 7.31344e-06, 5.2481e-06, 5.63976e-06, 2.47811e-06, 7.43073e-08, 1.18917e-06, 9.39899e-05, 0.000136911, 

1.99404e-10, 8.44311e-08, 0.656895, 2.16871e-06, 1.29446e-06, 2.18818e-07, 0.424011, 4.39259e-05, 6.54655e-05, 1.34914e-06, 3.16209e-13, 3.09626e-12, 4.75938e-11, 5.18905e-10, 3.57717e-06, 7.05816e-11, 1.59976e-06, 8.78767e-05, 3.65311e-06, 1.02448e-07, 1.48978e-09, 3.67712e-08, 4.83178e-06, 5.02967e-05, 0.575975, 1.6434e-05, 3.79294e-05, 8.05276e-05, 3.45912e-06, 6.71844e-07, 1.03698e-08, 1.11164e-08, 2.9701e-05, 1.09651e-07, 4.8852e-05, 1.41921e-05, 1.5844, 9.39899e-05, 1.33896e-06, 6.75645e-05, 5.2481e-06, 5.63976e-06, 2.47811e-06, 7.43073e-08, 1.18917e-06, 2.82747e-07, 3.94739e-07, 1.50888e-06, 0.000130223, 0.000136911, 

1.99404e-10, 7.43073e-08, 2.18818e-07, 2.69597e-05, 4.39259e-05, 1.34914e-06, 0.766325, 2.16871e-06, 3.45912e-06, 1.29446e-06, 3.16209e-13, 3.09626e-12, 4.75938e-11, 3.57717e-06, 7.05816e-11, 8.78767e-05, 0.0233557, 3.79294e-05, 1.02448e-07, 3.65311e-06, 1.48978e-09, 3.67712e-08, 0.575975, 8.05276e-05, 6.71844e-07, 0.581276, 0.793496, 1.59976e-06, 1.6434e-05, 4.8852e-05, 1.03698e-08, 1.11164e-08, 2.9701e-05, 1.41921e-05, 1.5844, 1.33896e-06, 6.75645e-05, 5.18905e-10, 1.09651e-07, 4.83178e-06, 5.2481e-06, 5.63976e-06, 2.47811e-06, 8.44311e-08, 1.18917e-06, 2.82747e-07, 3.94739e-07, 1.50888e-06, 5.02967e-05, 6.54655e-05, 

1.99404e-10, 7.43073e-08, 0.766325, 2.16871e-06, 3.45912e-06, 1.29446e-06, 2.54568, 7.05816e-11, 1.46339e-05, 1.59976e-06, 3.16209e-13, 1.63379e-12, 4.75938e-11, 3.57717e-06, 0.0233557, 3.79294e-05, 1.02448e-07, 2.19509e-05, 4.83178e-06, 3.65311e-06, 1.48978e-09, 3.67712e-08, 0.581276, 0.793496, 1.6434e-05, 4.8852e-05, 9.91603, 6.71844e-07, 2.18818e-07, 1.34914e-06, 1.03698e-08, 1.11164e-08, 1.41921e-05, 1.5844, 1.33896e-06, 6.75645e-05, 0.209637, 1.09651e-07, 2.89942e-07, 5.18905e-10, 5.2481e-06, 2.47811e-06, 8.44311e-08, 1.18917e-06, 2.82747e-07, 3.94739e-07, 1.50888e-06, 6.25421e-07, 2.69597e-05, 2.9701e-05, 

1.99404e-10, 7.43073e-08, 2.16871e-06, 3.45912e-06, 1.46339e-05, 1.59976e-06, 1.16104, 1.6434e-05, 5.42162e-10, 2.19509e-05, 3.16209e-13, 1.63379e-12, 0.0233557, 1.55853e-09, 4.83178e-06, 3.65311e-06, 2.26485, 4.75938e-11, 1.34914e-06, 2.69597e-05, 1.48978e-09, 3.67712e-08, 9.91603, 6.71844e-07, 2.18818e-07, 2.31759, 1.67145, 2.89942e-07, 7.05816e-11, 1.33896e-06, 1.03698e-08, 1.11164e-08, 1.41921e-05, 1.5844, 1.09651e-07, 4.23167, 2.74413, 5.18905e-10, 3.57717e-06, 1.29446e-06, 5.2481e-06, 2.47811e-06, 8.44311e-08, 1.18917e-06, 2.82747e-07, 3.94739e-07, 1.50888e-06, 6.25421e-07, 2.9701e-05, 3.79294e-05, 

1.99404e-10, 7.43073e-08, 2.16871e-06, 3.45912e-06, 1.16104, 2.19509e-05, 5.47383, 2.18818e-07, 5.42162e-10, 1.29446e-06, 3.16209e-13, 1.63379e-12, 0.0233557, 1.55853e-09, 3.65311e-06, 4.75938e-11, 1.1399, 5.18905e-10, 2.73956e-10, 1.46339e-05, 1.48978e-09, 3.67712e-08, 9.91603, 2.31759, 2.89942e-07, 7.05816e-11, 5.09764, 6.71844e-07, 1.59976e-06, 4.83178e-06, 1.03698e-08, 2.40964e-10, 1.5844, 1.09651e-07, 4.23167, 3.57717e-06, 2.72684, 1.34914e-06, 1.41921e-05, 1.33896e-06, 5.2481e-06, 2.47811e-06, 8.44311e-08, 1.18917e-06, 2.82747e-07, 3.94739e-07, 1.50888e-06, 6.25421e-07, 1.6434e-05, 2.69597e-05, 

1.99404e-10, 7.43073e-08, 2.19509e-05, 5.47383, 2.18818e-07, 5.42162e-10, 19.1235, 2.16871e-06, 7.05816e-11, 2.89942e-07, 3.16209e-13, 1.63379e-12, 0.0233557, 3.65311e-06, 1.1399, 5.18905e-10, 2.73956e-10, 1.33896e-06, 3.57717e-06, 1.41921e-05, 1.48978e-09, 3.67712e-08, 2.31759, 6.71844e-07, 4.83178e-06, 4.83516, 0.105049, 1.09651e-07, 1.55853e-09, 3.45912e-06, 1.03698e-08, 2.40964e-10, 1.5844, 0.0391114, 2.72684, 1.34914e-06, 2.84278, 1.29446e-06, 4.75938e-11, 1.59976e-06, 5.2481e-06, 2.47811e-06, 8.44311e-08, 1.18917e-06, 2.82747e-07, 3.94739e-07, 1.50888e-06, 6.25421e-07, 1.46339e-05, 1.6434e-05, 

1.99404e-10, 7.43073e-08, 2.19509e-05, 2.18818e-07, 7.05816e-11, 2.89942e-07, 2.3072, 4.83178e-06, 6.71844e-07, 1.34914e-06, 3.16209e-13, 1.63379e-12, 0.0233557, 1.1399, 2.73956e-10, 1.41921e-05, 2.4518, 5.42162e-10, 1.55853e-09, 1.59976e-06, 1.48978e-09, 3.67712e-08, 0.00865774, 1.09651e-07, 3.45912e-06, 2.97266, 0.553005, 2.16871e-06, 1.33896e-06, 5.18905e-10, 1.03698e-08, 2.40964e-10, 0.0391114, 1.29446e-06, 4.75938e-11, 1.16528, 0.889053, 3.57717e-06, 3.65311e-06, 6.82879e-06, 2.47811e-06, 8.44311e-08, 1.18917e-06, 2.82747e-07, 3.94739e-07, 1.50888e-06, 6.25421e-07, 4.90775e-06, 1.46339e-05, 1.6434e-05, 

1.99404e-10, 7.43073e-08, 2.18818e-07, 2.89942e-07, 4.83178e-06, 6.71844e-07, 0.00759444, 7.05816e-11, 1.29446e-06, 6.82879e-06, 3.16209e-13, 1.63379e-12, 1.1399, 1.41921e-05, 1.55853e-09, 1.59976e-06, 0.0284991, 2.19509e-05, 1.6434e-05, 5.42162e-10, 1.48978e-09, 3.67712e-08, 1.09651e-07, 3.45912e-06, 2.97266, 2.16871e-06, 5.18905e-10, 2.73956e-10, 1.46339e-05, 4.75938e-11, 7.66644e-09, 2.40964e-10, 0.0391114, 1.16528, 0.889053, 3.57717e-06, 3.65311e-06, 2.43089e-07, 1.33896e-06, 1.34914e-06, 2.47811e-06, 8.44311e-08, 1.18917e-06, 2.82747e-07, 3.94739e-07, 1.50888e-06, 6.25421e-07, 8.15472e-07, 0.00106525, 0.00865774, 

1.99404e-10, 4.2657e-08, 7.09151e-07, 6.71844e-07, 0.00759444, 0.0495039, 13.6877, 3.65311e-06, 1.41921e-05, 7.05816e-11, 3.16209e-13, 1.63379e-12, 1.1399, 1.55853e-09, 1.59976e-06, 0.0284991, 0.399337, 6.82879e-06, 5.42162e-10, 1.29446e-06, 1.48978e-09, 3.67712e-08, 2.16871e-06, 5.18905e-10, 2.73956e-10, 1.46339e-05, 4.75938e-11, 1.33896e-06, 1.09651e-07, 1.6434e-05, 7.66644e-09, 2.40964e-10, 0.990313, 3.57717e-06, 2.43089e-07, 1.34914e-06, 0.394417, 2.89942e-07, 2.18818e-07, 3.45912e-06, 2.47811e-06, 8.44311e-08, 1.18917e-06, 2.82747e-07, 3.94739e-07, 1.50888e-06, 6.25421e-07, 8.15472e-07, 2.19509e-05, 0.00106525, 

1.99404e-10, 2.41035e-09, 6.71844e-07, 3.65311e-06, 1.41921e-05, 7.05816e-11, 3.03624e-09, 2.43089e-07, 1.11748e-07, 2.18818e-07, 3.16209e-13, 1.63379e-12, 1.59976e-06, 0.0284991, 6.82879e-06, 5.42162e-10, 5.74558, 4.75938e-11, 2.89942e-07, 6.38414e-11, 1.48978e-09, 1.50362e-08, 2.73956e-10, 1.33896e-06, 1.6434e-05, 0.14829, 0.367, 2.16871e-06, 1.09651e-07, 1.55853e-09, 7.66644e-09, 2.40964e-10, 0.0296954, 3.57717e-06, 1.34914e-06, 3.45912e-06, 9.02104, 1.29446e-06, 5.18905e-10, 1.46339e-05, 8.44311e-08, 1.18917e-06, 2.82747e-07, 3.94739e-07, 6.25421e-07, 8.15472e-07, 4.2657e-08, 6.06692e-08, 2.19509e-05, 0.00106525, 

1.99404e-10, 1.08399e-10, 3.65311e-06, 2.43089e-07, 1.11748e-07, 2.18818e-07, 0.128614, 5.18905e-10, 4.75938e-11, 3.03624e-09, 3.16209e-13, 1.30276e-12, 5.74558, 2.89942e-07, 6.38414e-11, 1.77868, 4.56957, 1.55853e-09, 5.42162e-10, 1.34914e-06, 7.90316e-11, 1.50362e-08, 1.6434e-05, 0.000978225, 2.16871e-06, 1.3508, 0.886937, 1.29446e-06, 1.09651e-07, 2.73956e-10, 7.66644e-09, 2.40964e-10, 0.0296954, 3.57717e-06, 3.45912e-06, 9.02104, 0.00505225, 1.33896e-06, 6.71844e-07, 7.05816e-11, 8.44311e-08, 1.18917e-06, 2.82747e-07, 3.94739e-07, 6.25421e-07, 8.15472e-07, 4.2657e-08, 6.06692e-08, 1.59976e-06, 6.82879e-06, 

1.99404e-10, 1.08399e-10, 3.65311e-06, 2.18818e-07, 5.18905e-10, 4.75938e-11, 1.2849, 6.38414e-11, 1.59976e-06, 2.43089e-07, 3.16209e-13, 1.30276e-12, 5.74558, 2.89942e-07, 5.42162e-10, 1.91283, 0.0828373, 1.11748e-07, 1.55853e-09, 7.05816e-11, 7.90316e-11, 1.50362e-08, 1.6434e-05, 0.000978225, 1.3508, 1.29446e-06, 2.73956e-10, 1.09651e-07, 3.03624e-09, 6.71844e-07, 7.66644e-09, 1.20801e-10, 3.57717e-06, 3.45912e-06, 9.02104, 0.00505225, 1.33896e-06, 2.16871e-06, 6.82879e-06, 1.34914e-06, 8.44311e-08, 1.18917e-06, 2.82747e-07, 3.94739e-07, 6.25421e-07, 8.15472e-07, 4.2657e-08, 6.06692e-08, 0.0179167, 0.0296954, 

1.99404e-10, 1.08399e-10, 3.65311e-06, 5.18905e-10, 1.59976e-06, 2.43089e-07, 1.26936, 1.09651e-07, 1.21619e-06, 3.45912e-06, 3.16209e-13, 1.30276e-12, 2.89942e-07, 0.0828373, 1.11748e-07, 1.55853e-09, 1.58375, 3.03624e-09, 2.18818e-07, 5.42162e-10, 7.90316e-11, 1.50362e-08, 1.6434e-05, 0.0229211, 2.73956e-10, 0.00105554, 0.234664, 4.75938e-11, 7.05816e-11, 1.29446e-06, 7.66644e-09, 1.20801e-10, 0.000688368, 1.33896e-06, 2.16871e-06, 1.34914e-06, 0.208385, 3.57717e-06, 6.38414e-11, 6.71844e-07, 8.44311e-08, 2.82747e-07, 3.94739e-07, 6.25421e-07, 8.15472e-07, 4.2657e-08, 6.06692e-08, 6.76709e-07, 6.82879e-06, 0.000978225, 

1.99404e-10, 1.08399e-10, 5.18905e-10, 1.59976e-06, 1.09651e-07, 3.45912e-06, 0.709932, 6.71844e-07, 5.42162e-10, 1.29446e-06, 3.16209e-13, 1.30276e-12, 0.0828373, 1.11748e-07, 1.58375, 3.03624e-09, 0.0338954, 1.55853e-09, 1.33896e-06, 2.18818e-07, 7.90316e-11, 2.80904e-09, 2.73956e-10, 0.234664, 4.75938e-11, 9.8067, 0.00210479, 2.89942e-07, 7.05816e-11, 2.43089e-07, 7.66644e-09, 1.20801e-10, 0.000688368, 2.16871e-06, 6.38414e-11, 3.34217, 6.40587, 1.21619e-06, 3.57717e-06, 1.34914e-06, 8.44311e-08, 2.82747e-07, 3.94739e-07, 6.25421e-07, 8.15472e-07, 4.2657e-08, 6.06692e-08, 6.76709e-07, 3.65311e-06, 6.82879e-06, 

1.99404e-10, 1.08399e-10, 3.45912e-06, 0.549921, 6.71844e-07, 1.29446e-06, 1.60006e-10, 1.09651e-07, 1.55853e-09, 1.59976e-06, 3.16209e-13, 1.30276e-12, 1.11748e-07, 0.967545, 2.18818e-07, 0.16108, 0.332435, 1.33896e-06, 7.05816e-11, 5.18905e-10, 7.90316e-11, 7.44978e-11, 4.75938e-11, 9.8067, 2.89942e-07, 2.43089e-07, 7.49964e-11, 3.03624e-09, 3.65311e-06, 2.73956e-10, 4.1488e-09, 1.20801e-10, 6.38414e-11, 3.34217, 1.21619e-06, 3.57717e-06, 0.0133345, 2.16871e-06, 5.42162e-10, 1.34914e-06, 8.44311e-08, 2.82747e-07, 3.94739e-07, 6.25421e-07, 4.2657e-08, 6.06692e-08, 6.76709e-07, 2.49558e-10, 6.82879e-06, 0.000688368, 

1.04482e-10, 1.08399e-10, 0.0353461, 1.29446e-06, 1.60006e-10, 1.55853e-09, 0.00743069, 7.05816e-11, 2.18818e-07, 2.43089e-07, 3.16209e-13, 1.30276e-12, 1.11748e-07, 0.967545, 0.16108, 0.332435, 0.00739712, 1.09651e-07, 2.16871e-06, 5.42162e-10, 7.90316e-11, 7.44978e-11, 2.89942e-07, 7.46558e-11, 3.03624e-09, 0.159607, 3.38837, 1.33896e-06, 1.59976e-06, 6.71844e-07, 1.20801e-10, 2.49558e-10, 6.38414e-11, 1.21619e-06, 0.0133345, 1.34914e-06, 4.00603, 2.73956e-10, 5.18905e-10, 4.75938e-11, 8.44311e-08, 2.82747e-07, 3.94739e-07, 6.25421e-07, 4.2657e-08, 6.06692e-08, 5.38367e-10, 3.2768e-09, 3.45912e-06, 3.57717e-06, 

1.04482e-10, 1.08399e-10, 1.29446e-06, 1.60006e-10, 2.43089e-07, 0.0269967, 0.0369842, 2.73956e-10, 1.21619e-06, 7.05816e-11, 3.16209e-13, 1.30276e-12, 0.332435, 1.09651e-07, 2.16871e-06, 5.42162e-10, 2.49754, 1.11748e-07, 1.55853e-09, 6.71844e-07, 7.88806e-11, 7.44978e-11, 3.03624e-09, 0.159607, 0.357352, 1.59976e-06, 4.23747e-07, 7.46558e-11, 4.75938e-11, 2.89942e-07, 1.20801e-10, 2.49558e-10, 6.38414e-11, 0.0133345, 0.377977, 5.18905e-10, 1.29334, 1.30599e-10, 1.33896e-06, 1.34914e-06, 8.44311e-08, 2.82747e-07, 3.94739e-07, 4.2657e-08, 6.06692e-08, 5.38367e-10, 3.2768e-09, 2.24386e-07, 3.45912e-06, 3.57717e-06, 

Best:
5.62325e-07	

Fitness Evaluations:
3377

End Population
(-1.022164e-05), (1.041147e-05), (-1.137744e-03), (-1.264934e-05), (4.930406e-04), (-1.643068e-01), (-1.923127e-01), (1.655162e-05), (-1.102809e-03), (8.401288e-06), (5.623250e-07), (1.141385e-06), (-5.765720e-01), (-3.311363e-04), (1.472656e-03), (-2.328437e-05), (1.580361e+00), (3.342877e-04), (-3.947821e-05), (-8.196611e-04), (8.881474e-06), (8.631209e-06), (5.510211e-05), (3.995085e-01), (5.977897e-01), (1.264817e-03), (-6.509582e-04), (8.640358e-06), (-6.898823e-06), (5.384625e-04), (1.099094e-05), (1.579740e-05), (7.990080e-06), (-1.154751e-01), (6.147982e-01), (-2.277949e-05), (-1.137251e+00), (-1.142801e-05), (-1.157133e-03), (-1.161525e-03), (2.905703e-04), (-5.317399e-04), (6.282825e-04), (2.065358e-04), (2.463111e-04), (-2.320273e-05), (-5.724330e-05), (-4.736937e-04), (1.859872e-03), (1.891340e-03), 