Iterations: 50
Function Evaluations Limit: 150000
Population: 50

Prides Length: 4

Percent Nomads: 0.2
Percent Roaming: 0.2
Percent Sex: 0.8

Mating Rate: 0.3
Mutation Probability: 0.2
Immigration Rate: 0.4

Dimensions: 2
N-Dimension Space: -5:5

Fitness Iterations:
7.44195
16371.1, 414.733, 4698.95, 9888.93, 644.312, 4519.85, 46.9744, 5291.28, 866.982, 6147.62, 1656.44, 2767.45, 22515.4, 155.952, 2197.6, 12895.3, 31832.5, 3818.78, 1479.02, 49.2936, 286.251, 223.066, 14480.8, 1277, 50284.5, 13721.1, 4239.15, 1426.81, 5385.17, 38658.2, 15.6317, 47384.6, 2261.02, 10375.5, 584.906, 7.44195, 72706.4, 7082.46, 225.176, 51.347, 440.957, 1031.32, 34213.1, 4877.98, 11.1494, 2287.33, 359.373, 13610.9, 5924.53, 286.151, 

7.43139, 49.0844, 592.202, 4519.85, 46.9744, 553.265, 6147.62, 71.4521, 3.97949, 28.9356, 286.251, 385.096, 278.983, 12895.3, 4.84088, 9198.06, 3162.38, 1123.73, 745.193, 147.817, 11.1494, 151.104, 50284.5, 199.626, 5385.17, 38658.2, 2890.44, 286.151, 584.906, 3.66998, 13.7846, 129.283, 2261.02, 7.44195, 72706.4, 56.6462, 27.9678, 799.198, 152.146, 49.2936, 353.064, 217.891, 131.331, 414.733, 487.032, 359.373, 709.897, 92.3635, 1248.78, 1277, 

3.00889, 5.59345, 79.8915, 12.9635, 6147.62, 71.4521, 28.9356, 97.3673, 3.97949, 2.56924, 49.0844, 113.781, 2.6448, 622.345, 2470.21, 745.193, 37.0712, 45.4535, 6.15187, 28.9401, 5.05173, 3.94827, 2822.42, 266.766, 212.168, 3.66998, 5.49022, 97.1872, 11.6168, 7.44195, 13.7846, 5.89782, 27.9678, 799.198, 152.146, 49.2936, 62.8097, 53.4257, 3.15837, 56.6462, 217.891, 131.331, 92.3635, 53.4713, 11.1494, 10.6583, 129.283, 101.718, 147.817, 321.272, 

3.00889, 5.59345, 79.8915, 15.1762, 71.4521, 3.97949, 23750.7, 11.6168, 12.9635, 40.5943, 10.6583, 15.798, 2.6448, 745.193, 4.77301, 16403.7, 7767.46, 28.9401, 3.15837, 3.30678, 3.49046, 3.94827, 2822.42, 266.766, 5.49022, 7.44195, 1723.25, 37.0712, 45.4535, 11.7408, 13.7846, 5.89782, 27.9678, 152.146, 49.2936, 62.8097, 49.715, 2.56924, 53.5943, 3.93219, 92.3635, 53.4713, 49.0844, 11.1494, 72.1926, 101.718, 113.781, 35.2238, 73.5961, 97.1872, 

3.00889, 1.25967, 79.8915, 15.1762, 71.4521, 23750.7, 12.9635, 4.77301, 49.715, 2.91994, 0.537544, 5.59345, 2.6448, 28.9401, 3.15837, 3.30678, 225.247, 45.4535, 11.6168, 40.5943, 3.49046, 3.94827, 9.82364, 266.766, 37.0712, 9.15623, 2939.99, 1.09919, 7.44195, 27.9678, 5.89782, 3.0119, 152.146, 49.2936, 53.5943, 114.492, 18.4117, 0.398313, 3.93219, 2.56924, 53.4713, 49.0844, 11.1494, 72.1926, 35.2238, 6.10706, 46.7159, 13.7846, 62.8097, 73.5961, 

1.42547, 1.25967, 71.4521, 12.9635, 4.77301, 49.715, 2.91994, 42.7531, 53.5943, 2.56924, 0.537544, 0.201907, 2.6448, 28.9401, 3.15837, 45.4535, 0.165809, 7.44195, 0.329794, 62.8097, 3.49046, 3.94827, 37.0712, 9.15623, 1.09919, 27.9678, 8.35613, 9.82364, 3.30678, 13.1251, 2.61896, 3.0119, 49.2936, 114.492, 18.4117, 0.398313, 3.93219, 40.5943, 15.1762, 73.5961, 11.1494, 35.2238, 6.10706, 46.7159, 13.7846, 5.89782, 5.59345, 7.77508, 79.8915, 95.7095, 

1.25967, 0.826608, 12.9635, 19.1907, 2.91994, 42.7531, 13.482, 0.329794, 3.15837, 3.93219, 0.537544, 0.0514084, 2.6448, 45.4535, 7.44195, 62.8097, 224.02, 28.9401, 13.1251, 6.11725, 1.42547, 1.86486, 9.15623, 1.09919, 27.9678, 8.35613, 32.5094, 15.1762, 2.56924, 3.30678, 2.61896, 3.0119, 49.2936, 18.4117, 0.398313, 206.898, 0.520023, 9.82364, 0.165809, 4.77301, 11.1494, 6.10706, 13.7846, 5.89782, 5.59345, 7.77508, 3.49046, 3.94827, 34.245, 37.0712, 

1.25967, 0.826608, 19.1907, 6.04628, 0.329794, 3.15837, 210.502, 0.398313, 5.64403, 7.44195, 0.537544, 0.0514084, 2.6448, 224.02, 28.9401, 58.8743, 11742.6, 3.30381, 3.93219, 6.11725, 1.42547, 1.86486, 9.15623, 8.35613, 32.5094, 15.1762, 3.30678, 9.48452, 2.91994, 0.165809, 2.61896, 2.73787, 18.4117, 206.898, 9.82364, 4.77301, 1153.99, 0.520023, 1.09919, 2.56924, 6.10706, 5.89782, 5.59345, 7.77508, 3.49046, 3.94827, 7.12083, 4.16945, 13.1251, 27.9678, 

1.25967, 0.826608, 0.329794, 3.15837, 210.502, 0.398313, 887.502, 2.12687, 0.520023, 1.09919, 0.537544, 0.0514084, 28.9401, 3906.47, 3.30381, 50.9734, 6445.02, 6.04628, 4.77301, 0.165809, 1.42547, 1.86486, 8.35613, 15.1762, 3.30678, 2.91994, 681.381, 9.15623, 2.6448, 6.11725, 2.61896, 2.73787, 200.58, 185.267, 2.56924, 80.0477, 108.886, 3.93219, 9.48452, 7.44195, 6.10706, 5.89782, 5.59345, 7.77508, 3.49046, 3.94827, 7.12083, 4.16945, 9.82364, 9.89198, 

1.25967, 0.60418, 0.329794, 763.823, 2.12687, 0.520023, 1.09919, 9.82364, 6.11725, 3.30678, 0.537544, 0.0514084, 214.665, 50.9734, 6.04628, 4.77301, 0.165809, 7.44195, 0.398313, 9.89198, 1.42547, 1.86486, 8.35613, 15.1762, 9.15623, 2.6448, 376.089, 2.91994, 28.9401, 3.15837, 2.61896, 2.73787, 98.8544, 2.56924, 108.886, 3.93219, 9.48452, 28.995, 5.76211, 3.30381, 6.10706, 5.89782, 5.59345, 3.49046, 3.94827, 7.12083, 4.16945, 3.98827, 32.8408, 38.4067, 

0.537544, 0.466387, 0.329794, 2.12687, 0.520023, 9.82364, 3.30678, 7.44195, 9.15623, 1.09919, 0.0514084, 0.0792133, 50.9734, 6.04628, 4.77301, 0.165809, 9.89198, 0.0760975, 8.35613, 3.15837, 1.42547, 1.24113, 2.6448, 2.91994, 28.9401, 67.0844, 49.9868, 6.51311, 0.398313, 3.3393, 2.61896, 2.43414, 3.93219, 5.76211, 3.30381, 735.121, 1.8953, 9.48452, 2.56924, 6.11725, 6.10706, 5.89782, 5.59345, 3.49046, 3.94827, 4.16945, 3.98827, 1.25967, 15.1762, 15.2301, 

0.495443, 0.466387, 0.329794, 2.12687, 9.82364, 3.30678, 1.09919, 1.8953, 3.93219, 0.398313, 0.0514084, 0.0792133, 9.89198, 0.0760975, 3.15837, 401.157, 5475.62, 0.165809, 1.67281, 6.51311, 1.25967, 1.24113, 2.91994, 49.9868, 0.557816, 7975.67, 51.7334, 3.30381, 0.520023, 7.44195, 2.61896, 2.43414, 5.76211, 527.465, 6.11725, 270.388, 37520.5, 2.56924, 2.6448, 6.04628, 6.10706, 5.89782, 5.59345, 3.49046, 3.94827, 4.16945, 3.98827, 1.42547, 8.35613, 9.15623, 

0.495443, 0.466387, 0.329794, 2.12687, 3.93219, 0.398313, 193.89, 1.09919, 8.35613, 2.28936, 0.0514084, 0.04073, 9.89198, 7.75298, 0.165809, 1.67281, 6.51311, 3.15837, 3.30381, 0.520023, 1.25967, 1.1108, 2.91994, 49.9868, 0.557816, 7.44195, 155.135, 9.15623, 1.8953, 0.0760975, 1.42547, 2.43414, 5.76211, 8.24135, 2.56924, 2.6448, 6.04628, 5.00979, 6.11725, 9.82364, 5.89782, 5.59345, 3.49046, 3.94827, 4.16945, 3.98827, 2.61896, 2.5385, 12.4269, 38.4378, 

0.495443, 0.466387, 0.329794, 2.12687, 3.93219, 0.398313, 193.89, 0.557816, 1.54876, 1.67281, 0.0514084, 0.04073, 9.89198, 7.75298, 0.165809, 6.51311, 17.755, 1.09919, 0.0760975, 2.56924, 0.110267, 1.1108, 2.91994, 49.9868, 155.135, 1.8953, 30.9311, 6.04628, 2.6448, 3.15837, 1.42547, 2.43414, 5.76211, 6.11725, 9.82364, 390.301, 1513.68, 0.520023, 3.30381, 5.00979, 5.89782, 5.59345, 3.49046, 3.94827, 4.16945, 3.98827, 2.61896, 2.5385, 7.44195, 8.24135, 

0.495443, 0.466387, 2.12687, 193.89, 1.67281, 114.981, 21537, 2.91994, 0.557816, 0.398313, 0.0514084, 0.04073, 9.89198, 0.165809, 1.09919, 368.102, 74.8562, 0.520023, 2.56924, 6.04628, 0.110267, 1.1108, 155.135, 2.6448, 3.15837, 84.1279, 186.641, 0.329794, 3.30381, 0.0760975, 1.19417, 2.43414, 5.76211, 9.82364, 390.301, 461.168, 5.00979, 1.45455, 1.8953, 3.93219, 5.59345, 3.49046, 3.94827, 4.16945, 3.98827, 2.61896, 2.5385, 1.42547, 6.11725, 6.51311, 

0.315826, 0.466387, 1.67281, 2.91994, 0.557816, 0.398313, 24219.8, 3.15837, 2.6448, 5.76211, 0.0514084, 0.04073, 9.89198, 1.09919, 368.102, 0.520023, 0.247573, 2.12687, 5.00979, 0.329794, 0.110267, 0.518186, 84.1279, 186.641, 3.30381, 108.903, 1577.69, 0.0760975, 1.75621, 2.56924, 1.19417, 2.43414, 390.301, 1.45455, 1.8953, 3.93219, 541.554, 0.165809, 6.11725, 6.04628, 3.49046, 3.94827, 4.16945, 3.98827, 2.61896, 2.5385, 1.42547, 0.495443, 6.51311, 9.61591, 

0.315826, 0.466387, 0.398313, 3.15837, 2.6448, 5.76211, 257.132, 2.56924, 6.51311, 1.67281, 0.0514084, 0.04073, 1.09919, 95.6629, 0.520023, 5.00979, 54.7565, 0.557816, 6.11725, 0.670632, 0.110267, 0.495443, 84.1279, 3.30381, 0.0760975, 52.7456, 127.702, 9.61591, 1.75621, 2.91994, 1.19417, 1.42547, 1.45455, 1.8953, 3.93219, 0.165809, 6.04628, 0.247573, 0.329794, 2.12687, 3.49046, 3.94827, 3.98827, 2.61896, 2.5385, 2.43414, 0.518186, 0.927834, 9.89198, 19.3251, 

0.315826, 0.466387, 0.398313, 5.76211, 2.56924, 1.67281, 344.438, 6.11725, 0.520023, 0.0760975, 0.0514084, 0.04073, 1.09919, 95.6629, 5.00979, 0.557816, 91.665, 5.43709, 0.247573, 1.75621, 0.110267, 0.495443, 3.30381, 52.7456, 127.702, 2.91994, 243.021, 3.93219, 2.6448, 3.91735, 0.518186, 1.42547, 0.116107, 1.8953, 0.165809, 0.329794, 2.12687, 6.04628, 0.670632, 3.15837, 3.49046, 3.94827, 2.61896, 2.5385, 2.43414, 1.19417, 0.927834, 3.8942, 6.51311, 9.61591, 

0.315826, 0.466387, 0.398313, 5.76211, 1.67281, 6.11725, 185.424, 0.165809, 3.93219, 0.247573, 0.0514084, 0.04073, 1.09919, 95.6629, 5.00979, 0.557816, 91.665, 5.43709, 2.6448, 1.75621, 0.110267, 0.495443, 52.7456, 127.702, 2.91994, 3.91735, 3790.52, 0.0760975, 3.30381, 2.56924, 0.518186, 0.927834, 1.8953, 0.329794, 2.12687, 6.04628, 3.15837, 0.670632, 0.116107, 0.520023, 3.49046, 3.94827, 2.61896, 2.5385, 2.43414, 1.42547, 1.19417, 3.8942, 6.51311, 9.61591, 

0.315826, 0.466387, 5.76211, 6.11725, 0.165809, 3.93219, 254.395, 0.247573, 2.12687, 0.116107, 0.0514084, 0.04073, 1.09919, 95.6629, 91.665, 2.6448, 46647.9, 3.30381, 1.75621, 1.8953, 0.110267, 0.495443, 37.0239, 127.702, 2.91994, 3.91735, 2.56924, 1.67281, 5.00979, 0.398313, 0.518186, 0.927834, 6.04628, 3.15837, 0.670632, 0.520023, 999.994, 0.329794, 0.0760975, 0.557816, 3.49046, 3.94827, 2.61896, 2.5385, 2.43414, 1.42547, 1.19417, 3.8942, 5.43709, 6.51311, 

0.315826, 0.36837, 0.165809, 254.395, 2.12687, 0.116107, 16.0873, 1.75621, 2.56924, 0.247573, 0.0514084, 0.04073, 1.09919, 0.582357, 3.30381, 1.8953, 35.3797, 5.00979, 0.329794, 3.91735, 0.110267, 0.495443, 37.0239, 1.67281, 0.398313, 1.63446, 16.925, 5.43709, 0.0760975, 0.520023, 0.518186, 0.0265923, 6.04628, 3.15837, 0.670632, 999.994, 0.557816, 2.91994, 0.226837, 3.93219, 3.49046, 2.61896, 2.5385, 2.43414, 1.42547, 1.19417, 1.63907, 0.927834, 5.76211, 6.11725, 

0.315826, 0.36837, 0.165809, 16.0873, 0.247573, 37.8765, 626.693, 1.75621, 0.329794, 0.670632, 0.0509235, 0.04073, 1.09919, 3.30381, 1.8953, 0.338253, 3.91735, 2.56924, 0.226837, 0.582357, 0.110267, 0.495443, 1.67281, 16.925, 5.43709, 0.520023, 341.259, 2.91994, 1.63446, 2.12687, 0.518186, 0.0265923, 3.15837, 999.994, 0.557816, 3.93219, 2498.62, 0.0760975, 0.398313, 0.116107, 3.49046, 2.61896, 2.5385, 2.43414, 1.42547, 1.19417, 1.63907, 0.927834, 5.76211, 6.04628, 

0.315826, 0.36837, 0.165809, 16.0873, 37.8765, 0.670632, 2546.26, 0.247573, 3.93219, 2.01049, 0.0414749, 0.04073, 1.09919, 3.30381, 1.8953, 3.91735, 0.582357, 3.15837, 0.226837, 2.56924, 0.110267, 0.495443, 1.67281, 16.925, 5.43709, 1.63446, 2.12687, 2.91994, 0.338253, 1.75621, 0.199198, 0.0265923, 999.994, 0.557816, 2498.62, 0.398313, 0.116107, 0.0760975, 0.520023, 0.329794, 2.61896, 2.5385, 2.43414, 1.42547, 1.19417, 1.63907, 0.927834, 3.06691, 5.76211, 6.04628, 

0.315826, 0.36837, 37.8765, 0.670632, 0.247573, 3.93219, 102.051, 0.229249, 3.15837, 1.67281, 0.0414749, 0.04073, 3.30381, 1.8953, 3.91735, 0.226837, 2.56924, 0.520023, 0.398313, 1.09919, 0.0552129, 0.495443, 1.63446, 2.12687, 2.91994, 1.75621, 1.68758, 0.116107, 2.00212, 5.43709, 0.191725, 0.0265923, 999.994, 0.557816, 0.0760975, 0.282397, 0.595765, 0.165809, 0.338253, 0.582357, 2.5385, 2.43414, 1.42547, 1.19417, 1.63907, 0.927834, 2.46484, 0.634894, 5.76211, 6.04628, 

0.315826, 0.36837, 37.8765, 0.247573, 3.15837, 17.4273, 3.47216, 0.398313, 0.0872439, 0.338253, 0.0414749, 0.04073, 3.30381, 3.91735, 2.56924, 0.520023, 543.66, 1.75621, 0.582357, 1.67281, 0.0552129, 0.495443, 2.91994, 1.68758, 0.116107, 5.43709, 0.913592, 1.09919, 1.8953, 0.229249, 0.00691179, 0.0265923, 0.557816, 0.0760975, 0.282397, 0.595765, 0.165809, 0.670632, 0.226837, 1.63446, 2.43414, 1.42547, 1.19417, 1.63907, 0.927834, 0.634894, 0.105408, 1.2601, 2.00212, 2.12687, 

0.315826, 0.36837, 3.15837, 15.7696, 3.47216, 0.0872439, 279.616, 0.398313, 1.68758, 1.09919, 0.0388771, 0.04073, 3.91735, 2.56924, 0.520023, 543.66, 0.582357, 0.338253, 1.75621, 0.229249, 0.0552129, 0.105408, 2.91994, 0.116107, 0.913592, 1386.47, 144.447, 1.63446, 0.247573, 0.0760975, 0.00691179, 0.0265923, 0.282397, 0.595765, 0.670632, 0.226837, 7.52681, 1.67281, 0.165809, 0.557816, 2.43414, 1.42547, 1.19417, 1.63907, 0.927834, 0.634894, 0.495443, 1.2601, 1.8953, 2.00212, 

0.175708, 0.229387, 15.7696, 3.47216, 0.0872439, 0.398313, 1.68758, 0.582357, 0.229249, 1.63446, 0.0388771, 0.04073, 0.520023, 543.66, 0.338253, 1.75621, 7.26264, 1.09919, 0.247573, 1.67281, 0.0552129, 0.105408, 0.116107, 1386.47, 144.447, 0.0760975, 3247.56, 0.0735867, 1.8953, 0.165809, 0.00691179, 0.0265923, 0.282397, 0.226837, 0.557816, 0.328278, 6158.84, 0.670632, 0.233254, 0.595765, 1.19417, 0.927834, 0.634894, 0.495443, 1.2601, 0.315826, 0.468137, 0.36837, 2.00212, 2.56924, 

0.175708, 0.0591804, 15.7696, 3.47216, 0.0872439, 1.68758, 0.229249, 1.63446, 0.582357, 1.8953, 0.0388771, 0.0255565, 0.520023, 543.66, 0.338253, 1.75621, 1.67281, 0.557816, 0.116107, 1.09919, 0.0552129, 0.105408, 1386.47, 144.447, 64.6125, 0.0735867, 0.165809, 0.247573, 0.0760975, 0.226837, 0.00691179, 0.0265923, 0.282397, 0.328278, 6158.84, 0.233254, 44.9354, 0.398313, 0.670632, 0.595765, 1.19417, 0.927834, 0.634894, 0.495443, 0.315826, 0.468137, 0.36837, 1.16247, 2.00212, 2.56924, 

0.175708, 0.0591804, 3.47216, 0.0872439, 1.68758, 0.229249, 0.582357, 0.520023, 0.595765, 0.328278, 0.0388771, 0.0255565, 117.126, 1.67281, 0.297408, 1.09919, 25.451, 0.0760975, 1.8953, 0.338253, 0.0552129, 0.105408, 64.6125, 0.0735867, 0.165809, 0.226837, 341.908, 0.247573, 1.63446, 1.75621, 0.00691179, 0.0265923, 0.282397, 40.5641, 0.398313, 4089.25, 1968.25, 0.670632, 0.233254, 0.116107, 1.19417, 0.927834, 0.634894, 0.495443, 0.315826, 0.468137, 0.36837, 1.16247, 2.00212, 2.56924, 

0.175708, 0.0591804, 1.68758, 0.229249, 0.582357, 0.328278, 659.307, 0.282397, 2.56924, 1.67281, 0.0388771, 0.0255565, 7.00929, 0.297408, 0.0760975, 0.338253, 2.67804, 1.09919, 0.0872439, 0.226837, 0.0552129, 0.105408, 0.0163341, 0.165809, 1.63446, 1.75621, 66.3397, 0.595765, 2.00212, 0.247573, 0.00691179, 0.0265923, 0.398313, 0.670632, 0.116107, 4.4491, 9515.88, 0.520023, 0.233254, 1.8953, 1.19417, 0.927834, 0.634894, 0.495443, 0.315826, 0.468137, 0.36837, 1.16247, 3.47216, 25.451, 

0.0591804, 0.0319271, 0.328278, 2.56924, 1.67281, 0.418733, 17191.7, 0.247573, 0.282397, 1.8953, 0.0388771, 0.0255565, 0.297408, 0.338253, 2.67804, 0.0872439, 0.226837, 0.229249, 1.09919, 0.233254, 0.0552129, 0.105408, 0.0163341, 0.165809, 1.75621, 0.595765, 3.0765, 0.398313, 1.68758, 1.4831, 0.00691179, 0.0265923, 0.670632, 0.116107, 9515.88, 0.520023, 8104.66, 1.63446, 0.0760975, 0.582357, 0.927834, 0.634894, 0.495443, 0.315826, 0.468137, 0.36837, 1.16247, 0.175708, 2.00212, 3.47216, 

0.0591804, 0.0319271, 1.67281, 0.418733, 0.247573, 1.8953, 48.9646, 0.595765, 0.282397, 0.0163341, 0.0388771, 0.0255565, 0.338253, 0.0872439, 0.229249, 1.09919, 2.85747, 0.233254, 0.226837, 0.116107, 0.0552129, 0.105408, 1.75621, 3.0765, 0.398313, 1.68758, 1.38734, 1.4831, 0.328278, 0.520023, 0.00691179, 0.0265923, 0.670632, 1.63446, 0.0760975, 0.582357, 15323.6, 0.165809, 0.297408, 2.00212, 0.927834, 0.634894, 0.495443, 0.315826, 0.468137, 0.36837, 1.16247, 0.175708, 2.56924, 2.67804, 

0.0591804, 0.0319271, 0.418733, 0.519228, 0.595765, 0.282397, 93.6992, 0.520023, 0.0760975, 0.116107, 0.0255565, 0.0265922, 0.0872439, 0.229249, 2.85747, 0.233254, 0.226837, 0.0165773, 0.0163341, 0.338253, 0.0388771, 0.105408, 0.398313, 1.68758, 1.4831, 323.896, 134.572, 1.09919, 0.247573, 0.297408, 0.00691179, 0.0265923, 1.63446, 41.1089, 0.165809, 792.252, 12.1117, 0.582357, 0.670632, 0.328278, 0.634894, 0.495443, 0.315826, 0.468137, 0.36837, 0.175708, 0.804678, 0.0552129, 1.38734, 1.67281, 

0.0591804, 0.0319271, 0.595765, 93.6992, 0.0760975, 1305.99, 4114.8, 0.247573, 0.0165773, 0.520023, 0.0255565, 0.0265922, 0.229249, 2.85747, 0.338253, 0.140268, 54.9837, 0.116107, 0.0163341, 0.670632, 0.0388771, 0.0552129, 0.398313, 10.9929, 0.297408, 494.561, 21.2329, 0.226837, 0.418733, 0.233254, 0.00691179, 0.0265923, 0.165809, 0.582357, 0.328278, 192.722, 120.978, 0.282397, 0.519228, 0.0872439, 0.634894, 0.495443, 0.315826, 0.468137, 0.36837, 0.175708, 0.0714455, 0.136159, 1.09919, 1.38734, 

0.0591804, 0.0319271, 0.595765, 93.6992, 1305.99, 0.247573, 1085.41, 0.229249, 0.0872439, 0.328278, 0.014482, 0.0265922, 0.338253, 0.140268, 0.670632, 9.63258, 7050.9, 0.0165773, 0.116107, 0.226837, 0.0388771, 0.0552129, 10.9929, 0.297408, 0.418733, 3.78854, 325.511, 0.233254, 0.0364595, 0.282397, 0.00691179, 0.00162166, 0.165809, 0.0131322, 120.978, 310.986, 0.000393991, 0.398313, 0.0760975, 0.0163341, 0.495443, 0.315826, 0.468137, 0.36837, 0.175708, 0.0714455, 0.136159, 0.0265923, 0.519228, 0.520023, 

0.00828159, 0.0319271, 0.595765, 0.247573, 1085.41, 0.0872439, 146.857, 0.0131322, 0.165809, 0.328278, 0.014482, 0.0265922, 0.670632, 7050.9, 0.0165773, 0.226837, 1833.67, 0.398313, 0.140268, 3.78854, 0.0388771, 0.0552129, 0.297408, 0.418733, 0.0364595, 0.282397, 140.85, 0.519228, 0.520023, 0.229249, 0.00691179, 0.00162166, 120.978, 310.986, 0.000393991, 0.0760975, 0.0163341, 0.116107, 0.338253, 0.233254, 0.315826, 0.468137, 0.36837, 0.175708, 0.0714455, 0.136159, 0.0591804, 0.0265923, 9.4326, 9.63258, 

0.00296016, 0.0319271, 0.595765, 1085.41, 0.0131322, 0.165809, 19.2058, 0.226837, 0.00190001, 0.229249, 0.014482, 0.0265922, 0.670632, 0.0165773, 1833.67, 3.78854, 3056.16, 0.0872439, 0.297408, 0.140268, 0.0265923, 0.0552129, 0.0364595, 0.282397, 140.85, 0.520023, 413.875, 0.418733, 0.116107, 0.398313, 0.0001173, 0.000447883, 310.986, 0.000393991, 0.0760975, 0.0163341, 0.233254, 0.328278, 0.247573, 0.338253, 0.315826, 0.175708, 0.0714455, 0.136159, 0.0591804, 0.0388771, 0.315158, 0.00645411, 0.519228, 8.11723, 

0.00296016, 0.00645411, 0.345853, 1085.41, 19.2058, 0.226837, 36.201, 0.00190001, 0.233254, 0.0760975, 0.014482, 0.0265922, 0.670632, 0.0165773, 1833.67, 3056.16, 0.140268, 0.229249, 0.328278, 0.282397, 0.0265923, 0.0388771, 0.520023, 413.875, 0.418733, 0.398313, 1414.81, 0.165809, 0.0872439, 0.0364595, 0.0001173, 0.000190384, 310.986, 0.000393991, 0.0163341, 0.247573, 88.1148, 0.297408, 0.116107, 0.0131322, 0.315826, 0.175708, 0.0714455, 0.136159, 0.0591804, 0.0552129, 0.315158, 0.0319271, 0.338253, 0.429524, 

0.00296016, 0.00645411, 370.284, 11.3257, 36.201, 0.00190001, 0.233254, 0.429524, 0.247573, 0.116107, 0.014482, 0.0265922, 0.0165773, 1833.67, 3056.16, 0.140268, 0.229249, 0.000393991, 0.0131322, 0.226837, 0.0265923, 0.0319271, 0.398313, 0.165809, 0.0872439, 0.0364595, 2198.3, 0.338253, 0.0760975, 0.282397, 0.0001173, 9.57935e-05, 310.986, 0.0163341, 88.1148, 0.297408, 2629.9, 0.328278, 0.418733, 0.345853, 0.315826, 0.175708, 0.0714455, 0.136159, 0.0591804, 0.0552129, 0.315158, 0.0388771, 0.520023, 0.670632, 

0.00296016, 0.00645411, 370.284, 36.201, 0.429524, 0.116107, 47.1072, 0.226837, 0.0163341, 0.0165773, 0.014482, 0.0265922, 0.140268, 0.000393991, 0.0131322, 3.69322, 52.7815, 0.297408, 0.00190001, 0.282397, 0.0265923, 0.0184086, 0.0364595, 0.338253, 0.0760975, 189.638, 0.0369327, 0.0872439, 0.229249, 0.247573, 0.0001173, 9.57935e-05, 310.986, 88.1148, 0.345853, 441.401, 45.3402, 0.165809, 0.016117, 0.233254, 0.175708, 0.0714455, 0.136159, 0.0591804, 0.0552129, 0.315158, 0.0388771, 0.0388244, 0.328278, 0.398313, 

0.00296016, 0.00645411, 0.429524, 0.116107, 47.1072, 0.0165773, 222.483, 0.282397, 0.0369327, 0.0872439, 0.014482, 0.0265922, 0.0131322, 3.69322, 52.7815, 0.00190001, 182.067, 0.016117, 0.0163341, 0.233254, 0.0265923, 0.0184086, 0.0364595, 0.0760975, 0.229249, 44.9195, 0.978303, 0.000393991, 0.247573, 0.140268, 0.0001173, 9.57935e-05, 0.345853, 45.3402, 0.165809, 15140.6, 213.025, 0.226837, 0.328278, 0.297408, 0.175708, 0.0714455, 0.136159, 0.0591804, 0.0552129, 0.315158, 0.0388771, 0.0388244, 0.338253, 0.398313, 

0.00296016, 0.00645411, 0.116107, 23.6889, 222.483, 0.282397, 0.0872439, 0.0165773, 0.140268, 0.0369327, 0.014482, 0.0265922, 3.69322, 12.556, 0.016117, 0.233254, 124.512, 0.0163341, 0.0364595, 0.226837, 0.0265923, 0.0184086, 0.0760975, 0.978303, 0.000393991, 0.247573, 763.341, 0.00190001, 0.229249, 0.297408, 0.0001173, 9.57935e-05, 0.165809, 15140.6, 1.65272, 512.168, 430.39, 0.0131322, 0.338253, 0.328278, 0.175708, 0.0714455, 0.136159, 0.0591804, 0.0552129, 0.315158, 0.0388771, 0.0388244, 0.345853, 0.398313, 

0.00296016, 0.00645411, 23.6889, 0.0165773, 0.140268, 0.0369327, 110.752, 0.282397, 0.0364595, 0.116107, 0.014482, 0.00603285, 0.016117, 0.233254, 124.512, 0.226837, 299.322, 0.0163341, 0.0760975, 0.345853, 0.0265923, 0.0184086, 0.000393991, 763.341, 0.00190001, 0.229249, 0.297408, 0.0854481, 0.0872439, 0.398313, 0.0001173, 9.57935e-05, 0.165809, 430.39, 0.0131322, 0.338253, 754.635, 0.247573, 0.328278, 0.037669, 0.175708, 0.0714455, 0.136159, 0.0591804, 0.0552129, 0.0388771, 0.0388244, 0.113365, 0.978303, 1.65272, 

0.00296016, 0.00645411, 0.0165773, 0.0369327, 0.282397, 0.116107, 18.0787, 0.037669, 0.000393991, 0.226837, 0.00777103, 0.00603285, 0.016117, 0.0163341, 0.0760975, 0.345853, 18435.7, 0.398313, 0.247573, 0.140268, 0.0184086, 0.00737856, 763.341, 0.00190001, 0.0854481, 0.0872439, 0.00823041, 0.233254, 0.328278, 0.229249, 0.0001173, 9.57935e-05, 0.165809, 430.39, 0.0131322, 0.338253, 495.646, 0.978303, 0.0364595, 0.297408, 0.0714455, 0.0591804, 0.0552129, 0.0388771, 0.0388244, 0.113365, 0.0549095, 0.0265923, 1.65272, 2.67773, 

0.00296016, 0.00645411, 0.0165773, 18.0787, 0.037669, 0.000393991, 0.284535, 0.0760975, 0.016117, 0.116107, 0.00777103, 0.00603285, 0.345853, 18435.7, 0.247573, 0.140268, 14822.8, 0.233254, 0.0872439, 0.229249, 0.0184086, 0.00737856, 763.341, 0.00190001, 0.00823041, 0.328278, 6568.33, 0.165809, 0.0854481, 0.0369327, 0.0001173, 9.57935e-05, 0.338253, 0.946895, 0.0364595, 0.33856, 0.12895, 0.0163341, 0.0131322, 0.226837, 0.0714455, 0.0591804, 0.0552129, 0.0388771, 0.0388244, 0.113365, 0.0549095, 0.0265923, 0.282397, 0.297408, 

0.00296016, 0.00459552, 0.000393991, 0.284535, 0.0760975, 0.016117, 506.687, 0.0165773, 0.00190001, 0.229249, 0.00777103, 0.00603285, 0.345853, 0.247573, 0.140268, 8071.67, 0.0872439, 0.165809, 0.037669, 0.116107, 0.0184086, 0.00737856, 0.328278, 0.0854481, 0.0369327, 2035.27, 106.931, 0.226837, 0.282397, 0.297408, 0.000107551, 9.57935e-05, 0.946895, 0.0364595, 0.12895, 0.0131322, 3.4543, 0.0163341, 0.233254, 0.00823041, 0.0714455, 0.0591804, 0.0552129, 0.0388771, 0.0388244, 0.113365, 0.0549095, 0.0265923, 0.338253, 0.33856, 

0.00139212, 0.00459552, 0.0760975, 0.016117, 0.00190001, 16.7913, 23.2383, 0.233254, 0.0364595, 0.229249, 0.00777103, 0.00603285, 0.345853, 0.247573, 0.165809, 0.037669, 392.224, 0.0165773, 0.000393991, 0.0131322, 0.0184086, 0.00737856, 0.328278, 0.226837, 0.282397, 0.297408, 691.183, 0.116107, 0.0854481, 0.284535, 0.000107551, 9.57935e-05, 0.946895, 0.12895, 3.4543, 0.0163341, 0.00823041, 0.0369327, 0.0872439, 0.140268, 0.0714455, 0.0591804, 0.0552129, 0.0388771, 0.0388244, 0.113365, 0.0549095, 0.0265923, 0.338253, 0.33856, 

0.00139212, 0.000692195, 0.016117, 23.2383, 0.0364595, 0.229249, 0.000766315, 0.00190001, 0.0854481, 0.233254, 0.000113744, 0.00382756, 0.165809, 0.0165773, 0.000393991, 0.0131322, 77.0879, 0.037669, 0.0760975, 0.0163341, 0.00193543, 0.00737856, 0.226837, 0.282397, 0.297408, 0.116107, 462.381, 0.12895, 0.284535, 0.0872439, 0.000107551, 9.57935e-05, 3.4543, 0.00823041, 0.0369327, 0.140268, 16.5065, 0.328278, 0.247573, 0.0657637, 0.0714455, 0.0591804, 0.0552129, 0.0388771, 0.0388244, 0.0549095, 0.0265923, 0.00603285, 0.338253, 0.33856, 

0.00139212, 0.000692195, 0.016117, 0.000766315, 0.00190001, 0.233254, 2.71517, 0.226837, 0.0131322, 0.00823041, 0.000113744, 0.00382756, 0.165809, 0.0165773, 59.2672, 0.0760975, 56.677, 0.0872439, 0.0163341, 0.037669, 0.00193543, 0.00603285, 0.297408, 0.116107, 462.381, 0.12895, 3817.77, 0.0364595, 0.0854481, 0.284535, 0.000107551, 9.57935e-05, 0.0369327, 0.140268, 0.328278, 0.247573, 0.0657637, 0.229249, 0.282397, 0.000393991, 0.0714455, 0.0591804, 0.0552129, 0.0388771, 0.0388244, 0.0549095, 0.0265923, 0.00737856, 0.338253, 0.33856, 

0.00139212, 0.000692195, 0.00190001, 2.71517, 0.226837, 0.00823041, 2375.52, 0.0131322, 0.0760975, 0.0369327, 0.000113744, 0.00382756, 0.165809, 0.0165773, 56.677, 0.0872439, 211.229, 0.000766315, 0.116107, 0.229249, 0.00193543, 0.00603285, 0.297408, 462.381, 0.12895, 3817.77, 0.0364595, 0.0163341, 0.016117, 0.0854481, 0.000107551, 9.57935e-05, 0.140268, 0.247573, 0.0657637, 0.000393991, 272.142, 0.0450064, 0.037669, 0.0803172, 0.0714455, 0.0591804, 0.0552129, 0.0388771, 0.0388244, 0.0549095, 0.0265923, 0.00737856, 0.233254, 0.282397, 

0.00139212, 0.000692195, 0.00190001, 0.226837, 0.0760975, 0.0369327, 1126.17, 0.0854481, 0.037669, 0.00823041, 0.000113744, 0.00366305, 0.165809, 0.0165773, 56.677, 0.116107, 0.229249, 0.0872439, 0.000766315, 0.0803172, 0.00193543, 0.00603285, 462.381, 0.12895, 0.0364595, 0.016117, 164.623, 0.00306469, 0.000393991, 0.0163341, 0.000106766, 9.57935e-05, 0.140268, 0.247573, 0.0657637, 272.142, 24.6185, 0.0131322, 0.0450064, 0.233254, 0.0591804, 0.0552129, 0.0388771, 0.0388244, 0.0549095, 0.0265923, 0.00737856, 0.0261929, 0.282397, 0.297408, 

Best:
1.00979	1.01966	

Fitness Evaluations:
3258

End Population
(9.639734e-01), (9.302152e-01), (9.754475e-01), (9.505524e-01), (9.869927e-01), (9.699942e-01), (9.481329e-01), (9.463003e-01), (1.268586e+00), (1.615603e+00), (1.001290e+00), (1.021799e+00), (4.550931e-01), (-3.148290e+00), (9.604197e-01), (9.513683e-01), (8.194606e-01), (6.643921e-01), (9.980723e-01), (1.005219e+00), (9.995232e-01), (9.979811e-01), (9.578189e-01), (9.217573e-01), (1.388578e+00), (1.915978e+00), (1.116523e+00), (1.241146e+00), (3.072124e-01), (8.440261e-01), (1.011147e+00), (9.883626e-01), (5.319085e-01), (2.929960e-01), (1.273759e+00), (1.611372e+00), (9.723469e-01), (9.453312e-01), (8.988569e-01), (8.344177e-01), (9.561252e-01), (9.144985e-01), (9.819225e-01), (9.717257e-01), (1.440699e+00), (-7.423872e-02), (1.207565e+00), (1.487516e+00), (1.013252e+00), (1.045727e+00), (9.842084e-01), (9.560695e-01), (-1.773602e+00), (1.892945e+00), (9.774024e-01), (9.502618e-01), (1.010803e+00), (1.020058e+00), (9.641268e-01), (9.172739e-01), (1.010236e+00), (1.020718e+00), (1.009787e+00), (1.019658e+00), (1.296939e+00), (1.704875e+00), (5.146910e-01), (2.758830e-01), (1.102632e+00), (1.239298e+00), (1.987648e+00), (2.304030e+00), (1.190016e+00), (9.203319e-01), (9.887951e-01), (9.663111e-01), (9.572281e-01), (9.370647e-01), (1.469343e+00), (2.147580e+00), (7.693058e-01), (5.841109e-01), (7.811987e-01), (6.188382e-01), (1.197098e+00), (1.433586e+00), (9.933201e-01), (9.669921e-01), (9.822060e-01), (9.880937e-01), (1.068887e+00), (1.157300e+00), (9.986515e-01), (1.005894e+00), (9.575160e-01), (9.324535e-01), (5.265956e-01), (3.014453e-01), (8.686826e-01), (8.075400e-01), 