Iterations: 50
Function Evaluations Limit: 150000
Population: 50

Prides Length: 4

Percent Nomads: 0.2
Percent Roaming: 0.2
Percent Sex: 0.8

Mating Rate: 0.3
Mutation Probability: 0.2
Immigration Rate: 0.4

Dimensions: 1
N-Dimension Space: -5:5

Fitness Iterations:
0.00417881
3.0277, 0.0368843, 13.8594, 15.2196, 0.00417881, 0.308288, 17.03, 8.38479, 1.10593, 24.2514, 13.5117, 1.94941, 15.3471, 10.2798, 18.9529, 2.16851, 0.0213736, 2.23758, 15.6927, 10.9559, 0.443695, 0.853631, 9.92804, 2.51319, 17.9166, 2.3732, 13.5395, 10.7428, 6.64664, 14.7191, 19.3161, 9.81451, 2.11244, 4.33325, 21.0312, 0.00656197, 12.3862, 0.837504, 6.6926, 0.257091, 16.1527, 10.7907, 15.449, 0.698321, 0.863983, 8.08297, 1.87498, 13.4599, 1.6181, 12.191, 

0.0010566, 0.00841595, 17.03, 8.38479, 0.236539, 24.2514, 1.17074, 0.819124, 0.394174, 0.176195, 1.30728e-05, 0.175664, 8.88798, 2.16851, 0.0213736, 0.194962, 10.9559, 0.0164748, 0.0548122, 0.00656197, 0.443695, 0.276738, 0.547894, 12.5931, 0.130924, 1.90442, 14.7191, 0.250522, 1.17585, 1.6181, 1.0763, 7.28032, 2.11244, 21.0312, 6.6926, 0.257091, 9.9226, 2.59926, 0.00417881, 0.837504, 1.13623, 0.863983, 0.0368843, 0.698321, 1.80682, 3.5648, 0.795169, 0.453764, 4.33325, 5.25119, 

0.0010566, 0.00841595, 4.02645, 0.236539, 19.756, 0.161787, 0.184253, 0.00417881, 0.252303, 0.547894, 1.30728e-05, 0.00136545, 4.12294, 0.0964418, 6.03825, 0.0548122, 4.75219, 0.0213736, 0.00656197, 0.394174, 0.150651, 0.00351543, 0.189147, 1.42692, 0.171534, 0.250522, 1.6181, 0.0164748, 0.819124, 0.130924, 0.0368843, 0.439243, 21.0312, 6.6926, 0.257091, 9.9226, 2.59926, 0.00163527, 0.029304, 0.176195, 0.863983, 0.698321, 0.453764, 0.15492, 0.0125035, 0.795169, 0.276738, 0.443695, 0.837504, 0.928931, 

0.0010566, 0.00181125, 0.767136, 0.236539, 0.00417881, 0.547894, 0.00728777, 0.0111204, 0.171534, 0.238648, 1.30728e-05, 0.00136545, 1.49569, 6.03825, 0.0548122, 4.54214, 0.0146006, 0.0212116, 0.189147, 0.00163527, 0.0125035, 0.00351543, 1.42692, 1.6181, 0.0164748, 0.819124, 0.130924, 0.0121347, 0.0213736, 0.00656197, 0.0149807, 0.0565158, 21.0312, 9.9226, 0.029304, 0.176195, 10.4531, 0.0731125, 0.000297806, 0.0617342, 0.15492, 0.150651, 0.00841595, 0.202022, 0.0229217, 0.176362, 0.123036, 0.167212, 0.250981, 0.252303, 

6.22215e-06, 0.00181125, 0.00417881, 0.547894, 0.00728777, 0.171534, 3.02067, 0.0179581, 0.0617342, 0.029304, 1.30728e-05, 0.00136545, 0.137015, 0.0548122, 0.0146006, 0.189147, 0.00343243, 0.0164748, 0.018095, 0.00128019, 0.00351543, 0.00514968, 0.819124, 0.0213736, 0.00656197, 0.00652856, 2.29025, 0.0111204, 0.0121347, 0.238648, 0.00841595, 0.0125035, 9.9226, 0.176195, 0.0731125, 0.000297806, 0.298947, 0.00163527, 0.0055847, 0.236539, 0.15492, 0.150651, 0.0149807, 0.0229217, 0.123036, 0.167212, 0.00631809, 0.0565158, 0.250981, 0.252303, 

6.22215e-06, 0.00181125, 0.547894, 0.171534, 0.0179581, 0.0617342, 0.029304, 0.04645, 0.00128019, 0.0548122, 1.30728e-05, 2.51858e-05, 0.137015, 0.0344749, 0.018095, 3.53697, 2.88682, 0.00417881, 0.0121347, 0.0164748, 0.00351543, 0.00514968, 0.0213736, 0.00652856, 0.577783, 0.238648, 0.129897, 0.0111204, 0.00163527, 0.00343243, 0.00631809, 0.0125035, 0.000297806, 0.0055847, 0.236539, 2.13936, 0.155765, 0.00728777, 0.0146006, 0.00656197, 0.150651, 0.0149807, 0.0229217, 0.123036, 0.00841595, 0.0565158, 0.0664291, 0.117038, 0.0731125, 0.176195, 

1.98983e-07, 0.00181125, 0.467167, 0.0617342, 0.04645, 0.00128019, 0.0548122, 0.129897, 0.00652856, 0.00560158, 1.30728e-05, 2.51858e-05, 0.137015, 0.0344749, 3.01399, 0.0164748, 0.579665, 0.0170694, 0.029304, 0.00417881, 0.00271401, 0.00444071, 0.0213736, 0.238648, 0.0111204, 0.00163527, 0.00343243, 0.0865907, 0.0146006, 0.00656197, 0.00631809, 0.00841595, 0.000297806, 0.0055847, 0.00728777, 0.160511, 0.395749, 0.0731125, 0.018095, 0.0121347, 0.0149807, 0.0229217, 0.0125035, 0.0565158, 0.0664291, 0.117038, 0.0162387, 0.0956645, 0.155765, 0.171534, 

1.98983e-07, 0.00181125, 0.467167, 0.04645, 0.00128019, 0.129897, 0.00652856, 0.00108703, 0.000294285, 0.0344749, 1.30728e-05, 2.51858e-05, 0.137015, 0.0164748, 0.0170694, 5.98445, 0.35088, 0.0111204, 0.00560158, 0.000297806, 0.00271401, 8.28655e-05, 0.0213736, 0.238648, 0.00343243, 0.0146006, 0.00656197, 0.00417881, 0.00979182, 0.029304, 0.00631809, 0.00127847, 0.0055847, 0.00728777, 0.395749, 0.00415179, 0.000688593, 0.00163527, 0.0548122, 0.0121347, 0.0149807, 0.0229217, 0.0125035, 0.0565158, 0.0162387, 0.0469311, 0.00444071, 0.0071169, 0.0731125, 0.084233, 

1.98983e-07, 9.26059e-05, 0.04645, 0.129897, 0.00652856, 0.000294285, 2.22257e-05, 0.00343243, 0.000431182, 0.00108703, 1.30728e-05, 2.51858e-05, 0.0164748, 0.0170694, 0.000416202, 0.00560158, 0.000207172, 0.00728777, 0.00415179, 0.00417881, 0.00271401, 8.28655e-05, 0.0146006, 0.00656197, 0.00979182, 0.029304, 0.257996, 0.0548122, 0.0213736, 0.0701084, 0.000709574, 0.00141236, 0.0055847, 0.000688593, 0.0121347, 0.00107752, 0.156545, 0.000297806, 0.00128019, 0.0344749, 0.0149807, 0.0125035, 0.00444071, 0.0071169, 0.00713455, 0.00156792, 0.00146793, 0.0052775, 0.0731125, 0.084233, 

1.98983e-07, 9.26059e-05, 0.129897, 0.00343243, 0.000431182, 0.0335987, 4.56024, 0.000207172, 2.22257e-05, 0.00652856, 1.30728e-05, 2.51858e-05, 0.000416202, 0.00560158, 0.00415179, 0.00417881, 2.38361, 0.00656197, 0.0121347, 1.24648e-05, 0.00146793, 8.28655e-05, 0.00979182, 0.029304, 0.0548122, 2.82155, 2.75335, 0.0146006, 0.00728777, 0.000294285, 0.000709574, 0.00141236, 0.0055847, 0.000688593, 0.00107752, 0.00128019, 0.00178323, 0.000297806, 0.00510389, 0.00108703, 0.00444071, 0.0071169, 0.00271401, 0.00156792, 0.0052775, 0.00301307, 0.00380515, 0.0017652, 0.0164748, 0.0170694, 

1.98983e-07, 9.26059e-05, 0.129897, 0.202643, 2.22257e-05, 0.00652856, 5.1618, 0.000207172, 0.000431182, 0.00128019, 1.30728e-05, 2.51858e-05, 2.38361, 0.00656197, 0.0121347, 1.24648e-05, 0.0131122, 0.00415179, 0.000688593, 0.00107752, 0.00123321, 8.28655e-05, 0.00979182, 0.029304, 0.0548122, 0.0146006, 0.00728777, 0.00417881, 0.000294285, 0.000416202, 0.000709574, 1.21793e-12, 0.0055847, 0.00178323, 0.000297806, 0.00123062, 0.00108703, 0.00560158, 1.89054e-05, 0.00343243, 0.00444071, 0.00271401, 0.00156792, 0.0052775, 0.00301307, 0.00380515, 0.0017652, 0.00146793, 0.0164748, 0.0170694, 

1.98983e-07, 9.26059e-05, 0.202643, 0.24767, 0.000207172, 2.2712, 1.29652, 2.22257e-05, 0.000416202, 0.00108703, 1.30728e-05, 2.51858e-05, 0.0121347, 1.24648e-05, 0.00415179, 0.00107752, 0.0229594, 0.00652856, 0.000688593, 0.000431182, 0.000709574, 8.28655e-05, 0.00979182, 0.0146006, 0.00417881, 0.237517, 0.115475, 5.23602e-05, 0.00178323, 0.00128019, 1.21793e-12, 4.59994e-06, 0.0055847, 0.00123062, 0.00560158, 1.89054e-05, 0.00343243, 0.000294285, 0.000297806, 0.00656197, 0.00444071, 0.00271401, 0.00156792, 0.00301307, 0.00380515, 0.0017652, 0.00146793, 0.00123321, 0.00728777, 0.0131122, 

1.98983e-07, 9.26059e-05, 0.202643, 0.24767, 0.000207172, 2.2712, 3.87827, 5.12952e-06, 2.79824e-06, 0.00128019, 2.65252e-06, 2.72885e-06, 1.24648e-05, 0.00107752, 0.00652856, 0.126914, 0.11909, 2.22257e-05, 5.23602e-05, 0.0018254, 0.000709574, 8.28655e-05, 0.00979182, 0.00417881, 0.237517, 0.115475, 0.00178323, 0.000688593, 0.000294285, 0.00108703, 1.21793e-12, 2.55077e-06, 0.0055847, 0.00123062, 1.89054e-05, 0.00343243, 2.98462e-06, 0.000416202, 0.0010607, 0.000431182, 0.00271401, 0.00156792, 0.00301307, 0.0017652, 0.00146793, 0.00123321, 0.00067691, 2.51858e-05, 0.00415179, 0.00560158, 

1.98983e-07, 5.33481e-05, 0.0686151, 2.2712, 0.155967, 5.12952e-06, 0.0173052, 2.22257e-05, 0.0010607, 2.79824e-06, 2.65252e-06, 2.72885e-06, 0.00652856, 5.23602e-05, 0.0018254, 2.81206, 0.0210677, 0.00329373, 1.24648e-05, 0.00123062, 0.000695595, 8.28655e-05, 0.00417881, 0.115475, 0.000688593, 0.00108703, 0.999115, 0.00178323, 0.000207172, 0.000294285, 1.21793e-12, 2.55077e-06, 0.0055847, 1.89054e-05, 0.000416202, 0.000431182, 0.71448, 0.00128019, 0.00107752, 2.98462e-06, 0.00271401, 0.00156792, 0.0017652, 0.00146793, 0.00123321, 0.00067691, 2.51858e-05, 0.00245906, 0.00343243, 0.00415179, 

1.98983e-07, 6.48951e-06, 2.2712, 2.22257e-05, 2.79824e-06, 1.29758, 1.74086, 0.00107752, 1.89054e-05, 0.00343243, 2.65252e-06, 2.72885e-06, 0.0018254, 2.81206, 0.0210677, 0.00123062, 1.29272, 0.00329373, 5.23602e-05, 0.000114723, 0.00067691, 8.28655e-05, 0.115475, 0.000688593, 0.00178323, 0.000207172, 0.000294285, 0.0010607, 1.24648e-05, 1.85184e-06, 1.21793e-12, 1.41915e-07, 0.0055847, 0.000431182, 0.00128019, 2.98462e-06, 0.298049, 0.00108703, 5.12952e-06, 0.000416202, 0.00271401, 0.00156792, 0.0017652, 0.00146793, 0.00123321, 0.000695595, 2.51858e-05, 0.00245906, 0.00415179, 0.00417881, 

1.98983e-07, 6.48951e-06, 2.22257e-05, 1.29758, 0.440022, 1.89054e-05, 0.00343243, 5.12952e-06, 2.98462e-06, 0.000294285, 2.65252e-06, 2.72885e-06, 2.81206, 0.0210677, 1.29272, 0.00329373, 4.64151, 0.0018254, 0.000114723, 0.00123062, 7.00707e-08, 5.93439e-05, 0.00178323, 0.0010607, 1.24648e-05, 1.85184e-06, 4.83676e-05, 0.00128019, 0.00107752, 2.79824e-06, 1.21793e-12, 1.41915e-07, 0.000431182, 0.298049, 0.00108703, 0.000416202, 4.38224, 0.000688593, 0.000207172, 5.23602e-05, 0.00156792, 0.0017652, 0.00146793, 0.00123321, 0.000695595, 2.51858e-05, 0.00245906, 0.00067691, 0.00415179, 0.00417881, 

1.98983e-07, 6.48951e-06, 0.440022, 0.00343243, 5.12952e-06, 0.000294285, 0.465057, 0.000431182, 2.98462e-06, 2.22257e-05, 2.65252e-06, 2.72885e-06, 0.0210677, 0.768467, 0.00329373, 0.703007, 0.0018254, 0.00123062, 2.79824e-06, 1.89054e-05, 7.00707e-08, 5.93439e-05, 0.0010607, 1.24648e-05, 0.00128019, 0.00107752, 2.98563, 0.000416202, 0.00178323, 0.00108703, 1.21793e-12, 1.41915e-07, 0.298049, 0.000688593, 0.000207172, 5.23602e-05, 3.00557, 1.85184e-06, 4.83676e-05, 0.000114723, 0.00156792, 0.0017652, 0.00146793, 0.00123321, 0.000695595, 2.51858e-05, 0.00245906, 0.00067691, 0.00415179, 0.00417881, 

1.98983e-07, 4.22247e-06, 0.440022, 5.12952e-06, 0.000294285, 2.98462e-06, 0.0683635, 0.000688593, 0.000416202, 1.85184e-06, 2.65252e-06, 2.72885e-06, 0.768467, 0.00329373, 0.0018254, 2.79824e-06, 11.738, 0.00108703, 2.22257e-05, 1.89054e-05, 7.00707e-08, 5.93439e-05, 0.0010607, 1.24648e-05, 0.00128019, 2.98563, 0.00178323, 0.000114723, 0.00123062, 0.000431182, 1.21793e-12, 1.41915e-07, 0.298049, 0.000207172, 4.83676e-05, 0.118373, 1.38557, 5.23602e-05, 0.000998111, 0.00107752, 0.00156792, 0.00146793, 0.00123321, 0.000695595, 2.51858e-05, 0.00067691, 0.0012911, 0.000457958, 0.00343243, 0.00415179, 

2.1979e-09, 6.30408e-07, 5.12952e-06, 0.000688593, 0.000416202, 1.85184e-06, 3.40774, 0.00128019, 0.000207172, 0.00343243, 2.65252e-06, 2.72885e-06, 0.0018254, 0.00108703, 2.22257e-05, 0.767059, 0.0765987, 2.79824e-06, 2.98462e-06, 0.0010607, 7.00707e-08, 1.37385e-05, 0.00178323, 0.000114723, 0.00123062, 0.000431182, 0.000300498, 4.83676e-05, 1.89054e-05, 0.000294285, 1.21793e-12, 1.41915e-07, 0.0977862, 5.23602e-05, 0.000998111, 8.24505e-06, 0.015622, 0.00329373, 1.24648e-05, 0.00107752, 0.00123321, 0.000695595, 5.93439e-05, 0.00067691, 0.0012911, 0.000457958, 0.000295495, 2.51858e-05, 0.00415179, 0.0683635, 

2.1979e-09, 6.30408e-07, 5.12952e-06, 0.000416202, 0.00343243, 1.22197, 2.80774, 0.000114723, 2.22257e-05, 0.000235225, 2.65252e-06, 2.72885e-06, 0.0018254, 0.767059, 0.0765987, 0.0010607, 0.000295694, 0.00108703, 1.24648e-05, 0.000688593, 7.00707e-08, 1.37385e-05, 0.000431182, 0.000300498, 4.83676e-05, 0.0358487, 3.0384, 0.000121451, 2.79824e-06, 2.98462e-06, 1.21793e-12, 1.41915e-07, 5.23602e-05, 8.24505e-06, 0.00329373, 0.00107752, 0.321802, 1.89054e-05, 1.85184e-06, 0.000998111, 0.00123321, 0.000695595, 5.93439e-05, 0.00067691, 0.0012911, 0.000457958, 0.000295495, 2.51858e-05, 0.00123062, 0.00128019, 

2.1979e-09, 6.30408e-07, 5.12952e-06, 0.000416202, 0.00343243, 0.000114723, 2.22257e-05, 0.000235225, 0.000277842, 0.00123062, 2.65252e-06, 2.72885e-06, 0.0018254, 0.767059, 0.0010607, 0.00108703, 0.000688593, 1.85184e-06, 0.000121451, 0.00218654, 7.00707e-08, 1.37385e-05, 0.000431182, 0.000300498, 0.0358487, 2.98462e-06, 0.199766, 0.00107752, 4.83676e-05, 8.24505e-06, 1.21793e-12, 1.41915e-07, 5.23602e-05, 0.00329373, 1.89054e-05, 0.000998111, 6.9858, 2.79824e-06, 1.24648e-05, 0.00128019, 0.00123321, 0.000695595, 5.93439e-05, 0.00067691, 0.0012911, 0.000457958, 0.000295495, 2.51858e-05, 0.0765987, 0.0859693, 

2.1979e-09, 6.30408e-07, 5.12952e-06, 0.000114723, 2.22257e-05, 0.000277842, 1.06045, 0.000121451, 5.23602e-05, 0.00123062, 2.65252e-06, 2.72885e-06, 0.767059, 0.0010607, 0.00108703, 1.85184e-06, 0.00218654, 4.83676e-05, 1.24648e-05, 0.000688593, 7.00707e-08, 1.37385e-05, 0.000431182, 0.0358487, 2.98462e-06, 0.00107752, 17.1438, 0.000235225, 0.000300498, 0.000416202, 1.21793e-12, 1.41915e-07, 0.00329373, 2.79824e-06, 0.00128019, 0.821416, 0.463361, 1.89054e-05, 0.000998111, 8.24505e-06, 0.00123321, 0.000695595, 5.93439e-05, 0.00067691, 0.000457958, 0.000295495, 2.51858e-05, 5.00246e-05, 0.0018254, 0.00343243, 

2.1979e-09, 3.34941e-07, 5.12952e-06, 2.90558e-05, 2.22257e-05, 0.000277842, 5.23602e-05, 4.83676e-05, 0.000121451, 1.24648e-05, 2.65252e-06, 2.72885e-06, 0.767059, 1.85184e-06, 0.000688593, 23.7127, 0.551034, 0.00108703, 4.03077e-06, 0.0010607, 7.00707e-08, 7.862e-06, 0.000431182, 0.00107752, 0.000235225, 0.000300498, 7.52912, 8.24505e-06, 0.00128019, 0.000416202, 1.21793e-12, 1.41915e-07, 0.00329373, 2.79824e-06, 0.821416, 1.89054e-05, 0.000998111, 0.00123062, 2.98462e-06, 4.18868e-06, 5.93439e-05, 0.00067691, 0.000457958, 0.000295495, 2.51858e-05, 5.00246e-05, 1.37385e-05, 5.29139e-06, 0.0018254, 0.00218654, 

2.1979e-09, 3.34941e-07, 5.12952e-06, 2.22257e-05, 0.000277842, 4.83676e-05, 0.000121451, 2.98462e-06, 0.000688593, 2.79824e-06, 2.65252e-06, 2.72885e-06, 0.646501, 23.7127, 0.00108703, 0.0010607, 0.645435, 1.85184e-06, 0.000416202, 2.90558e-05, 7.00707e-08, 7.862e-06, 0.000300498, 0.187037, 8.24505e-06, 0.772344, 11.8992, 0.00107752, 0.000235225, 5.23602e-05, 1.21793e-12, 1.41915e-07, 1.89054e-05, 0.000915548, 0.00123062, 4.18868e-06, 0.000256165, 0.000431182, 4.03077e-06, 1.24648e-05, 5.93439e-05, 0.000457958, 0.000295495, 2.51858e-05, 5.00246e-05, 1.37385e-05, 5.29139e-06, 0.000192548, 0.00128019, 0.0018254, 

2.1979e-09, 3.34941e-07, 0.000277842, 4.83676e-05, 5.15636e-06, 2.98462e-06, 0.554075, 0.000300498, 4.54702e-07, 0.00108703, 1.03572e-06, 2.72885e-06, 0.646501, 17.3893, 0.0010607, 2.90558e-05, 9.14275e-06, 2.79824e-06, 0.000416202, 4.18868e-06, 7.00707e-08, 4.00288e-06, 8.24505e-06, 11.8992, 0.00107752, 0.000235225, 5.23602e-05, 0.000431182, 5.12952e-06, 1.85184e-06, 1.21793e-12, 1.41915e-07, 1.89054e-05, 0.000119841, 4.03077e-06, 1.24648e-05, 3.91465, 2.22257e-05, 0.000688593, 0.000256165, 5.93439e-05, 2.51858e-05, 5.00246e-05, 1.37385e-05, 5.29139e-06, 2.65252e-06, 1.60555e-05, 0.000121259, 0.00123062, 0.00128019, 

2.1979e-09, 3.34941e-07, 0.000277842, 0.00567183, 0.000300498, 4.54702e-07, 0.00108703, 4.18868e-06, 2.98462e-06, 0.00014796, 1.03572e-06, 2.65252e-06, 0.646501, 0.0010607, 2.90558e-05, 2.79824e-06, 8.59662e-05, 4.83676e-05, 1.89054e-05, 0.000119841, 7.00707e-08, 5.56188e-07, 8.24505e-06, 5.23602e-05, 5.12952e-06, 4.50582, 2.43134, 0.000688593, 9.14275e-06, 0.000416202, 1.21793e-12, 1.41915e-07, 4.03077e-06, 1.24648e-05, 2.22257e-05, 0.000256165, 3.49971, 5.15636e-06, 0.000235225, 1.85184e-06, 5.93439e-05, 2.51858e-05, 5.00246e-05, 1.37385e-05, 5.29139e-06, 2.72885e-06, 1.60555e-05, 8.98195e-05, 0.00107752, 0.00123062, 

2.1979e-09, 1.81897e-07, 0.000277842, 0.000300498, 4.18868e-06, 0.206735, 0.540376, 9.14275e-06, 1.24648e-05, 2.98462e-06, 1.03572e-06, 2.65252e-06, 0.646501, 2.79824e-06, 1.89054e-05, 0.000119841, 2.55714, 2.90558e-05, 4.83676e-05, 0.00014796, 7.00707e-08, 5.56188e-07, 5.12952e-06, 2.43134, 0.000688593, 0.000416202, 9.51876, 8.24505e-06, 4.03077e-06, 4.54702e-07, 1.21793e-12, 2.23729e-08, 0.000256165, 2.29834, 5.15636e-06, 1.85184e-06, 0.619396, 8.59662e-05, 5.23602e-05, 2.22257e-05, 5.93439e-05, 2.51858e-05, 5.00246e-05, 1.37385e-05, 5.29139e-06, 2.72885e-06, 1.60555e-05, 1.46444e-05, 0.000235225, 0.0005606, 

2.1979e-09, 1.81897e-07, 0.000300498, 0.540376, 9.14275e-06, 2.98462e-06, 3.03532e-06, 5.12952e-06, 0.000256165, 4.83676e-05, 1.03572e-06, 2.65252e-06, 2.79824e-06, 0.000119841, 2.90558e-05, 0.00014796, 0.467711, 4.18868e-06, 0.000277842, 1.85184e-06, 8.39709e-11, 4.12729e-07, 0.000688593, 0.000416202, 4.58685, 8.24505e-06, 4.54702e-07, 0.000235225, 4.03077e-06, 1.89054e-05, 1.21793e-12, 2.23729e-08, 2.29834, 5.15636e-06, 5.23602e-05, 2.22257e-05, 2.82858, 0.000136425, 1.24648e-05, 8.59662e-05, 2.51858e-05, 5.00246e-05, 1.37385e-05, 5.29139e-06, 2.72885e-06, 1.60555e-05, 1.46444e-05, 3.36801e-06, 0.0005606, 0.013522, 

2.1979e-09, 1.81897e-07, 0.000300498, 0.229448, 2.98462e-06, 3.03532e-06, 0.0119026, 0.000235225, 1.89054e-05, 0.00014796, 1.03572e-06, 2.65252e-06, 2.79824e-06, 4.18868e-06, 0.000277842, 1.85184e-06, 3.46198, 5.12952e-06, 2.90558e-05, 4.83676e-05, 8.39709e-11, 4.12729e-07, 0.000688593, 8.24505e-06, 4.54702e-07, 4.03077e-06, 0.552627, 0.000256165, 0.000119841, 9.14275e-06, 1.21793e-12, 2.23729e-08, 5.23602e-05, 2.82858, 6.8122e-05, 8.59662e-05, 10.0849, 2.22257e-05, 5.15636e-06, 1.24648e-05, 2.51858e-05, 5.00246e-05, 1.37385e-05, 5.29139e-06, 2.72885e-06, 1.60555e-05, 1.46444e-05, 3.36801e-06, 0.000416202, 0.0005606, 

2.1979e-09, 1.81897e-07, 0.229448, 2.98462e-06, 1.89054e-05, 2.55375, 0.494841, 0.00014796, 4.18868e-06, 4.54702e-07, 1.03572e-06, 2.65252e-06, 2.79824e-06, 0.000277842, 0.257431, 2.90558e-05, 4.83676e-05, 5.23602e-05, 0.000235225, 3.03532e-06, 8.39709e-11, 4.12729e-07, 0.000688593, 4.03077e-06, 0.552627, 9.14275e-06, 2.9634e-05, 9.06042e-05, 8.24505e-06, 5.12952e-06, 1.21793e-12, 2.23729e-08, 6.8122e-05, 8.59662e-05, 2.22257e-05, 1.24648e-05, 0.127437, 5.15636e-06, 0.000256165, 1.85184e-06, 2.51858e-05, 1.37385e-05, 5.29139e-06, 2.72885e-06, 1.60555e-05, 1.46444e-05, 3.36801e-06, 1.92857e-05, 0.000300498, 0.000416202, 

2.1979e-09, 1.81897e-07, 1.89054e-05, 0.494841, 0.00014796, 4.54702e-07, 1.47729e-06, 2.98462e-06, 5.15636e-06, 1.85184e-06, 1.03572e-06, 1.48974e-06, 2.79824e-06, 2.90558e-05, 0.000235225, 3.03532e-06, 0.0161408, 0.000416202, 4.18868e-06, 0.000277842, 8.39709e-11, 4.12729e-07, 4.03077e-06, 9.14275e-06, 2.9634e-05, 8.24505e-06, 1.85214e-06, 4.83676e-05, 9.06042e-05, 2.22257e-05, 1.21793e-12, 2.23729e-08, 6.8122e-05, 8.59662e-05, 1.24648e-05, 0.127437, 0.000256165, 5.12952e-06, 0.000300498, 5.23602e-05, 1.37385e-05, 5.29139e-06, 2.72885e-06, 1.60555e-05, 1.46444e-05, 3.36801e-06, 2.65252e-06, 1.58176e-06, 0.000688593, 0.0181997, 

2.1979e-09, 1.81897e-07, 0.494841, 4.54702e-07, 1.47729e-06, 5.15636e-06, 1.85184e-06, 8.24505e-06, 4.83676e-05, 1.89054e-05, 1.03572e-06, 1.48974e-06, 2.79824e-06, 2.90558e-05, 0.0161408, 0.000416202, 4.18868e-06, 8.59662e-05, 6.09919e-08, 2.22257e-05, 8.39709e-11, 4.12729e-07, 4.03077e-06, 2.9634e-05, 1.85214e-06, 9.06042e-05, 0.119101, 9.14275e-06, 3.03532e-06, 0.00014796, 1.21793e-12, 2.23729e-08, 1.24648e-05, 0.127437, 0.000256165, 5.29247e-07, 0.000300498, 6.8122e-05, 2.98462e-06, 5.23602e-05, 1.37385e-05, 5.29139e-06, 2.72885e-06, 1.46444e-05, 3.36801e-06, 2.65252e-06, 1.58176e-06, 1.0953e-07, 0.000235225, 0.000277842, 

2.1979e-09, 1.81897e-07, 4.54702e-07, 5.15636e-06, 4.83676e-05, 2.59679, 2.94826, 1.24648e-05, 8.24505e-06, 4.03077e-06, 6.15216e-09, 1.4325e-06, 2.79824e-06, 2.90558e-05, 0.00258346, 0.000416202, 4.18868e-06, 2.98462e-06, 1.47729e-06, 9.14275e-06, 8.39709e-11, 4.12729e-07, 1.85214e-06, 9.06042e-05, 0.119101, 3.03532e-06, 0.145247, 2.9634e-05, 6.8122e-05, 1.89054e-05, 1.21793e-12, 2.23729e-08, 0.127437, 5.29247e-07, 5.23602e-05, 0.0237873, 0.0393081, 2.22257e-05, 1.85184e-06, 6.09919e-08, 1.37385e-05, 5.29139e-06, 2.72885e-06, 1.46444e-05, 3.36801e-06, 2.65252e-06, 1.58176e-06, 1.0953e-07, 8.59662e-05, 0.00014796, 

2.1979e-09, 1.0953e-07, 4.54702e-07, 2.59679, 8.24505e-06, 4.03077e-06, 0.819229, 4.83676e-05, 2.22257e-05, 5.23602e-05, 6.15216e-09, 3.86149e-07, 2.90558e-05, 0.000105551, 2.98462e-06, 9.14275e-06, 0.620914, 0.00014796, 2.79824e-06, 1.47729e-06, 8.39709e-11, 4.12729e-07, 1.85214e-06, 3.03532e-06, 2.9634e-05, 6.8122e-05, 1.89054e-05, 6.09919e-08, 8.59662e-05, 9.06042e-05, 1.21793e-12, 2.23729e-08, 0.127437, 5.29247e-07, 0.0237873, 1.85184e-06, 0.0059504, 4.18868e-06, 5.15636e-06, 1.24648e-05, 1.37385e-05, 5.29139e-06, 2.72885e-06, 1.46444e-05, 3.36801e-06, 2.65252e-06, 1.58176e-06, 1.81897e-07, 0.000416202, 0.00177437, 

2.1979e-09, 1.0953e-07, 0.300892, 8.24505e-06, 2.22257e-05, 0.142465, 0.609007, 2.90558e-05, 4.54702e-07, 1.24648e-05, 6.15216e-09, 1.81897e-07, 2.98462e-06, 0.620914, 0.00014796, 2.79824e-06, 2.58954, 3.03532e-06, 1.85214e-06, 1.47729e-06, 8.39709e-11, 3.86149e-07, 2.9634e-05, 6.8122e-05, 1.89054e-05, 6.09919e-08, 9.06042e-05, 4.83676e-05, 5.15636e-06, 4.03077e-06, 1.21793e-12, 2.23729e-08, 0.0114227, 5.29247e-07, 1.85184e-06, 0.0059504, 0.0960058, 4.18868e-06, 9.14275e-06, 4.96502e-06, 1.37385e-05, 5.29139e-06, 2.72885e-06, 3.36801e-06, 2.65252e-06, 1.58176e-06, 1.98509e-07, 4.12729e-07, 5.23602e-05, 8.59662e-05, 

2.1979e-09, 1.0953e-07, 0.300892, 2.22257e-05, 0.609007, 2.90558e-05, 6.10804, 5.23602e-05, 4.18868e-06, 8.59662e-05, 6.15216e-09, 1.81897e-07, 2.98462e-06, 2.79824e-06, 1.47729e-06, 0.00550628, 1.554, 5.15636e-06, 1.24648e-05, 3.03532e-06, 8.39709e-11, 1.36604e-07, 2.9634e-05, 6.8122e-05, 1.89054e-05, 4.03077e-06, 1.69695e-05, 4.54702e-07, 1.85214e-06, 4.96502e-06, 1.21793e-12, 2.23729e-08, 0.0114227, 5.29247e-07, 1.85184e-06, 0.0960058, 9.14275e-06, 6.09919e-08, 8.24505e-06, 4.83676e-05, 5.29139e-06, 2.72885e-06, 3.36801e-06, 2.65252e-06, 1.58176e-06, 1.98509e-07, 4.12729e-07, 8.0908e-06, 9.06042e-05, 0.00014796, 

2.1979e-09, 1.0953e-07, 0.300892, 2.22257e-05, 8.59662e-05, 0.267753, 4.3398, 2.98462e-06, 4.18868e-06, 5.15636e-06, 6.15216e-09, 1.81897e-07, 2.79824e-06, 1.47729e-06, 0.00550628, 1.24648e-05, 0.190919, 1.85184e-06, 1.69695e-05, 4.96502e-06, 8.39709e-11, 1.36604e-07, 6.8122e-05, 1.89054e-05, 4.03077e-06, 4.54702e-07, 0.15716, 5.29247e-07, 2.90558e-05, 2.9634e-05, 1.21793e-12, 2.23729e-08, 0.0960058, 6.09919e-08, 8.24505e-06, 4.83676e-05, 12.4376, 9.14275e-06, 1.85214e-06, 3.03532e-06, 5.29139e-06, 2.72885e-06, 3.36801e-06, 2.65252e-06, 1.58176e-06, 1.98509e-07, 4.12729e-07, 1.78231e-06, 5.23602e-05, 9.06042e-05, 

2.1979e-09, 1.0953e-07, 0.000633203, 8.59662e-05, 4.00036, 4.18868e-06, 5.58123e-06, 1.89054e-05, 5.15636e-06, 9.14275e-06, 6.15216e-09, 1.81897e-07, 2.79824e-06, 0.00550628, 1.69695e-05, 4.96502e-06, 14.5658, 1.85184e-06, 1.47729e-06, 9.18138e-07, 8.39709e-11, 1.36604e-07, 4.54702e-07, 0.15716, 5.29247e-07, 2.64566e-07, 4.45284, 2.98462e-06, 4.03077e-06, 8.24505e-06, 1.21793e-12, 7.37454e-09, 0.0960058, 6.09919e-08, 2.51968, 3.03532e-06, 3.25576, 1.85214e-06, 2.22257e-05, 1.24648e-05, 2.72885e-06, 2.65252e-06, 1.58176e-06, 1.98509e-07, 4.12729e-07, 1.78231e-06, 3.39578e-07, 4.87408e-07, 2.90558e-05, 2.9634e-05, 

2.1979e-09, 6.90778e-09, 0.000633203, 8.59662e-05, 5.58123e-06, 1.89054e-05, 2.9044, 2.00192e-07, 1.47729e-06, 1.85214e-06, 6.15216e-09, 1.65735e-07, 2.79824e-06, 0.00308136, 4.96502e-06, 14.5658, 1.85184e-06, 2.98462e-06, 9.14275e-06, 4.18868e-06, 8.39709e-11, 1.36604e-07, 4.54702e-07, 0.15716, 5.29247e-07, 4.45284, 5.2567, 2.64566e-07, 6.09919e-08, 5.15636e-06, 1.21793e-12, 3.56915e-09, 0.0960058, 2.51968, 3.03532e-06, 3.25576, 1.08389e-08, 8.24505e-06, 4.03077e-06, 9.18138e-07, 1.58176e-06, 1.98509e-07, 4.12729e-07, 1.78231e-06, 3.39578e-07, 4.87408e-07, 1.81897e-07, 1.0953e-07, 1.24648e-05, 1.69695e-05, 

2.1979e-09, 6.90778e-09, 0.000633203, 1.89054e-05, 0.745192, 1.47729e-06, 1.85214e-06, 1.69695e-05, 4.96502e-06, 4.03077e-06, 6.15216e-09, 1.65735e-07, 0.00308136, 2.98462e-06, 4.18868e-06, 2.0101e-07, 7.30361, 5.29247e-07, 5.58123e-06, 1.85184e-06, 8.39709e-11, 1.0953e-07, 4.54702e-07, 4.33371, 2.64566e-07, 6.09919e-08, 0.0083674, 8.24505e-06, 2.00192e-07, 5.15636e-06, 1.21793e-12, 3.56915e-09, 0.0960058, 2.51968, 3.03532e-06, 1.08389e-08, 9.18138e-07, 9.14275e-06, 2.79824e-06, 1.24648e-05, 1.58176e-06, 1.98509e-07, 4.12729e-07, 3.39578e-07, 4.87408e-07, 1.81897e-07, 1.36604e-07, 5.59723e-07, 8.59662e-05, 0.011934, 

2.1979e-09, 6.90778e-09, 0.000633203, 1.89054e-05, 0.745192, 1.69695e-05, 0.303817, 6.09919e-08, 4.18868e-06, 2.64566e-07, 6.15216e-09, 1.36604e-07, 2.98462e-06, 2.0101e-07, 7.30361, 5.58123e-06, 0.0245073, 5.29247e-07, 1.47729e-06, 1.85184e-06, 8.39709e-11, 1.24938e-08, 4.54702e-07, 1.04777, 0.0083674, 5.15636e-06, 0.22771, 3.03532e-06, 2.00192e-07, 2.79824e-06, 1.21793e-12, 3.56915e-09, 0.0960058, 0.0221186, 9.18138e-07, 1.24648e-05, 0.978415, 4.03077e-06, 1.85214e-06, 1.08389e-08, 1.58176e-06, 1.98509e-07, 4.12729e-07, 3.39578e-07, 4.87408e-07, 1.81897e-07, 1.65735e-07, 5.59723e-07, 4.96502e-06, 8.24505e-06, 

2.1979e-09, 6.90778e-09, 0.000633203, 0.745192, 1.69695e-05, 0.303817, 6.09919e-08, 1.24648e-05, 2.64566e-07, 1.85184e-06, 6.15216e-09, 1.36604e-07, 2.98462e-06, 5.58123e-06, 0.0245073, 1.47729e-06, 3.05561, 3.03532e-06, 2.79824e-06, 4.96502e-06, 8.39709e-11, 1.24938e-08, 4.54702e-07, 5.15636e-06, 0.22771, 1.26624, 0.803476, 2.00192e-07, 9.18138e-07, 5.29247e-07, 1.21793e-12, 3.56915e-09, 0.978415, 4.03077e-06, 1.85214e-06, 1.08389e-08, 0.996053, 8.24505e-06, 4.18868e-06, 2.0101e-07, 1.58176e-06, 1.98509e-07, 4.12729e-07, 3.39578e-07, 4.87408e-07, 1.81897e-07, 1.65735e-07, 5.59723e-07, 1.89054e-05, 0.00633954, 

2.1979e-09, 3.44804e-10, 0.000633203, 0.745192, 1.69695e-05, 0.303817, 6.09919e-08, 5.15636e-06, 2.98462e-06, 2.64566e-07, 6.15216e-09, 1.36604e-07, 5.58123e-06, 3.03532e-06, 2.79824e-06, 3.62407, 9.75189, 4.03077e-06, 4.96502e-06, 1.47729e-06, 8.39709e-11, 1.24938e-08, 4.54702e-07, 0.803476, 9.18138e-07, 5.29247e-07, 0.0294881, 1.24648e-05, 1.85214e-06, 1.85184e-06, 1.21793e-12, 3.56915e-09, 0.848066, 1.08389e-08, 0.996053, 4.18868e-06, 0.884281, 8.24505e-06, 2.0101e-07, 2.00192e-07, 1.58176e-06, 1.98509e-07, 4.12729e-07, 3.39578e-07, 4.87408e-07, 1.81897e-07, 1.65735e-07, 5.59723e-07, 1.89054e-05, 0.00201925, 

2.1979e-09, 3.44804e-10, 0.745192, 6.09919e-08, 5.15636e-06, 2.98462e-06, 2.64566e-07, 5.58123e-06, 1.89054e-05, 4.18868e-06, 6.15216e-09, 1.24938e-08, 3.03532e-06, 2.79824e-06, 4.03077e-06, 4.96502e-06, 1.47729e-06, 1.85184e-06, 0.000633203, 0.00201925, 8.39709e-11, 4.98682e-09, 4.54702e-07, 0.803476, 7.17065e-09, 5.29247e-07, 3.29469, 1.24648e-05, 2.0101e-07, 1.69695e-05, 1.21793e-12, 3.56915e-09, 1.08389e-08, 0.0716957, 8.24505e-06, 2.00192e-07, 0.0252263, 1.85214e-06, 4.27301e-09, 0.0132296, 1.98509e-07, 4.12729e-07, 3.39578e-07, 4.87408e-07, 1.81897e-07, 1.65735e-07, 5.59723e-07, 1.36604e-07, 0.0294881, 0.303817, 

2.1979e-09, 3.44804e-10, 2.64566e-07, 5.58123e-06, 1.89054e-05, 3.89124, 1.16602, 4.03077e-06, 4.18868e-06, 2.79824e-06, 6.15216e-09, 7.62305e-10, 3.03532e-06, 4.96502e-06, 0.000633203, 0.00201925, 5.61666, 5.15636e-06, 1.47729e-06, 4.27301e-09, 8.39709e-11, 4.98682e-09, 7.17065e-09, 3.29469, 2.0101e-07, 1.69695e-05, 4.93769, 5.29247e-07, 4.54702e-07, 6.09919e-08, 1.21793e-12, 3.56915e-09, 8.24505e-06, 2.00192e-07, 0.0252263, 1.85214e-06, 6.28681e-08, 2.98462e-06, 1.08389e-08, 1.85184e-06, 1.98509e-07, 4.12729e-07, 3.39578e-07, 4.87408e-07, 1.81897e-07, 1.65735e-07, 5.59723e-07, 1.36604e-07, 1.24648e-05, 0.0132296, 

2.1979e-09, 3.44804e-10, 1.89054e-05, 4.03077e-06, 4.18868e-06, 2.79824e-06, 0.462396, 2.00192e-07, 1.24648e-05, 8.24505e-06, 3.56915e-09, 7.62305e-10, 3.03532e-06, 4.96502e-06, 0.168013, 5.15636e-06, 0.000275133, 1.16909e-09, 1.85184e-06, 5.58123e-06, 8.39709e-11, 4.98682e-09, 7.17065e-09, 3.29469, 2.0101e-07, 1.69695e-05, 1.86853e-07, 4.54702e-07, 6.09919e-08, 2.64566e-07, 1.21793e-12, 1.64824e-09, 1.85214e-06, 6.28681e-08, 2.98462e-06, 1.08389e-08, 7.8802, 4.27301e-09, 5.29247e-07, 1.47729e-06, 1.98509e-07, 4.12729e-07, 3.39578e-07, 1.81897e-07, 1.65735e-07, 1.36604e-07, 9.77618e-08, 6.15216e-09, 0.000633203, 0.00201925, 

3.55253e-11, 3.44804e-10, 4.03077e-06, 2.79824e-06, 2.00192e-07, 1.24648e-05, 8.24505e-06, 5.58123e-06, 5.15636e-06, 4.18868e-06, 3.56915e-09, 7.62305e-10, 3.03532e-06, 0.00271033, 0.000275133, 1.85184e-06, 2.32229, 1.86853e-07, 1.69695e-05, 2.98462e-06, 8.39709e-11, 4.09399e-09, 7.17065e-09, 2.0101e-07, 2.64566e-07, 4.46548, 3.22573e-06, 4.54702e-07, 6.28681e-08, 1.08389e-08, 1.21793e-12, 1.64824e-09, 1.85214e-06, 4.27301e-09, 5.29247e-07, 1.47729e-06, 2.2287e-08, 4.96502e-06, 1.16909e-09, 6.09919e-08, 1.98509e-07, 3.39578e-07, 1.81897e-07, 1.65735e-07, 1.36604e-07, 9.77618e-08, 6.15216e-09, 1.05166e-08, 1.89054e-05, 2.6476e-05, 

2.34893e-11, 3.44804e-10, 2.79824e-06, 2.00192e-07, 5.58123e-06, 5.15636e-06, 0.413062, 1.16909e-09, 6.09919e-08, 1.47729e-06, 3.56915e-09, 7.62305e-10, 3.03532e-06, 0.000275133, 1.85184e-06, 1.69695e-05, 2.79457, 4.54702e-07, 2.98462e-06, 7.17065e-09, 8.39709e-11, 4.09399e-09, 2.0101e-07, 4.46548, 6.28681e-08, 1.08389e-08, 1.4185, 5.29247e-07, 3.22573e-06, 2.64566e-07, 1.21793e-12, 1.64824e-09, 1.85214e-06, 4.27301e-09, 2.2287e-08, 4.96502e-06, 0.294887, 4.03077e-06, 2.06535e-08, 1.86853e-07, 1.98509e-07, 1.81897e-07, 1.65735e-07, 1.36604e-07, 9.77618e-08, 6.15216e-09, 1.05166e-08, 1.08901e-08, 4.18868e-06, 8.24505e-06, 

2.34893e-11, 3.44804e-10, 2.79824e-06, 5.58123e-06, 5.15636e-06, 0.00702409, 1.16909e-09, 6.28681e-08, 1.85214e-06, 4.27301e-09, 3.56915e-09, 7.62305e-10, 3.03532e-06, 1.85184e-06, 2.79457, 2.98462e-06, 7.17065e-09, 3.22573e-06, 4.96502e-06, 6.09919e-08, 8.39709e-11, 4.09399e-09, 2.0101e-07, 0.858664, 1.08389e-08, 2.64566e-07, 3.85698e-08, 5.29247e-07, 4.54702e-07, 1.47729e-06, 1.21793e-12, 1.64824e-09, 2.2287e-08, 4.03077e-06, 1.86853e-07, 0.0238101, 0.00178025, 4.18868e-06, 2.06535e-08, 2.00192e-07, 1.81897e-07, 1.65735e-07, 1.36604e-07, 9.77618e-08, 6.15216e-09, 1.05166e-08, 1.08901e-08, 7.91825e-08, 8.24505e-06, 1.69695e-05, 

2.34893e-11, 3.44804e-10, 5.58123e-06, 5.15636e-06, 1.16909e-09, 6.28681e-08, 4.27301e-09, 5.29247e-07, 1.85184e-06, 6.09919e-08, 3.56915e-09, 7.62305e-10, 3.03532e-06, 2.79457, 7.17065e-09, 4.96502e-06, 3.24416, 4.18868e-06, 4.54702e-07, 8.24505e-06, 8.39709e-11, 4.09399e-09, 2.0101e-07, 0.320914, 1.08389e-08, 2.64566e-07, 3.85698e-08, 3.22573e-06, 1.85214e-06, 2.79824e-06, 1.21793e-12, 1.64824e-09, 2.2287e-08, 1.86853e-07, 0.0238101, 2.06535e-08, 2.00192e-07, 2.98462e-06, 4.03077e-06, 1.47729e-06, 1.81897e-07, 1.65735e-07, 1.36604e-07, 9.77618e-08, 6.15216e-09, 1.05166e-08, 1.08901e-08, 7.91825e-08, 1.69695e-05, 0.00126775, 

2.34893e-11, 3.44804e-10, 5.58123e-06, 1.16909e-09, 6.28681e-08, 4.27301e-09, 18.5361, 2.98462e-06, 1.85214e-06, 6.09919e-08, 2.76616e-11, 7.62305e-10, 7.17065e-09, 4.18868e-06, 4.54702e-07, 0.387044, 0.285803, 2.64566e-07, 3.22573e-06, 5.29247e-07, 8.39709e-11, 1.24777e-09, 2.0101e-07, 0.320914, 3.85698e-08, 2.79824e-06, 0.74748, 3.03532e-06, 1.47729e-06, 1.85184e-06, 1.21793e-12, 1.64824e-09, 1.86853e-07, 2.06535e-08, 2.00192e-07, 4.03077e-06, 1.17251, 1.08389e-08, 4.96502e-06, 2.2287e-08, 1.81897e-07, 1.65735e-07, 1.36604e-07, 9.77618e-08, 6.15216e-09, 1.05166e-08, 1.08901e-08, 7.91825e-08, 5.15636e-06, 8.24505e-06, 

Best:
-1.1036e-06	

Fitness Evaluations:
3349

End Population
(4.846578e-06), (-1.856890e-05), (-2.362462e-03), (-3.419202e-05), (-2.507351e-04), (-6.536826e-05), (-4.305352e+00), (-1.727604e-03), (-1.360934e-03), (-2.469654e-04), (5.259432e-06), (2.760987e-05), (-8.467966e-05), (2.046627e-03), (-6.743161e-04), (6.221289e-01), (5.346056e-01), (-5.143598e-04), (1.796033e-03), (-7.274935e-04), (9.163562e-06), (-3.532380e-05), (4.483417e-04), (5.664927e-01), (-1.963921e-04), (-1.672795e-03), (8.645692e-01), (-1.742216e-03), (1.215439e-03), (1.360823e-03), (-1.103599e-06), (-4.059849e-05), (-4.322647e-04), (-1.437134e-04), (-4.474278e-04), (-2.007678e-03), (1.082825e+00), (-1.041099e-04), (-2.228232e-03), (-1.492884e-04), (4.264941e-04), (-4.071062e-04), (-3.695992e-04), (-3.126688e-04), (7.843570e-05), (-1.025503e-04), (-1.043556e-04), (-2.813939e-04), (-2.270763e-03), (2.871420e-03), 