Iterations: 50
Function Evaluations Limit: 150000
Population: 50

Prides Length: 4

Percent Nomads: 0.2
Percent Roaming: 0.2
Percent Sex: 0.8

Mating Rate: 0.3
Mutation Probability: 0.2
Immigration Rate: 0.4

Dimensions: 1
N-Dimension Space: -5:5

Fitness Iterations:
0.00417902
13.4511, 0.25455, 0.00498566, 24.4129, 0.64255, 8.4356, 14.905, 5.66776, 24.4836, 9.31527, 9.17331, 22.9905, 15.4506, 22.3779, 8.19381, 7.12843, 21.2543, 1.3502, 6.04556, 23.1401, 14.4538, 21.3543, 20.0484, 2.70747, 3.9768, 18.1645, 7.43834, 0.473603, 20.0066, 3.95689, 0.869104, 10.8348, 17.9689, 20.3526, 23.1463, 4.66742, 13.6944, 14.8729, 21.6468, 1.09784, 0.160552, 5.99584, 6.46565, 0.00417902, 2.41946, 11.5032, 17.6697, 3.30248, 14.3668, 5.7325, 

0.00417902, 0.00420046, 1.15613, 8.4356, 0.169947, 0.209187, 0.858313, 1.58584, 1.09784, 0.000347898, 0.160552, 0.836708, 2.46176, 6.43864, 0.989385, 1.65591, 5.0673, 0.224174, 0.77239, 0.0594207, 0.0307442, 0.64966, 0.487997, 7.27359, 0.473603, 20.0066, 3.92325, 0.0767396, 1.42851, 3.9768, 0.869104, 0.957087, 23.1463, 14.8729, 0.327089, 10.2309, 18.8347, 0.64255, 0.209643, 0.0836206, 0.857597, 0.25455, 2.41946, 3.30248, 3.64768, 3.42134, 5.46694, 0.210597, 4.02711, 4.66742, 

0.00417902, 0.00420046, 3.36011, 0.209187, 0.280673, 0.000347898, 1.0139, 0.0600708, 0.858313, 0.989385, 0.160552, 3.74517e-05, 0.00671065, 0.77239, 0.0316561, 0.044194, 0.304391, 0.0836206, 0.102012, 0.763163, 0.0307442, 0.210597, 0.487997, 7.27359, 0.0767396, 1.42851, 6.63689, 0.853278, 0.169947, 1.00544, 0.337619, 0.724777, 0.327089, 0.838437, 0.297167, 0.209643, 0.682005, 0.854369, 0.473603, 0.570267, 0.857597, 0.64966, 0.25455, 0.575863, 0.788532, 1.87625, 0.869104, 0.853035, 1.03149, 1.58584, 

0.00417902, 2.96984e-05, 0.280673, 0.000347898, 1.0139, 0.0600708, 2.11944, 0.473603, 0.327089, 0.0836206, 0.160552, 3.74517e-05, 0.312924, 0.0703176, 0.102012, 0.763163, 22.7421, 0.0316561, 0.570267, 0.0767396, 0.0307442, 0.210597, 0.487997, 7.27359, 1.42851, 0.193288, 0.853278, 0.854369, 0.209187, 0.044194, 0.210083, 0.0171736, 0.838437, 0.192276, 0.209643, 1.19704, 0.159914, 0.00671065, 0.682005, 0.0409121, 0.857597, 0.64966, 0.337619, 0.575863, 0.788532, 0.749148, 0.25455, 0.694929, 0.858313, 0.876633, 

0.00417902, 2.96984e-05, 0.0600708, 0.273051, 0.0485388, 0.000830149, 3.31621, 0.0841022, 0.00352016, 0.193288, 3.74517e-05, 0.0895356, 0.00812484, 0.211659, 0.570267, 0.0767396, 1.80525, 0.0316561, 0.0744713, 0.0409121, 0.0160928, 0.11035, 1.42851, 0.854369, 0.044194, 1.42568, 0.140193, 0.312924, 0.00380796, 0.000347898, 0.0171736, 0.00409531, 0.177222, 1.19704, 0.0773141, 0.00671065, 0.682005, 0.102012, 0.209187, 0.192276, 0.337619, 0.25455, 0.0307442, 0.160552, 0.160057, 0.210597, 0.117276, 0.0174919, 0.327089, 0.487997, 

2.96984e-05, 0.00122938, 0.000830149, 3.31621, 0.0841022, 0.00352016, 0.021137, 0.00166167, 0.300374, 0.327089, 3.74517e-05, 0.00417902, 0.00812484, 0.570267, 0.0767396, 0.0744713, 0.319245, 0.0600708, 2.97672e-05, 0.192276, 0.0160928, 0.101407, 0.044194, 0.140193, 0.312924, 0.00380796, 5.16916, 0.000347898, 0.211659, 0.0485388, 0.0171736, 0.00409531, 1.35156e-05, 0.00671065, 0.102012, 0.209187, 0.464668, 0.00127357, 0.0409121, 0.193288, 0.25455, 0.0895356, 0.160552, 0.160057, 0.210597, 0.117276, 0.0307442, 0.0174919, 0.487997, 0.534299, 

2.96984e-05, 0.000153321, 0.000830149, 0.0183571, 0.021137, 0.00166167, 0.327089, 0.000718184, 0.0485388, 0.0600708, 3.74517e-05, 0.00417902, 0.00812484, 0.570267, 2.97672e-05, 0.192276, 1.2944, 0.044194, 0.00470112, 0.00127357, 0.0160928, 0.000542054, 0.312924, 0.00380796, 0.000347898, 0.211659, 3.21731, 1.35156e-05, 0.0744713, 0.00671065, 0.007568, 0.00409531, 0.102012, 0.0288552, 0.0409121, 0.193288, 0.15857, 0.0767396, 0.00269742, 0.00352016, 0.0895356, 0.160057, 0.117276, 0.0307442, 0.0174919, 0.00115966, 0.0675302, 0.0219264, 0.0783404, 0.140193, 

2.96984e-05, 0.000153321, 0.000830149, 0.021137, 0.327089, 0.000718184, 0.0600708, 0.00127357, 0.000454264, 0.00631854, 3.74517e-05, 2.72901e-08, 0.00812484, 0.570267, 2.97672e-05, 0.192276, 0.184474, 0.00671065, 0.00352016, 0.00269742, 0.0160928, 0.000542054, 0.312924, 0.00380796, 3.21731, 1.35156e-05, 4.74636, 0.044194, 0.00166167, 0.0288552, 0.00680456, 0.00409531, 0.0409121, 0.193288, 0.15857, 1.03334, 5.01554, 0.0183571, 0.000347898, 2.48651e-07, 0.0895356, 0.0307442, 0.0174919, 0.00115966, 0.0675302, 0.0219264, 0.000640519, 0.0925452, 0.0485388, 0.0767396, 

2.96984e-05, 9.34025e-05, 0.0600708, 0.00127357, 0.000454264, 0.00631854, 0.0643324, 0.0409121, 0.00671065, 0.000718184, 3.74517e-05, 2.72901e-08, 0.570267, 0.0490577, 0.184474, 0.00352016, 0.0110096, 0.000830149, 0.000347898, 0.00812484, 0.0059393, 0.000542054, 0.312924, 0.00380796, 1.35156e-05, 0.044194, 0.00166167, 0.021137, 0.0101699, 2.97672e-05, 0.000153321, 0.00409531, 0.193288, 0.0157817, 5.01554, 0.0183571, 0.327447, 0.00269742, 2.48651e-07, 0.0288552, 0.0307442, 0.0174919, 0.00115966, 0.0219264, 0.000640519, 0.00680456, 0.0150511, 0.00960813, 0.0485388, 0.0767396, 

1.11944e-05, 4.58853e-05, 0.0600708, 0.00127357, 0.0643324, 0.0409121, 0.00671065, 1.35156e-05, 0.000718184, 0.00269742, 4.36139e-06, 2.72901e-08, 6.19897e-05, 0.0490577, 0.0110096, 0.00301304, 1.90301e-05, 0.000385941, 0.0211259, 2.97672e-05, 0.000640519, 0.000542054, 0.00380796, 0.00166167, 0.0101699, 8.97506, 0.368807, 0.000454264, 0.000830149, 0.00631854, 0.000153321, 0.000175969, 0.00917438, 0.0183571, 0.0485822, 2.48651e-07, 0.0288552, 0.000347898, 0.00298975, 0.00352016, 0.00115966, 0.0059393, 0.00680456, 0.00960813, 0.00286082, 0.00657231, 2.96984e-05, 0.00409531, 0.021137, 0.044194, 

1.11944e-05, 2.79767e-05, 0.0643324, 0.00671065, 1.35156e-05, 1.56691e-05, 0.00269742, 0.00352016, 2.97672e-05, 0.000347898, 4.36139e-06, 2.72901e-08, 6.12784e-05, 0.0490577, 0.00301304, 1.90301e-05, 0.0211259, 0.00380796, 0.00631854, 0.00166167, 2.96984e-05, 0.00045453, 8.97506, 0.368807, 0.000454264, 0.000869411, 0.555041, 0.00127357, 0.0101699, 0.000385941, 0.000153321, 0.000175969, 0.00917438, 0.0183571, 0.0485822, 2.48651e-07, 0.0288552, 2.96261e-05, 0.00298975, 0.000830149, 0.00115966, 0.0059393, 0.00286082, 0.00657231, 0.000640519, 0.00409531, 4.58853e-05, 0.0010626, 0.0110096, 0.021137, 

1.11944e-05, 2.49746e-05, 0.0643324, 0.00269742, 0.00352016, 2.97672e-05, 0.885027, 0.000347898, 1.56691e-05, 2.96261e-05, 4.36139e-06, 2.72901e-08, 0.0490577, 0.00301304, 0.00380796, 0.00631854, 0.153568, 3.24142e-05, 1.90301e-05, 0.000454264, 2.96984e-05, 0.00010027, 1.32594, 0.368807, 0.000869411, 0.00127357, 0.000289658, 1.35156e-05, 0.000107137, 0.00298975, 4.58853e-05, 0.000175969, 0.00917438, 0.0183571, 2.48651e-07, 0.0288552, 0.0196338, 0.000830149, 0.000385941, 6.12784e-05, 0.00115966, 0.00286082, 0.000640519, 0.00409531, 0.000153321, 0.0010626, 0.00031254, 0.00045453, 0.00671065, 0.0101699, 

1.11944e-05, 2.49746e-05, 0.0350339, 0.00352016, 2.97672e-05, 1.56691e-05, 0.0915599, 0.000238458, 0.00671065, 2.96261e-05, 4.36139e-06, 2.72901e-08, 0.00301304, 0.153568, 3.24142e-05, 0.000454264, 5.45934e-05, 1.35156e-05, 0.00511197, 0.000289658, 2.96984e-05, 0.00010027, 1.32594, 0.368807, 0.00127357, 0.000107137, 1.05859, 1.90301e-05, 0.000869411, 0.00269742, 4.58853e-05, 0.000153321, 2.48651e-07, 0.000830149, 0.000385941, 6.12784e-05, 14.0874, 0.00631854, 0.00298975, 0.000347898, 0.00115966, 0.00286082, 0.000640519, 0.00409531, 0.000175969, 0.0010626, 0.00031254, 0.00045453, 0.00917438, 0.0101699, 

1.11944e-05, 2.49746e-05, 0.0350339, 0.00352016, 1.56691e-05, 0.0915599, 0.00671065, 0.000107137, 1.35156e-05, 0.000289658, 6.39521e-07, 2.72901e-08, 0.00301304, 3.24142e-05, 0.000454264, 5.45934e-05, 8.63057e-05, 0.00511197, 0.000869411, 2.96261e-05, 2.96984e-05, 0.00010027, 0.929498, 0.215095, 0.00127357, 0.00269742, 0.0911456, 0.00917438, 0.000385941, 1.90301e-05, 4.58853e-05, 0.000153321, 2.48651e-07, 0.000632266, 6.12784e-05, 0.00631854, 0.00298975, 2.97672e-05, 0.000347898, 0.000238458, 0.00115966, 0.00286082, 0.000640519, 0.000175969, 0.0010626, 0.00031254, 0.00045453, 6.74321e-05, 0.0101699, 0.0925677, 

1.11944e-05, 2.49746e-05, 0.00671065, 0.000107137, 1.35156e-05, 0.000289658, 1.15507, 2.97672e-05, 1.90301e-05, 2.48651e-07, 6.39521e-07, 2.72901e-08, 0.000454264, 5.45934e-05, 0.000869411, 2.96261e-05, 0.809305, 0.00511197, 0.00301304, 3.24142e-05, 2.96984e-05, 0.00010027, 0.215095, 0.00269742, 0.000385941, 0.837542, 1.50309, 0.00352016, 0.00127357, 8.63057e-05, 4.58853e-05, 0.000153321, 0.000632266, 0.000727429, 0.000347898, 0.000238458, 1.39132, 6.12784e-05, 0.00298975, 1.56691e-05, 0.00115966, 0.00286082, 0.000640519, 0.000175969, 0.0010626, 0.00031254, 0.00045453, 6.74321e-05, 0.00917438, 0.0101699, 

4.23261e-09, 5.79817e-06, 1.35156e-05, 0.000289658, 2.97672e-05, 1.90301e-05, 0.265605, 2.48651e-07, 0.00269742, 0.00127357, 6.39521e-07, 2.72901e-08, 0.000454264, 0.000869411, 2.96261e-05, 0.00511197, 0.00301304, 1.20188e-06, 3.24142e-05, 0.000632266, 2.94848e-05, 0.00010027, 0.000385941, 1.50309, 0.00352016, 0.0718231, 1.10342, 5.45934e-05, 0.000107137, 0.00671065, 1.29244e-05, 5.37189e-07, 0.000727429, 0.000238458, 1.39132, 6.12784e-05, 0.00298975, 1.56691e-05, 8.63057e-05, 0.000347898, 0.00115966, 0.000640519, 0.000175969, 0.0010626, 0.00031254, 0.00045453, 6.74321e-05, 2.96984e-05, 0.00917438, 0.0101699, 

4.23261e-09, 5.79817e-06, 1.35156e-05, 2.97672e-05, 1.90301e-05, 0.265605, 0.318998, 0.000347898, 0.000107137, 9.97574e-07, 2.72901e-08, 5.3385e-07, 2.96261e-05, 3.24142e-05, 0.000632266, 5.63378e-07, 7.59997e-05, 1.47551e-05, 0.000448811, 0.000289658, 2.94848e-05, 2.96984e-05, 0.00598426, 0.00352016, 0.0718231, 1.10342, 1.3015, 0.000385941, 0.000535551, 8.63057e-05, 1.4161e-06, 5.37189e-07, 0.000238458, 0.379403, 0.00298975, 1.56691e-05, 0.885171, 6.12784e-05, 2.48651e-07, 5.45934e-05, 0.000175969, 0.00031254, 0.00045453, 6.74321e-05, 4.22731e-05, 0.000222208, 6.39521e-07, 1.81378e-05, 0.000727429, 0.00127357, 

4.23261e-09, 1.24667e-06, 1.35156e-05, 1.90301e-05, 9.97574e-07, 0.00170989, 0.61579, 2.97672e-05, 0.000238458, 8.63057e-05, 2.72901e-08, 5.3385e-07, 2.96261e-05, 0.000632266, 5.03089e-07, 7.59997e-05, 1.47551e-05, 0.000727429, 0.000347898, 0.000385941, 6.39521e-07, 2.96984e-05, 0.00598426, 0.00352016, 0.0718231, 0.000535551, 1.56598, 0.000107137, 0.000289658, 3.24142e-05, 1.4161e-06, 5.37189e-07, 0.00298975, 6.12784e-05, 2.48651e-07, 5.45934e-05, 0.45942, 0.00127357, 1.56691e-05, 0.000448811, 0.000175969, 0.00031254, 0.00045453, 6.74321e-05, 4.22731e-05, 0.000222208, 2.94848e-05, 1.81378e-05, 0.0556385, 0.177627, 

4.23261e-09, 1.24667e-06, 1.90301e-05, 0.61579, 0.000238458, 1.20808, 0.13624, 2.97672e-05, 9.97574e-07, 8.63057e-05, 2.72901e-08, 5.3385e-07, 2.96261e-05, 1.47551e-05, 0.000210973, 0.000347898, 1.249, 1.35156e-05, 5.03089e-07, 0.000107137, 6.39521e-07, 2.96984e-05, 0.00352016, 1.56598, 0.000289658, 0.000219676, 8.91962, 6.12784e-05, 1.56691e-05, 3.24142e-05, 1.4161e-06, 5.37189e-07, 5.45934e-05, 0.45942, 0.00127357, 0.000448811, 12.9697, 5.94607e-05, 2.48651e-07, 7.59997e-05, 0.000175969, 6.74321e-05, 4.22731e-05, 0.000222208, 2.94848e-05, 1.81378e-05, 5.27332e-05, 0.000130992, 0.000385941, 0.000535551, 

4.23261e-09, 3.02135e-08, 0.61579, 1.20808, 0.13624, 9.97574e-07, 6.66602, 2.21775e-05, 1.56691e-05, 2.97672e-05, 2.72901e-08, 5.3385e-07, 2.96261e-05, 1.249, 5.03089e-07, 0.000107137, 1.2163, 7.59997e-05, 0.000238458, 1.35156e-05, 6.39521e-07, 1.81378e-05, 0.000219676, 6.12784e-05, 3.24142e-05, 2.01138, 0.0482481, 0.000210973, 5.48328e-08, 2.48651e-07, 9.37929e-07, 5.37189e-07, 5.45934e-05, 0.45942, 0.0631982, 5.94607e-05, 0.80371, 8.63057e-05, 1.47551e-05, 1.90301e-05, 0.000175969, 6.74321e-05, 4.22731e-05, 2.96984e-05, 2.94848e-05, 5.27332e-05, 0.000130992, 1.24667e-06, 0.000289658, 0.000385941, 

4.23261e-09, 3.02135e-08, 1.20808, 9.97574e-07, 1.56691e-05, 0.581954, 4.36778, 0.000385941, 0.000238458, 7.59997e-05, 2.72901e-08, 5.3385e-07, 2.96261e-05, 0.000107137, 1.2163, 1.35156e-05, 4.53082, 0.000289658, 1.47551e-05, 2.97672e-05, 6.39521e-07, 1.65645e-07, 6.12784e-05, 3.24142e-05, 0.191165, 0.0482481, 0.000210973, 5.48328e-08, 5.03089e-07, 0.000219676, 9.37929e-07, 5.37189e-07, 5.45934e-05, 0.45942, 5.94607e-05, 8.63057e-05, 1.23045e-05, 2.48651e-07, 1.90301e-05, 2.21775e-05, 6.74321e-05, 4.22731e-05, 2.96984e-05, 2.94848e-05, 5.27332e-05, 1.24667e-06, 8.24542e-06, 2.43208e-05, 0.0631982, 0.0778672, 

4.23261e-09, 3.02135e-08, 9.97574e-07, 4.36778, 0.000385941, 7.59997e-05, 5.43022, 5.03089e-07, 0.000238458, 5.45934e-05, 2.72901e-08, 5.3385e-07, 0.000107137, 1.2163, 1.35156e-05, 1.47551e-05, 2.97672e-05, 8.63057e-05, 0.0482481, 2.96261e-05, 1.65645e-07, 4.45325e-07, 3.24142e-05, 0.191165, 0.000210973, 5.48328e-08, 0.000219676, 6.12784e-05, 1.56691e-05, 0.0778672, 6.39521e-07, 5.37189e-07, 5.94607e-05, 1.23045e-05, 2.48651e-07, 1.90301e-05, 2.21775e-05, 0.0631982, 0.000289658, 4.16423e-07, 4.22731e-05, 2.96984e-05, 2.94848e-05, 5.27332e-05, 1.24667e-06, 8.24542e-06, 2.43208e-05, 9.37929e-07, 0.102649, 0.12092, 

4.23261e-09, 3.02135e-08, 7.59997e-05, 5.43022, 5.45934e-05, 9.02318, 0.354234, 0.000238458, 5.03089e-07, 0.000385941, 2.72901e-08, 5.3385e-07, 0.000107137, 1.35156e-05, 1.47551e-05, 8.63057e-05, 5.75101e-06, 9.97574e-07, 0.0229557, 1.89343e-05, 1.65645e-07, 4.45325e-07, 0.000210973, 5.48328e-08, 0.000219676, 0.0778672, 0.205859, 1.56691e-05, 0.000289658, 2.97672e-05, 3.73328e-07, 5.37189e-07, 1.23045e-05, 2.48651e-07, 1.90301e-05, 2.21775e-05, 21.3283, 6.12784e-05, 5.94607e-05, 4.16423e-07, 4.22731e-05, 2.96984e-05, 2.94848e-05, 5.27332e-05, 1.24667e-06, 8.24542e-06, 2.43208e-05, 9.37929e-07, 0.0482481, 0.0631982, 

4.23261e-09, 3.02135e-08, 5.45934e-05, 9.02318, 0.354234, 5.03089e-07, 1.91672e-05, 0.000219676, 5.36931e-06, 8.63057e-05, 2.72901e-08, 5.3385e-07, 1.35156e-05, 5.75101e-06, 9.97574e-07, 2.04938, 6.87658, 0.000107137, 1.90301e-05, 2.21775e-05, 1.65645e-07, 4.45325e-07, 0.000210973, 5.48328e-08, 0.0778672, 0.205859, 1.56691e-05, 6.12784e-05, 0.000238458, 0.000289658, 1.94898e-07, 5.37189e-07, 1.23045e-05, 2.48651e-07, 5.94607e-05, 4.16423e-07, 3.57221, 1.47551e-05, 2.97672e-05, 7.59997e-05, 4.22731e-05, 2.96984e-05, 2.94848e-05, 1.24667e-06, 8.24542e-06, 2.43208e-05, 9.37929e-07, 1.93084e-05, 0.000385941, 0.0229557, 

4.23261e-09, 9.37265e-10, 9.02318, 0.0805843, 0.000219676, 0.424944, 5.86155, 1.91672e-05, 1.23045e-05, 9.97574e-07, 2.72901e-08, 5.3385e-07, 2.04938, 0.784037, 0.000107137, 1.90301e-05, 2.03107, 1.35156e-05, 2.48651e-07, 5.36931e-06, 1.65645e-07, 4.45325e-07, 0.0778672, 0.205859, 6.12784e-05, 1.3239, 0.0712345, 5.03089e-07, 5.75101e-06, 4.16423e-07, 1.94898e-07, 5.37189e-07, 0.168632, 1.47551e-05, 2.97672e-05, 7.59997e-05, 0.0523807, 2.21775e-05, 5.48328e-08, 1.56691e-05, 4.22731e-05, 2.96984e-05, 2.94848e-05, 1.24667e-06, 8.24542e-06, 2.43208e-05, 9.37929e-07, 1.93084e-05, 5.45934e-05, 5.94607e-05, 

4.23261e-09, 9.37265e-10, 9.02318, 0.000219676, 0.424944, 1.23045e-05, 4.36911, 5.45934e-05, 2.21775e-05, 0.00155277, 2.72901e-08, 3.86965e-07, 2.04938, 1.90301e-05, 1.35156e-05, 2.48651e-07, 5.36931e-06, 0.0523807, 1.56691e-05, 5.94607e-05, 1.65645e-07, 4.45325e-07, 0.0778672, 6.12784e-05, 5.03089e-07, 4.16423e-07, 2.56478, 1.91672e-05, 7.59997e-05, 9.97574e-07, 1.94898e-07, 5.37189e-07, 1.47551e-05, 2.97672e-05, 5.48328e-08, 4.36888, 2.62752, 5.75101e-06, 0.000107137, 0.0712345, 4.22731e-05, 2.96984e-05, 2.94848e-05, 1.24667e-06, 8.24542e-06, 2.43208e-05, 9.37929e-07, 1.93084e-05, 0.0805843, 0.130112, 

4.23261e-09, 9.37265e-10, 0.424944, 5.45934e-05, 2.21775e-05, 0.00155277, 0.855381, 1.47551e-05, 4.16423e-07, 5.75101e-06, 2.72901e-08, 3.86965e-07, 2.04938, 1.90301e-05, 2.48651e-07, 5.36931e-06, 1.56691e-05, 2.97672e-05, 5.94607e-05, 0.0521738, 1.65645e-07, 4.45325e-07, 5.03089e-07, 2.56478, 1.91672e-05, 9.97574e-07, 2.12631, 7.59997e-05, 0.00581893, 1.35156e-05, 1.94898e-07, 5.37189e-07, 5.48328e-08, 4.36888, 0.000107137, 0.0712345, 0.32535, 6.12784e-05, 1.23045e-05, 0.000219676, 4.22731e-05, 2.96984e-05, 2.94848e-05, 1.24667e-06, 8.24542e-06, 2.43208e-05, 9.37929e-07, 1.93084e-05, 0.0523807, 0.0778672, 

4.23261e-09, 9.37265e-10, 0.424944, 2.21775e-05, 1.47551e-05, 4.16423e-07, 0.257343, 0.0187613, 0.0521738, 5.48328e-08, 2.72901e-08, 3.86965e-07, 2.04938, 2.48651e-07, 5.36931e-06, 2.97672e-05, 2.37237, 1.56691e-05, 0.000107137, 0.00155277, 1.65645e-07, 4.45325e-07, 1.91672e-05, 9.97574e-07, 7.59997e-05, 1.35156e-05, 21.7761, 5.75101e-06, 5.45934e-05, 0.00581893, 1.94898e-07, 5.37189e-07, 2.99661, 6.12784e-05, 1.23045e-05, 0.000219676, 0.761179, 5.94607e-05, 5.03089e-07, 1.90301e-05, 4.22731e-05, 2.96984e-05, 2.94848e-05, 1.24667e-06, 8.24542e-06, 2.43208e-05, 9.37929e-07, 1.93084e-05, 0.0523807, 0.0712345, 

4.23261e-09, 9.37265e-10, 1.47551e-05, 0.257343, 0.0521738, 6.15277, 6.16493e-06, 4.16423e-07, 5.48328e-08, 0.00155277, 2.72901e-08, 7.1339e-08, 2.48651e-07, 5.36931e-06, 2.97672e-05, 0.000107137, 1.45722, 0.00581893, 0.0187613, 5.75101e-06, 1.65645e-07, 4.45325e-07, 1.91672e-05, 9.97574e-07, 1.35156e-05, 5.45934e-05, 0.397618, 2.21775e-05, 1.56691e-05, 0.000219676, 1.94898e-07, 1.70738e-08, 6.12784e-05, 1.23045e-05, 5.94607e-05, 1.90301e-05, 6.3884e-08, 0.0523807, 5.03089e-07, 7.59997e-05, 2.94848e-05, 1.24667e-06, 8.24542e-06, 2.43208e-05, 9.37929e-07, 1.93084e-05, 4.82134e-06, 5.37189e-07, 0.0712345, 0.0796273, 

4.23261e-09, 9.37265e-10, 1.47551e-05, 6.15277, 6.16493e-06, 5.48328e-08, 22.0978, 1.90301e-05, 0.00581893, 7.59997e-05, 2.72901e-08, 7.1339e-08, 2.48651e-07, 0.000107137, 0.0187613, 0.192047, 7.2666, 6.3884e-08, 0.00155277, 5.36931e-06, 1.65645e-07, 2.61876e-07, 1.91672e-05, 1.35156e-05, 5.45934e-05, 0.397618, 0.000219676, 1.56691e-05, 4.16423e-07, 9.97574e-07, 1.63469e-08, 1.70738e-08, 6.12784e-05, 1.23045e-05, 5.94607e-05, 5.03089e-07, 7.15227, 5.75101e-06, 2.21775e-05, 2.97672e-05, 2.94848e-05, 1.24667e-06, 8.24542e-06, 2.43208e-05, 9.37929e-07, 1.93084e-05, 4.82134e-06, 5.37189e-07, 0.0432498, 0.0521738, 

4.23261e-09, 9.37265e-10, 5.48328e-08, 11.0229, 7.59997e-05, 3.24073, 1.9319, 1.47551e-05, 6.16493e-06, 0.000219676, 2.72901e-08, 7.1339e-08, 2.48651e-07, 0.000107137, 0.0187613, 0.192047, 5.36931e-06, 6.3884e-08, 1.56691e-05, 0.00155277, 1.65645e-07, 1.66166e-07, 1.35156e-05, 5.45934e-05, 9.97574e-07, 0.700861, 2.92231e-07, 2.21775e-05, 1.91672e-05, 4.16423e-07, 1.63469e-08, 1.70738e-08, 6.12784e-05, 5.94607e-05, 5.03089e-07, 5.75101e-06, 9.76112, 1.23045e-05, 2.97672e-05, 1.90301e-05, 2.94848e-05, 1.24667e-06, 8.24542e-06, 2.43208e-05, 9.37929e-07, 1.93084e-05, 4.82134e-06, 5.37189e-07, 0.00581893, 0.0432498, 

4.23261e-09, 9.37265e-10, 3.24073, 1.9319, 1.47551e-05, 6.16493e-06, 10.3397, 0.000219676, 5.48328e-08, 5.94607e-05, 2.72901e-08, 7.1339e-08, 2.48651e-07, 0.000107137, 1.56691e-05, 0.00155277, 2.0742, 6.12784e-05, 6.3884e-08, 2.92231e-07, 1.65645e-07, 1.66166e-07, 1.35156e-05, 2.21775e-05, 1.91672e-05, 4.16423e-07, 1.24872, 5.36931e-06, 5.75101e-06, 5.03089e-07, 1.63469e-08, 1.70738e-08, 1.23045e-05, 2.97672e-05, 1.90301e-05, 0.834683, 1.19742, 9.97574e-07, 7.59997e-05, 5.45934e-05, 2.94848e-05, 1.24667e-06, 8.24542e-06, 2.43208e-05, 9.37929e-07, 1.93084e-05, 4.82134e-06, 5.37189e-07, 0.000425643, 0.00581893, 

4.23261e-09, 9.37265e-10, 3.24073, 1.47551e-05, 0.000219676, 5.94607e-05, 0.18555, 2.92231e-07, 5.48328e-08, 1.35156e-05, 2.72901e-08, 6.30661e-08, 0.000107137, 2.0742, 6.3884e-08, 1.83428, 1.95909, 6.12784e-05, 5.75101e-06, 1.23045e-05, 1.65645e-07, 1.65805e-07, 1.91672e-05, 4.16423e-07, 1.24872, 5.36931e-06, 5.03089e-07, 5.45934e-05, 2.48651e-07, 6.16493e-06, 1.63469e-08, 1.70738e-08, 1.90301e-05, 1.19742, 9.97574e-07, 7.59997e-05, 0.0535755, 2.21775e-05, 1.56691e-05, 2.97672e-05, 2.94848e-05, 1.24667e-06, 8.24542e-06, 2.43208e-05, 9.37929e-07, 1.93084e-05, 4.82134e-06, 5.37189e-07, 0.000425643, 0.00155277, 

4.23261e-09, 9.37265e-10, 1.47551e-05, 5.94607e-05, 5.48328e-08, 0.480441, 1.53415, 1.35156e-05, 4.16423e-07, 2.48651e-07, 2.72901e-08, 6.30661e-08, 0.196344, 6.3884e-08, 1.95909, 6.12784e-05, 1.23045e-05, 5.75101e-06, 1.91672e-05, 2.21775e-05, 1.65645e-07, 1.65702e-07, 5.36931e-06, 5.03089e-07, 5.45934e-05, 6.16493e-06, 3.45841, 2.97672e-05, 2.1743e-05, 2.92231e-07, 1.63469e-08, 1.70738e-08, 1.90301e-05, 0.0535755, 2.23138e-06, 0.0112029, 0.0105806, 7.59997e-05, 9.97574e-07, 0.000107137, 1.24667e-06, 8.24542e-06, 2.43208e-05, 9.37929e-07, 1.93084e-05, 4.82134e-06, 5.37189e-07, 1.10909e-05, 0.000219676, 0.000425643, 

7.95957e-10, 9.37265e-10, 1.47551e-05, 5.94607e-05, 0.480441, 1.53415, 0.458459, 4.16423e-07, 5.36931e-06, 5.45934e-05, 2.72901e-08, 6.30661e-08, 6.12784e-05, 1.23045e-05, 1.91672e-05, 0.480957, 1.00913e-06, 5.48328e-08, 5.03089e-07, 6.3884e-08, 1.65645e-07, 1.65702e-07, 6.16493e-06, 2.97672e-05, 2.1743e-05, 2.92231e-07, 1.93668, 2.21775e-05, 1.35156e-05, 1.90301e-05, 1.63469e-08, 1.70738e-08, 2.23138e-06, 1.13249e-05, 0.0105806, 9.97574e-07, 0.000107137, 7.59997e-05, 2.48651e-07, 5.75101e-06, 1.24667e-06, 8.24542e-06, 9.37929e-07, 1.93084e-05, 4.82134e-06, 5.37189e-07, 1.10909e-05, 1.30517e-06, 0.000219676, 0.000425643, 

7.95957e-10, 9.37265e-10, 1.47551e-05, 0.480441, 0.458459, 4.16423e-07, 5.45934e-05, 2.36067e-06, 2.23138e-06, 5.36931e-06, 2.72901e-08, 6.30661e-08, 0.480957, 1.00913e-06, 5.48328e-08, 6.3884e-08, 9.61669, 6.12784e-05, 5.94607e-05, 1.91672e-05, 1.65645e-07, 1.65702e-07, 6.16493e-06, 2.92231e-07, 1.93668, 2.21775e-05, 1.90301e-05, 1.23045e-05, 2.1743e-05, 1.35156e-05, 1.63469e-08, 1.58276e-08, 1.13249e-05, 0.0105806, 9.97574e-07, 2.48651e-07, 0.145966, 5.75101e-06, 2.97672e-05, 5.03089e-07, 1.24667e-06, 8.24542e-06, 9.37929e-07, 1.93084e-05, 4.82134e-06, 5.37189e-07, 1.10909e-05, 1.30517e-06, 7.59997e-05, 0.000107137, 

7.95957e-10, 9.37265e-10, 5.45934e-05, 2.36067e-06, 2.23138e-06, 0.0687604, 0.129975, 2.48651e-07, 1.91672e-05, 5.48328e-08, 2.72901e-08, 6.30661e-08, 1.00913e-06, 2.13703, 5.94607e-05, 1.44842, 0.577114, 5.75101e-06, 6.3884e-08, 1.90301e-05, 1.65645e-07, 1.65702e-07, 6.16493e-06, 2.92231e-07, 2.21775e-05, 1.35156e-05, 1.18484, 5.36931e-06, 9.97574e-07, 1.23045e-05, 1.63469e-08, 1.58276e-08, 1.13249e-05, 0.0105806, 2.97672e-05, 5.03089e-07, 0.88617, 4.16423e-07, 1.47551e-05, 6.04096e-06, 1.24667e-06, 8.24542e-06, 9.37929e-07, 1.93084e-05, 4.82134e-06, 5.37189e-07, 1.10909e-05, 1.30517e-06, 2.1743e-05, 6.12784e-05, 

7.95957e-10, 9.37265e-10, 2.36067e-06, 0.129975, 1.91672e-05, 24.24, 0.000766748, 4.72694e-06, 5.36931e-06, 4.16423e-07, 2.72901e-08, 1.62518e-08, 0.0684985, 6.3884e-08, 1.90301e-05, 0.00784731, 0.0166988, 2.92231e-07, 1.13249e-05, 2.23138e-06, 1.65645e-07, 1.65702e-07, 6.16493e-06, 2.21775e-05, 1.35156e-05, 1.23045e-05, 0.572262, 5.75101e-06, 9.97574e-07, 1.00913e-06, 1.63469e-08, 1.58276e-08, 5.03089e-07, 1.47551e-05, 6.04096e-06, 0.543682, 4.37863, 2.48651e-07, 2.1743e-05, 5.48328e-08, 1.24667e-06, 8.24542e-06, 9.37929e-07, 4.82134e-06, 5.37189e-07, 1.10909e-05, 1.30517e-06, 3.64517e-06, 2.97672e-05, 5.45934e-05, 

7.95957e-10, 9.37265e-10, 2.36067e-06, 0.129975, 0.000766748, 2.14981e-08, 5.36931e-06, 6.3884e-08, 4.16423e-07, 2.92231e-07, 2.72901e-08, 1.62518e-08, 0.0684985, 1.90301e-05, 0.0166988, 1.13249e-05, 3.50235, 2.97672e-05, 1.00913e-06, 2.1743e-05, 1.65645e-07, 1.65629e-07, 1.35156e-05, 1.23045e-05, 5.75101e-06, 1.80618, 4.03168e-07, 2.48651e-07, 9.97574e-07, 2.21775e-05, 1.63469e-08, 1.58276e-08, 5.03089e-07, 1.47551e-05, 6.04096e-06, 5.48328e-08, 4.84662, 2.23138e-06, 1.91672e-05, 6.16493e-06, 1.24667e-06, 8.24542e-06, 9.37929e-07, 4.82134e-06, 5.37189e-07, 1.30517e-06, 3.64517e-06, 5.94142e-07, 5.45934e-05, 7.16295e-05, 

7.95957e-10, 9.37265e-10, 2.36067e-06, 0.000766748, 2.14981e-08, 6.3884e-08, 2.92231e-07, 5.36931e-06, 9.97574e-07, 5.75101e-06, 2.72901e-08, 1.62518e-08, 0.0684985, 1.90301e-05, 1.13249e-05, 3.50235, 0.181649, 2.1743e-05, 1.91672e-05, 4.03168e-07, 1.65645e-07, 1.65629e-07, 1.35156e-05, 1.23045e-05, 1.80618, 2.21775e-05, 4.58852e-06, 2.23138e-06, 6.04096e-06, 4.16423e-07, 1.63469e-08, 1.58276e-08, 1.47551e-05, 5.48328e-08, 3.40577, 6.16493e-06, 1.81773e-06, 2.48651e-07, 1.00913e-06, 5.03089e-07, 1.24667e-06, 9.37929e-07, 5.37189e-07, 1.30517e-06, 3.64517e-06, 5.94142e-07, 3.14239e-06, 1.01579e-06, 2.97672e-05, 5.45934e-05, 

7.95957e-10, 9.37265e-10, 6.3884e-08, 2.0584e-08, 5.36931e-06, 9.97574e-07, 0.453807, 1.35156e-05, 5.75101e-06, 4.58852e-06, 2.72901e-08, 1.62518e-08, 3.50235, 0.181649, 4.03168e-07, 0.269363, 2.07157, 2.48651e-07, 1.13249e-05, 2.36067e-06, 1.65645e-07, 1.65629e-07, 1.23045e-05, 1.80618, 6.04096e-06, 4.16423e-07, 0.336616, 5.03089e-07, 1.81773e-06, 6.16493e-06, 1.63469e-08, 1.58276e-08, 5.48328e-08, 0.296148, 1.00913e-06, 0.0298838, 14.7437, 1.47551e-05, 2.14981e-08, 2.23138e-06, 1.24667e-06, 9.37929e-07, 5.37189e-07, 1.30517e-06, 3.64517e-06, 5.94142e-07, 3.14239e-06, 1.01579e-06, 1.90301e-05, 1.91672e-05, 

7.95957e-10, 9.16121e-10, 5.36931e-06, 0.453807, 5.75101e-06, 4.58852e-06, 0.222589, 4.03168e-07, 2.36067e-06, 2.0584e-08, 2.72901e-08, 1.62518e-08, 2.57332, 0.181649, 2.07157, 1.13249e-05, 1.20765e-06, 6.04096e-06, 2.48651e-07, 1.35156e-05, 8.88373e-09, 1.65629e-07, 1.23045e-05, 4.16423e-07, 0.336616, 1.81773e-06, 1.06876, 6.3884e-08, 5.48328e-08, 1.69746e-08, 1.63469e-08, 1.58276e-08, 0.296148, 1.00913e-06, 14.7437, 2.14981e-08, 2.23138e-06, 6.16493e-06, 5.03089e-07, 9.97574e-07, 1.24667e-06, 9.37929e-07, 5.37189e-07, 1.30517e-06, 5.94142e-07, 1.01579e-06, 1.65645e-07, 3.1922e-07, 1.47551e-05, 1.90301e-05, 

7.95957e-10, 9.16121e-10, 5.36931e-06, 5.75101e-06, 4.03168e-07, 2.36067e-06, 0.031931, 5.03089e-07, 2.23138e-06, 1.23045e-05, 2.72901e-08, 1.62518e-08, 1.13249e-05, 1.20765e-06, 1.35156e-05, 0.00447637, 0.0740802, 1.00913e-06, 2.14981e-08, 4.58852e-06, 8.88373e-09, 1.65629e-07, 4.16423e-07, 1.81773e-06, 1.06876, 5.48328e-08, 0.131284, 2.48651e-07, 1.69746e-08, 6.04096e-06, 1.55342e-08, 1.58276e-08, 0.296148, 14.7437, 6.16493e-06, 9.97574e-07, 2.90232, 1.47551e-05, 2.0584e-08, 6.3884e-08, 1.24667e-06, 9.37929e-07, 5.37189e-07, 1.30517e-06, 5.94142e-07, 1.01579e-06, 1.65645e-07, 3.1922e-07, 1.90301e-05, 0.0812248, 

7.95957e-10, 7.02178e-10, 5.36931e-06, 2.36067e-06, 2.23138e-06, 1.23045e-05, 0.611442, 1.00913e-06, 4.03168e-07, 6.04096e-06, 2.72901e-08, 1.62518e-08, 1.13249e-05, 0.0740802, 4.58852e-06, 3.14778, 1.27749e-06, 6.3884e-08, 1.35156e-05, 5.03089e-07, 8.88373e-09, 1.65629e-07, 1.81773e-06, 5.48328e-08, 2.48651e-07, 0.976839, 18.9385, 1.20765e-06, 1.69746e-08, 5.75101e-06, 1.55342e-08, 1.58276e-08, 9.97574e-07, 0.205109, 1.47551e-05, 2.0584e-08, 0.0518541, 6.16493e-06, 2.14981e-08, 4.16423e-07, 1.24667e-06, 9.37929e-07, 5.37189e-07, 1.30517e-06, 5.94142e-07, 1.01579e-06, 1.65645e-07, 3.1922e-07, 1.90301e-05, 0.00447637, 

7.80681e-10, 7.02178e-10, 1.23045e-05, 0.0154145, 1.00913e-06, 4.03168e-07, 0.86288, 2.23138e-06, 5.03089e-07, 1.20765e-06, 2.72901e-08, 1.62518e-08, 1.13249e-05, 0.0740802, 2.76486, 6.3884e-08, 0.040899, 6.04096e-06, 2.14981e-08, 5.48328e-08, 8.88373e-09, 1.65629e-07, 2.48651e-07, 1.69746e-08, 5.75101e-06, 18.7779, 0.653494, 1.81773e-06, 5.36931e-06, 4.58852e-06, 2.58263e-09, 1.58276e-08, 9.97574e-07, 1.47551e-05, 4.16423e-07, 0.628884, 0.315405, 2.0584e-08, 2.36067e-06, 1.27749e-06, 1.24667e-06, 9.37929e-07, 5.37189e-07, 1.30517e-06, 5.94142e-07, 1.01579e-06, 1.65645e-07, 3.1922e-07, 6.16493e-06, 1.35156e-05, 

7.80681e-10, 7.02178e-10, 0.0154145, 1.00913e-06, 2.23138e-06, 1.29489, 0.00562518, 5.48328e-08, 5.03089e-07, 4.16423e-07, 1.75637e-08, 1.62518e-08, 1.13249e-05, 0.0740802, 2.76486, 6.3884e-08, 2.14981e-08, 1.81773e-06, 6.04096e-06, 4.03168e-07, 8.88373e-09, 1.65629e-07, 1.69746e-08, 5.75101e-06, 0.653494, 4.58852e-06, 1.12484e-06, 1.27749e-06, 1.20765e-06, 5.36931e-06, 2.58263e-09, 1.58276e-08, 9.97574e-07, 2.0584e-08, 2.36067e-06, 0.00101379, 0.383725, 1.23045e-05, 6.16493e-06, 2.48651e-07, 1.24667e-06, 9.37929e-07, 5.37189e-07, 5.94142e-07, 1.01579e-06, 1.65645e-07, 3.1922e-07, 1.01199e-06, 1.35156e-05, 1.47551e-05, 

7.80681e-10, 7.02178e-10, 2.23138e-06, 0.00562518, 5.03089e-07, 4.16423e-07, 9.10121e-08, 9.09718e-07, 1.00913e-06, 5.75101e-06, 1.75637e-08, 1.62518e-08, 0.2656, 6.3884e-08, 2.14981e-08, 1.81773e-06, 10.4874, 2.48651e-07, 1.13249e-05, 6.04096e-06, 8.88373e-09, 1.45243e-07, 1.69746e-08, 0.653494, 1.12484e-06, 1.27749e-06, 1.20765e-06, 2.36067e-06, 4.58852e-06, 4.03168e-07, 2.58263e-09, 1.58276e-08, 2.0584e-08, 1.23045e-05, 6.16493e-06, 0.00406972, 0.311808, 9.97574e-07, 5.48328e-08, 5.36931e-06, 9.37929e-07, 5.37189e-07, 5.94142e-07, 1.65645e-07, 3.1922e-07, 1.01199e-06, 1.65629e-07, 5.69742e-07, 1.35156e-05, 1.47551e-05, 

7.80681e-10, 7.02178e-10, 2.23138e-06, 9.10121e-08, 9.09718e-07, 0.110389, 0.0270606, 2.48651e-07, 9.17191e-08, 1.00913e-06, 1.58276e-08, 1.62518e-08, 0.2656, 6.3884e-08, 1.81773e-06, 1.13249e-05, 2.25012, 1.9534e-09, 1.69746e-08, 9.97574e-07, 8.88373e-09, 1.45243e-07, 0.653494, 1.12484e-06, 2.36067e-06, 4.03168e-07, 1.11471, 4.58852e-06, 2.14981e-08, 1.27749e-06, 2.58263e-09, 1.03333e-08, 2.0584e-08, 0.311808, 5.48328e-08, 5.36931e-06, 1.87207, 4.16423e-07, 1.20765e-06, 5.03089e-07, 5.37189e-07, 5.94142e-07, 1.65645e-07, 3.1922e-07, 1.65629e-07, 5.69742e-07, 1.06147e-07, 1.75637e-08, 5.75101e-06, 6.04096e-06, 

7.76085e-10, 7.02178e-10, 2.23138e-06, 9.10121e-08, 0.0270606, 1.00913e-06, 5.17251, 2.48651e-07, 5.75101e-06, 9.17191e-08, 9.51232e-09, 7.04731e-10, 6.3884e-08, 1.13249e-05, 1.9534e-09, 9.97574e-07, 6.95733, 1.69746e-08, 1.81773e-06, 9.09718e-07, 8.88373e-09, 1.45243e-07, 1.12484e-06, 4.03168e-07, 1.11471, 4.58852e-06, 2.27639e-07, 2.36067e-06, 5.03089e-07, 1.27749e-06, 2.58263e-09, 1.03333e-08, 2.0584e-08, 0.311808, 5.36931e-06, 1.20765e-06, 1.05244e-05, 5.48328e-08, 2.14981e-08, 4.16423e-07, 5.37189e-07, 1.65645e-07, 3.1922e-07, 1.65629e-07, 5.69742e-07, 1.06147e-07, 1.75637e-08, 5.58608e-07, 6.04096e-06, 0.00261137, 

7.5623e-10, 7.02178e-10, 0.0270606, 2.48651e-07, 9.17191e-08, 0.23829, 0.830178, 1.9534e-09, 2.14981e-08, 9.09718e-07, 9.51232e-09, 7.04731e-10, 6.3884e-08, 1.13249e-05, 9.97574e-07, 2.55184, 3.49307, 2.23138e-06, 2.0584e-08, 1.69746e-08, 8.88373e-09, 1.45243e-07, 1.12484e-06, 1.11471, 2.27639e-07, 2.36067e-06, 1.27749e-06, 5.03089e-07, 1.00913e-06, 1.20765e-06, 2.58263e-09, 7.38922e-09, 0.169091, 5.48328e-08, 4.16423e-07, 0.0109194, 0.158562, 1.81773e-06, 9.10121e-08, 4.03168e-07, 5.37189e-07, 1.65645e-07, 3.1922e-07, 1.65629e-07, 5.69742e-07, 1.06147e-07, 1.75637e-08, 5.58608e-07, 4.58852e-06, 5.36931e-06, 

7.5623e-10, 7.02178e-10, 9.17191e-08, 0.23829, 2.14981e-08, 9.09718e-07, 2.54843, 1.13249e-05, 4.58852e-06, 4.03168e-07, 1.43343e-09, 7.04731e-10, 9.97574e-07, 2.55184, 2.0584e-08, 1.69746e-08, 0.146678, 2.48651e-07, 2.36067e-06, 2.23138e-06, 8.88373e-09, 1.06147e-07, 2.27639e-07, 5.03089e-07, 1.00913e-06, 1.20765e-06, 0.119937, 1.12484e-06, 1.27749e-06, 1.9534e-09, 2.58263e-09, 7.38922e-09, 5.48328e-08, 0.158562, 1.81773e-06, 9.10121e-08, 0.00912146, 4.16423e-07, 6.3884e-08, 5.36931e-06, 5.37189e-07, 1.65645e-07, 3.1922e-07, 1.65629e-07, 5.69742e-07, 1.45243e-07, 1.75637e-08, 5.58608e-07, 0.0109194, 0.0270606, 

Best:
-2.64986e-05	

Fitness Evaluations:
3292

End Population
(-2.749964e-05), (-2.649865e-05), (3.028517e-04), (-4.881495e-01), (1.466224e-04), (-9.537914e-04), (1.596382e+00), (3.365255e-03), (2.142084e-03), (6.349554e-04), (-3.786060e-05), (2.654677e-05), (9.987864e-04), (1.597449e+00), (-1.434712e-04), (1.302867e-04), (-3.829862e-01), (4.986491e-04), (1.536447e-03), (1.493782e-03), (9.425355e-05), (3.258027e-04), (4.771150e-04), (7.092879e-04), (-1.004555e-03), (1.098933e-03), (-3.463192e-01), (-1.060585e-03), (1.130262e-03), (4.419728e-05), (-5.081955e-05), (-8.596056e-05), (2.341640e-04), (-3.981980e-01), (1.348230e-03), (3.016822e-04), (-9.550636e-02), (6.453087e-04), (2.527529e-04), (-2.317176e-03), (-7.329315e-04), (4.069947e-04), (5.649959e-04), (4.069750e-04), (-7.548127e-04), (3.811071e-04), (1.325280e-04), (7.474007e-04), (1.044960e-01), (-1.645009e-01), 