Iterations: 50
Function Evaluations Limit: 150000
Population: 50

Prides Length: 4

Percent Nomads: 0.2
Percent Roaming: 0.2
Percent Sex: 0.8

Mating Rate: 0.3
Mutation Probability: 0.2
Immigration Rate: 0.4

Percent Group Influence: 0.4
Annealing On: true
Ranked Selection Pressure: 2
Near To Best Random Pressure: 2

Dimensions: 1
N-Dimension Space: -5:5

Fitness Iterations:
1.1635 (Initial Best)

1.18462, 1.50606, 2.40776, 11.0339, 18.1063, 7.51872, 28.4537, 11.3221, 1.1635, 1.11728, 4.23552, 4.30105, 1.4598, 4.56589, 11.0303, 16.796, 17.747, 4.07108, 1.41387, 1.78178, 1.00069, 1.00245, 3.9861, 8.13753, 23.9712, 22.0772, 1.02464, 1.62983, 1.03339, 1.60965, 3.89898, 1.09821, 10.1404, 22.3375, 28.6329, 21.2849, 19.5264, 9.03652, 9.5203, 10.0668, 1.0395, 5.4155, 8.95461, 3.99512, 10.1049, 6.35321, 9.60558, 10.8843, 16.5618, 17.3066, 

0.588674, 1.00074, 1.1635, 2.40776, 18.1063, 25, 8.28058, 10.0668, 1.04098, 1.11728, 1.0395, 3.67671, 2.50702, 7.30179, 17.747, 16.988, 19.2492, 5.20577, 1.41387, 4.56589, 1.00069, 1.00245, 0.518318, 1.19338, 1.60965, 1.62983, 14.9012, 0.105425, 7.51872, 1.03339, 1.09821, 2.76877, 9.03652, 10.1404, 18.0204, 12.4972, 4.16502, 2.05808, 1.78178, 0.00727679, 1.15915, 1.50606, 4.23552, 3.45288, 4.30105, 4.07853, 5.4155, 5.50357, 11.0303, 11.0339, 

0.0460287, 1.00074, 1.11728, 1.1635, 2.15665, 2.40776, 25.6016, 1.19338, 1.04098, 0.00727679, 1.0395, 1.11321, 7.30179, 16.988, 17.747, 19.2492, 2.93147, 4.56589, 1.41387, 0.105425, 0.365856, 1.00245, 1.60965, 1.62983, 7.51872, 16.1358, 4.43136, 4.16502, 0.411847, 1.78178, 1.09821, 2.10942, 2.05808, 10.1404, 12.4972, 15.2973, 0.000602691, 2.50702, 1.03339, 0.518318, 0.588674, 1.00069, 3.12285, 1.15915, 1.50606, 3.00725, 3.45288, 3.67671, 5.20577, 8.28058, 

0.0460287, 0.588674, 1.11728, 1.1635, 2.15665, 1.12425, 10.7107, 0.518318, 0.296196, 0.00727679, 1.0395, 1.11321, 1.41387, 2.93147, 4.04103, 7.30179, 19.1598, 1.78178, 1.19338, 2.40776, 0.365856, 0.707769, 1.62983, 4.16502, 7.51872, 16.1358, 10.0911, 0.105425, 1.04098, 3.22727, 1.09821, 1.15915, 0.000602691, 2.05808, 2.50702, 15.2973, 14.8223, 1.03339, 1.60965, 0.00242106, 1.00074, 1.00245, 1.00069, 2.10942, 1.50606, 2.20147, 3.00725, 3.45288, 4.43136, 4.56589, 

0.0460287, 0.0461944, 0.518318, 1.12425, 2.15665, 10.7107, 17.5938, 0.00242106, 1.04098, 0.0575222, 1.0395, 1.11321, 1.19338, 2.93147, 3.04394, 8.96329, 21.691, 1.41387, 0.369963, 0.00727679, 0.365856, 0.707769, 7.51872, 10.0911, 16.1358, 20.0686, 20.4133, 1.1635, 2.05808, 1.11728, 1.00069, 1.00074, 0.000602691, 1.03339, 2.50702, 14.8223, 13.1815, 1.60965, 1.0341, 0.105425, 0.588674, 1.09821, 1.15915, 1.00245, 1.24619, 1.50606, 2.10942, 2.20147, 2.23048, 2.40776, 

0.0222909, 0.0460287, 0.00242106, 0.0575222, 1.04098, 7.97328, 11.1753, 1.84311, 2.23048, 0.105425, 1.0395, 1.09821, 0.00727679, 1.19338, 1.41387, 3.04394, 19.3049, 1.0341, 1.12425, 2.05808, 0.365856, 0.707769, 1.1635, 16.1358, 20.0686, 16.3355, 24.8982, 2.15665, 0.369963, 2.40776, 0.588674, 1.00074, 0.000602691, 1.60965, 2.50702, 13.1815, 0.519153, 1.11728, 0.518318, 1.03339, 1.00069, 1.00245, 1.11321, 1.15915, 1.24619, 1.50606, 2.0004, 2.10942, 2.93147, 6.63938, 

0.000172034, 0.0460287, 1.04098, 1.84311, 7.97328, 8.36262, 18.1688, 0.00242106, 0.0575222, 1.0341, 1.00245, 1.06407, 1.19338, 2.05808, 3.04394, 11.1698, 5.05062, 1.11728, 1.03339, 1.1635, 0.365856, 0.0111921, 0.369963, 16.1358, 16.3355, 0.0119264, 20.7607, 1.41387, 0.00727679, 0.518318, 0.588674, 1.00074, 0.000602691, 0.519153, 2.50702, 8.48764, 5.9747, 1.12425, 1.60965, 0.105425, 0.0222909, 1.00069, 1.0395, 1.09821, 1.11321, 1.15915, 1.24619, 1.50606, 2.15665, 2.23048, 

0.000172034, 0.0460287, 0.00242106, 0.0575222, 1.0341, 1.84311, 8.29766, 2.23048, 0.519153, 1.04098, 0.0222909, 1.00069, 1.11728, 1.19338, 5.05062, 10217.6, 14.1548, 1.1635, 1.40265, 2.05808, 0.00836189, 0.0161474, 0.00727679, 0.0119264, 1.41387, 20.7607, 21.6319, 0.000602691, 1.03339, 2.15665, 0.460502, 1.00074, 0.105425, 1.12425, 1.60965, 15.1051, 19.3332, 3.04394, 0.518318, 0.369963, 0.000208646, 1.00245, 1.06407, 1.0395, 1.09821, 1.11321, 1.15915, 1.24619, 3.49056, 5.82261, 

0.00010294, 0.000172034, 0.00242106, 0.0575222, 0.519153, 2.23048, 8.29766, 1.84311, 0.248017, 1.41387, 0.000208646, 0.0222909, 2.05808, 5.05062, 14.1548, 25, 12.7765, 1.22371, 0.369963, 1.40265, 0.000578577, 0.00882337, 0.000602691, 0.00727679, 0.0119264, 1.03339, 11.5522, 1.19338, 1.11728, 2.15665, 0.460502, 0.589428, 0.518318, 1.12425, 1.60965, 15.1051, 1.03151, 1.0341, 0.105425, 1.1635, 0.0118851, 0.127028, 1.00074, 0.928861, 1.00245, 1.05476, 1.06407, 1.11321, 3.04394, 3.49056, 

6.03289e-06, 0.000172034, 0.00242106, 0.236821, 2.23048, 8.29766, 18.8177, 0.00727679, 1.40265, 1.23314, 0.000208646, 0.0222909, 0.369963, 2.05808, 12.7765, 25, 19.7115, 0.519153, 1.11728, 0.0575222, 0.000578577, 0.00882337, 0.000602691, 1.03339, 1.19338, 18.9367, 15.4714, 0.0119264, 1.22371, 1.0341, 0.127028, 0.484395, 0.105425, 1.03151, 1.12425, 1.1635, 2.31532, 0.518318, 1.41387, 1.60965, 0.00010294, 0.0118851, 0.460502, 0.928861, 1.00074, 1.05476, 1.06407, 1.11321, 1.84311, 3.04394, 

6.03289e-06, 0.000172034, 0.236821, 1.16877, 2.23048, 1.00569, 0.000537118, 0.0101497, 1.00036, 1.0341, 0.000208646, 0.0222909, 0.369963, 1.11728, 2.05808, 12.7765, 18.0275, 1.05265, 0.00727679, 0.519153, 0.00010294, 0.00115634, 0.000602691, 1.22371, 15.4714, 5.10308, 4.54065, 0.0119264, 0.00242106, 0.0575222, 0.069536, 0.127028, 0.105425, 0.518318, 1.12425, 1.1635, 2.31532, 1.19338, 1.03339, 0.00118317, 0.000578577, 0.00882337, 0.0118851, 0.148851, 0.460502, 0.928861, 1.00074, 1.05476, 1.23314, 1.40265, 

4.23391e-06, 6.03289e-06, 1.00569, 1.0341, 1.16877, 2.23048, 19.8445, 0.0101497, 0.518318, 0.000602691, 3.25858e-05, 0.000578577, 1.11728, 2.05808, 2.41361, 1.45032, 0.459911, 0.236821, 0.0260602, 0.519153, 0.00010294, 0.00115634, 0.00242106, 0.0119264, 0.0575222, 4.54065, 10.7161, 1.00036, 0.369963, 0.000537118, 0.0473084, 0.0915193, 0.00118317, 1.12425, 1.1635, 1.19338, 18.1203, 0.105425, 0.00727679, 0.0314644, 0.000208646, 0.0115257, 0.00882337, 0.0118851, 0.069536, 0.148851, 0.460502, 0.617553, 1.05265, 1.22371, 

2.24169e-07, 4.23391e-06, 0.0101497, 1.00569, 1.0341, 2.23048, 1.5551, 1.12425, 0.299292, 0.519153, 3.25858e-05, 0.000208646, 0.0260602, 0.236821, 1.11728, 9.68542, 21.8048, 0.369963, 3.75584e-06, 0.0575222, 0.00010294, 0.00115634, 0.000537118, 0.00242106, 0.0119264, 1.00036, 3.6916, 1.1635, 0.000602691, 1.05265, 0.0473084, 1.32512e-05, 0.00118317, 0.0314644, 0.105425, 1.34847e-05, 1.08256, 0.459911, 0.518318, 0.00727679, 0.000578577, 0.00882337, 0.0115257, 0.0118851, 0.069536, 0.0915193, 0.148851, 0.460502, 1.16877, 1.19338, 

2.24169e-07, 1.69695e-06, 0.0101497, 0.299292, 1.0341, 1.12425, 1.53836, 0.519153, 0.459911, 3.75584e-06, 3.25858e-05, 4.57696e-05, 0.0260602, 0.369963, 0.557822, 19.4064, 0.180817, 1.00569, 0.00118317, 1.05265, 0.00010294, 0.000274889, 0.000602691, 0.00242106, 1.00036, 3.6916, 0.00177305, 0.00727679, 0.105425, 0.0119264, 1.32512e-05, 0.00882337, 1.34847e-05, 0.0314644, 0.518318, 1.08256, 20.5687, 0.0575222, 0.000537118, 0.236821, 0.000578577, 0.0292514, 0.0115257, 0.0118851, 0.069536, 0.0915193, 0.104771, 0.148851, 1.11728, 1.1635, 

2.24169e-07, 1.69695e-06, 0.0101497, 0.459911, 0.519153, 1.0341, 13.6145, 0.369963, 1.00569, 3.75584e-06, 3.25858e-05, 4.57696e-05, 0.00118317, 0.0260602, 1.05265, 19.4064, 17.4809, 0.105425, 1.34847e-05, 0.557822, 0.00010294, 0.000274889, 0.000602691, 0.00177305, 0.0119264, 0.326004, 21.1307, 0.00727679, 0.0150954, 0.236821, 1.32512e-05, 0.00882337, 0.000537118, 0.0575222, 0.518318, 19.9929, 26.2806, 0.299292, 0.00242106, 0.0314644, 0.000578577, 0.0115257, 0.0118851, 0.0292514, 0.069536, 0.0915193, 0.104771, 0.148851, 1.08256, 1.11728, 

2.24169e-07, 1.69695e-06, 0.0101497, 0.459911, 1.00569, 13.6145, 12.675, 0.518318, 0.00177305, 0.299292, 4.52507e-06, 3.25858e-05, 1.34847e-05, 0.105425, 0.557822, 1.05265, 17.4809, 0.0150954, 0.326004, 0.0260602, 0.00010294, 0.000274889, 0.000602691, 0.0119264, 0.236821, 1.57729, 0.686123, 0.00118317, 0.000537118, 0.00727679, 1.32512e-05, 0.00882337, 0.00242106, 0.0314644, 26.0716, 8.18811, 10.573, 0.0575222, 3.75584e-06, 0.369963, 0.000578577, 0.0115257, 0.0118851, 0.0292514, 0.069536, 0.0915193, 0.104771, 0.148851, 0.519153, 1.0341, 

1.38499e-07, 2.24169e-07, 0.00177305, 0.299292, 0.459911, 13.6145, 20.9122, 0.000537118, 0.000602691, 0.105425, 4.52507e-06, 1.37782e-05, 1.34847e-05, 0.326004, 0.557822, 12.6345, 0.214196, 0.00744339, 0.0150954, 0.236821, 0.00010294, 0.000274889, 0.00118317, 0.00727679, 0.0119264, 0.686123, 17.4277, 0.0529582, 0.0575222, 0.0101497, 1.32512e-05, 0.000578577, 3.75584e-06, 0.00242106, 0.0314644, 8.18811, 10.573, 0.0260602, 0.369963, 0.518318, 0.00882337, 0.0115257, 0.0118851, 0.0292514, 0.069536, 0.0915193, 0.104771, 0.148851, 0.519153, 1.0002, 

1.38499e-07, 2.24169e-07, 0.000537118, 0.000602691, 0.105425, 0.459911, 4.71019, 0.00306857, 0.0314644, 1.28343e-06, 4.52507e-06, 8.01646e-07, 1.34847e-05, 0.214196, 0.326004, 0.557822, 12.6345, 3.75584e-06, 0.000798266, 0.236821, 1.37782e-05, 0.000274889, 0.00118317, 0.00727679, 0.0119264, 0.0529582, 0.00205848, 0.0150954, 0.0101497, 0.00744339, 1.32512e-05, 0.000578577, 0.00140358, 0.00242106, 0.0260602, 10.573, 7.46232, 0.0104003, 0.0575222, 0.00177305, 0.00010294, 0.000887553, 0.00191157, 0.00882337, 0.0115257, 0.0118851, 0.0292514, 0.069536, 0.299292, 0.518318, 

1.38499e-07, 2.24169e-07, 0.000602691, 0.0314644, 0.459911, 0.0210142, 18.1873, 0.193964, 0.0119264, 0.000537118, 8.01646e-07, 4.52507e-06, 1.34847e-05, 0.000798266, 0.214196, 0.236821, 0.326004, 0.00140358, 6.77494e-05, 0.00744339, 1.37782e-05, 0.000274889, 0.000557791, 0.00118317, 0.00727679, 0.0150954, 0.0529582, 7.67e-05, 0.00306857, 0.0101497, 1.32512e-05, 6.09641e-05, 0.00177305, 0.00242106, 0.0260602, 0.0575222, 10.573, 3.75584e-06, 0.105425, 1.28343e-06, 6.94689e-05, 0.00010294, 0.000887553, 0.00191157, 0.00882337, 0.0115257, 0.0118851, 0.0292514, 0.299292, 0.518318, 

1.38499e-07, 2.24169e-07, 0.000537118, 0.0119264, 18.1873, 18.6406, 40.0117, 0.0575222, 1.28343e-06, 0.00118317, 8.01646e-07, 4.52507e-06, 6.77494e-05, 0.00744339, 0.214196, 0.236821, 2.96425, 0.0210142, 0.000602691, 0.0101497, 1.37782e-05, 6.94689e-05, 7.67e-05, 0.000557791, 0.00306857, 0.0150954, 0.0529582, 0.00140358, 0.0314644, 0.00727679, 3.45627e-07, 2.60561e-08, 0.00177305, 0.00242106, 0.0260602, 10.573, 2.15696e-07, 1.34847e-05, 3.75584e-06, 0.000798266, 5.45413e-06, 0.000132152, 0.00010294, 0.000887553, 0.00191157, 0.00882337, 0.0115257, 0.0118851, 0.105425, 0.193964, 

2.84512e-08, 2.24169e-07, 0.000537118, 0.0119264, 2.58846, 19.0059, 20.2195, 0.0314644, 1.34847e-05, 7.67e-05, 8.01646e-07, 4.52507e-06, 6.77494e-05, 0.000602691, 0.00744339, 0.214196, 5.25375, 3.75584e-06, 0.0260602, 5.52682e-08, 1.37782e-05, 6.94689e-05, 0.00140358, 0.00306857, 0.00727679, 0.0150954, 0.0529582, 0.00834543, 0.0101497, 0.000557791, 2.60561e-08, 3.45627e-07, 2.15696e-07, 0.000798266, 0.00177305, 0.00242106, 13.3889, 0.0210142, 0.0575222, 0.00118317, 5.45413e-06, 0.00010294, 0.000132152, 0.000887553, 0.00191157, 0.00640621, 0.00882337, 0.0115257, 0.105425, 0.193964, 

9.54979e-09, 2.84512e-08, 1.34847e-05, 7.67e-05, 0.000537118, 0.0314644, 2.58846, 0.0210142, 0.000798266, 3.75584e-06, 3.56784e-09, 8.01646e-07, 5.52682e-08, 0.000602691, 0.00744339, 0.0260602, 4.41623, 0.0119264, 2.29508e-05, 0.00177305, 1.37782e-05, 1.71051e-05, 0.000557791, 0.00140358, 0.00306857, 0.00727679, 0.0150954, 0.00118317, 2.15696e-07, 0.0529582, 2.29221e-08, 1.56009e-07, 0.00242106, 0.0575222, 13.3889, 16.853, 1.95394, 6.77494e-05, 0.00834543, 0.0101497, 5.45413e-06, 6.94689e-05, 0.00010294, 0.000132152, 0.000887553, 0.00191157, 0.00640621, 0.00882337, 0.105425, 0.193964, 

9.54979e-09, 2.84512e-08, 3.75584e-06, 1.34847e-05, 0.000798266, 0.0210142, 4.94673, 2.29508e-05, 0.0575222, 0.0314644, 3.56784e-09, 8.01646e-07, 5.52682e-08, 0.000602691, 0.0119264, 1.86042, 0.034803, 0.000537118, 0.00744339, 0.00727679, 5.45413e-06, 1.37782e-05, 2.15696e-07, 0.00118317, 0.00306857, 0.0150954, 0.0529582, 0.0101497, 4.65982e-05, 0.000557791, 2.29221e-08, 1.56009e-07, 6.77494e-05, 0.00242106, 0.00834543, 16.853, 9.05063, 0.00140358, 0.0260602, 0.00177305, 9.93979e-06, 6.94689e-05, 0.00010294, 0.000132152, 0.000887553, 0.00191157, 0.00640621, 0.00882337, 0.105425, 0.140875, 

9.54979e-09, 2.84512e-08, 1.34847e-05, 2.29508e-05, 0.0314644, 4.94673, 18.9057, 0.000602691, 0.000297432, 0.00118317, 3.56784e-09, 2.87383e-08, 0.00727679, 0.00744339, 0.0119264, 0.034803, 1.86042, 3.75584e-06, 0.000798266, 0.00140358, 5.45413e-06, 6.71808e-06, 2.15696e-07, 4.65982e-05, 0.000557791, 0.000209884, 7.84789, 0.00306857, 0.0101497, 0.000498852, 1.49766e-08, 2.29221e-08, 6.77494e-05, 0.00177305, 0.00834543, 9.10806, 26.4916, 5.52682e-08, 0.00242106, 0.000537118, 9.93979e-06, 6.94689e-05, 0.00010294, 0.000124115, 0.000132152, 0.000500588, 0.000713885, 0.000887553, 0.0150954, 0.0210142, 

9.54979e-09, 2.84512e-08, 2.29508e-05, 0.00118317, 0.0314644, 4.94673, 0.343944, 0.00177305, 0.000537118, 6.77494e-05, 3.56784e-09, 2.87383e-08, 3.75584e-06, 0.00744339, 0.0119264, 0.034803, 0.0712517, 0.00140358, 0.000798266, 5.52682e-08, 5.45413e-06, 6.71808e-06, 2.15696e-07, 4.65982e-05, 0.000209884, 0.00306857, 0.0101497, 0.000602691, 1.34847e-05, 0.00727679, 1.49766e-08, 2.29221e-08, 0.00242106, 0.00834543, 9.10806, 20.251, 1.91846, 0.000498852, 0.000557791, 0.000297432, 9.93979e-06, 6.94689e-05, 0.00010294, 0.000124115, 0.000132152, 0.000500588, 0.000713885, 0.000887553, 0.0150954, 0.0210142, 

9.33783e-09, 9.54979e-09, 0.000537118, 0.00118317, 0.343944, 4.94673, 1.86054e-05, 2.29508e-05, 0.000297432, 0.000602691, 4.99083e-10, 3.56784e-09, 3.75584e-06, 0.000798266, 0.00140358, 0.0119264, 21.5472, 4.65982e-05, 0.000557791, 1.34847e-05, 5.60695e-08, 5.45413e-06, 0.000209884, 0.00306857, 0.00727679, 0.0101497, 21.9226, 6.77494e-05, 2.15696e-07, 5.52682e-08, 1.49766e-08, 2.29221e-08, 0.00242106, 0.00834543, 1.91846, 20.251, 2.05161, 0.00177305, 9.68039e-05, 0.000498852, 9.93979e-06, 1.61185e-05, 6.94689e-05, 0.00010294, 0.000124115, 0.000132152, 0.000152752, 0.000500588, 0.0150954, 0.0210142, 

9.33783e-09, 9.48501e-09, 1.86054e-05, 2.29508e-05, 0.000297432, 0.000537118, 5.97547, 4.99083e-10, 3.37787e-09, 3.75584e-06, 1.34847e-05, 4.65982e-05, 0.000798266, 7.28267, 5.60695e-08, 4.87271e-06, 5.52682e-08, 2.15696e-07, 0.00306857, 0.00727679, 0.0101497, 1.49766e-08, 2.29221e-08, 9.68039e-05, 0.000498852, 0.00177305, 0.00242106, 1.91846, 9.93979e-06, 1.61185e-05, 6.94689e-05, 0.00010294, 0.000124115, 0.000132152, 0.000152752, 0.000500588, 6.77494e-05, 0.000209884, 

9.33783e-09, 9.44182e-09, 4.30781e-06, 1.86054e-05, 0.000297432, 0.000537118, 5.97547, 4.99083e-10, 3.37787e-09, 3.75584e-06, 5.43998e-06, 4.65982e-05, 0.000798266, 15.9132, 5.51744e-08, 1.67287e-06, 5.52682e-08, 2.15696e-07, 0.00105745, 0.00306857, 0.00727679, 1.49766e-08, 1.52883e-08, 9.68039e-05, 0.000498852, 0.00177305, 0.00242106, 2.25878, 4.87271e-06, 9.93979e-06, 1.61185e-05, 6.94689e-05, 0.00010294, 0.000124115, 0.000132152, 0.000152752, 7.73172e-07, 6.77494e-05, 

9.32181e-09, 9.33783e-09, 4.30781e-06, 0.000297432, 0.000537118, 5.97547, 5.33834, 3.02872e-10, 4.99083e-10, 1.68948e-08, 4.65982e-05, 0.000798266, 9.22906, 16.1142, 5.51744e-08, 1.67287e-06, 5.52682e-08, 2.15696e-07, 5.11843e-07, 0.00306857, 0.778768, 1.49766e-08, 1.52883e-08, 9.68039e-05, 0.000498852, 0.00177305, 2.25878, 23.8772, 4.87271e-06, 9.93979e-06, 1.61185e-05, 6.94689e-05, 0.00010294, 0.000124115, 0.000132152, 0.000152752, 7.73172e-07, 3.75584e-06, 

9.31834e-09, 9.32181e-09, 4.30781e-06, 0.000297432, 0.000537118, 0.162747, 5.97547, 3.02872e-10, 4.99083e-10, 1.68948e-08, 4.65982e-05, 9.22906, 16.1142, 18.8753, 5.51744e-08, 1.67287e-06, 5.52682e-08, 2.15696e-07, 3.86806e-07, 0.00306857, 0.778768, 1.49766e-08, 1.50928e-08, 9.68039e-05, 0.000498852, 0.00177305, 2.25878, 23.8772, 4.87271e-06, 9.93979e-06, 1.61185e-05, 6.94689e-05, 0.00010294, 0.000124115, 0.000132152, 0.000152752, 7.73172e-07, 3.75584e-06, 

9.31834e-09, 9.32181e-09, 4.30781e-06, 0.000297432, 0.000479812, 5.97547, 9.54826, 3.02872e-10, 4.99083e-10, 1.68948e-08, 4.65982e-05, 3.54424, 8.18026, 20.2502, 5.51744e-08, 1.67287e-06, 2.15696e-07, 3.86806e-07, 0.00306857, 0.778768, 19.8301, 1.49385e-08, 1.49766e-08, 0.000498852, 0.00177305, 2.25878, 23.8772, 25.5834, 4.87271e-06, 9.93979e-06, 1.61185e-05, 6.94689e-05, 0.00010294, 0.000124115, 0.000132152, 0.000152752, 7.73172e-07, 3.75584e-06, 

9.31834e-09, 9.32181e-09, 0.000297432, 0.000479812, 5.97547, 9.54826, 4.59739, 3.02872e-10, 4.99083e-10, 1.68948e-08, 4.65982e-05, 3.54424, 20.2502, 9.21383, 5.51744e-08, 2.7418e-07, 2.15696e-07, 3.86806e-07, 0.00306857, 0.778768, 0.965551, 1.49185e-08, 1.49385e-08, 0.000498852, 0.00177305, 2.25878, 14.8196, 20.3743, 4.87271e-06, 9.93979e-06, 1.61185e-05, 6.94689e-05, 0.00010294, 0.000124115, 0.000132152, 0.000152752, 7.73172e-07, 3.75584e-06, 

9.31723e-09, 9.31834e-09, 0.000297432, 0.000479812, 4.13072, 5.97547, 4.88022, 3.02872e-10, 4.43579e-10, 1.68948e-08, 3.54424, 9.21383, 20.2502, 1.98211, 2.26816e-08, 4.4249e-12, 2.15696e-07, 3.86806e-07, 0.00306857, 0.778768, 0.965551, 1.49164e-08, 1.49185e-08, 9.69635e-06, 0.00177305, 14.8196, 20.3743, 17.0317, 4.87271e-06, 9.93979e-06, 1.61185e-05, 6.94689e-05, 0.00010294, 0.000124115, 0.000132152, 0.000152752, 7.73172e-07, 3.75584e-06, 

9.31723e-09, 9.31834e-09, 0.000479812, 4.13072, 4.88022, 5.97547, 2.80782e-05, 3.02872e-10, 4.43579e-10, 1.68948e-08, 1.98211, 3.54424, 9.21383, 9.81927, 4.4249e-12, 2.26816e-08, 2.15696e-07, 0.00306857, 0.533781, 0.778768, 2.72437, 1.49148e-08, 1.49164e-08, 0.00177305, 14.8196, 17.0317, 20.3743, 32.1381, 4.87271e-06, 9.93979e-06, 1.61185e-05, 6.94689e-05, 0.00010294, 0.000124115, 0.000132152, 0.000152752, 7.73172e-07, 3.75584e-06, 

9.31723e-09, 9.31791e-09, 3.35079e-08, 4.13072, 4.88022, 5.97547, 1.73874e-08, 2.08853e-10, 3.02872e-10, 1.68948e-08, 1.98211, 3.54424, 9.21383, 5.58062, 4.4249e-12, 1.90949e-09, 2.15696e-07, 0.000777453, 0.00306857, 0.778768, 0.108995, 1.49148e-08, 1.49164e-08, 0.00177305, 2.04586, 7.88, 12.1253, 18.8044, 4.87271e-06, 9.93979e-06, 1.61185e-05, 6.94689e-05, 0.00010294, 0.000124115, 0.000132152, 0.000152752, 7.73172e-07, 3.75584e-06, 

9.31723e-09, 9.31791e-09, 3.35079e-08, 4.13072, 4.88022, 5.97547, 8.35063, 2.08853e-10, 3.02872e-10, 1.68948e-08, 1.98211, 3.54424, 5.58062, 0.0478509, 4.4249e-12, 1.90949e-09, 0.000777453, 0.00306857, 0.0136334, 0.778768, 16.9062, 1.4914e-08, 1.49148e-08, 0.00177305, 0.544476, 2.28489, 15.8874, 1.26581, 4.87271e-06, 9.93979e-06, 1.61185e-05, 6.94689e-05, 0.00010294, 0.000124115, 0.000132152, 0.000152752, 7.73172e-07, 3.75584e-06, 

9.31723e-09, 9.31791e-09, 3.35079e-08, 2.23285, 3.87296, 4.88022, 18.8375, 2.08853e-10, 3.02872e-10, 0.0478509, 0.110472, 1.98211, 5.58062, 16.1319, 4.4249e-12, 4.40926e-10, 0.000777453, 0.0136334, 0.778768, 16.9062, 23.6011, 1.4914e-08, 1.49148e-08, 0.00177305, 0.544476, 1.26581, 2.28489, 12.5643, 4.87271e-06, 9.93979e-06, 1.61185e-05, 6.94689e-05, 0.00010294, 0.000124115, 0.000132152, 0.000152752, 7.73172e-07, 3.75584e-06, 

9.31723e-09, 9.31791e-09, 3.35079e-08, 0.880272, 2.23285, 3.87296, 3.65346, 1.75273e-10, 2.08853e-10, 0.0478509, 0.110472, 5.58062, 16.1319, 4.59883, 4.4249e-12, 3.6979e-10, 0.000777453, 0.144781, 9.49359, 10.8748, 2.14437, 1.4914e-08, 1.49148e-08, 0.00177305, 0.544476, 1.08445, 1.17204, 14.8149, 4.87271e-06, 9.93979e-06, 1.61185e-05, 6.94689e-05, 0.00010294, 0.000124115, 0.000132152, 0.000152752, 7.73172e-07, 3.75584e-06, 

9.31723e-09, 9.31791e-09, 3.35079e-08, 0.880272, 1.5616, 2.23285, 17.4806, 1.75273e-10, 2.08853e-10, 0.0478509, 0.110472, 4.59883, 5.58062, 16.1319, 4.4249e-12, 3.6979e-10, 3.66278e-05, 0.144781, 2.14437, 9.49359, 10.8748, 1.4914e-08, 1.49148e-08, 0.00177305, 0.544476, 1.08445, 1.17204, 23.2243, 4.87271e-06, 9.93979e-06, 1.61185e-05, 6.94689e-05, 0.00010294, 0.000124115, 0.000132152, 0.000152752, 7.73172e-07, 3.75584e-06, 

9.31723e-09, 9.31791e-09, 3.35079e-08, 0.880272, 1.5616, 2.23285, 15.0956, 1.64828e-10, 1.75273e-10, 0.000755166, 0.110472, 4.59883, 16.1319, 5.8203, 4.4249e-12, 3.6979e-10, 0.144781, 2.14437, 9.49359, 10.8748, 5.39093, 1.4914e-08, 1.49148e-08, 0.00177305, 1.08445, 1.17204, 14.5828, 18.2639, 4.87271e-06, 9.93979e-06, 1.61185e-05, 6.94689e-05, 0.00010294, 0.000124115, 0.000132152, 0.000152752, 7.73172e-07, 3.75584e-06, 

9.31723e-09, 9.31791e-09, 3.35079e-08, 0.678609, 0.880272, 15.0956, 20.3643, 1.64828e-10, 1.75273e-10, 0.000755166, 4.59883, 5.05006, 5.8203, 2.7104, 1.54543e-12, 3.6979e-10, 0.144781, 2.14437, 4.29023, 10.8748, 1.4636, 1.4914e-08, 1.49148e-08, 0.00177305, 1.08445, 1.17204, 17.8736, 13.1791, 4.87271e-06, 9.93979e-06, 1.61185e-05, 6.94689e-05, 0.00010294, 0.000124115, 0.000132152, 0.000152752, 7.73172e-07, 3.75584e-06, 

9.31723e-09, 9.31791e-09, 3.35079e-08, 0.678609, 0.880272, 20.3643, 19.7348, 1.64828e-10, 1.75273e-10, 0.000755166, 4.30158, 4.59883, 5.8203, 19.4597, 1.54543e-12, 5.17968e-11, 0.0110327, 2.14437, 4.29023, 10.8748, 31.2706, 1.4914e-08, 1.49143e-08, 0.00177305, 1.08445, 2.38982, 17.8736, 20.246, 4.87271e-06, 9.93979e-06, 1.61185e-05, 6.94689e-05, 0.00010294, 0.000124115, 0.000132152, 0.000152752, 7.73172e-07, 3.75584e-06, 

9.31686e-09, 9.31723e-09, 3.35079e-08, 0.880272, 19.4789, 19.6102, 13.9574, 1.58774e-10, 1.64828e-10, 1.16448, 3.03014, 4.30158, 4.59883, 9.16613, 1.54543e-12, 5.17968e-11, 0.0110327, 1.64839, 2.14437, 9.73499, 0.00245178, 1.4914e-08, 1.49141e-08, 0.00177305, 1.08445, 2.38982, 7.04865, 22.196, 4.87271e-06, 9.93979e-06, 1.61185e-05, 6.94689e-05, 0.00010294, 0.000124115, 0.000132152, 0.000152752, 7.73172e-07, 3.75584e-06, 

9.31686e-09, 9.31723e-09, 3.35079e-08, 0.880272, 9.72686, 16.0717, 2.17647e-08, 1.58774e-10, 1.64828e-10, 1.16448, 3.03014, 4.30158, 9.16613, 19.8099, 1.54543e-12, 5.17968e-11, 0.00245178, 0.0110327, 0.0470374, 7.49614, 0.408846, 1.4914e-08, 1.49141e-08, 0.00177305, 1.08445, 4.24526, 5.50405, 3.90048, 4.87271e-06, 9.93979e-06, 1.61185e-05, 6.94689e-05, 0.00010294, 0.000124115, 0.000132152, 0.000152752, 7.73172e-07, 3.75584e-06, 

9.31686e-09, 9.31723e-09, 1.05688e-08, 2.17647e-08, 0.186588, 9.72686, 9.76447e-09, 1.58774e-10, 1.64828e-10, 1.16448, 1.34169, 3.03014, 4.0341, 19.5688, 1.54543e-12, 5.17968e-11, 0.00245178, 0.0110327, 0.408846, 7.49614, 9.78261e-05, 1.49139e-08, 1.4914e-08, 0.00177305, 1.08445, 4.24526, 4.83873, 19.2959, 4.87271e-06, 9.93979e-06, 1.61185e-05, 6.94689e-05, 0.00010294, 0.000124115, 0.000132152, 0.000152752, 7.73172e-07, 3.75584e-06, 

9.31686e-09, 9.31713e-09, 9.76447e-09, 1.05688e-08, 2.17647e-08, 0.0184997, 1.61487, 1.58774e-10, 1.64272e-10, 0.998056, 1.69885, 3.03014, 14.5513, 19.6911, 1.54543e-12, 5.17968e-11, 9.78261e-05, 0.0110327, 0.408846, 7.49614, 2.4703e-05, 1.49139e-08, 1.49139e-08, 0.00177305, 1.08445, 1.52252, 4.24526, 22.9358, 4.87271e-06, 9.93979e-06, 1.61185e-05, 6.94689e-05, 0.00010294, 0.000124115, 0.000132152, 0.000152752, 7.73172e-07, 3.75584e-06, 

9.31686e-09, 9.31702e-09, 9.76447e-09, 1.05688e-08, 2.17647e-08, 0.0184997, 18.42, 1.57167e-10, 1.58774e-10, 0.998056, 1.66791, 3.03014, 4.40784, 13.0651, 1.54543e-12, 5.17968e-11, 2.4703e-05, 9.78261e-05, 0.0110327, 0.408846, 11.712, 1.49139e-08, 1.49139e-08, 0.00177305, 0.0147625, 1.08445, 2.06413, 22.9358, 4.87271e-06, 9.93979e-06, 1.61185e-05, 6.94689e-05, 0.00010294, 0.000124115, 0.000132152, 0.000152752, 7.73172e-07, 3.75584e-06, 

9.31686e-09, 9.31702e-09, 9.76447e-09, 2.17647e-08, 0.0184997, 7.42632, 16.6771, 1.57167e-10, 1.58774e-10, 0.00283217, 0.876097, 0.998056, 4.40784, 7.90266, 1.54543e-12, 5.17968e-11, 2.4703e-05, 0.0110327, 0.408846, 11.712, 0.0872955, 1.49139e-08, 1.49139e-08, 3.24268e-06, 0.00177305, 1.08445, 2.06413, 22.9358, 4.87271e-06, 9.93979e-06, 1.61185e-05, 6.94689e-05, 0.00010294, 0.000124115, 0.000132152, 0.000152752, 7.73172e-07, 3.75584e-06, 

9.31686e-09, 9.31698e-09, 2.17647e-08, 0.0184997, 2.23898, 16.4195, 3.56426, 1.57167e-10, 1.58774e-10, 0.00283217, 0.998056, 4.40784, 7.90266, 19.2814, 1.54543e-12, 5.17968e-11, 2.4703e-05, 0.0110327, 0.0872955, 0.408846, 11.712, 1.49139e-08, 4.61668e-09, 4.75271e-10, 0.00177305, 1.08445, 2.06413, 5.77249e-09, 4.87271e-06, 9.93979e-06, 1.61185e-05, 6.94689e-05, 0.00010294, 0.000124115, 0.000132152, 0.000152752, 7.73172e-07, 3.75584e-06, 

9.31684e-09, 9.31686e-09, 2.17647e-08, 0.0144181, 0.0279023, 2.23898, 3.56426, 1.57167e-10, 1.58774e-10, 0.998056, 3.37259, 4.06508, 19.2814, 4.76313, 1.54543e-12, 5.17968e-11, 2.4703e-05, 0.0110327, 0.0872955, 11.712, 6.30728, 2.47982e-09, 4.61668e-09, 4.75271e-10, 5.77249e-09, 1.08445, 2.06413, 0.952677, 4.87271e-06, 9.93979e-06, 1.61185e-05, 6.94689e-05, 0.00010294, 0.000124115, 0.000132152, 0.000152752, 7.73172e-07, 3.75584e-06, 

Best:
(8.82662e-08, )

Fitness Evaluations:
2852

End Population
(-6.852863e-06), (-6.852873e-06), (-1.047403e-05), (8.525978e-03), (1.186200e-02), (1.083008e-01), (1.383271e-01), (-8.900549e-07), (-8.945974e-07), (9.989101e-01), (-8.827447e-01), (1.969119e+00), (2.314209e+00), (8.516659e-01), (8.826619e-08), (5.109667e-07), (3.528682e-04), (7.457921e-03), (2.099167e-02), (-2.199410e+00), (-1.878415e+00), (-3.535479e-06), (4.823952e-06), (1.547777e-06), (5.394106e-06), (9.736843e-01), (-9.206782e-01), (-6.985289e-02), (-1.567196e-04), (-2.238342e-04), (-2.850366e-04), (-5.917433e-04), (7.203265e-04), (-7.909534e-04), (-8.161604e-04), (-8.774686e-04), (-6.242749e-05), (1.375915e-04), 