Iterations: 50
Function Evaluations Limit: 150000
Population: 50

Prides Length: 4

Percent Nomads: 0.2
Percent Roaming: 0.2
Percent Sex: 0.8

Mating Rate: 0.3
Mutation Probability: 0.2
Immigration Rate: 0.4

Percent Group Influence: 0.4
Annealing On: true
Ranked Selection Pressure: 2
Near To Best Random Pressure: 2

Dimensions: 1
N-Dimension Space: -5:5

Fitness Iterations:
1.52744 (Initial Best)

1.01331, 7.04206, 0.804369, 4.86996, 10.2218, 21.6762, 10.6886, 4.43993, 5.52895, 1.31215, 1.68332, 9.13323, 3.36211, 4.39358, 5.77177, 11.6272, 2.07361, 0.234755, 7.85233, 2.07292, 1.98491, 2.34901, 9.03875, 11.6465, 16.6773, 24.8987, 7.15748, 13.2446, 9.26788, 13.4608, 3.28202, 9.33164, 11.3726, 15.9192, 16.1986, 6.50031, 12.9474, 14.3318, 12.6734, 16.0421, 7.91845, 6.27376, 8.77121, 7.2924, 9.7549, 10.2935, 10.7367, 14.1261, 16.4546, 18.7623, 

0.0238691, 0.738317, 1.21827, 1.31215, 1.89664, 12.2754, 18.6644, 1.12743, 5.59698, 3.36211, 0.269923, 1.70736, 0.234755, 2.07361, 4.39358, 11.6272, 23.3896, 0.931956, 4.02114, 5.77177, 0.237576, 1.04129, 0.0216293, 3.21563, 9.26788, 13.4608, 9.21751, 0.187863, 2.07292, 5.47524, 1.5439, 1.44541, 2.05882, 5.62234, 15.9192, 21.7808, 5.88419, 0.108302, 0.151891, 4.43993, 1.01331, 1.75931, 1.68332, 2.4327, 3.4047, 1.98491, 3.74921, 6.27376, 7.85233, 8.96894, 

0.0238691, 0.054219, 1.21827, 3.36211, 12.2754, 18.6644, 4.19416, 1.89116, 2.80674, 0.0216293, 0.0481684, 0.415884, 2.07361, 4.02114, 5.77177, 23.3896, 19.781, 5.16784, 0.234755, 0.151891, 0.237576, 0.243538, 0.187863, 2.07292, 5.47524, 9.21751, 18.806, 0.931956, 4.39358, 1.12743, 0.674861, 0.406045, 0.108302, 1.98832, 2.05882, 4.43993, 5.62234, 0.405107, 1.31215, 1.89664, 0.269923, 0.738317, 1.04129, 1.15812, 1.01331, 1.5439, 1.75931, 1.98491, 6.34075, 7.27979, 

0.0208042, 0.054219, 2.80674, 3.36211, 4.19416, 22.2041, 20.1051, 0.103527, 4.43993, 0.405107, 0.0481684, 0.0295974, 0.234755, 4.02114, 5.16784, 7.90541, 19.781, 2.07361, 0.0216293, 1.12743, 0.0427433, 0.118789, 0.187863, 2.07292, 4.39358, 9.21751, 16.7007, 2.05882, 0.151891, 1.89116, 0.269923, 0.406045, 0.014171, 1.31215, 1.89664, 1.98832, 6.73843, 0.931956, 1.21827, 0.0756894, 0.301333, 0.415884, 0.588876, 0.738317, 1.01331, 1.04129, 1.15812, 1.29275, 5.47524, 5.62234, 

0.0062971, 0.054219, 0.103527, 0.405107, 4.19416, 4.43993, 6.92932, 1.12743, 1.31215, 0.0756894, 0.00919094, 0.0481684, 0.0216293, 0.234755, 5.16784, 5.21615, 4.74611, 2.07361, 0.931956, 2.05882, 0.0122881, 0.0427433, 0.151891, 2.07292, 4.30037, 4.39358, 9.21751, 1.89116, 0.401444, 0.187863, 0.269923, 0.385839, 1.21827, 1.89664, 1.98832, 5.08246, 11.2444, 0.014171, 0.684188, 1.77667, 0.0208042, 0.0295974, 0.301333, 0.444265, 0.588876, 0.738317, 1.00597, 1.01331, 2.80674, 3.36211, 

0.0062971, 0.0208042, 0.103527, 1.12743, 4.19416, 0.912645, 0.160289, 0.405107, 1.31215, 1.57199, 0.00919094, 0.0481684, 0.0216293, 0.234755, 0.627659, 2.05882, 5.16784, 0.014171, 1.15169, 0.0924511, 0.0122881, 0.0295974, 0.151891, 0.187863, 0.401444, 1.02671, 15.5171, 0.0756894, 1.04196, 2.07361, 0.0551599, 0.0858514, 0.184441, 1.89664, 1.98832, 5.08246, 19.0062, 0.684188, 0.0780194, 1.21827, 0.0461944, 0.0427433, 0.269923, 0.190829, 0.286337, 0.301333, 0.444265, 0.588876, 2.52924, 2.80674, 

0.0062971, 0.00606701, 0.0201946, 0.103527, 0.405107, 1.12743, 1.31215, 0.627659, 0.0756894, 0.912645, 0.000909441, 7.7211e-05, 5.43532e-07, 0.014171, 0.0216293, 0.234755, 0.000256261, 0.684188, 0.0924511, 0.463802, 0.0122881, 0.0185645, 0.401444, 1.02671, 1.04196, 15.5171, 10.4027, 1.15169, 0.187863, 0.0780194, 0.0427433, 0.0481684, 0.0620385, 1.21827, 1.98832, 19.0062, 7.52575, 0.0755402, 0.151891, 0.000228668, 0.0295974, 0.0551599, 0.0461944, 0.0714172, 0.0858514, 0.190829, 0.269923, 0.286337, 1.57199, 1.89664, 

0.00606701, 0.0062971, 0.000809605, 0.405107, 1.31215, 7.81191, 0.000329368, 0.0924511, 0.014171, 0.0158317, 2.1518e-05, 0.000422865, 0.0216293, 0.234755, 0.463802, 20.8899, 17.0864, 0.0756894, 0.0780194, 0.627659, 0.00612181, 0.0122881, 0.187863, 0.401444, 1.02671, 1.04196, 1.15169, 0.0755402, 0.0201946, 0.101425, 0.0427433, 0.00923354, 0.000228668, 0.0620385, 0.151891, 1.21827, 7.52575, 5.43532e-07, 0.684188, 0.000256261, 0.0295974, 0.0461944, 0.0481684, 0.0511363, 0.0551599, 0.0714172, 0.0858514, 0.190829, 0.912645, 1.12743, 

0.00487733, 0.0062971, 0.000809605, 0.014171, 0.0924511, 0.405107, 7.81191, 0.000329368, 0.0755402, 0.000228668, 2.1518e-05, 0.000422865, 0.0756894, 0.0780194, 0.234755, 17.0864, 20.8899, 0.627659, 0.101425, 5.43532e-07, 0.00540958, 0.00612181, 0.0201946, 0.187863, 1.02671, 11.7911, 21.6055, 0.684188, 0.0216293, 0.912645, 0.00915166, 0.0295974, 0.000256261, 0.0620385, 0.151891, 1.21827, 7.52575, 0.0158317, 0.401444, 0.463802, 0.00606701, 0.0427433, 0.0461944, 0.0481684, 0.0511363, 0.0551599, 0.0858514, 0.190829, 1.04196, 1.12743, 

0.00295089, 7.53807e-05, 0.000228668, 0.000329368, 0.0755402, 0.405107, 12.668, 0.0216293, 0.0756894, 0.912645, 6.9526e-08, 0.000138012, 0.0780194, 0.101425, 0.234755, 20.8899, 11.7098, 0.000256261, 0.0620385, 1.04196, 0.00150785, 0.00540958, 0.0201946, 0.684188, 1.02671, 11.7911, 20.2167, 5.43532e-07, 0.000809605, 0.627659, 0.00606701, 0.0149262, 0.0158317, 0.151891, 0.401444, 0.463802, 1.50904, 0.187863, 0.0924511, 0.014171, 0.00487733, 0.00915166, 0.0295974, 0.0427433, 0.0461944, 0.0481684, 0.0511363, 0.0551599, 1.12743, 1.17974, 

7.53807e-05, 0.00295089, 0.000228668, 0.0216293, 0.0755402, 12.668, 6.46887, 0.0924511, 0.000809605, 0.405107, 6.9526e-08, 6.56826e-05, 0.000256261, 0.0620385, 0.0780194, 11.7098, 20.8899, 0.627659, 0.00668856, 0.0201946, 0.00150785, 0.00363818, 5.43532e-07, 0.684188, 8.37416, 0.0579862, 2.10774, 0.234755, 0.0756894, 0.014171, 0.00606701, 0.00692338, 0.0129793, 0.0158317, 0.151891, 0.463802, 18.6064, 0.187863, 0.101425, 0.000329368, 0.00487733, 0.00915166, 0.0295974, 0.0427433, 0.0461944, 0.0481684, 0.0511363, 0.0537185, 0.912645, 1.02671, 

7.53807e-05, 0.00295089, 0.000809605, 0.0755402, 12.668, 13.2986, 15.5844, 0.000329368, 0.101425, 0.024247, 6.9526e-08, 6.56826e-05, 0.000256261, 0.00668856, 0.0201946, 0.0620385, 6.60143, 0.0216293, 5.43532e-07, 1.22763e-09, 6.09662e-05, 0.000440892, 0.014171, 0.0756894, 0.234755, 19.9789, 9.22138, 0.0730219, 0.0924511, 0.000228668, 0.00487733, 0.00692338, 0.0129793, 0.0158317, 0.463802, 16.1687, 11.476, 0.0579862, 0.0780194, 0.0878557, 0.00294587, 0.00606701, 0.00915166, 0.0121983, 0.0295974, 0.0427433, 0.0461944, 0.0481684, 0.151891, 0.187863, 

7.53807e-05, 0.000994732, 0.000329368, 0.000809605, 0.101425, 13.2986, 15.5844, 0.0129793, 0.0216293, 0.0579862, 6.9526e-08, 6.56826e-05, 1.22763e-09, 5.43532e-07, 0.00668856, 17.0501, 2.16755, 0.0755402, 0.000256261, 0.0780194, 6.09662e-05, 0.000440892, 0.000228668, 0.0756894, 9.22138, 0.00266959, 3, 0.014171, 0.0201946, 0.0620385, 0.00294587, 0.00606701, 0.0158317, 2.93271, 16.1687, 1.5443, 16.3805, 0.0730219, 0.0878557, 0.024247, 0.00487733, 0.00692338, 0.00915166, 0.0121983, 0.0295974, 0.0427433, 0.0461944, 0.0481684, 0.0924511, 0.151891, 

7.53807e-05, 0.000994732, 0.000809605, 0.0216293, 0.0579862, 0.101425, 13.2986, 0.000256261, 0.0756894, 5.43532e-07, 6.35042e-08, 1.5044e-05, 1.22763e-09, 0.0755402, 0.0780194, 2.16755, 17.0501, 0.0129793, 8.52095e-06, 0.000329368, 5.59155e-07, 0.000440892, 0.000228668, 0.00266959, 0.014171, 3, 8.93765, 0.0878557, 0.00668856, 0.0158317, 0.00236754, 0.00294587, 0.024247, 1.5443, 2.93271, 8.61894, 0.456009, 0.0730219, 0.043827, 0.0201946, 4.66867e-05, 0.00487733, 0.00692338, 0.00915166, 0.0121983, 0.0295974, 0.0427433, 0.0461944, 0.0924511, 0.151891, 

4.22803e-05, 4.66867e-05, 0.000256261, 0.000809605, 0.0216293, 0.101425, 9.57146e-05, 0.0201946, 0.00266959, 5.43532e-07, 1.49328e-10, 1.5044e-05, 1.22763e-09, 8.52095e-06, 0.000329368, 0.00164209, 16.7048, 0.0878557, 0.0730219, 0.0756894, 5.59155e-07, 0.000440892, 0.00668856, 0.014171, 3, 8.93765, 3.20722, 0.0158317, 0.000228668, 0.0755402, 0.00236754, 0.00294587, 0.024247, 0.456009, 1.5443, 8.61894, 24.3046, 0.0129793, 0.0579862, 0.043827, 0.000161979, 0.000705602, 0.00487733, 0.00692338, 0.00915166, 0.0121983, 0.0295974, 0.0427433, 0.0924511, 0.151891, 

4.22803e-05, 4.66867e-05, 5.43532e-07, 0.000256261, 0.000809605, 0.101425, 0.00223188, 0.043827, 0.0216293, 0.0201946, 1.49328e-10, 1.46066e-05, 1.22763e-09, 0.0730219, 0.0756894, 3.98928, 0.0167563, 8.52095e-06, 0.00164209, 0.014171, 5.59155e-07, 3.666e-05, 0.000228668, 0.00668856, 3.20722, 17.7875, 0.00168668, 0.024247, 0.00266959, 0.0158317, 0.000670635, 0.000705602, 0.0129793, 0.0579862, 0.456009, 7.56238, 3.93555, 0.000329368, 0.0755402, 9.57146e-05, 0.000161979, 0.00236754, 0.00294587, 0.00487733, 0.00567383, 0.00692338, 0.00915166, 0.0121983, 0.0878557, 0.0924511, 

1.46066e-05, 4.22803e-05, 5.43532e-07, 0.000809605, 0.00223188, 0.0201946, 0.043827, 8.52095e-06, 0.0129793, 0.0755402, 1.49328e-10, 1.57851e-10, 0.00164209, 0.0167563, 0.0730219, 3.98928, 19.8793, 0.0216293, 1.22763e-09, 0.000256261, 5.59155e-07, 1.05497e-06, 0.000228668, 0.00266959, 0.00668856, 3.20722, 2.96507, 0.024247, 8.13186e-05, 0.0158317, 4.69481e-05, 0.000161979, 9.57146e-05, 0.000329368, 0.0579862, 3.93555, 11.927, 0.0756894, 0.014171, 0.00168668, 4.11496e-05, 0.000670635, 0.000705602, 0.00236754, 0.00294587, 0.00487733, 0.00567383, 0.00692338, 0.0878557, 0.0924511, 

2.40314e-06, 9.95395e-06, 8.52095e-06, 0.00223188, 0.0129793, 0.043827, 1.01962, 0.0167563, 0.0201946, 0.014171, 1.49328e-10, 1.57851e-10, 1.22763e-09, 0.000256261, 3.98928, 19.8793, 2.37974, 0.00168668, 0.00668856, 0.00266959, 5.59155e-07, 1.05497e-06, 0.000228668, 0.024247, 2.96507, 3.20722, 0.00237746, 0.0158317, 0.000809605, 5.43532e-07, 4.69481e-05, 0.000161979, 9.57146e-05, 0.000329368, 0.0579862, 19.2625, 13.9797, 8.13186e-05, 0.00164209, 0.0216293, 4.11496e-05, 0.000670635, 0.000705602, 0.00236754, 0.00294587, 0.00487733, 0.00567383, 0.00607838, 0.0730219, 0.0755402, 

2.40314e-06, 9.21215e-06, 0.00223188, 0.014171, 0.0167563, 0.0201946, 2.45346, 0.0129793, 0.000809605, 0.00266959, 1.49328e-10, 1.57851e-10, 0.00168668, 3.98928, 11.4007, 17.8721, 18.3602, 8.52095e-06, 0.00731368, 8.13186e-05, 5.59155e-07, 1.05497e-06, 5.43532e-07, 0.000228668, 0.00237746, 0.024247, 3.21978, 1.22763e-09, 9.57146e-05, 9.23492e-06, 1.90777e-05, 0.000107384, 0.000329368, 0.00164209, 0.0216293, 17.3161, 19.3202, 0.000256261, 0.00668856, 0.0158317, 9.95395e-06, 4.69481e-05, 4.11496e-05, 0.000705602, 0.00236754, 0.00267939, 0.00294587, 0.00487733, 0.043827, 0.0579862, 

2.40314e-06, 3.25049e-06, 0.00223188, 0.00266959, 0.0129793, 0.0167563, 11.9687, 9.23492e-06, 0.000809605, 0.000138093, 5.42943e-11, 1.49328e-10, 8.52095e-06, 0.00168668, 0.00386143, 17.5478, 23.7933, 8.13186e-05, 0.00237746, 0.0216293, 3.65259e-08, 5.29951e-07, 5.43532e-07, 9.57146e-05, 0.000228668, 3.37705, 1.04203, 0.0201946, 0.024247, 0.043827, 9.95395e-06, 4.11496e-05, 0.000256261, 0.000329368, 0.00164209, 17.3161, 1.98173, 0.00668856, 0.014171, 1.22763e-09, 1.90777e-05, 0.000107384, 4.69481e-05, 0.000705602, 0.00236754, 0.00267939, 0.00294587, 0.00487733, 0.0579862, 

2.40314e-06, 3.25049e-06, 0.000138093, 0.000809605, 0.00266959, 0.0129793, 0.0167563, 9.57146e-05, 9.23492e-06, 6.73966e-06, 5.42943e-11, 1.49328e-10, 8.52095e-06, 8.13186e-05, 0.00237746, 0.0216293, 5.35927, 0.0201946, 0.00386143, 0.000329368, 3.65259e-08, 5.29951e-07, 5.43532e-07, 0.024247, 1.04203, 3.37705, 17.0306, 0.00668856, 0.000228668, 0.000256261, 9.95395e-06, 1.34273e-06, 1.22763e-09, 0.014171, 0.120196, 1.98173, 15.8874, 0.00168668, 0.00164209, 0.00223188, 1.90777e-05, 4.11496e-05, 4.69481e-05, 0.000107384, 0.000705602, 0.00236754, 0.00267939, 0.00294587, 0.0243159, 0.0579862, 

9.87992e-08, 3.25049e-06, 6.73966e-06, 9.23492e-06, 0.000809605, 0.0167563, 22.7001, 0.00223188, 1.22763e-09, 0.00164209, 5.42943e-11, 1.49328e-10, 8.52095e-06, 0.000329368, 0.00237746, 0.00386143, 26.2082, 0.0201946, 0.000228668, 9.57146e-05, 3.65259e-08, 5.29951e-07, 5.43532e-07, 0.000256261, 0.00668856, 17.0306, 6.19094, 8.13186e-05, 0.0129793, 0.000138093, 1.34273e-06, 9.95395e-06, 0.120196, 1.98173, 15.0714, 13.7005, 19.3393, 0.00266959, 0.00168668, 0.014171, 2.40314e-06, 1.90777e-05, 4.11496e-05, 4.69481e-05, 0.000107384, 0.00236754, 0.00267939, 0.00294587, 0.0216293, 0.024247, 

9.87992e-08, 2.40314e-06, 6.73966e-06, 0.00223188, 0.0167563, 7.21035, 9.18112, 0.000228668, 0.00266959, 8.52095e-06, 5.42943e-11, 1.49328e-10, 0.00237746, 0.00386143, 0.0201946, 4.09733, 6.7555, 9.57146e-05, 0.000809605, 0.000138093, 3.65259e-08, 5.29951e-07, 5.43532e-07, 8.13186e-05, 17.0306, 5.74706, 19.5694, 9.23492e-06, 0.000256261, 0.00168668, 1.20421e-06, 1.34273e-06, 0.014171, 1.98173, 13.7005, 19.3393, 25.8476, 0.00164209, 1.22763e-09, 0.000329368, 3.25049e-06, 1.90777e-05, 4.11496e-05, 4.69481e-05, 0.000107384, 0.00236754, 0.00267939, 0.00294587, 0.00668856, 0.0129793, 

9.87992e-08, 1.36685e-06, 8.52095e-06, 0.00266959, 7.21035, 9.18112, 19.3793, 0.00668856, 8.13186e-05, 1.19141e-05, 5.42943e-11, 1.49328e-10, 9.57146e-05, 0.000138093, 0.00386143, 4.09733, 7.22967, 0.00223188, 1.22763e-09, 0.000809605, 3.65259e-08, 5.29951e-07, 5.43532e-07, 9.23492e-06, 0.00168668, 19.5694, 7.83443, 0.000329368, 0.00237746, 0.000256261, 1.20421e-06, 1.34273e-06, 0.00164209, 0.014171, 1.07874, 13.7005, 20.1366, 6.73966e-06, 0.0129793, 0.000228668, 3.25049e-06, 1.90777e-05, 3.63171e-05, 4.11496e-05, 4.69481e-05, 0.000107384, 0.00236754, 0.00267939, 

9.87992e-08, 1.36685e-06, 1.19141e-05, 0.00668856, 7.21035, 9.18112, 14.6993, 5.42943e-11, 1.49328e-10, 1.22763e-09, 9.57146e-05, 0.000138093, 0.00339074, 6.66195, 3.65259e-08, 5.29951e-07, 5.43532e-07, 9.23492e-06, 0.00168668, 7.83443, 3.33756, 1.20421e-06, 1.34273e-06, 0.0129793, 0.014171, 1.07874, 25.0647, 18.5459, 3.25049e-06, 1.90777e-05, 3.63171e-05, 4.11496e-05, 4.69481e-05, 0.000107384, 0.00236754, 0.00267939, 6.73966e-06, 8.52095e-06, 

9.87992e-08, 1.36685e-06, 1.19141e-05, 0.00668856, 7.21035, 9.18112, 2.09702, 5.42943e-11, 1.49328e-10, 1.22763e-09, 9.57146e-05, 0.000138093, 0.00339074, 4.95793, 3.65259e-08, 5.29951e-07, 5.43532e-07, 9.23492e-06, 2.57258, 3.33756, 13.6468, 1.20421e-06, 1.34273e-06, 0.0129793, 0.014171, 3.99289, 6.69618, 8.28549, 3.25049e-06, 1.90777e-05, 3.63171e-05, 4.11496e-05, 4.69481e-05, 0.000107384, 0.00236754, 0.00267939, 6.73966e-06, 8.52095e-06, 

9.87992e-08, 1.36685e-06, 1.19141e-05, 2.09702, 7.21035, 9.18112, 31.9559, 5.42943e-11, 1.49328e-10, 1.22763e-09, 9.57146e-05, 0.00209174, 0.00339074, 11.2391, 2.69163e-08, 3.65259e-08, 9.23492e-06, 2.57258, 3.33756, 13.6468, 10.9087, 1.17144e-06, 1.20421e-06, 0.0129793, 0.014171, 1.03297, 6.69618, 0.0028112, 3.25049e-06, 1.90777e-05, 3.63171e-05, 4.11496e-05, 4.69481e-05, 0.000107384, 0.00236754, 0.00267939, 5.43532e-07, 6.73966e-06, 

9.87992e-08, 1.36685e-06, 1.19141e-05, 2.09702, 7.21035, 9.18112, 15.9712, 2.48921e-11, 5.42943e-11, 1.22763e-09, 0.00209174, 0.00339074, 11.2391, 31.4249, 2.69163e-08, 3.65259e-08, 9.23492e-06, 2.57258, 3.33756, 13.6468, 2.21833, 1.17144e-06, 1.19807e-06, 0.0028112, 0.0129793, 0.014171, 6.69618, 1.82029, 3.25049e-06, 1.90777e-05, 3.63171e-05, 4.11496e-05, 4.69481e-05, 0.000107384, 0.00236754, 0.00267939, 5.43532e-07, 6.73966e-06, 

9.87992e-08, 1.36685e-06, 1.19141e-05, 1.09056, 2.09702, 7.21035, 17.2798, 2.48921e-11, 5.42943e-11, 1.22763e-09, 0.00209174, 0.00339074, 1.24958, 3.28147, 2.69163e-08, 3.65259e-08, 9.23492e-06, 2.21833, 2.57258, 3.33756, 13.765, 1.17144e-06, 1.19807e-06, 0.0028112, 0.0129793, 0.014171, 1.82029, 14.8294, 3.25049e-06, 1.90777e-05, 3.63171e-05, 4.11496e-05, 4.69481e-05, 0.000107384, 0.00236754, 0.00267939, 5.43532e-07, 6.73966e-06, 

9.87992e-08, 1.36685e-06, 1.19141e-05, 1.09056, 2.68123, 7.21035, 25.9788, 2.48921e-11, 4.87148e-11, 1.22763e-09, 0.00209174, 0.00339074, 3.28147, 15.1654, 2.69163e-08, 3.65259e-08, 9.23492e-06, 2.02909, 2.57258, 13.765, 19.241, 1.17144e-06, 1.19807e-06, 0.0028112, 0.014171, 1.82029, 14.8294, 7.55224, 3.25049e-06, 6.96454e-06, 1.90777e-05, 3.63171e-05, 4.11496e-05, 4.69481e-05, 0.000107384, 0.00236754, 5.43532e-07, 6.73966e-06, 

9.87992e-08, 1.36685e-06, 1.19141e-05, 1.08831, 1.09056, 25.9788, 3.91523, 2.48921e-11, 3.6632e-11, 1.22763e-09, 0.00209174, 0.00339074, 15.1654, 17.1714, 2.69163e-08, 3.65259e-08, 9.23492e-06, 2.02909, 2.57258, 19.241, 14.1571, 1.17144e-06, 1.19807e-06, 0.0028112, 0.014171, 0.0199998, 1.82029, 0.64654, 3.25049e-06, 6.96454e-06, 1.90777e-05, 3.63171e-05, 4.11496e-05, 4.69481e-05, 0.000107384, 0.00236754, 5.43532e-07, 6.73966e-06, 

1.58258e-08, 9.87992e-08, 0.256817, 1.08831, 1.09056, 25.9788, 8.64231, 2.48921e-11, 3.6632e-11, 0.00209174, 0.00339074, 13.9, 15.1654, 7.68569, 2.69163e-08, 3.65259e-08, 1.20375, 2.02909, 2.48104, 19.241, 16.9046, 1.17144e-06, 1.19807e-06, 0.0028112, 0.014171, 0.146699, 1.82029, 0.0387094, 3.25049e-06, 6.96454e-06, 1.90777e-05, 3.63171e-05, 4.11496e-05, 4.69481e-05, 0.000107384, 0.00236754, 5.43532e-07, 6.73966e-06, 

1.58258e-08, 2.15326e-08, 0.256817, 1.09056, 8.64231, 25, 24.7908, 2.48921e-11, 3.57812e-11, 0.00209174, 0.00339074, 7.68569, 13.9, 15.1654, 1.09435e-08, 2.69163e-08, 1.03824, 1.20375, 6.64489, 17.4615, 18.4746, 1.17144e-06, 1.19807e-06, 0.0028112, 0.0387094, 0.146699, 1.82029, 0.000607932, 3.25049e-06, 6.96454e-06, 1.90777e-05, 3.63171e-05, 4.11496e-05, 4.69481e-05, 0.000107384, 0.00236754, 5.43532e-07, 6.73966e-06, 

1.36861e-08, 1.58258e-08, 1.09056, 6.81098, 24.7908, 25, 17.275, 2.48921e-11, 3.57812e-11, 0.00209174, 0.00339074, 7.68569, 13.6567, 18.7374, 1.09435e-08, 2.69163e-08, 1.03824, 1.20375, 17.4615, 18.4746, 10.7365, 1.17144e-06, 1.19807e-06, 0.000607932, 0.0028112, 0.0387094, 1.82029, 18.2783, 3.25049e-06, 6.96454e-06, 1.90777e-05, 3.63171e-05, 4.11496e-05, 4.69481e-05, 0.000107384, 0.00236754, 5.43532e-07, 6.73966e-06, 

1.36861e-08, 1.58258e-08, 6.81098, 12.3503, 15.0204, 17.275, 12.7072, 2.48921e-11, 2.7395e-11, 0.00339074, 0.996847, 7.68569, 13.6567, 16.7919, 1.09435e-08, 2.69163e-08, 1.03824, 8.64566, 10.7365, 12.5186, 1.49574, 1.16329e-06, 1.17144e-06, 0.0028112, 0.0387094, 1.82029, 18.2783, 0.000265232, 3.25049e-06, 6.96454e-06, 1.90777e-05, 3.63171e-05, 4.11496e-05, 4.69481e-05, 0.000107384, 0.00236754, 5.43532e-07, 6.73966e-06, 

1.36861e-08, 1.58258e-08, 2.37377, 6.81098, 12.7072, 15.0204, 17.8794, 2.48921e-11, 2.7395e-11, 0.00339074, 0.10426, 7.68569, 16.7919, 17.8282, 1.09435e-08, 2.69163e-08, 1.03824, 1.49574, 8.64566, 10.7365, 12.5186, 1.09546e-06, 1.11467e-06, 1.11327e-06, 0.0028112, 0.0387094, 1.82029, 5.78049, 3.25049e-06, 6.96454e-06, 1.90777e-05, 3.63171e-05, 4.11496e-05, 4.69481e-05, 0.000107384, 0.00236754, 5.43532e-07, 6.73966e-06, 

1.36861e-08, 1.58258e-08, 4.37352, 6.81098, 12.7072, 14.0247, 20.2371, 2.48921e-11, 2.7395e-11, 0.00339074, 0.10426, 0.148082, 16.7919, 5.87056, 1.57569e-09, 2.69163e-08, 1.03824, 1.49574, 3.94537, 4.47885, 8.64566, 1.09546e-06, 1.11428e-06, 1.11327e-06, 0.0387094, 0.818159, 1.82029, 18.8578, 3.25049e-06, 6.96454e-06, 1.90777e-05, 3.63171e-05, 4.11496e-05, 4.69481e-05, 0.000107384, 0.00236754, 5.43532e-07, 6.73966e-06, 

1.36861e-08, 1.58258e-08, 0.023791, 6.81098, 14.0247, 18.2535, 24.3862, 2.32188e-11, 2.48921e-11, 0.00339074, 0.148082, 5.87056, 16.7919, 18.1278, 1.13897e-09, 1.57569e-09, 1.03824, 1.49574, 3.94537, 4.47885, 8.64566, 1.09546e-06, 1.11428e-06, 1.11327e-06, 0.0387094, 0.818159, 15.687, 16.9115, 3.25049e-06, 6.96454e-06, 1.90777e-05, 3.63171e-05, 4.11496e-05, 4.69481e-05, 0.000107384, 0.00236754, 5.43532e-07, 6.73966e-06, 

1.36861e-08, 1.58258e-08, 0.00507793, 2.8073, 4.52755, 11.2463, 2.86274, 2.32188e-11, 2.48921e-11, 0.00339074, 0.148082, 7.45213, 15.1363, 5.15182, 2.31323e-10, 1.57569e-09, 1.03824, 1.49574, 3.73654, 3.94537, 10.5012, 1.07872e-06, 1.09546e-06, 1.11327e-06, 0.0387094, 0.297215, 4.86738, 0.504495, 3.25049e-06, 6.96454e-06, 1.90777e-05, 3.63171e-05, 4.11496e-05, 4.69481e-05, 0.000107384, 0.00236754, 5.43532e-07, 6.73966e-06, 

1.36861e-08, 1.58258e-08, 0.00507793, 2.86274, 4.52755, 11.2463, 1.04078, 2.32188e-11, 2.38494e-11, 0.00339074, 0.0159706, 5.15182, 7.45213, 15.1363, 2.31323e-10, 1.57569e-09, 1.03824, 1.49574, 2.81814, 3.94537, 3.28923, 1.07872e-06, 1.09546e-06, 0.00299609, 0.0387094, 0.504495, 4.86738, 1.4596, 3.25049e-06, 6.96454e-06, 1.90777e-05, 3.63171e-05, 4.11496e-05, 4.69481e-05, 0.000107384, 0.00236754, 5.43532e-07, 6.73966e-06, 

1.36861e-08, 1.5711e-08, 1.04078, 2.86274, 4.52755, 11.2463, 12.5498, 2.27391e-11, 2.32188e-11, 0.00315732, 0.00339074, 5.15182, 14.2772, 7.70334, 2.31323e-10, 1.57569e-09, 1.03824, 1.49574, 2.81814, 3.28923, 14.6743, 1.07872e-06, 1.09546e-06, 0.00299609, 0.0387094, 1.4596, 4.86738, 19.4122, 3.25049e-06, 6.96454e-06, 1.90777e-05, 3.63171e-05, 4.11496e-05, 4.69481e-05, 0.000107384, 0.00236754, 5.43532e-07, 6.73966e-06, 

1.36861e-08, 1.5711e-08, 1.04078, 2.83354, 4.52755, 4.95464, 12.5498, 2.27391e-11, 2.32188e-11, 0.00315732, 0.00339074, 1.2474, 5.15182, 13.5186, 2.31323e-10, 7.46583e-10, 1.03824, 1.49574, 3.28923, 14.6743, 13.0798, 1.07872e-06, 1.09546e-06, 0.0387094, 1.4596, 3.27329, 4.86738, 20.9322, 3.25049e-06, 6.96454e-06, 1.90777e-05, 3.63171e-05, 4.11496e-05, 4.69481e-05, 0.000107384, 0.00236754, 5.43532e-07, 6.73966e-06, 

1.36861e-08, 1.5711e-08, 0.445369, 4.52755, 4.95464, 12.5498, 0.0947907, 2.27391e-11, 2.32188e-11, 0.00315732, 0.00339074, 1.2474, 13.5186, 8.48052, 8.74678e-12, 2.31323e-10, 1.03824, 2.73242, 13.0798, 14.6743, 22.0459, 1.07872e-06, 1.09546e-06, 0.0387094, 1.4596, 2.10244, 4.00447, 4.86738, 3.25049e-06, 6.96454e-06, 1.90777e-05, 3.63171e-05, 4.11496e-05, 4.69481e-05, 0.000107384, 0.00236754, 5.43532e-07, 6.73966e-06, 

1.32732e-08, 1.36861e-08, 0.445369, 4.52755, 4.95464, 12.5498, 18.4046, 2.27391e-11, 2.30411e-11, 0.00339074, 1.2474, 8.48052, 13.5186, 0.0010363, 8.74678e-12, 9.82148e-12, 1.03824, 2.02025, 14.6743, 22.0459, 9.47452, 1.07872e-06, 1.09546e-06, 1.4596, 2.10244, 4.00447, 4.86738, 17.7975, 3.25049e-06, 6.96454e-06, 1.90777e-05, 3.63171e-05, 4.11496e-05, 4.69481e-05, 0.000107384, 0.00236754, 5.43532e-07, 6.73966e-06, 

1.31342e-08, 1.32732e-08, 0.445369, 4.52755, 12.5498, 18.4046, 13.9207, 2.27391e-11, 2.3034e-11, 2.69219e-05, 0.00339074, 1.2474, 8.48052, 16.1138, 8.74678e-12, 9.51772e-12, 2.02025, 9.47452, 14.6743, 22.0459, 18.5252, 1.07872e-06, 1.09546e-06, 2.10244, 4.00447, 4.86738, 8.97097, 7.91516, 3.25049e-06, 6.96454e-06, 1.90777e-05, 3.63171e-05, 4.11496e-05, 4.69481e-05, 0.000107384, 0.00236754, 5.43532e-07, 6.73966e-06, 

1.31342e-08, 1.32732e-08, 0.445369, 4.52755, 5.09217, 9.21754, 12.5498, 2.27391e-11, 2.3034e-11, 2.69219e-05, 0.00339074, 1.2474, 16.1138, 14.4999, 8.74678e-12, 9.51772e-12, 0.0201537, 4.77318, 7.14725, 20.904, 10.07, 1.07872e-06, 1.09546e-06, 0.216154, 4.00447, 7.91516, 8.97097, 26.5833, 3.25049e-06, 6.96454e-06, 1.90777e-05, 3.63171e-05, 4.11496e-05, 4.69481e-05, 0.000107384, 0.00236754, 5.43532e-07, 6.73966e-06, 

1.31342e-08, 1.32732e-08, 0.445369, 5.09217, 9.21754, 12.5498, 12.365, 2.25473e-11, 2.27391e-11, 0.00339074, 1.2474, 14.4999, 16.1138, 19.8049, 8.74678e-12, 9.51772e-12, 4.77318, 6.76409, 7.14725, 7.78958, 17.6683, 1.06234e-06, 1.07872e-06, 0.216154, 4.00447, 7.91516, 25, 2.46286, 3.25049e-06, 6.96454e-06, 1.90777e-05, 3.63171e-05, 4.11496e-05, 4.69481e-05, 0.000107384, 0.00236754, 5.43532e-07, 6.73966e-06, 

1.31342e-08, 1.32732e-08, 0.0255952, 0.405252, 5.96733, 12.365, 12.5498, 2.25473e-11, 2.27391e-11, 0.00339074, 1.2474, 2.64389, 16.1138, 15.3074, 8.74678e-12, 8.9706e-12, 4.77318, 7.14725, 7.78958, 11.9264, 14.3325, 1.06234e-06, 1.0626e-06, 0.216154, 2.46286, 4.00447, 7.91516, 0.0693629, 3.25049e-06, 6.96454e-06, 1.90777e-05, 3.63171e-05, 4.11496e-05, 4.69481e-05, 0.000107384, 0.00236754, 5.43532e-07, 6.73966e-06, 

1.31342e-08, 1.32732e-08, 0.405252, 4.62119, 5.24306, 12.365, 3.44146, 2.25473e-11, 2.27391e-11, 1.2474, 2.64389, 4.4294, 15.3074, 18.8076, 8.74678e-12, 8.9706e-12, 1.85869, 4.77318, 7.78958, 14.3325, 9.33304, 1.06234e-06, 1.0626e-06, 0.0693629, 0.216154, 1.31003, 2.46286, 7.91516, 3.25049e-06, 6.96454e-06, 1.90777e-05, 3.63171e-05, 4.11496e-05, 4.69481e-05, 0.000107384, 0.00236754, 5.43532e-07, 6.73966e-06, 

1.30739e-08, 1.31342e-08, 0.405252, 3.44146, 4.62119, 5.24306, 6.57216, 2.25473e-11, 2.26983e-11, 1.2474, 2.64389, 4.4294, 8.01719, 15.3074, 8.74678e-12, 8.75744e-12, 0.123751, 1.85869, 4.77318, 14.3325, 16.4973, 1.06234e-06, 1.0626e-06, 0.0525203, 1.31003, 2.46286, 7.91516, 1.56768, 3.25049e-06, 6.96454e-06, 1.90777e-05, 3.63171e-05, 4.11496e-05, 4.69481e-05, 0.000107384, 0.00236754, 5.43532e-07, 6.73966e-06, 

Best:
(-2.09957e-07, )

Fitness Evaluations:
2776

End Population
(8.117826e-06), (8.136522e-06), (-4.534850e-02), (-1.357653e-01), (-2.046915e+00), (1.705716e-01), (-1.936790e-01), (-3.371275e-07), (-3.382615e-07), (9.591609e-01), (1.181193e-01), (1.941929e+00), (-1.194618e+00), (-6.692361e-01), (-2.099574e-07), (-2.100924e-07), (-2.500098e-02), (9.283303e-01), (2.053364e+00), (6.869163e-01), (2.271363e+00), (-7.317626e-05), (-7.318510e-05), (-1.627758e-02), (-8.216505e-02), (-9.075803e-01), (-2.134417e+00), (9.408607e-01), (-1.280007e-04), (1.873631e-04), (3.100995e-04), (4.278522e-04), (-4.554290e-04), (4.864596e-04), (7.357140e-04), (-3.454579e-03), (5.234202e-05), (-1.843133e-04), 