Iterations: 50
Function Evaluations Limit: 150000
Population: 50

Prides Length: 4

Percent Nomads: 0.2
Percent Roaming: 0.2
Percent Sex: 0.8

Mating Rate: 0.3
Mutation Probability: 0.2
Immigration Rate: 0.4

Percent Group Influence: 0.4
Annealing On: true
Ranked Selection Pressure: 2
Near To Best Random Pressure: 2

Dimensions: 1
N-Dimension Space: -5:5

Fitness Iterations:
0.617567 (Initial Best)

0.151594, 1.68206, 0.105556, 5.24811, 6.89202, 12.9205, 20.4096, 8.23143, 8.58444, 3.13124, 0.812546, 0.998713, 1.43093, 1.83064, 4.70723, 18.3058, 0.221692, 1.81791, 5.32884, 1.24316, 2.78085, 5.58459, 0.58009, 18.4989, 25.647, 20.8792, 9.10934, 0.298, 1.2728, 1.64122, 3.14675, 1.95768, 0.617567, 14.3132, 17.0496, 2.73971, 8.3187, 4.15414, 0.554573, 2.7995, 1.26274, 3.85236, 4.01023, 4.30325, 4.61591, 4.88862, 8.79841, 9.51061, 13.0431, 15.16, 

0.151594, 1.68206, 0.105556, 5.24811, 8.58444, 12.0998, 13.1562, 0.0923061, 1.24316, 1.81791, 0.235513, 0.0537856, 0.221692, 1.83064, 4.70723, 18.3058, 22.0216, 1.51733, 1.21362, 1.43093, 0.0403223, 1.26274, 0.298, 1.2728, 18.4989, 20.8792, 25, 3.07512, 4.15414, 0.58009, 0.998713, 1.95768, 0.617567, 2.73971, 2.7995, 4.32662, 18.1019, 1.64122, 0.554573, 0.816712, 2.78085, 0.812546, 1.05448, 3.49371, 3.85236, 3.98003, 4.01023, 4.88862, 5.55922, 6.89202, 

0.151594, 1.05448, 0.105556, 1.81791, 12.0998, 13.1562, 15.3415, 4.32662, 4.70723, 0.298, 0.00323681, 0.0537856, 1.01668, 1.13527, 1.83064, 18.3058, 20.2309, 1.43093, 0.221692, 1.64122, 0.0403223, 0.812546, 1.2728, 3.07512, 4.15414, 18.4989, 19.8719, 1.24316, 0.816712, 0.58009, 0.998713, 0.840555, 0.617567, 2.73971, 2.7995, 1.96407, 0.754971, 0.0923061, 3.97993, 0.554573, 1.26274, 1.68206, 1.62981, 1.95768, 2.78085, 3.27403, 3.49371, 3.85236, 5.55922, 6.08105, 

0.00909028, 0.0631663, 0.298, 4.32662, 10.2279, 11.136, 1.44186, 1.43093, 0.754971, 0.617567, 0.000619776, 0.00323681, 1.01668, 1.64122, 1.83064, 20.2309, 0.0309372, 1.2728, 0.816712, 0.0923061, 0.0403223, 0.812546, 0.58009, 1.24316, 11.5282, 17.2935, 1.76766, 0.148905, 1.81791, 1.93252, 0.0283658, 0.438676, 0.554573, 1.96407, 2.7995, 20.3393, 40.3092, 2.73971, 0.221692, 0.105556, 0.0447542, 1.05448, 0.783088, 1.17722, 1.26274, 1.62981, 1.88054, 1.95768, 3.07512, 3.97993, 

0.00909028, 0.0447542, 0.754971, 4.32662, 11.136, 13.8172, 20.1807, 1.10525, 0.617567, 1.44186, 0.000619776, 0.00323681, 0.0923061, 0.816712, 1.2728, 6.43052, 0.0259711, 0.58009, 1.43093, 1.76766, 0.0403223, 0.532533, 0.148905, 1.24316, 1.66962, 1.93252, 11.5282, 1.64122, 0.554573, 0.105556, 0.0281292, 0.340311, 0.221692, 1.92243, 2.73971, 2.7995, 20.3393, 0.298, 1.01668, 0.0309372, 0.0283658, 0.0631663, 0.438676, 0.783088, 1.00913, 1.05448, 1.17722, 1.26274, 1.83064, 3.07512, 

0.00909028, 0.0283658, 0.617567, 1.44186, 11.136, 13.8172, 10.0959, 0.221692, 0.754971, 1.24316, 0.000619776, 0.00323681, 0.816712, 1.43093, 6.43052, 7.13117, 11.8541, 1.10525, 0.58009, 0.00544532, 0.0403223, 0.201546, 0.105556, 0.148905, 0.554573, 1.64122, 1.66962, 0.0259711, 0.0923061, 1.01668, 0.0281292, 0.340311, 0.0309372, 0.298, 2.7995, 20.3393, 19.1672, 1.2728, 1.76766, 1.83064, 0.0447542, 0.0631663, 0.438676, 0.585307, 0.783088, 0.848776, 1.00913, 1.05448, 1.92243, 1.93252, 

0.00406504, 0.0283658, 0.221692, 0.617567, 1.24316, 1.44186, 11.136, 1.20486, 1.02803, 0.0611668, 0.000619776, 0.00323681, 0.00544532, 1.10525, 1.43093, 11.8541, 0.553722, 0.58009, 0.554573, 1.01668, 0.00234804, 0.020574, 0.0259711, 0.105556, 0.148905, 1.64122, 1.66962, 1.83064, 0.816712, 0.0397401, 0.0281292, 0.0447542, 0.0309372, 0.0741652, 1.2728, 18.4482, 9.88828, 1.76766, 1.92243, 0.754971, 0.00909028, 0.340311, 0.0631663, 0.127825, 0.438676, 0.585307, 0.783088, 0.848776, 1.93252, 2.7995, 

0.00406504, 0.0283658, 0.617567, 1.02803, 5.23289, 0.187661, 20.234, 0.0611668, 1.20486, 0.027697, 0.000619776, 0.00323681, 0.486654, 1.01668, 1.10525, 1.43093, 0.082129, 0.0259711, 0.00544532, 0.0309372, 0.000927647, 0.00234804, 0.0271173, 0.148905, 1.83064, 4.56522, 8.02905, 0.105556, 0.221692, 0.58009, 0.00909028, 0.0305986, 0.754971, 1.92243, 18.4482, 10.0955, 10.3317, 0.553722, 0.816712, 0.108808, 0.0281292, 0.0333003, 0.0631663, 0.127825, 0.138605, 0.155027, 0.340311, 0.438676, 1.24316, 1.2728, 

0.00406504, 0.0281292, 0.027697, 0.0611668, 0.187661, 0.617567, 5.23289, 0.105556, 1.2728, 0.816712, 0.000619776, 0.00323681, 0.00544532, 0.0259711, 0.0309372, 0.082129, 1.10525, 1.92243, 1.24316, 1.43093, 0.000927647, 0.00234804, 0.148905, 0.221692, 0.58009, 1.83064, 1.95742, 1.02803, 0.0271173, 1.01668, 0.00909028, 0.0305986, 0.553722, 0.754971, 10.0955, 5.09118, 9.77245, 0.108808, 1.20486, 0.486654, 0.0283658, 0.0333003, 0.0631663, 0.127825, 0.138605, 0.155027, 0.340311, 0.438676, 2.14562, 2.58639, 

0.00406504, 0.0281292, 0.027697, 0.696772, 1.2728, 5.23289, 0.054926, 0.0259711, 0.0611668, 1.01668, 0.000619776, 0.00323681, 0.0309372, 0.082129, 0.116132, 1.43093, 2.88624, 0.617567, 0.00544532, 0.148905, 0.000927647, 0.00234804, 0.0271173, 0.221692, 1.02803, 1.2064, 8.89499, 0.81338, 0.486654, 0.187661, 0.00909028, 0.0305986, 0.553722, 0.754971, 1.20486, 9.77245, 19.8726, 0.105556, 0.58009, 0.108808, 0.0283658, 0.0333003, 0.0631663, 0.127825, 0.138605, 0.155027, 0.340311, 0.438676, 1.24316, 1.76638, 

0.00406504, 0.0111939, 0.0259711, 0.027697, 0.0611668, 2.1297, 0.72673, 0.696772, 0.00333826, 0.995329, 4.58741e-06, 0.000316468, 0.00544532, 0.0309372, 0.116132, 0.213358, 0.617567, 0.636083, 0.221692, 0.082129, 0.000927647, 0.00234804, 0.0271173, 0.187661, 1.2064, 8.89499, 0.00339013, 0.754971, 0.81338, 0.00556167, 0.000619776, 0.0305986, 0.105556, 0.553722, 0.58009, 1.20486, 15.9357, 0.054926, 0.108808, 0.000640821, 0.00909028, 0.00329919, 0.00504498, 0.0283658, 0.0333003, 0.0631663, 0.138605, 0.155027, 1.01668, 1.02803, 

0.00191147, 0.00329919, 0.0611668, 0.696772, 0.72673, 1.84186, 5.3355, 0.0259711, 0.00333826, 8.4999e-05, 4.58741e-06, 0.000316468, 0.0309372, 0.082129, 0.116132, 0.221692, 16.1279, 0.00544532, 0.054926, 0.000640821, 0.000927647, 0.00234804, 0.00339013, 0.0271173, 0.81338, 1.2064, 8.89499, 0.027697, 0.00556167, 0.187661, 0.000619776, 0.0283658, 0.553722, 1.20486, 4.81471, 16.433, 7.54699, 0.213358, 0.108808, 0.105556, 0.00632875, 0.00504498, 0.00909028, 0.0305986, 0.0333003, 0.0631663, 0.138605, 0.155027, 0.58009, 0.617567, 

0.00191147, 0.00113749, 8.4999e-05, 0.0259711, 5.3355, 0.00108453, 5.34346, 0.0271173, 0.000640821, 0.0599368, 4.58741e-06, 0.000316468, 0.054926, 0.116132, 0.221692, 16.1279, 18.2148, 0.00333826, 0.027697, 0.108808, 0.000739939, 0.000927647, 0.00556167, 1.2064, 8.89499, 1.32785, 12.3047, 0.00544532, 0.082129, 0.0611668, 6.29105e-05, 0.00909028, 0.105556, 0.213358, 0.553722, 4.40286, 1.30063, 0.0016931, 0.0309372, 0.00339013, 0.000619776, 0.00329919, 0.00504498, 0.0105038, 0.0283658, 0.0305986, 0.0333003, 0.0631663, 0.187661, 0.497806, 

0.00060771, 0.000619776, 3.00134e-05, 0.000640821, 0.0271173, 0.0599368, 0.164327, 8.4999e-05, 0.00339013, 0.0309372, 4.58741e-06, 0.000316468, 0.00589397, 0.108808, 0.221692, 16.1279, 19.0859, 0.00230475, 0.0016931, 0.116132, 0.000739939, 0.000927647, 0.082129, 1.2064, 2.29943, 17.4477, 0.00274054, 0.00556167, 0.0611668, 0.027697, 6.29105e-05, 0.00236638, 0.105556, 0.553722, 4.40286, 6.79464, 1.28271, 0.0259711, 0.00333826, 0.00544532, 0.00113749, 0.00191147, 0.00909028, 0.00329919, 0.00504498, 0.0105038, 0.0283658, 0.0305986, 0.187661, 0.488021, 

0.00060771, 0.000619776, 0.00339013, 0.0271173, 0.0599368, 17.3228, 18.7659, 0.0309372, 3.00134e-05, 0.000640821, 4.58741e-06, 0.00018703, 0.00230475, 0.00589397, 0.108808, 0.221692, 6.37193, 0.0259711, 0.116132, 0.105556, 0.000639081, 0.000739939, 0.00556167, 0.0611668, 0.082129, 1.2064, 11.4464, 0.027697, 0.0337274, 0.0016931, 6.29105e-05, 0.00113749, 0.00544532, 0.553722, 4.40286, 1.12918, 0.00609662, 8.4999e-05, 0.00274054, 0.00333826, 0.00236638, 0.00191147, 0.00329919, 0.00504498, 0.00909028, 0.0105038, 0.0181189, 0.0283658, 0.164327, 0.187661, 

6.52821e-05, 0.00060771, 3.00134e-05, 0.000640821, 0.00239315, 17.3228, 2.49996, 0.0611668, 0.00333826, 0.0309372, 4.58741e-06, 0.00018703, 0.00225414, 0.00589397, 0.0259711, 0.221692, 1.37324, 0.105556, 0.00609662, 0.0337274, 1.12085e-08, 0.000639081, 0.0016931, 0.00556167, 0.027697, 0.082129, 2.1524, 0.00339013, 0.00230475, 0.00274054, 1.72788e-05, 6.29105e-05, 8.4999e-05, 0.00544532, 4.40286, 19.8158, 0.0689211, 0.0271173, 0.00639229, 0.0599368, 0.00191147, 0.00236638, 0.00329919, 0.00504498, 0.00909028, 0.0105038, 0.0181189, 0.0283658, 0.108808, 0.164327, 

6.52821e-05, 0.000124827, 0.000640821, 0.0611668, 2.49996, 18.1246, 19.6697, 0.000740062, 0.00274054, 8.4999e-05, 4.58741e-06, 0.00018703, 0.00225414, 0.00589397, 0.00609662, 0.0259711, 13.0676, 0.027697, 0.00639229, 0.00556167, 1.12085e-08, 0.000639081, 0.0016931, 0.00339013, 0.082129, 2.1524, 5.63423, 3.00134e-05, 0.0271173, 0.0337274, 1.72788e-05, 6.29105e-05, 0.00544532, 0.0599368, 0.0689211, 19.8158, 19.7192, 0.0309372, 0.00333826, 0.00230475, 0.00191147, 0.00236638, 0.00329919, 0.00504498, 0.00909028, 0.0105038, 0.0181189, 0.0283658, 0.105556, 0.108808, 

6.52821e-05, 6.90343e-05, 8.4999e-05, 0.000640821, 0.00274054, 0.0611668, 18.1246, 0.000740062, 0.0271173, 0.00556167, 4.58741e-06, 0.00018703, 0.00589397, 0.0259711, 0.027697, 13.0676, 16.5854, 0.0292464, 0.00225414, 0.0337274, 1.12085e-08, 0.000639081, 0.00339013, 0.082129, 2.1524, 5.63423, 30.8979, 0.0016931, 3.00134e-05, 0.0309372, 1.72788e-05, 2.87336e-05, 0.00230475, 0.00333826, 19.7192, 1.0017, 12.3999, 0.00639229, 0.00544532, 0.00609662, 0.00191147, 0.00236638, 0.00329919, 0.00504498, 0.00909028, 0.0105038, 0.0181189, 0.0283658, 0.0599368, 0.0689211, 

6.52821e-05, 6.90343e-05, 0.00556167, 0.0271173, 0.0611668, 18.1246, 4.78354, 0.000640821, 0.00161651, 0.0337274, 4.58741e-06, 0.00018703, 0.00589397, 0.0149398, 0.0259711, 0.027697, 13.5835, 8.4999e-05, 0.00225414, 0.00544532, 1.12085e-08, 0.000243884, 0.0309372, 0.082129, 2.1524, 4.71114, 16.831, 3.00134e-05, 0.00333826, 0.000740062, 1.72788e-05, 2.87336e-05, 0.00230475, 0.00639229, 12.3999, 19.7192, 15.963, 0.0016931, 0.00339013, 0.00274054, 0.00191147, 0.00236638, 0.00329919, 0.00504498, 0.00909028, 0.0105038, 0.0181189, 0.0283658, 0.0599368, 0.0689211, 

6.52821e-05, 6.59805e-05, 0.00556167, 0.0337274, 0.0611668, 4.78354, 18.1246, 0.000640821, 0.000998009, 0.00589397, 4.58741e-06, 0.00018703, 8.4999e-05, 0.00544532, 0.027697, 22.6716, 17.79, 3.00134e-05, 0.0689211, 0.0259711, 1.12085e-08, 0.000243884, 0.000740062, 0.00333826, 0.0309372, 0.082129, 1.43532, 0.00161651, 0.0599368, 0.00230475, 1.72788e-05, 2.87336e-05, 0.0016931, 0.00274054, 0.00339013, 0.00639229, 15.963, 0.0149398, 0.00225414, 0.0271173, 0.00121709, 0.00191147, 0.00236638, 0.00329919, 0.00504498, 0.00909028, 0.0105038, 0.0181189, 

6.48356e-05, 6.52821e-05, 0.000998009, 0.0611668, 18.1246, 0.000269554, 25.142, 4.58741e-06, 0.000138467, 0.0259711, 0.027697, 0.0689211, 14.2837, 17.79, 1.12085e-08, 0.000243884, 0.000438058, 0.0599368, 0.082129, 13.0258, 6.07765, 1.72788e-05, 2.87336e-05, 0.0016931, 0.00339013, 0.00639229, 0.0149398, 0.0271173, 0.000101307, 0.000287719, 0.00121709, 0.00191147, 0.00236638, 0.00329919, 0.00504498, 0.00909028, 3.00134e-05, 8.4999e-05, 

6.46486e-05, 6.48356e-05, 3.08377e-07, 0.000998009, 0.0611668, 18.1246, 1.30693e-05, 4.58741e-06, 0.000101307, 0.0259711, 0.027697, 4.07996, 14.2837, 21.3713, 1.12085e-08, 0.000243884, 0.000438058, 0.0599368, 0.082129, 6.07765, 13.0258, 1.17119e-05, 1.72788e-05, 0.0016931, 0.00339013, 0.00639229, 0.0271173, 6.083, 0.000138467, 0.000287719, 0.00121709, 0.00191147, 0.00236638, 0.00329919, 0.00504498, 0.00909028, 3.00134e-05, 8.4999e-05, 

4.21863e-06, 6.46486e-05, 1.30693e-05, 0.000998009, 0.0611668, 16.1038, 0.0150368, 4.58741e-06, 0.000101307, 0.0259711, 0.027697, 4.07996, 21.3713, 0.00828333, 1.12085e-08, 0.000138467, 0.000438058, 0.0599368, 0.082129, 6.07765, 12.9289, 9.64099e-06, 1.17119e-05, 0.000197095, 0.0016931, 0.00339013, 0.0271173, 6.083, 0.000243884, 0.000287719, 0.00121709, 0.00191147, 0.00236638, 0.00329919, 0.004274, 0.00504498, 3.08377e-07, 3.00134e-05, 

4.21863e-06, 4.24587e-06, 1.30693e-05, 0.000998009, 0.0611668, 16.1038, 14.0237, 2.18129e-06, 4.58741e-06, 0.00828333, 0.0259711, 0.027697, 4.07996, 21.3713, 1.12085e-08, 6.46486e-05, 0.000438058, 0.0599368, 0.082129, 6.07765, 20.181, 9.64099e-06, 1.17119e-05, 0.000197095, 0.00339013, 0.00841524, 4.8827, 1.92167, 0.000138467, 0.000243884, 0.000287719, 0.00121709, 0.00191147, 0.00236638, 0.00329919, 0.004274, 3.08377e-07, 3.00134e-05, 

4.21863e-06, 4.24587e-06, 1.30693e-05, 0.000998009, 0.0611668, 14.0237, 10.8963, 2.18129e-06, 4.58741e-06, 0.00828333, 0.0259711, 0.027697, 4.07996, 2.52472, 1.12085e-08, 6.46486e-05, 0.000438058, 0.0599368, 6.07765, 20.181, 16.8889, 9.64099e-06, 1.08085e-05, 0.00339013, 0.00841524, 1.92167, 4.8827, 12.4976, 0.000138467, 0.000243884, 0.000287719, 0.00121709, 0.00191147, 0.00236638, 0.00329919, 0.004274, 3.08377e-07, 3.00134e-05, 

4.21863e-06, 4.24587e-06, 0.000998009, 0.0611668, 10.8963, 14.0237, 0.000186386, 1.63976e-06, 2.18129e-06, 0.00828333, 0.0259711, 0.027697, 2.52472, 4.07996, 1.12085e-08, 6.46486e-05, 0.000438058, 0.0599368, 6.07765, 16.1592, 26.2769, 9.64099e-06, 1.08085e-05, 0.00841524, 1.92167, 4.8827, 12.4976, 5.57707, 0.000138467, 0.000243884, 0.000287719, 0.00121709, 0.00191147, 0.00236638, 0.00329919, 0.004274, 3.08377e-07, 3.00134e-05, 

4.21863e-06, 4.24587e-06, 0.000998009, 0.0611668, 10.8963, 14.0237, 18.7565, 1.63976e-06, 2.18129e-06, 0.00828333, 0.0259711, 2.52472, 4.07996, 26.2813, 1.12085e-08, 6.46486e-05, 0.000438058, 0.0599368, 6.07765, 16.1592, 25.2292, 9.64099e-06, 1.01086e-05, 0.00841524, 1.92167, 4.8827, 12.4976, 12.3202, 0.000138467, 0.000243884, 0.000287719, 0.00121709, 0.00191147, 0.00236638, 0.00329919, 0.004274, 3.08377e-07, 3.00134e-05, 

4.21863e-06, 4.24587e-06, 0.000998009, 0.0611668, 3.99033, 9.67555, 17.5508, 1.63976e-06, 2.04036e-06, 0.0259711, 2.05402, 2.52472, 4.07996, 4.00878, 1.12085e-08, 4.15751e-05, 0.000438058, 0.0599368, 6.07765, 16.1592, 24.6152, 9.64099e-06, 1.01086e-05, 0.00841524, 4.8827, 12.3202, 12.4976, 18.5356, 0.000138467, 0.000243884, 0.000287719, 0.00121709, 0.00191147, 0.00236638, 0.00329919, 0.004274, 3.08377e-07, 3.00134e-05, 

4.21863e-06, 4.24587e-06, 0.000998009, 0.0611668, 3.0508, 17.5508, 17.1264, 1.63976e-06, 2.04036e-06, 0.105368, 2.05402, 2.52472, 4.07996, 14.7722, 1.12085e-08, 2.80182e-06, 0.000438058, 0.526849, 4.81967, 6.07765, 2.86752, 9.64099e-06, 1.01086e-05, 1.83558, 3.61479, 4.8827, 12.4976, 16.3104, 0.000138467, 0.000243884, 0.000287719, 0.00121709, 0.00191147, 0.00236638, 0.00329919, 0.004274, 3.08377e-07, 3.00134e-05, 

4.21863e-06, 4.24587e-06, 0.000998009, 0.0611668, 3.0508, 17.5508, 20.0619, 1.63976e-06, 2.04036e-06, 0.105368, 2.05402, 2.52472, 4.07996, 19.961, 1.12085e-08, 2.80182e-06, 0.526849, 2.86752, 4.81967, 6.07765, 11.2111, 9.64099e-06, 1.01086e-05, 0.152983, 0.361404, 4.8827, 16.3104, 0.0921291, 0.000138467, 0.000243884, 0.000287719, 0.00121709, 0.00191147, 0.00236638, 0.00329919, 0.004274, 3.08377e-07, 3.00134e-05, 

4.21863e-06, 4.24587e-06, 0.000998009, 0.0611668, 2.20824, 12.9414, 17.5508, 1.63976e-06, 2.04036e-06, 0.105368, 2.05402, 2.52472, 19.961, 15.1402, 1.12085e-08, 2.80182e-06, 0.526849, 2.86752, 6.07765, 11.2111, 11.2152, 9.64099e-06, 9.71745e-06, 3.85198e-05, 0.152983, 0.361404, 4.8827, 1.32922, 0.000138467, 0.000243884, 0.000287719, 0.00121709, 0.00191147, 0.00236638, 0.00329919, 0.004274, 3.08377e-07, 3.00134e-05, 

7.45735e-07, 4.21863e-06, 0.000998009, 0.0611668, 12.9414, 17.5508, 5.96848, 1.63976e-06, 2.04036e-06, 0.105368, 1.26775, 2.05402, 15.1402, 19.104, 1.12085e-08, 1.74168e-06, 0.526849, 2.86752, 2.86778, 6.07765, 4.53491, 9.64099e-06, 9.71745e-06, 1.59003e-05, 0.152983, 0.361404, 1.32922, 19.7509, 4.21495e-06, 0.000138467, 0.000243884, 0.000287719, 0.00121709, 0.00191147, 0.00329919, 0.004274, 3.08377e-07, 3.00134e-05, 

3.64867e-07, 7.45735e-07, 0.000998009, 0.0611668, 1.73562, 17.5508, 4.03439, 1.47464e-06, 1.63976e-06, 0.105368, 1.26775, 1.6112, 2.05402, 18.3233, 1.12085e-08, 1.74168e-06, 0.526849, 2.86752, 2.86778, 3.93315, 0.166602, 4.21495e-06, 9.71745e-06, 0.152983, 0.361404, 1.32922, 17.652, 19.709, 9.64099e-06, 0.000138467, 0.000243884, 0.000287719, 0.00121709, 0.00191147, 0.00329919, 0.004274, 3.08377e-07, 3.00134e-05, 

1.8952e-07, 3.64867e-07, 0.000998009, 0.0611668, 1.0724, 4.03439, 17.5508, 1.47464e-06, 1.63976e-06, 0.105368, 0.354853, 1.26775, 1.6112, 13.6037, 1.12085e-08, 1.74168e-06, 0.166602, 1.48124, 2.86752, 3.93315, 0.590976, 4.21495e-06, 6.24324e-06, 0.032041, 0.152983, 1.32922, 4.97066, 12.7793, 9.64099e-06, 0.000138467, 0.000243884, 0.000287719, 0.00121709, 0.00191147, 0.00329919, 0.004274, 3.08377e-07, 3.00134e-05, 

1.8952e-07, 3.64867e-07, 0.000998009, 0.998575, 4.03439, 17.5508, 20.0536, 1.47464e-06, 1.63976e-06, 0.0695208, 1.26775, 1.6112, 13.6037, 0.0287251, 1.12085e-08, 1.07543e-06, 0.0317346, 0.166602, 0.590976, 1.48124, 2.86752, 8.00826e-09, 4.21495e-06, 0.032041, 0.152983, 1.32922, 4.97066, 8.59052, 9.64099e-06, 0.000138467, 0.000243884, 0.000287719, 0.00121709, 0.00191147, 0.00329919, 0.004274, 3.08377e-07, 3.00134e-05, 

1.84205e-07, 1.8952e-07, 0.000998009, 0.998575, 4.03439, 8.78746, 16.8688, 1.36834e-06, 1.47464e-06, 0.0287251, 1.26775, 1.6112, 8.93486, 5.2559, 1.12085e-08, 4.54768e-07, 0.0317346, 0.166602, 1.48124, 2.86752, 0.0070931, 8.00826e-09, 4.21495e-06, 0.0190818, 0.032041, 0.152983, 4.97066, 3.16029, 9.64099e-06, 0.000138467, 0.000243884, 0.000287719, 0.00121709, 0.00191147, 0.00329919, 0.004274, 3.08377e-07, 3.00134e-05, 

1.84205e-07, 1.8952e-07, 0.000998009, 0.998575, 8.41872, 14.1748, 12.5893, 1.36834e-06, 1.37202e-06, 0.0287251, 1.26775, 1.6112, 5.2559, 8.93486, 1.12085e-08, 2.74928e-07, 0.0070931, 0.166602, 1.48124, 2.86752, 1.55973, 8.00826e-09, 4.21495e-06, 0.0190818, 0.032041, 0.152983, 2.44637, 4.97066, 9.64099e-06, 0.000138467, 0.000243884, 0.000287719, 0.00121709, 0.00191147, 0.00329919, 0.004274, 3.08377e-07, 3.00134e-05, 

1.84205e-07, 1.8952e-07, 0.000998009, 0.998575, 8.41872, 12.5893, 14.1748, 1.36834e-06, 1.3719e-06, 0.0287251, 1.26775, 1.6112, 8.93486, 20.1832, 1.12085e-08, 3.32387e-08, 0.0070931, 0.234227, 1.48124, 2.86752, 0.0544108, 8.00826e-09, 2.09987e-06, 0.0190818, 0.152983, 2.44637, 4.97066, 16.3587, 9.64099e-06, 0.000138467, 0.000243884, 0.000287719, 0.00121709, 0.00191147, 0.00329919, 0.004274, 3.08377e-07, 3.00134e-05, 

1.84205e-07, 1.8952e-07, 0.000998009, 0.998575, 8.41872, 14.1748, 0.000287241, 1.36607e-06, 1.36834e-06, 0.0287251, 0.696774, 1.6112, 5.77311, 16.3205, 1.12085e-08, 1.9889e-08, 0.0070931, 0.0544108, 0.234227, 1.48124, 20.2388, 8.00826e-09, 2.09987e-06, 0.0190818, 0.048152, 2.44637, 16.3587, 13.0416, 9.64099e-06, 0.000138467, 0.000243884, 0.000287719, 0.00121709, 0.00191147, 0.00329919, 0.004274, 3.08377e-07, 3.00134e-05, 

1.84205e-07, 1.8952e-07, 0.000287241, 0.998575, 8.41872, 14.1748, 2.05209, 1.36607e-06, 1.36834e-06, 0.0287251, 0.696774, 1.6112, 5.77311, 4.19104, 1.12085e-08, 1.9889e-08, 0.0038705, 0.234227, 1.48124, 20.2388, 30.7963, 8.00826e-09, 2.09987e-06, 0.0190818, 0.048152, 2.15928, 2.44637, 13.0416, 9.64099e-06, 0.000138467, 0.000243884, 0.000287719, 0.00121709, 0.00191147, 0.00329919, 0.004274, 3.08377e-07, 3.00134e-05, 

1.84205e-07, 1.8952e-07, 0.000287241, 2.05209, 8.41872, 11.0088, 32.2861, 1.36607e-06, 1.36834e-06, 0.0287251, 0.696774, 4.19104, 5.77311, 17.8893, 1.12085e-08, 1.9889e-08, 0.0038705, 0.234227, 7.56894, 26.0195, 40.2277, 8.00826e-09, 2.0587e-06, 0.0190818, 0.048152, 2.07676, 10.2902, 1.13704, 9.64099e-06, 0.000138467, 0.000243884, 0.000287719, 0.00121709, 0.00191147, 0.00329919, 0.004274, 3.08377e-07, 3.00134e-05, 

1.84205e-07, 1.8952e-07, 0.000287241, 2.05209, 8.41872, 9.00311, 6.81189, 1.36598e-06, 1.36607e-06, 0.0287251, 4.19104, 5.51852, 11.8972, 1.68495, 1.12085e-08, 1.76858e-08, 0.0038705, 3.0606, 7.56894, 26.0195, 23.4345, 8.00826e-09, 2.0587e-06, 0.0190818, 0.048152, 2.07676, 10.2902, 29.0926, 9.64099e-06, 0.000138467, 0.000243884, 0.000287719, 0.00121709, 0.00191147, 0.00329919, 0.004274, 3.08377e-07, 3.00134e-05, 

1.84205e-07, 1.8952e-07, 0.000287241, 2.05209, 6.75608, 6.81189, 9.00311, 1.36598e-06, 1.36602e-06, 0.0287251, 4.19104, 5.51852, 11.8972, 2.5396, 1.12085e-08, 1.76858e-08, 0.0038705, 0.678811, 12.1419, 20.1563, 1.75658, 8.00826e-09, 2.0587e-06, 0.0190818, 2.07676, 10.2902, 29.0926, 32.4952, 9.64099e-06, 0.000138467, 0.000243884, 0.000287719, 0.00121709, 0.00191147, 0.00329919, 0.004274, 3.08377e-07, 3.00134e-05, 

1.80663e-07, 1.84205e-07, 0.000287241, 2.05209, 4.03099, 9.00311, 1.35742, 1.36598e-06, 1.36602e-06, 0.0287251, 1.40532, 4.19104, 5.51852, 20.022, 1.12085e-08, 1.76858e-08, 0.0038705, 0.678811, 2.25322, 20.1563, 18.4611, 8.00826e-09, 2.0587e-06, 1.69268, 2.07676, 10.2902, 16.7733, 5.98383, 9.64099e-06, 0.000138467, 0.000243884, 0.000287719, 0.00121709, 0.00191147, 0.00329919, 0.004274, 3.08377e-07, 3.00134e-05, 

1.77806e-07, 1.80663e-07, 1.35742, 2.05209, 4.03099, 6.82094, 1.69385, 1.36598e-06, 1.36602e-06, 0.0287251, 0.959681, 5.51852, 7.88844, 2.3927, 1.12085e-08, 1.76858e-08, 0.0038705, 2.25322, 17.5117, 20.1563, 0.120285, 8.00826e-09, 2.0587e-06, 1.69268, 5.98383, 6.61137, 16.7733, 14.8736, 9.64099e-06, 0.000138467, 0.000243884, 0.000287719, 0.00121709, 0.00191147, 0.00329919, 0.004274, 3.08377e-07, 3.00134e-05, 

1.77806e-07, 1.80663e-07, 0.0244534, 1.35742, 2.05209, 6.82094, 0.00749559, 1.36598e-06, 1.36599e-06, 0.0287251, 0.959681, 2.3927, 5.51852, 12.4761, 1.12085e-08, 1.76858e-08, 0.0038705, 0.120285, 16.6488, 20.1563, 14.5031, 8.00826e-09, 2.0587e-06, 1.69268, 3.49292, 6.11546, 6.61137, 14.8736, 9.64099e-06, 0.000138467, 0.000243884, 0.000287719, 0.00121709, 0.00191147, 0.00329919, 0.004274, 3.08377e-07, 3.00134e-05, 

1.75577e-07, 1.77806e-07, 0.00195845, 0.0244534, 1.35742, 2.05209, 21.1301, 1.36598e-06, 1.36599e-06, 0.0287251, 0.206786, 5.51852, 12.4761, 0.0388559, 6.57885e-09, 1.12085e-08, 0.0038705, 0.120285, 10.9936, 16.6488, 20.1563, 8.00826e-09, 5.95667e-08, 1.69268, 3.06145, 6.11546, 6.61137, 1.29098, 9.64099e-06, 0.000138467, 0.000243884, 0.000287719, 0.00121709, 0.00191147, 0.00329919, 0.004274, 3.08377e-07, 3.00134e-05, 

1.75577e-07, 1.77357e-07, 0.00165783, 0.0244534, 2.05209, 21.1301, 18.574, 1.36598e-06, 1.36599e-06, 0.0388559, 0.206786, 1.36567, 6.07345, 3.82815, 6.57885e-09, 1.12085e-08, 0.0038705, 0.120285, 13.9533, 19.1709, 1.0406, 8.00826e-09, 2.45564e-08, 1.69268, 3.06145, 6.11546, 6.61137, 19.7798, 9.64099e-06, 0.000138467, 0.000243884, 0.000287719, 0.00121709, 0.00191147, 0.00329919, 0.004274, 3.08377e-07, 3.00134e-05, 

1.75577e-07, 1.77357e-07, 0.00165783, 0.0244534, 2.05209, 9.39785, 17.9638, 1.36597e-06, 1.36598e-06, 0.0388559, 0.206786, 1.29848, 6.01714, 20.1605, 6.57885e-09, 1.12085e-08, 0.0038705, 0.120285, 1.0406, 13.9533, 19.1709, 8.00826e-09, 1.41571e-08, 1.69268, 3.06145, 6.11546, 6.61137, 19.7798, 9.64099e-06, 0.000138467, 0.000243884, 0.000287719, 0.00121709, 0.00191147, 0.00329919, 0.004274, 3.08377e-07, 3.00134e-05, 

1.75577e-07, 1.77357e-07, 0.00165783, 0.0244534, 2.05209, 9.39785, 0.000611065, 1.36597e-06, 1.36598e-06, 0.0388559, 0.206786, 1.29848, 6.01714, 20.1605, 6.57885e-09, 1.12085e-08, 0.0038705, 0.120285, 1.0406, 7.80236, 8.7871, 8.00826e-09, 1.41571e-08, 1.69268, 6.11546, 6.61137, 11.3333, 9.90471, 9.64099e-06, 0.000138467, 0.000243884, 0.000287719, 0.00121709, 0.00191147, 0.00329919, 0.004274, 3.08377e-07, 3.00134e-05, 

Best:
(5.75854e-06, )

Fitness Evaluations:
2703

End Population
(2.974895e-05), (2.989940e-05), (2.890768e-03), (-1.110441e-02), (1.035088e-01), (-2.161573e+00), (1.755027e-03), (-8.297721e-05), (-8.297751e-05), (-1.399928e-02), (-3.234017e-02), (1.034130e+00), (8.272833e-01), (4.810332e-01), (5.758545e-06), (7.516429e-06), (4.417080e-03), (2.464768e-02), (-9.797746e-01), (-2.139883e-01), (-7.791276e-01), (6.353409e-06), (8.447451e-06), (1.054505e+00), (-1.883334e+00), (-1.870955e+00), (-1.779334e+00), (2.170225e+00), (2.204442e-04), (-8.354320e-04), (1.108743e-03), (1.204269e-03), (-2.476874e-03), (-3.104045e-03), (-4.078056e-03), (-4.641628e-03), (3.942564e-05), (-3.889513e-04), 