Iterations: 50
Function Evaluations Limit: 150000
Population: 50

Prides Length: 4

Percent Nomads: 0.2
Percent Roaming: 0.2
Percent Sex: 0.8

Mating Rate: 0.3
Mutation Probability: 0.2
Immigration Rate: 0.4

Percent Group Influence: 0.4
Annealing On: true
Ranked Selection Pressure: 2
Near To Best Random Pressure: 2

Dimensions: 2
N-Dimension Space: -20:20

Fitness Iterations:
0.0876053 (Initial Best)

0.907943, 0.199896, 1.00603, 0.646541, 0.774491, 0.538481, 1.07255, 1.67524, 1.34123, 1.0819, 0.744019, 0.397217, 1.72634, 1.42931, 1.07801, 1.94459, 0.0876053, 1.78326, 1.51747, 0.0979109, 1.98578, 0.477057, 0.919215, 1.91378, 1.6653, 1.05489, 1.31001, 0.789427, 0.924704, 0.395406, 0.364027, 1.28779, 0.47977, 1.04998, 0.777109, 0.722453, 1.07515, 1.25675, 1.71519, 0.777621, 1.03009, 1.09781, 0.777687, 1.62491, 1.47659, 1.10794, 1.66013, 0.211786, 0.731483, 0.29642, 

0.0862713, 0.33563, 0.538481, 0.646541, 0.774491, 1.0819, 0.465568, 0.731483, 0.777621, 0.117536, 0.224523, 0.415909, 0.0163687, 0.0979109, 1.09839, 1.10153, 1.81346, 0.0788454, 0.29642, 0.880534, 0.13146, 0.211786, 0.356282, 0.395406, 0.919215, 1.13027, 1.3727, 1.03183, 0.315334, 0.789427, 0.364027, 0.6169, 0.504282, 0.722453, 0.777109, 1.20203, 0.887408, 1.00603, 0.724412, 0.789485, 0.199896, 0.830564, 0.363174, 0.744019, 0.499228, 0.777687, 0.820844, 0.978926, 1.04998, 1.05489, 

0.0862713, 0.33563, 0.117536, 0.174542, 0.538481, 0.547157, 1.02875, 0.0613468, 0.465568, 0.774491, 0.211786, 0.415909, 0.0163687, 0.29642, 0.806508, 1.09839, 0.921646, 0.217658, 0.566872, 0.646541, 0.13146, 0.0516639, 0.395406, 0.919215, 1.3727, 0.882841, 0.9785, 0.0788454, 0.315334, 0.0979109, 0.363174, 0.499228, 0.471579, 0.504282, 0.724412, 1.20203, 0.550367, 0.777109, 0.722453, 0.356282, 0.199896, 0.224523, 0.364027, 0.6169, 0.603055, 0.744019, 0.777687, 0.820844, 0.777621, 0.789485, 

0.0862713, 0.199896, 0.0613468, 0.538481, 0.547157, 0.774491, 1.11579, 0.0979109, 0.315334, 0.447625, 0.211786, 0.224523, 0.0163687, 0.217658, 0.250108, 1.09839, 0.198333, 0.465568, 0.174542, 0.0788454, 0.0516639, 0.13146, 0.301867, 0.395406, 0.595076, 1.10451, 0.648134, 0.117536, 0.0774777, 0.356282, 0.271989, 0.363174, 0.428673, 0.471579, 0.504282, 0.722453, 0.724412, 0.29642, 0.550367, 0.646541, 0.33563, 0.330943, 0.364027, 0.382666, 0.387528, 0.415909, 0.533495, 0.603055, 0.742956, 0.777109, 

0.0862713, 0.0956146, 0.0979109, 0.315334, 0.447625, 0.547157, 0.758078, 0.0613468, 0.392031, 0.198453, 0.211786, 0.224523, 0.174542, 0.217658, 0.250108, 0.465568, 1.01824, 0.0774777, 0.595076, 0.0163687, 0.0516639, 0.13146, 0.117536, 0.301867, 0.395406, 1.10451, 0.58732, 0.0788454, 0.471579, 0.302045, 0.199896, 0.327127, 0.29642, 0.428673, 0.504282, 0.646541, 0.724412, 0.356282, 0.198333, 0.538481, 0.185771, 0.271989, 0.22738, 0.363174, 0.33563, 0.364027, 0.382666, 0.387528, 0.610822, 0.648134, 

0.0494641, 0.0956146, 0.0613468, 0.447625, 0.758078, 0.152135, 0.629572, 0.29642, 0.0163687, 0.30646, 0.185771, 0.224523, 0.0774777, 0.251346, 0.465568, 1.01824, 0.841927, 0.198453, 0.250108, 0.174542, 0.0516639, 0.13146, 0.117536, 0.301867, 0.395406, 0.58732, 1.02492, 0.302045, 0.0768524, 0.0979109, 0.199896, 0.22738, 0.286531, 0.474302, 0.504282, 0.724412, 0.907056, 0.217658, 0.198333, 0.0788454, 0.0862713, 0.211786, 0.327127, 0.23933, 0.271989, 0.325355, 0.33563, 0.364027, 0.392031, 0.428673, 

0.0494641, 0.0956146, 0.0163687, 0.0613468, 0.152135, 0.29642, 0.629572, 0.428673, 0.447625, 0.234954, 0.0862713, 0.143935, 0.0774777, 0.251346, 0.465568, 0.841231, 1.01463, 0.0979109, 0.286531, 0.392031, 0.0516639, 0.127699, 0.0768524, 0.250176, 0.301867, 0.58732, 1.27616, 0.198453, 0.174542, 0.302045, 0.199896, 0.22738, 0.0788454, 0.217658, 0.474302, 0.495571, 0.834538, 0.190444, 0.198333, 0.117536, 0.185771, 0.13146, 0.224523, 0.211786, 0.271989, 0.325355, 0.327127, 0.33563, 0.504282, 0.558828, 

0.0494641, 0.0956146, 0.0163687, 0.152135, 0.234954, 0.29642, 0.428673, 0.198333, 0.251346, 0.0774777, 0.0862713, 0.143935, 0.0979109, 0.220446, 0.286531, 1.01463, 1.95328, 0.0788454, 0.217658, 0.198453, 0.0516639, 0.127699, 0.0768524, 0.174542, 0.250176, 0.302045, 0.446211, 0.447625, 0.301867, 0.327651, 0.185771, 0.199896, 0.107922, 0.190444, 0.474302, 0.834538, 0.689241, 0.0613468, 0.392031, 0.504282, 0.13146, 0.194839, 0.211786, 0.224523, 0.271989, 0.325355, 0.327127, 0.33563, 0.558828, 0.58732, 

0.0494641, 0.0956146, 0.198333, 0.234954, 0.251346, 0.29642, 0.428673, 0.302045, 0.0163687, 0.327651, 0.0862713, 0.0991018, 0.0788454, 0.198453, 0.220446, 0.286531, 1.54881, 0.205306, 0.190444, 0.411574, 0.0516639, 0.127699, 0.0768524, 0.174542, 0.250176, 0.301867, 0.446211, 0.152135, 0.0979109, 0.392031, 0.185771, 0.199896, 0.0613468, 0.107922, 0.474302, 0.689241, 1.27742, 0.217658, 0.226647, 0.0774777, 0.13146, 0.194839, 0.211786, 0.224523, 0.271989, 0.325355, 0.327127, 0.33563, 0.440303, 0.504282, 

0.0369626, 0.0956146, 0.0163687, 0.29642, 0.302045, 0.327651, 0.460696, 0.0788454, 0.174542, 0.226647, 0.0862713, 0.0991018, 0.190444, 0.205306, 0.286531, 0.411574, 1.56257, 0.234954, 0.0613468, 0.198453, 0.0516639, 0.127699, 0.0768524, 0.152135, 0.392031, 0.446211, 1.11061, 0.22993, 0.198333, 0.251346, 0.13146, 0.199896, 0.0774777, 0.107922, 0.217658, 0.817508, 0.85593, 0.220446, 0.0979109, 0.236678, 0.0494641, 0.185771, 0.211604, 0.211786, 0.224523, 0.271989, 0.284128, 0.325355, 0.301867, 0.428673, 

0.0163155, 0.0167773, 0.0163687, 0.0788454, 0.226647, 0.302045, 0.827898, 0.236678, 0.0601927, 0.0768524, 0.0862713, 0.0991018, 0.0613468, 0.190444, 0.205306, 0.340457, 0.352676, 0.286531, 0.217658, 0.301867, 0.0494641, 0.127699, 0.152135, 0.198333, 0.22993, 0.251346, 0.218281, 0.174542, 0.29642, 0.220446, 0.13146, 0.199896, 0.0774777, 0.107922, 0.712647, 0.817508, 1.24981, 0.198453, 0.234954, 0.0979109, 0.0369626, 0.0956146, 0.0516639, 0.185771, 0.211604, 0.211786, 0.284128, 0.325355, 0.327651, 0.392031, 

0.0163155, 0.0167773, 0.0163687, 0.156931, 0.226647, 0.81361, 0.68542, 0.0601927, 0.174542, 0.198453, 0.0862713, 0.0956146, 0.0613468, 0.217658, 0.286531, 0.340457, 1.2699, 0.0768524, 0.190444, 0.234954, 0.0369626, 0.0516639, 0.198333, 0.218281, 0.22993, 1.27906, 0.992649, 0.107922, 0.205306, 0.220446, 0.13146, 0.185771, 0.0774777, 0.0979109, 0.712647, 0.867811, 1.09309, 0.0822844, 0.152135, 0.0788454, 0.0494641, 0.127699, 0.0991018, 0.199896, 0.211604, 0.211786, 0.284128, 0.325355, 0.236678, 0.251346, 

0.0163155, 0.0167773, 0.0163687, 0.156931, 0.174542, 0.455751, 1.10043, 0.226647, 0.184572, 0.198453, 0.0862713, 0.0956146, 0.103759, 0.190444, 0.234954, 0.340457, 0.842833, 0.220446, 0.218281, 0.107922, 0.0369626, 0.0516639, 0.198333, 0.205306, 1.11427, 0.239026, 0.692667, 0.0979109, 0.152135, 0.0601927, 0.0494641, 0.127699, 0.0774777, 0.0788454, 0.0822844, 1.68242, 0.461251, 0.0613468, 0.217658, 0.0768524, 0.13146, 0.0991018, 0.185771, 0.188917, 0.199896, 0.211604, 0.211786, 0.284128, 0.22993, 0.236678, 

0.0139643, 0.0167773, 0.174542, 0.184572, 0.455751, 1.09729, 1.0669, 0.0979109, 0.152135, 0.217658, 0.0291295, 0.0956146, 0.103759, 0.107922, 0.218281, 0.220446, 0.340457, 0.190444, 0.198453, 0.0601927, 0.0369626, 0.0516639, 0.198333, 0.239026, 0.808899, 1.01913, 0.835167, 0.0768524, 0.156931, 0.0774777, 0.0494641, 0.127699, 0.0526113, 0.0788454, 0.0822844, 0.461251, 1.31511, 0.205306, 0.0163687, 0.0613468, 0.0862713, 0.0991018, 0.13146, 0.185771, 0.199896, 0.211604, 0.211786, 0.212212, 0.226647, 0.22993, 

0.0139643, 0.0167773, 0.174542, 0.357168, 1.0669, 1.09729, 0.611093, 0.0774777, 0.0788454, 0.198333, 0.0291295, 0.0862713, 0.0601927, 0.103759, 0.107922, 0.218281, 0.813271, 0.156931, 0.0526113, 0.0979109, 0.0369626, 0.0516639, 0.239026, 0.79688, 0.868296, 1.04585, 1.20028, 0.152135, 0.184572, 0.0613468, 0.0494641, 0.0902577, 0.0163687, 0.205306, 0.461251, 1.20203, 0.980152, 0.0822844, 0.163276, 0.0768524, 0.0956146, 0.127699, 0.13146, 0.185771, 0.199896, 0.211604, 0.211786, 0.212212, 0.198453, 0.206815, 

0.0136586, 0.0139643, 0.0774777, 0.174542, 0.611093, 1.09729, 0.166422, 0.184572, 0.0788454, 0.163276, 0.0291295, 0.0862713, 0.0979109, 0.103759, 0.218281, 1.16049, 0.330358, 0.0526113, 0.0601927, 0.138349, 0.0369626, 0.0516639, 0.0613468, 0.239026, 1.11519, 1.37294, 0.321709, 0.198453, 0.198333, 0.0822844, 0.0494641, 0.0902577, 0.0163687, 0.0768524, 0.419569, 0.461251, 1.16307, 0.152135, 0.156931, 0.107922, 0.0956146, 0.127699, 0.13146, 0.185771, 0.199896, 0.211604, 0.211786, 0.212212, 0.205306, 0.206815, 

0.0136586, 0.013953, 0.163276, 0.184572, 0.478424, 0.611093, 1.66209, 0.107922, 0.198333, 0.0526113, 0.0291295, 0.0624866, 0.0756427, 0.0979109, 0.138349, 0.218281, 0.584286, 0.0601927, 0.103759, 0.152135, 0.0369626, 0.0516639, 0.0613468, 0.0822844, 0.321709, 1.00201, 1.20228, 0.0163687, 0.0788454, 0.0768524, 0.0494641, 0.0862713, 0.156931, 0.419569, 1.11525, 0.820134, 0.551972, 0.166422, 0.0774777, 0.0995364, 0.0902577, 0.0956146, 0.127699, 0.13146, 0.137832, 0.185771, 0.199896, 0.211604, 0.198453, 0.202518, 

0.0136586, 0.013953, 0.0526113, 0.163276, 0.478424, 0.513653, 0.797782, 0.0601927, 0.138349, 0.198333, 0.0291295, 0.0624866, 0.0756427, 0.103759, 0.152135, 0.584286, 0.783403, 0.0979109, 0.198453, 0.0613468, 0.0369626, 0.0516639, 0.0163687, 0.0788454, 0.0822844, 0.321709, 0.727856, 0.0774777, 0.202518, 0.0768524, 0.0494641, 0.0862713, 0.156931, 0.166422, 0.419569, 1.06341, 0.796464, 0.0995364, 0.107922, 0.184572, 0.0902577, 0.0956146, 0.127699, 0.13146, 0.137832, 0.185771, 0.199896, 0.211604, 

0.0135696, 0.0136586, 0.0601927, 0.138349, 0.478424, 0.513653, 1.28628, 0.0291295, 0.0516639, 0.0756427, 0.0979109, 0.103759, 0.198453, 0.736575, 0.0369626, 0.0401614, 0.0163687, 0.0768524, 0.0774777, 0.202518, 0.727856, 0.0494641, 0.0862713, 0.0995364, 0.184572, 0.419569, 1.06341, 1.02053, 0.0624866, 0.0902577, 0.0956146, 0.121816, 0.13146, 0.137832, 0.185771, 0.199896, 0.0526113, 0.0613468, 

0.0135696, 0.0136586, 0.0601927, 0.138349, 0.478424, 0.513653, 1.03002, 0.0291295, 0.0516639, 0.0756427, 0.0979109, 0.198453, 0.251271, 1.08021, 0.0369626, 0.0401614, 0.0163687, 0.0768524, 0.0774777, 0.202518, 1.78609, 0.0494641, 0.0604303, 0.0995364, 0.184572, 0.900338, 0.987139, 0.314053, 0.0862713, 0.0624866, 0.0902577, 0.0956146, 0.121816, 0.137832, 0.185771, 0.199896, 0.0526113, 0.0613468, 

0.0134779, 0.0135696, 0.0601927, 0.138349, 0.478424, 0.513653, 0.0227684, 0.0291295, 0.0297654, 0.0756427, 0.0979109, 0.198453, 0.251271, 1.37382, 0.0369626, 0.0401614, 0.0163687, 0.0768524, 0.0774777, 0.202518, 1.63181, 0.0494641, 0.0604303, 0.184572, 0.314053, 0.385856, 0.900338, 1.39104, 0.0516639, 0.0624866, 0.0862713, 0.0902577, 0.0956146, 0.121816, 0.137832, 0.185771, 0.0526113, 0.0613468, 

0.0134014, 0.0134779, 0.0227684, 0.0601927, 0.138349, 0.513653, 0.708951, 0.0291295, 0.0297654, 0.0979109, 0.198453, 0.251271, 0.971828, 1.31215, 0.0369626, 0.0401614, 0.0163687, 0.0768524, 0.0774777, 0.999158, 1.94315, 0.0494641, 0.0516639, 0.184572, 0.385856, 0.900338, 1.20203, 1.91355, 0.0604303, 0.0624866, 0.0862713, 0.0902577, 0.0956146, 0.121816, 0.137832, 0.185771, 0.0526113, 0.0613468, 

0.0134014, 0.0134779, 0.0227684, 0.0601927, 0.138349, 0.708951, 0.984829, 0.0291295, 0.0297654, 0.0979109, 0.198453, 0.82924, 0.971828, 1.73504, 0.0369626, 0.0401614, 0.0163687, 0.0768524, 0.0774777, 0.190587, 1.65694, 0.0494641, 0.0516639, 0.184572, 0.385856, 0.900338, 1.20203, 1.41299, 0.0604303, 0.0624866, 0.0862713, 0.0902577, 0.0956146, 0.121816, 0.137832, 0.185771, 0.0526113, 0.0613468, 

0.0134014, 0.0134776, 0.0227684, 0.0601927, 0.138349, 0.708951, 0.860612, 0.0291295, 0.0297654, 0.0979109, 0.198453, 0.82924, 0.971828, 1.39441, 0.0369626, 0.0401614, 0.0163687, 0.0774777, 0.190587, 1.03359, 1.55708, 0.0494641, 0.0516639, 0.184572, 0.385856, 0.693426, 0.903729, 1.21409, 0.0604303, 0.0624866, 0.0862713, 0.0902577, 0.0956146, 0.121816, 0.137832, 0.185771, 0.0526113, 0.0613468, 

0.0134014, 0.0134776, 0.0227684, 0.138349, 0.708951, 0.860612, 1.66403, 0.0174523, 0.0155557, 0.0302602, 0.198453, 0.613139, 0.971828, 0.752538, 0.0318306, 0.0369626, 0.0163687, 0.0774777, 0.190587, 1.03359, 0.838123, 0.0494641, 0.0516639, 0.184572, 0.385856, 0.612809, 0.693426, 1.14716, 0.0604303, 0.0624866, 0.0862713, 0.0902577, 0.0956146, 0.121816, 0.137832, 0.185771, 0.0526113, 0.0613468, 

0.0134014, 0.0134776, 0.0227684, 0.126496, 0.691934, 0.708951, 1.87583, 0.0155557, 0.0174523, 0.198453, 0.613139, 0.752538, 0.917709, 1.44861, 0.0318306, 0.0369626, 0.0774777, 0.190587, 0.6326, 0.838123, 1.0337, 0.0329421, 0.0516639, 0.184572, 0.385856, 0.612809, 1.14716, 0.887543, 0.0494641, 0.0604303, 0.0624866, 0.0862713, 0.0902577, 0.121816, 0.137832, 0.185771, 0.0526113, 0.0613468, 

0.0133585, 0.0134014, 0.0227684, 0.502652, 0.691934, 0.952049, 1.89465, 0.0155557, 0.0174523, 0.198453, 0.613139, 0.84653, 1.44861, 0.891941, 0.0318306, 0.0369626, 0.0527704, 0.0774777, 0.6326, 0.838123, 1.07084, 0.0329421, 0.0494641, 0.184572, 0.385856, 0.612809, 0.654588, 0.988036, 0.0516639, 0.0604303, 0.0624866, 0.0862713, 0.0902577, 0.121816, 0.137832, 0.185771, 0.0526113, 0.0613468, 

0.0133585, 0.0134014, 0.502652, 0.691934, 0.952049, 1.46374, 0.751276, 0.0155557, 0.0174523, 0.0117771, 0.198453, 0.593355, 0.891941, 1.19239, 0.0318306, 0.0369626, 0.0527704, 0.0774777, 0.6326, 0.838123, 1.07084, 0.0329421, 0.0494641, 0.184572, 0.385856, 0.654588, 0.988036, 0.877471, 0.0516639, 0.0604303, 0.0624866, 0.0862713, 0.0902577, 0.121816, 0.137832, 0.185771, 0.0227684, 0.0526113, 

0.0133585, 0.0134014, 0.238848, 0.751276, 0.952049, 1.16774, 0.780892, 0.0155557, 0.0174523, 0.198453, 0.593355, 0.891941, 1.19239, 0.0760371, 0.0318306, 0.0369626, 0.0527704, 0.0774777, 0.6326, 1.07084, 0.777255, 0.0329421, 0.0494641, 0.184572, 0.385856, 0.654588, 0.988036, 1.35267, 0.0312945, 0.0516639, 0.0604303, 0.0624866, 0.0862713, 0.0902577, 0.121816, 0.137832, 0.0117771, 0.0227684, 

0.0133585, 0.0134014, 0.242208, 0.74304, 0.952049, 1.16774, 1.09457, 0.0155557, 0.0174523, 0.198453, 0.593355, 0.891941, 1.19239, 1.45619, 0.0318306, 0.0369626, 0.0527704, 0.0774777, 0.6326, 0.777255, 1.07084, 0.0329421, 0.0494641, 0.116854, 0.184572, 0.385856, 0.654588, 1.96279, 0.0312945, 0.0516639, 0.0604303, 0.0624866, 0.0862713, 0.0902577, 0.121816, 0.137832, 0.0117771, 0.0227684, 

0.0133545, 0.0133585, 0.242208, 0.670744, 0.682413, 1.16774, 0.106034, 0.0155557, 0.0174523, 0.16764, 0.198453, 0.891941, 1.05065, 0.85586, 0.0318306, 0.0362999, 0.0527704, 0.0774777, 0.6326, 0.777255, 1.72574, 0.0329421, 0.0494641, 0.116854, 0.184572, 0.385856, 0.654588, 0.920999, 0.0312945, 0.0516639, 0.0604303, 0.0624866, 0.0862713, 0.0902577, 0.121816, 0.137832, 0.0117771, 0.0227684, 

0.0133519, 0.0133545, 0.242208, 0.670744, 0.682413, 1.16774, 1.89619, 0.0155557, 0.0174523, 0.198453, 0.495753, 0.85586, 0.891941, 1.71023, 0.0318306, 0.0362999, 0.0527704, 0.330877, 0.6326, 0.730265, 1.77356, 0.0329421, 0.0494641, 0.116854, 0.184572, 0.385856, 0.654588, 1.52004, 0.0312945, 0.0516639, 0.0604303, 0.0624866, 0.0862713, 0.0902577, 0.121816, 0.137832, 0.0117771, 0.0227684, 

0.0133506, 0.0133519, 0.242208, 0.670744, 0.682413, 1.14572, 1.88747, 0.0155557, 0.0174523, 0.198453, 0.495753, 0.588464, 0.697701, 0.515839, 0.0318306, 0.0362999, 0.0527704, 0.6326, 0.730265, 0.931498, 1.81641, 0.0312945, 0.0494641, 0.116854, 0.184572, 0.654588, 1.09887, 0.403941, 0.0329421, 0.0516639, 0.0604303, 0.0624866, 0.0862713, 0.0902577, 0.121816, 0.137832, 0.0117771, 0.0227684, 

0.0133506, 0.0133519, 0.242208, 0.670744, 0.682413, 0.739915, 1.14572, 0.0155557, 0.0174523, 0.0913373, 0.198453, 0.515839, 0.588464, 1.57406, 0.0318306, 0.0362999, 0.0527704, 0.6326, 0.730265, 0.761961, 0.889381, 0.0312945, 0.0494641, 0.116854, 0.403941, 0.595575, 0.654588, 0.228422, 0.0329421, 0.0516639, 0.0604303, 0.0624866, 0.0862713, 0.0902577, 0.121816, 0.137832, 0.0117771, 0.0227684, 

0.0133506, 0.0133514, 0.242208, 0.387119, 0.670744, 1.14572, 0.66379, 0.0155557, 0.0174523, 0.0913373, 0.198453, 0.515839, 0.588464, 1.00632, 0.0318306, 0.0362999, 0.0527704, 0.133586, 0.730265, 0.761961, 0.889381, 0.0312945, 0.0494641, 0.116854, 0.228422, 0.403941, 0.595575, 0.654588, 0.0329421, 0.0516639, 0.0604303, 0.0624866, 0.0862713, 0.0902577, 0.121816, 0.137832, 0.0117771, 0.0227684, 

0.0133506, 0.0133514, 0.223553, 0.284929, 0.387119, 0.66379, 1.22464, 0.0155557, 0.0174523, 0.0201811, 0.121746, 0.198453, 1.00632, 1.84505, 0.0318306, 0.0362999, 0.0527704, 0.730265, 0.761961, 0.889381, 1.08952, 0.0312945, 0.0494641, 0.116854, 0.228422, 0.403941, 0.595575, 0.654588, 0.0329421, 0.0516639, 0.0561604, 0.0624866, 0.0862713, 0.0902577, 0.121816, 0.137832, 0.0117771, 0.0227684, 

0.0133506, 0.0133514, 0.17826, 0.255433, 0.387119, 1.20203, 1.71299, 0.0155557, 0.0174523, 0.121746, 0.198453, 1.00632, 1.06887, 0.509654, 0.0318306, 0.0362999, 0.0527704, 0.289465, 0.414479, 0.508207, 1.05725, 0.0312945, 0.0329421, 0.0857896, 0.116854, 0.403941, 0.595575, 1.11827, 0.0494641, 0.0503482, 0.0516639, 0.0561604, 0.0624866, 0.0902577, 0.121816, 0.137832, 0.0117771, 0.0201811, 

0.0133503, 0.0133506, 0.17826, 0.255433, 0.387119, 0.717847, 1.26023, 0.0155557, 0.0174523, 0.198453, 0.446401, 0.509654, 1.06887, 0.889805, 0.0318306, 0.0362999, 0.0919766, 0.289465, 0.414479, 0.754787, 0.873527, 0.0312945, 0.0329421, 0.0857896, 0.116854, 0.403941, 1.11827, 0.840752, 0.0494641, 0.0503482, 0.0516639, 0.0561604, 0.0624866, 0.0902577, 0.121816, 0.137832, 0.0117771, 0.0201811, 

0.0133503, 0.0133503, 0.17826, 0.387119, 0.515413, 1.26023, 0.0355712, 0.0155557, 0.0174523, 0.182325, 0.198453, 0.500478, 0.889805, 1.02027, 0.0148301, 0.0362999, 0.0919766, 0.289465, 0.414479, 0.873527, 0.665574, 0.0312945, 0.0329421, 0.0484629, 0.0857896, 0.195966, 1.11827, 1.50164, 0.0318306, 0.0503482, 0.0516639, 0.0561604, 0.0624866, 0.0902577, 0.121816, 0.137832, 0.0117771, 0.0201811, 

0.0123457, 0.0133503, 0.17826, 0.387119, 0.515413, 0.780812, 1.18946, 0.0155557, 0.0174523, 0.182325, 0.198453, 0.500478, 0.889805, 0.133319, 0.0148301, 0.0362999, 0.0919766, 0.289465, 0.414479, 0.665574, 0.873527, 0.0312945, 0.0329421, 0.0484629, 0.0857896, 1.11827, 1.45516, 1.13426, 0.0318306, 0.0503482, 0.0516639, 0.0561604, 0.0624866, 0.0902577, 0.121816, 0.137832, 0.0117771, 0.0201811, 

0.0123457, 0.0133503, 0.17826, 0.238079, 0.387119, 1.18946, 1.75516, 0.0155557, 0.0174523, 0.133319, 0.182325, 0.198453, 0.889805, 1.74089, 0.0148301, 0.0362999, 0.0919766, 0.289465, 0.414479, 0.665574, 0.764211, 0.0312945, 0.0329421, 0.0484629, 0.0857896, 1.04936, 1.13426, 1.85745, 0.0318306, 0.0503482, 0.0516639, 0.0561604, 0.0624866, 0.0902577, 0.121816, 0.137832, 0.0117771, 0.0201811, 

0.0123457, 0.0133503, 0.17826, 0.195651, 0.238079, 0.387119, 0.782291, 0.0155557, 0.0174523, 0.133319, 0.182325, 0.198453, 0.889805, 1.20203, 0.0148301, 0.0318306, 0.0919766, 0.289465, 0.389965, 0.764211, 1.25696, 0.0312945, 0.0329421, 0.0484629, 0.970516, 1.13426, 1.16112, 0.814133, 0.0362999, 0.0503482, 0.0516639, 0.0561604, 0.0624866, 0.0902577, 0.121816, 0.137832, 0.0117771, 0.0201811, 

0.0123457, 0.0133503, 0.195651, 0.238079, 0.387119, 0.782291, 0.155652, 0.0155557, 0.0174523, 0.133319, 0.182325, 0.889805, 1.20203, 0.0827028, 0.0148301, 0.0318306, 0.0919766, 0.289465, 0.389965, 0.764211, 1.08312, 0.0312945, 0.0329421, 0.0484629, 0.814133, 0.850733, 1.13426, 1.99437, 0.0362999, 0.0503482, 0.0516639, 0.0561604, 0.0624866, 0.0902577, 0.121816, 0.137832, 0.0117771, 0.0201811, 

0.0123457, 0.0133503, 0.155652, 0.195651, 0.387119, 0.782291, 1.88532, 0.0155557, 0.0174523, 0.0827028, 0.156242, 0.889805, 1.20203, 1.45387, 0.0148301, 0.0318306, 0.0919766, 0.289465, 0.389965, 0.764211, 0.917236, 0.0312945, 0.0329421, 0.287013, 0.814133, 0.850733, 1.13426, 1.65254, 0.0362999, 0.0503482, 0.0516639, 0.0561604, 0.0624866, 0.0902577, 0.121816, 0.137832, 0.0117771, 0.0201811, 

0.0123457, 0.0130953, 0.155652, 0.195651, 0.387119, 0.782291, 1.95928, 0.0155557, 0.0174523, 0.0827028, 0.597705, 0.704036, 0.939361, 0.999447, 0.0148301, 0.0318306, 0.129142, 0.389965, 0.764211, 0.917236, 0.219539, 0.0312945, 0.0329421, 0.287013, 0.380534, 0.814133, 1.13426, 1.04004, 0.0362999, 0.0503482, 0.0516639, 0.0561604, 0.0624866, 0.0902577, 0.121816, 0.137832, 0.0117771, 0.0201811, 

0.0123457, 0.0130953, 0.155652, 0.195651, 0.387119, 1.20105, 0.100668, 0.0155557, 0.0174523, 0.0827028, 0.246695, 0.597705, 0.704036, 1.70662, 0.0148301, 0.0318306, 0.129142, 0.219539, 0.764211, 0.917236, 1.35927, 0.0312945, 0.0329421, 0.287013, 0.380534, 0.66403, 0.814133, 0.135565, 0.0362999, 0.0503482, 0.0516639, 0.0561604, 0.0624866, 0.0902577, 0.121816, 0.137832, 0.0117771, 0.0201811, 

0.0123457, 0.0130953, 0.100668, 0.155652, 0.387119, 1.20105, 1.82006, 0.0155557, 0.0174523, 0.0827028, 0.228031, 0.597705, 0.704036, 0.911002, 0.0148301, 0.0318306, 0.129142, 0.219539, 0.764211, 0.917236, 1.10192, 0.0312945, 0.0329421, 0.0678638, 0.287013, 0.291192, 0.380534, 0.47092, 0.0362999, 0.0503482, 0.0516639, 0.0561604, 0.0624866, 0.0902577, 0.121816, 0.137832, 0.0117771, 0.0201811, 

0.0123457, 0.0130953, 0.13314, 0.155652, 0.208112, 1.20105, 0.0324456, 0.0155557, 0.0174523, 0.0827028, 0.228031, 0.597705, 0.704036, 0.988692, 0.0148301, 0.0318306, 0.129142, 0.219539, 0.553955, 0.917236, 1.26844, 0.0299657, 0.0312945, 0.0678638, 0.287013, 0.291192, 0.380534, 0.900032, 0.0362999, 0.0503482, 0.0516639, 0.0561604, 0.0624866, 0.0902577, 0.121816, 0.137832, 0.0117771, 0.0201811, 

0.0123457, 0.0130953, 0.13314, 0.155652, 0.208112, 0.530376, 1.1246, 0.0155557, 0.0174523, 0.0827028, 0.228031, 0.704036, 0.988692, 0.615316, 0.0148301, 0.0318306, 0.129142, 0.553955, 0.917236, 1.11586, 0.474804, 0.0299657, 0.0312945, 0.0678638, 0.287013, 0.291192, 0.380534, 0.900032, 0.0362999, 0.0503482, 0.0516639, 0.0561604, 0.0624866, 0.0902577, 0.121816, 0.137832, 0.0117771, 0.0201811, 

0.0123457, 0.0130953, 0.129734, 0.13314, 0.155652, 0.506922, 0.0920939, 0.0155557, 0.0174523, 0.0827028, 0.615316, 0.704036, 0.988692, 0.543069, 0.0148301, 0.0318306, 0.129142, 0.474804, 0.553955, 0.656542, 1.23432, 0.0299657, 0.0312945, 0.0678638, 0.291192, 0.380534, 0.900032, 0.648761, 0.0362999, 0.0503482, 0.0516639, 0.0561604, 0.0624866, 0.0902577, 0.121816, 0.137832, 0.0117771, 0.0201811, 

0.0114246, 0.0123457, 0.0920939, 0.129734, 0.155652, 0.506922, 1.1159, 0.0155557, 0.0174523, 0.271816, 0.393825, 0.615316, 0.704036, 1.78545, 0.0148301, 0.0318306, 0.129142, 0.553955, 0.656542, 1.20203, 0.790029, 0.0299657, 0.0312945, 0.0678638, 0.291192, 0.380534, 0.521429, 1.63919, 0.0362999, 0.0503482, 0.0516639, 0.0561604, 0.0624866, 0.0902577, 0.121816, 0.137832, 0.0117771, 0.0201811, 

Best:
(6.22662, -0.0230306, )

Fitness Evaluations:
2609

End Population
(6.226619e+00), (-2.303056e-02), (6.217228e+00), (-4.509714e-02), (2.827794e+00), (-4.830092e+00), (2.976037e+00), (5.108744e+00), (3.380199e-01), (-8.292337e+00), (4.088420e+00), (-5.192922e+00), (7.937620e+00), (-9.401395e+00), (3.163122e+00), (-4.260700e+00), (6.190967e+00), (-1.205849e-01), (2.763403e+00), (1.414127e+01), (1.869048e+01), (-9.955150e+00), (6.681801e+00), (-1.592508e+00), (5.892082e-01), (-7.202908e+00), (1.209220e+01), (-3.626781e+00), (-3.156551e+00), (4.609311e+00), (3.233754e+00), (4.154313e+00), (-6.264693e+00), (-6.971341e-01), (-1.044544e+01), (-1.350162e+01), (1.170432e+01), (-1.886241e+01), (-2.000000e+01), (), (-1.462811e+01), (3.068562e+00), (6.110858e+00), (-1.536972e-01), (2.255568e-01), (-1.562839e-01), (3.481586e+00), (-4.331950e+00), (1.325353e+01), (-8.930769e+00), (3.447570e+00), (-1.443876e+01), (-1.601310e+01), (-1.459568e+01), (-6.737221e-01), (-5.332335e+00), (6.376662e+00), (8.786137e+00), (-3.096146e+00), (1.341633e+01), (-2.357339e-01), (-8.744039e+00), (-2.974935e+00), (-4.816926e+00), (3.369792e+00), (-4.093748e+00), (1.231028e+01), (8.889602e+00), (1.250473e+01), (-1.784204e+01), (6.048289e+00), (6.506242e-01), (-3.156229e+00), (4.568805e+00), (-6.313543e+00), (-1.976433e-01), 