Iterations: 50
Function Evaluations Limit: 150000
Population: 50

Prides Length: 4

Percent Nomads: 0.2
Percent Roaming: 0.2
Percent Sex: 0.8

Mating Rate: 0.3
Mutation Probability: 0.2
Immigration Rate: 0.4

Percent Group Influence: 0.4
Annealing On: true
Ranked Selection Pressure: 2
Near To Best Random Pressure: 2

Dimensions: 2
N-Dimension Space: -20:20

Fitness Iterations:
0.154258 (Initial Best)

0.446141, 0.827001, 0.958639, 1.87773, 1.31797, 0.546206, 1.17579, 0.239546, 1.24644, 1.05302, 0.591131, 0.320604, 1.0184, 0.547989, 0.841543, 1.12493, 1.31855, 0.956611, 1.06988, 1.05804, 2.13935, 0.574795, 0.891746, 1.45028, 1.11165, 0.372609, 1.11108, 0.960028, 1.22933, 0.4902, 1.91458, 1.5904, 0.360501, 0.154258, 0.971524, 0.795836, 0.836398, 1.24321, 0.826282, 1.06601, 0.67343, 1.63274, 0.781841, 1.22766, 1.43192, 1.70833, 1.62711, 1.12001, 0.547983, 1.94374, 

0.106817, 0.517971, 0.206297, 0.386058, 0.656971, 0.958639, 1.17579, 0.591962, 0.372609, 0.938266, 0.130302, 0.320604, 0.102889, 0.396565, 0.956611, 1.12493, 1.31855, 0.891746, 0.263319, 0.836398, 0.574795, 0.67343, 0.4902, 0.960028, 1.19488, 0.205798, 1.07066, 0.878475, 0.547983, 0.137877, 0.384051, 1.05062, 0.154258, 0.360501, 0.826282, 0.971524, 1.046, 1.04071, 0.657013, 0.795836, 0.446141, 0.247998, 1.12751, 0.827001, 0.905387, 0.781841, 1.02298, 1.12746, 1.09718, 1.10995, 

0.106817, 0.247998, 0.206297, 0.372609, 0.656971, 1.7902, 1.99423, 0.0498886, 0.938266, 0.386058, 0.130302, 0.264672, 0.102889, 0.836398, 0.891746, 1.56852, 0.708226, 0.396565, 0.434027, 0.263319, 0.574795, 0.67343, 0.137877, 0.193487, 0.4902, 0.878475, 0.960028, 0.750582, 0.154258, 0.576022, 0.384051, 0.446141, 0.360501, 0.657013, 0.971524, 1.04071, 0.583089, 0.205798, 0.826282, 0.61215, 0.517971, 0.320604, 0.805532, 0.529153, 0.669197, 0.781841, 0.824578, 0.827001, 0.958639, 0.993012, 

0.106817, 0.247998, 0.153631, 0.206297, 0.372609, 0.656971, 1.49099, 0.00811149, 0.0498886, 0.386058, 0.130302, 0.264672, 0.263319, 0.396565, 0.891746, 1.23375, 1.58362, 0.107479, 0.434027, 0.193487, 0.320604, 0.242151, 0.137877, 0.154258, 0.508047, 0.576022, 0.842879, 0.0944768, 0.325847, 0.4902, 0.282605, 0.446141, 0.360501, 0.583089, 0.826282, 0.971524, 0.800649, 0.102889, 0.337228, 0.205798, 0.406304, 0.517971, 0.529153, 0.574795, 0.669197, 0.67343, 0.752897, 0.781841, 0.623297, 0.708226, 

0.106817, 0.247998, 0.00811149, 0.206297, 0.386058, 0.656971, 1.08867, 0.372609, 0.0498886, 0.0932037, 0.130302, 0.264672, 0.0936757, 0.193487, 0.263319, 0.891746, 1.1182, 0.508047, 0.153631, 0.360501, 0.242151, 0.320604, 0.0944768, 0.137877, 0.282657, 0.325847, 1.10484, 0.342701, 0.154258, 0.434027, 0.189377, 0.263915, 0.205798, 0.583089, 0.800649, 1.28035, 1.97419, 0.107479, 0.446873, 0.102889, 0.282605, 0.406304, 0.449041, 0.517971, 0.529153, 0.574795, 0.641789, 0.651342, 0.576022, 0.623297, 

0.0325694, 0.198472, 0.00811149, 0.0932037, 0.229954, 0.386058, 1.04603, 0.502109, 0.282657, 0.583089, 0.0801129, 0.264672, 0.0936757, 0.110734, 0.153631, 0.263319, 0.508047, 0.623297, 0.446873, 0.206297, 0.242151, 0.263915, 0.0565629, 0.0944768, 0.137877, 0.154258, 0.325847, 0.524036, 0.576022, 0.434027, 0.189377, 0.110456, 0.107479, 0.205798, 0.800649, 1.2117, 0.0501699, 0.193487, 0.0904221, 0.0498886, 0.106817, 0.130302, 0.320604, 0.282605, 0.406304, 0.449041, 0.517971, 0.529153, 0.656971, 0.704675, 

0.0309025, 0.130302, 0.00811149, 0.282657, 0.386058, 0.432635, 1.04603, 0.110734, 0.0501699, 0.229954, 0.0801129, 0.264672, 0.153631, 0.263319, 0.446873, 0.508047, 0.623297, 0.0932037, 0.206297, 0.193487, 0.106817, 0.149909, 0.0565629, 0.154258, 0.434027, 0.576022, 0.473461, 0.0944768, 0.0936757, 0.0894456, 0.0696944, 0.189377, 0.0498886, 0.0904221, 0.107479, 0.205798, 0.944513, 0.325847, 0.583089, 0.129258, 0.110456, 0.242151, 0.198472, 0.263915, 0.282605, 0.406304, 0.449041, 0.517971, 0.594907, 0.656971, 

0.00261785, 0.110456, 0.110734, 0.238691, 0.432635, 1.00003, 0.624838, 0.153631, 0.0498886, 0.282657, 0.0801129, 0.263915, 0.0932037, 0.0960902, 0.193487, 0.446873, 0.508047, 0.0565629, 0.107479, 0.206297, 0.0700638, 0.0293283, 0.0894456, 0.0936757, 0.434027, 0.576022, 1.01919, 0.00811149, 0.0944768, 0.154258, 0.0696944, 0.189377, 0.0904221, 0.129258, 0.325847, 0.583089, 0.918121, 0.205798, 0.229954, 0.0501699, 0.0309025, 0.106817, 0.130302, 0.198472, 0.242151, 0.264672, 0.282605, 0.300491, 0.330569, 0.440268, 

0.00261785, 0.0309025, 0.110734, 0.153631, 0.238691, 0.282657, 0.624838, 0.0894456, 0.0944768, 0.0932037, 0.0692901, 0.0975691, 0.0565629, 0.0960902, 0.107479, 0.446873, 0.854439, 0.206297, 0.0400233, 0.325847, 0.0293283, 0.0700638, 0.0936757, 0.154258, 1.01919, 1.08759, 0.85363, 0.0498886, 0.180535, 0.129258, 0.0696944, 0.130302, 0.0293735, 0.0501699, 0.229954, 0.918121, 1.03061, 0.193487, 0.217812, 0.00811149, 0.110456, 0.0801129, 0.106817, 0.189377, 0.152955, 0.198472, 0.263915, 0.264672, 0.330569, 0.340731, 

0.00153355, 0.0309025, 0.0894456, 0.0944768, 0.153631, 0.238691, 1.74851, 0.154258, 0.330569, 0.129258, 0.0692901, 0.0801129, 0.0960902, 0.107479, 0.206297, 0.446873, 0.468118, 0.0932037, 0.282657, 0.285395, 0.0293283, 0.0700638, 0.0498886, 0.0936757, 0.180535, 1.04501, 0.483559, 0.0788378, 0.110734, 0.0400233, 0.0696944, 0.106817, 0.0293735, 0.0501699, 0.193487, 0.217812, 1.16196, 0.0565629, 0.325847, 0.00811149, 0.00261785, 0.0975691, 0.130302, 0.110456, 0.152061, 0.152955, 0.180599, 0.189377, 0.340731, 0.580857, 

0.00153355, 0.00261785, 0.0894456, 0.280944, 0.946104, 0.102372, 0.386563, 0.0498886, 0.0293735, 0.153631, 0.0692901, 0.0801129, 0.145943, 0.256549, 0.282657, 0.446873, 1.97958, 0.128476, 0.0936757, 0.00811149, 0.0293283, 0.0700638, 0.0400233, 0.0788378, 0.180535, 0.77136, 0.722379, 0.129258, 0.0960902, 0.0944768, 0.0696944, 0.106817, 0.0501699, 0.0565629, 0.193487, 1.12781, 1.29881, 0.110734, 0.107479, 0.0932037, 0.0309025, 0.0975691, 0.110456, 0.130302, 0.152061, 0.152955, 0.180599, 0.189377, 0.154258, 0.206297, 

0.00153355, 0.00261785, 0.0498886, 0.0760213, 0.280944, 0.782589, 0.678207, 0.0788378, 0.102372, 0.107479, 0.0692901, 0.0801129, 0.00811149, 0.0936757, 0.282657, 0.532643, 1.2751, 0.0894456, 0.0293735, 0.0400233, 0.00108648, 0.0700638, 0.0960902, 0.180535, 0.722379, 1.0407, 1.27885, 0.153631, 0.0501699, 0.145943, 0.0309025, 0.0975691, 0.0565629, 0.0932037, 0.110734, 1.51395, 0.98241, 0.128476, 0.129258, 0.0944768, 0.0293283, 0.0696944, 0.106817, 0.110456, 0.130302, 0.152061, 0.152955, 0.180599, 0.154258, 0.193487, 

0.00153355, 0.00261785, 0.102372, 0.280944, 0.678207, 0.899895, 1.95376, 0.0936757, 0.128476, 0.107479, 0.00473773, 0.0293283, 0.00811149, 0.0894456, 0.282657, 0.471074, 1.87335, 0.0760213, 0.153631, 0.0400233, 0.00108648, 0.0696944, 0.0501699, 0.0960902, 0.145943, 1.0407, 1.49016, 0.129258, 0.110734, 0.0498886, 0.0309025, 0.0975691, 0.0565629, 0.0932037, 0.0944768, 1.26163, 1.82397, 0.0293735, 0.154258, 0.0788378, 0.0554835, 0.0700638, 0.106817, 0.110456, 0.130302, 0.152061, 0.152955, 0.180599, 0.180535, 0.193487, 

0.00153355, 0.0024358, 0.102372, 0.899895, 1.20203, 1.53912, 0.231211, 0.0400233, 0.0760213, 0.0960902, 0.00473773, 0.0293283, 0.0894456, 0.153631, 0.282657, 1.20203, 0.557856, 0.107479, 0.0932037, 0.128476, 0.00108648, 0.0696944, 0.0109875, 0.0498886, 0.0501699, 1.18993, 0.780202, 0.00811149, 0.129258, 0.110734, 0.0309025, 0.0700638, 0.0293735, 0.0565629, 0.0944768, 1.18513, 1.33366, 0.0501926, 0.0936757, 0.0788378, 0.0554835, 0.0975691, 0.106817, 0.110456, 0.130302, 0.152061, 0.152955, 0.180599, 0.145943, 0.154258, 

0.00153355, 0.0024358, 0.0760213, 0.0960902, 0.231211, 1.20203, 1.5805, 0.00473773, 0.0293283, 0.0894456, 0.107479, 0.282657, 1.04222, 1.49773, 0.00108648, 0.0066515, 0.00811149, 0.0498886, 0.0501699, 0.110734, 0.129258, 0.0309025, 0.0554835, 0.0293735, 0.0501926, 0.0565629, 0.0936757, 0.621645, 0.0700638, 0.0975691, 0.106817, 0.110456, 0.118276, 0.130302, 0.152061, 0.152955, 0.0109875, 0.0400233, 

0.00153355, 0.0024358, 0.0760213, 0.0960902, 0.231211, 1.09808, 0.754405, 0.00473773, 0.0184652, 0.107479, 0.157928, 0.158774, 1.1007, 0.0548343, 0.00108648, 0.0066515, 0.00811149, 0.0498886, 0.110734, 0.129258, 1.04623, 0.0309025, 0.0554835, 0.0293735, 0.0565629, 0.0936757, 0.621645, 0.409306, 0.0293283, 0.0700638, 0.0975691, 0.106817, 0.110456, 0.118276, 0.130302, 0.152061, 0.0109875, 0.0400233, 

0.000918337, 0.00153355, 0.0760213, 0.0960902, 0.434137, 0.827246, 1.02333, 0.00473773, 0.0184652, 0.0548343, 0.107479, 0.157928, 1.07695, 1.92011, 0.00108648, 0.0066515, 0.00811149, 0.0498886, 0.110734, 0.129258, 1.04623, 0.0293283, 0.0554835, 0.0565629, 0.0753298, 0.409306, 0.621645, 1.2414, 0.0309025, 0.0700638, 0.0975691, 0.106817, 0.110456, 0.118276, 0.130302, 0.152061, 0.00645036, 0.0109875, 

0.000918337, 0.00153355, 0.0760213, 0.0960902, 0.434137, 1.02333, 0.915113, 0.00473773, 0.0184652, 0.0548343, 0.107479, 0.157928, 0.750351, 1.90056, 0.00108648, 0.0066515, 0.00811149, 0.0498886, 0.110734, 0.129258, 1.20797, 0.0293283, 0.0309025, 0.0565629, 0.409306, 0.487743, 0.621645, 0.746759, 0.0554835, 0.0700638, 0.0975691, 0.106817, 0.110456, 0.118276, 0.130302, 0.152061, 0.00645036, 0.0109875, 

0.000918337, 0.00153355, 0.0760213, 0.315497, 0.434137, 1.02333, 0.637197, 0.00473773, 0.0184652, 0.0548343, 0.107479, 0.157928, 0.720272, 0.952017, 0.00108648, 0.0066515, 0.00811149, 0.110734, 0.129258, 0.677646, 1.56859, 0.0293283, 0.0309025, 0.0565629, 0.409306, 0.487743, 0.599691, 0.746759, 0.0554835, 0.0700638, 0.0975691, 0.106817, 0.110456, 0.118276, 0.130302, 0.152061, 0.00645036, 0.0109875, 

0.000752135, 0.000918337, 0.0760213, 0.315497, 0.434137, 0.637197, 1.60117, 0.00473773, 0.0184652, 0.0548343, 0.126178, 0.157928, 0.309426, 1.76073, 0.000732559, 0.00581898, 0.00811149, 0.110734, 0.129258, 0.677646, 1.23123, 0.0293283, 0.0309025, 0.409306, 0.487743, 0.599691, 0.746759, 0.742315, 0.0554835, 0.0700638, 0.0975691, 0.106817, 0.110456, 0.118276, 0.130302, 0.152061, 0.00645036, 0.0109875, 

0.000619842, 0.000752135, 0.315497, 0.434137, 0.637197, 0.978876, 1.12469, 0.00448568, 0.0184652, 0.0548343, 0.126178, 0.309426, 1.51118, 1.00368, 0.000176011, 0.000732559, 0.00811149, 0.110734, 0.677646, 1.23123, 1.74759, 0.0293283, 0.0309025, 0.353781, 0.409306, 0.597407, 0.599691, 0.746759, 0.0554835, 0.0700638, 0.0975691, 0.106817, 0.110456, 0.118276, 0.130302, 0.152061, 0.00645036, 0.0109875, 

0.000619842, 0.000752135, 0.315497, 0.434137, 0.434712, 0.637197, 1.0863, 0.00448568, 0.0152649, 0.0085231, 0.126178, 0.309426, 0.5888, 0.755505, 0.000176011, 0.000732559, 0.00811149, 0.110734, 0.286186, 0.677646, 1.44578, 0.0293283, 0.0309025, 0.105442, 0.597407, 0.599691, 0.746759, 0.0346721, 0.0554835, 0.0700638, 0.0975691, 0.10452, 0.110456, 0.118276, 0.130302, 0.152061, 0.00645036, 0.0109875, 

0.000619842, 0.000752135, 0.0495079, 0.315497, 0.434712, 1.0863, 0.739238, 0.00448568, 0.0103592, 0.0156019, 0.126178, 0.5888, 0.755505, 0.949176, 0.000176011, 0.000732559, 0.00811149, 0.110734, 0.286186, 1.20203, 1.02902, 0.0293283, 0.0309025, 0.0346721, 0.105442, 0.597407, 0.746759, 1.28785, 0.0434357, 0.0700638, 0.0975691, 0.10452, 0.110456, 0.118276, 0.130302, 0.152061, 0.00645036, 0.0085231, 

0.000528261, 0.000619842, 0.0495079, 0.315497, 0.739238, 1.07694, 1.23785, 0.00448568, 0.0068521, 0.0156019, 0.126178, 0.5888, 0.755505, 1.79206, 0.000176011, 0.000732559, 0.00811149, 0.110734, 0.286186, 0.609134, 0.224613, 0.0293283, 0.0309025, 0.0346721, 0.430724, 0.746759, 1.28785, 0.24643, 0.0434357, 0.0700638, 0.0975691, 0.10452, 0.110456, 0.118276, 0.130302, 0.152061, 0.00645036, 0.0085231, 

0.000528261, 0.000619842, 0.0495079, 0.178291, 0.739238, 1.15087, 0.916368, 0.00448568, 0.0068521, 0.0156019, 0.126178, 0.5888, 0.755505, 1.3451, 0.000176011, 0.000433114, 0.00811149, 0.110734, 0.224613, 0.286186, 1.7371, 0.0293283, 0.0309025, 0.0346721, 0.24643, 0.430724, 0.746759, 0.898181, 0.0434357, 0.0700638, 0.0975691, 0.10452, 0.110456, 0.118276, 0.130302, 0.152061, 0.00645036, 0.0085231, 

0.000528261, 0.000619842, 0.0495079, 0.178291, 0.605861, 0.721047, 0.402574, 0.00161809, 0.00360488, 0.0156019, 0.413009, 0.5888, 1.0375, 1.05758, 0.000176011, 0.000433114, 0.00811149, 0.110734, 0.224613, 0.544824, 1.407, 0.0293283, 0.0309025, 0.0346721, 0.059063, 0.0723055, 0.227475, 0.753216, 0.0434357, 0.0700638, 0.0975691, 0.10452, 0.110456, 0.118276, 0.130302, 0.152061, 0.00645036, 0.0085231, 

0.000528261, 0.000576436, 0.0495079, 0.178291, 0.378501, 0.402574, 1.6455, 0.00161809, 0.00360488, 0.0156019, 0.5888, 0.595399, 1.05758, 0.953421, 0.000176011, 0.000433114, 0.00811149, 0.0554707, 0.224613, 1.10933, 0.150004, 0.0293283, 0.0309025, 0.0346721, 0.0723055, 0.227475, 0.753216, 0.190926, 0.0434357, 0.0474275, 0.0700638, 0.0975691, 0.10452, 0.118276, 0.130302, 0.152061, 0.00645036, 0.0085231, 

0.000528261, 0.000576436, 0.17286, 0.324343, 0.402574, 1.2018, 1.17368, 0.001542, 0.00161809, 0.0156019, 0.545413, 0.595399, 0.713797, 0.121136, 0.000176011, 0.000181956, 0.0259747, 0.150004, 0.224613, 1.10933, 0.00463348, 0.0293283, 0.0309025, 0.0346721, 0.0723055, 0.190926, 0.227475, 0.374354, 0.0434357, 0.0474275, 0.0700638, 0.0975691, 0.10452, 0.118276, 0.130302, 0.152061, 0.00645036, 0.00811149, 

0.000528261, 0.000576436, 0.17286, 0.324343, 0.402574, 1.13013, 1.2018, 0.001542, 0.00161809, 0.0156019, 0.121136, 0.414088, 0.595399, 0.187019, 0.000176011, 0.000181956, 0.00463348, 0.0259747, 0.150004, 0.224613, 1.10933, 0.0293283, 0.0309025, 0.0346721, 0.0723055, 0.190926, 0.374354, 1.00175, 0.0434357, 0.0474275, 0.0700638, 0.0975691, 0.10452, 0.118276, 0.130302, 0.152061, 0.00645036, 0.00811149, 

0.000528261, 0.000576436, 0.17286, 0.324343, 0.402574, 0.874134, 1.81478, 0.001542, 0.00161809, 0.0156019, 0.145734, 0.187019, 0.595399, 0.939213, 0.000176011, 0.000178478, 0.00463348, 0.0259747, 0.150004, 0.224613, 0.88207, 0.0293283, 0.0309025, 0.0346721, 0.0723055, 0.125648, 0.374354, 1.00175, 0.0434357, 0.0474275, 0.0700638, 0.0975691, 0.10452, 0.118276, 0.130302, 0.152061, 0.00645036, 0.00811149, 

0.000528261, 0.000576436, 0.0278565, 0.324343, 0.402574, 0.874134, 1.31112, 0.001542, 0.00161809, 0.0156019, 0.0329506, 0.187019, 0.595399, 1.00115, 0.000176011, 0.000177132, 0.00463348, 0.0259747, 0.150004, 0.224613, 1.19421, 0.0293283, 0.0309025, 0.0346721, 0.0723055, 0.125648, 0.374354, 1.00175, 0.0434357, 0.0474275, 0.0700638, 0.0975691, 0.10452, 0.118276, 0.130302, 0.152061, 0.00645036, 0.00811149, 

0.000528261, 0.000576436, 0.324343, 0.402574, 0.439448, 0.874134, 0.00357258, 0.001542, 0.00161809, 0.0156019, 0.0161488, 0.187019, 0.595399, 1.18346, 0.000176011, 0.000177132, 0.00463348, 0.150004, 0.224613, 1.19421, 0.573977, 0.0293283, 0.0309025, 0.0723055, 0.125648, 0.374354, 0.899798, 0.87465, 0.0434357, 0.0474275, 0.0700638, 0.0975691, 0.10452, 0.118276, 0.130302, 0.152061, 0.00645036, 0.00811149, 

0.000528261, 0.000576436, 0.324343, 0.402574, 0.439448, 0.874134, 0.667312, 0.001542, 0.00161809, 0.0156019, 0.0161488, 0.187019, 1.18346, 1.97223, 0.000176011, 0.000177132, 0.150004, 0.224613, 0.573977, 0.699662, 0.997391, 0.0293283, 0.0309025, 0.125648, 0.374354, 0.87465, 0.899798, 0.630179, 0.0434357, 0.0474275, 0.0700638, 0.0975691, 0.0998258, 0.10452, 0.118276, 0.130302, 0.00645036, 0.00811149, 

0.000528261, 0.000576436, 0.324343, 0.402574, 0.417955, 0.874134, 1.07918, 0.0014324, 0.001542, 0.0156019, 0.187019, 1.03822, 1.10468, 1.35687, 0.000176011, 0.000177132, 0.150004, 0.224613, 0.573977, 0.997391, 1.94507, 0.0293283, 0.0309025, 0.125648, 0.485511, 0.87465, 0.899798, 0.925514, 0.0434357, 0.0474275, 0.0700638, 0.0975691, 0.0998258, 0.10452, 0.118276, 0.130302, 0.00645036, 0.00811149, 

0.000528261, 0.000576436, 0.324343, 0.402574, 0.417955, 1.07918, 1.33345, 0.0014324, 0.001542, 0.0156019, 0.100596, 0.78572, 1.10468, 1.35687, 0.000176011, 0.000177132, 0.150004, 0.224613, 0.573977, 0.997391, 1.88312, 0.0293283, 0.0309025, 0.125648, 0.87465, 0.899798, 0.925514, 0.530404, 0.0434357, 0.0474275, 0.0700638, 0.0975691, 0.0998258, 0.10452, 0.118276, 0.130302, 0.00645036, 0.00811149, 

0.000528261, 0.000576436, 0.314052, 0.324343, 0.417955, 0.626175, 1.15059, 0.00140758, 0.0014324, 0.0156019, 0.100596, 0.78572, 1.06876, 0.955284, 0.000176011, 0.000176851, 0.150004, 0.573977, 0.713006, 0.724043, 0.654561, 0.0293283, 0.0309025, 0.125648, 0.530404, 0.87465, 0.899798, 1.4563, 0.0434357, 0.0474275, 0.0591613, 0.0700638, 0.0975691, 0.0998258, 0.10452, 0.118276, 0.00645036, 0.00811149, 

0.000522114, 0.000528261, 0.208081, 0.314052, 0.324343, 0.417955, 0.826644, 0.00140758, 0.0014324, 0.0156019, 0.78572, 0.955284, 1.06876, 0.83278, 0.000176011, 0.000176851, 0.150004, 0.43075, 0.713006, 0.724043, 0.997214, 0.0293283, 0.0309025, 0.125648, 0.530404, 0.87465, 0.899798, 1.16552, 0.0434357, 0.0474275, 0.0591613, 0.0610943, 0.0700638, 0.0975691, 0.0998258, 0.10452, 0.00645036, 0.00811149, 

0.000515667, 0.000522114, 0.310342, 0.314052, 0.324343, 0.640017, 0.0986247, 0.00140758, 0.00143069, 0.0156019, 0.78572, 0.83278, 0.846271, 1.06876, 0.000176011, 0.00017682, 0.150004, 0.662539, 0.722007, 0.724043, 0.784185, 0.0293283, 0.0309025, 0.125648, 0.87465, 0.899798, 1.16552, 1.64093, 0.0434357, 0.0474275, 0.0591613, 0.0610943, 0.0700638, 0.0733047, 0.0975691, 0.0998258, 0.00645036, 0.00811149, 

0.000515667, 0.000522114, 0.0986247, 0.183318, 0.310342, 0.314052, 0.0343486, 0.00140758, 0.00143069, 0.0156019, 0.78572, 0.846271, 1.06876, 0.214015, 0.000176011, 0.000176454, 0.662539, 0.711652, 0.722007, 0.724043, 1.86467, 0.0293283, 0.0309025, 0.125648, 0.219311, 0.82825, 1.16552, 1.17162, 0.0434357, 0.0474275, 0.0591613, 0.0610943, 0.0700638, 0.0733047, 0.0975691, 0.0998258, 0.00645036, 0.00811149, 

0.000512377, 0.000515667, 0.0343486, 0.0986247, 0.310342, 0.314052, 1.3394, 0.00140758, 0.00143069, 0.0156019, 0.0896103, 0.214015, 0.846271, 1.06876, 0.000176011, 0.000176367, 0.427845, 0.711652, 0.724043, 1.5843, 0.0285426, 0.0293283, 0.0309025, 0.125648, 0.219311, 1.15031, 1.17162, 0.68426, 0.0434357, 0.0474275, 0.0591613, 0.0610943, 0.0700638, 0.0733047, 0.0975691, 0.0998258, 0.00645036, 0.00811149, 

0.000512377, 0.000515667, 0.0343486, 0.0986247, 0.310342, 0.928569, 2.00585, 0.00140758, 0.00143069, 0.0156019, 0.0896103, 0.214015, 0.846271, 0.00826826, 0.000176011, 0.000176264, 0.00477936, 0.0285426, 0.391431, 0.724043, 1.11551, 0.0013573, 0.00383736, 0.0909006, 0.0990303, 0.219311, 0.68426, 1.15031, 0.0293283, 0.0309025, 0.0434357, 0.0474275, 0.0591613, 0.0610943, 0.0700638, 0.0714969, 0.00134593, 0.00645036, 

0.000512377, 0.000515667, 0.0343486, 0.257639, 0.310342, 1.07925, 1.87424, 0.00140758, 0.00143069, 0.00826826, 0.0156019, 0.0896103, 0.846271, 0.838514, 0.000175848, 0.000176011, 0.00477936, 0.0285426, 0.391431, 0.713716, 0.724043, 0.0013573, 0.00383736, 0.0250898, 0.0361083, 0.0909006, 0.68426, 0.704067, 0.0180656, 0.0293283, 0.0309025, 0.0434357, 0.0474275, 0.0591613, 0.0610943, 0.0700638, 0.00134593, 0.00645036, 

0.000512377, 0.000515667, 0.0343486, 0.257639, 0.310342, 0.840707, 1.0256, 0.00140758, 0.00143069, 0.0156019, 0.0896103, 0.710783, 0.743432, 1.1094, 0.000175848, 0.000176011, 0.00477936, 0.36841, 0.713716, 0.724043, 1.15493, 0.0013573, 0.00318946, 0.0250898, 0.0361083, 0.0909006, 0.68426, 1.14681, 0.0180656, 0.0293283, 0.0309025, 0.0434357, 0.0474275, 0.0591613, 0.0610943, 0.0700638, 0.00134593, 0.00645036, 

0.000512377, 0.000514103, 0.0343486, 0.257639, 0.310342, 0.840707, 1.12312, 0.00140758, 0.00142023, 0.0156019, 0.0896103, 0.518601, 0.710783, 1.09674, 0.000175848, 0.000176011, 0.00477936, 0.713716, 0.724043, 1.15493, 0.162183, 0.0013573, 0.00318946, 0.0250898, 0.0361083, 0.0909006, 0.68426, 0.991909, 0.0180656, 0.0293283, 0.0309025, 0.0434357, 0.0474275, 0.0591613, 0.0610943, 0.0700638, 0.00134593, 0.00645036, 

0.000511804, 0.000512377, 0.0343486, 0.257639, 0.310342, 0.840707, 1.12312, 0.00140758, 0.00142023, 0.0896103, 0.518601, 0.710783, 1.09674, 0.00407803, 0.000175848, 0.000176011, 0.00477936, 0.162183, 0.713716, 1.15493, 1.75004, 0.0013573, 0.00318946, 0.0250898, 0.0909006, 0.68426, 0.991909, 0.398095, 0.00787792, 0.0180656, 0.0293283, 0.0309025, 0.0434357, 0.0474275, 0.0591613, 0.0610943, 0.00134593, 0.00645036, 

0.000511804, 0.000512377, 0.0343486, 0.257639, 0.840707, 1.12312, 1.82788, 0.00140758, 0.00142023, 0.0896103, 0.114195, 0.518601, 1.09211, 0.412128, 0.000175718, 0.000175848, 0.00477936, 0.162183, 0.713716, 1.41326, 1.20279, 0.0013573, 0.00318946, 0.0250898, 0.0909006, 0.68426, 0.759776, 0.684353, 0.00787792, 0.0180656, 0.0293283, 0.0309025, 0.0434357, 0.0474275, 0.0591613, 0.0610943, 0.00134593, 0.00645036, 

0.000511804, 0.000512377, 0.230154, 0.257639, 0.840707, 1.01924, 0.965896, 0.00140758, 0.00141166, 0.0896103, 0.114195, 0.518601, 1.09211, 0.618019, 0.000175718, 0.000175848, 0.00477936, 0.162183, 0.713716, 1.22449, 0.00145278, 0.0013573, 0.00150541, 0.0250898, 0.0909006, 0.68426, 0.684353, 0.759776, 0.00787792, 0.0180656, 0.0293283, 0.0309025, 0.0434357, 0.0474275, 0.0591613, 0.0610943, 0.00134593, 0.00645036, 

0.000511804, 0.000512034, 0.230154, 0.257639, 0.586402, 1.01924, 1.79517, 0.00140758, 0.00141166, 0.0896103, 0.114195, 0.201197, 0.618019, 1.94974, 0.00017571, 0.000126969, 0.00477936, 0.162183, 0.713716, 1.11693, 0.000120278, 0.00117324, 0.0013573, 0.0250898, 0.0909006, 0.68426, 0.684353, 1.00186, 0.00787792, 0.0180656, 0.0293283, 0.0309025, 0.0434357, 0.0474275, 0.0591613, 0.0610943, 0.00134593, 0.00645036, 

0.000511804, 0.000512034, 0.230154, 0.257639, 1.01924, 1.32595, 0.873792, 0.00140758, 0.00141166, 0.0896103, 0.114195, 0.201197, 0.618019, 1.38062, 0.000111755, 0.000126969, 0.000120278, 0.00477936, 0.162183, 1.08286, 0.926541, 0.00117324, 0.0013573, 0.0250898, 0.667641, 0.684353, 1.00186, 0.92632, 0.00787792, 0.0180656, 0.0293283, 0.0309025, 0.0434357, 0.0474275, 0.0591613, 0.0610943, 0.00134593, 0.00645036, 

0.000511804, 0.000512034, 0.230154, 0.257639, 0.259608, 0.720227, 0.873792, 0.00140758, 0.00141166, 0.0896103, 0.114195, 0.201197, 1.20203, 1.34956, 0.000111755, 0.000126969, 0.000120278, 0.00477936, 0.0518661, 0.162183, 1.08229, 0.00117324, 0.0013573, 0.667641, 0.684353, 0.804618, 0.92632, 0.722079, 0.00787792, 0.0180656, 0.0293283, 0.0309025, 0.0434357, 0.0474275, 0.0591613, 0.0610943, 0.00134593, 0.00645036, 

0.00051177, 0.000511804, 0.230154, 0.257639, 0.259608, 0.720227, 1.33097, 0.00140758, 0.00141166, 0.114195, 0.201197, 1.0045, 1.0974, 1.17555, 0.000111755, 0.000126969, 0.000120278, 0.00477936, 0.162183, 1.08229, 0.797828, 0.00117324, 0.0013573, 0.36457, 0.684353, 0.705988, 0.722079, 1.05604, 0.00787792, 0.0180656, 0.0293283, 0.0309025, 0.0434357, 0.0474275, 0.0591613, 0.0610943, 0.00134593, 0.00645036, 

Best:
(-0.0132218, -0.00985542, )

Fitness Evaluations:
2554

End Population
(-2.728608e-02), (-2.360152e-02), (-2.728809e-02), (-2.359978e-02), (1.193277e+01), (4.769979e-02), (-1.829646e+01), (-8.719959e+00), (2.707336e+00), (1.257616e+01), (-7.322951e+00), (-1.346743e+00), (-5.040019e+00), (4.293523e+00), (3.388280e-02), (5.772650e-02), (3.368530e-02), (5.809754e-02), (4.224281e-01), (8.706789e+00), (-6.023338e+00), (-9.643140e+00), (4.713862e+00), (-8.254957e-01), (2.626781e+00), (-2.000000e+01), (1.749655e+00), (-2.658687e-01), (-1.322180e-02), (-9.855415e-03), (-1.244145e-02), (-1.407003e-02), (-1.294464e-02), (-1.207025e-02), (6.569418e-02), (-1.024769e-01), (2.744167e+00), (-5.021318e+00), (5.280503e+00), (2.416188e+00), (2.440099e+00), (-6.263783e+00), (2.882332e-02), (-5.503884e-02), (2.772237e-02), (-6.236745e-02), (-3.116242e+00), (3.204773e+00), (1.284903e+01), (7.223624e+00), (1.656453e+01), (-3.057149e+00), (-7.536666e+00), (8.910375e+00), (-1.753221e+00), (1.790186e+00), (1.243442e-01), (2.484437e-02), (-1.688464e-01), (-1.247660e-01), (-2.948214e+00), (-4.559230e+00), (-1.121216e-01), (8.736374e+00), (6.537675e+00), (4.731611e-02), (-1.268470e+01), (-2.901380e-02), (1.556774e-01), (-4.380495e-01), (-2.854872e-01), (-8.815977e+00), (2.753448e-02), (-6.216899e-02), (6.147566e-02), (1.351726e-01), 