Iterations: 50
Function Evaluations Limit: 150000
Population: 50

Prides Length: 4

Percent Nomads: 0.2
Percent Roaming: 0.2
Percent Sex: 0.8

Mating Rate: 0.3
Mutation Probability: 0.2
Immigration Rate: 0.4

Percent Group Influence: 0.4
Annealing On: true
Ranked Selection Pressure: 2
Near To Best Random Pressure: 2

Dimensions: 2
N-Dimension Space: -20:20

Fitness Iterations:
0.0511018 (Initial Best)

0.695471, 1.76027, 1.95266, 0.939495, 1.0847, 1.33342, 0.169206, 0.132146, 1.26858, 0.916474, 0.300862, 0.0511018, 1.38444, 0.529031, 1.05836, 1.7507, 0.396308, 1.72247, 2.05618, 1.21198, 1.05179, 0.282908, 1.62594, 0.932707, 1.31814, 1.55716, 0.84745, 1.48228, 0.813968, 0.850828, 1.21021, 1.58123, 1.13658, 0.121904, 0.887971, 1.17172, 0.751948, 1.03179, 0.692225, 0.903795, 1.06648, 0.554935, 1.70729, 1.0492, 1.27341, 1.00841, 0.977392, 0.818314, 1.07871, 1.41812, 

0.193448, 0.300862, 0.127096, 0.617448, 1.0847, 0.376241, 0.792437, 0.121904, 0.487928, 0.932707, 0.0511018, 0.0824583, 0.738408, 1.05836, 1.34373, 0.656267, 0.360522, 0.580709, 0.396308, 0.813968, 0.282908, 0.286217, 0.84745, 0.850828, 1.07658, 1.39207, 1.20053, 0.169206, 0.132146, 0.916474, 0.243415, 0.399029, 0.367153, 0.49462, 0.498593, 0.903795, 0.963064, 0.674867, 0.483229, 0.720267, 0.695471, 0.344677, 0.491518, 0.56559, 0.578663, 0.69921, 0.818314, 0.837915, 0.945796, 0.957814, 

0.0439733, 0.193448, 0.121904, 0.127096, 0.152461, 0.376241, 0.487928, 0.738408, 0.484638, 0.483229, 0.0511018, 0.0824583, 0.261721, 0.656267, 0.813968, 1.05836, 1.16194, 0.464895, 0.688206, 0.211439, 0.282908, 0.286217, 0.169206, 1.20053, 1.39207, 1.17241, 0.970067, 0.498593, 0.617448, 0.101689, 0.243415, 0.344677, 0.367153, 0.421284, 0.674867, 0.963064, 1.18749, 0.396308, 0.360522, 0.132146, 0.164547, 0.189466, 0.397919, 0.345707, 0.428358, 0.491518, 0.543378, 0.56559, 0.792437, 0.798176, 

0.0439733, 0.164547, 0.121904, 0.127096, 0.288122, 0.484638, 1.52893, 0.101689, 0.169206, 0.152461, 0.0511018, 0.0824583, 0.133488, 0.211439, 0.688206, 1.16194, 0.645304, 0.487928, 0.367153, 0.132146, 0.282908, 0.286217, 0.133157, 0.617448, 0.858895, 0.970067, 1.82263, 0.376241, 0.656267, 0.360522, 0.189466, 0.344677, 0.328643, 0.396308, 0.963064, 0.542769, 0.517405, 0.498593, 0.464895, 0.483229, 0.193448, 0.243415, 0.345707, 0.397919, 0.428358, 0.457608, 0.491518, 0.543378, 0.674867, 0.735939, 

0.0439733, 0.096048, 0.101689, 0.127096, 0.152461, 0.288122, 0.484638, 0.367153, 0.0255369, 0.121904, 0.0511018, 0.0824583, 0.132146, 0.487928, 0.645304, 1.15215, 1.24706, 0.498593, 0.347945, 0.133488, 0.164547, 0.173806, 0.133157, 0.33555, 0.376241, 0.715614, 1.11562, 0.328643, 0.261935, 0.35973, 0.189466, 0.344677, 0.464895, 0.483229, 0.542769, 0.963064, 1.08862, 0.0991756, 0.169206, 0.211439, 0.282908, 0.286217, 0.193448, 0.243415, 0.345707, 0.397919, 0.428358, 0.457608, 0.517405, 0.674867, 

0.0439733, 0.096048, 0.127096, 0.152461, 0.288122, 0.484638, 0.911945, 0.0649786, 0.169206, 0.121904, 0.0511018, 0.0824583, 0.101301, 0.133488, 0.480815, 0.487928, 1.04162, 0.261935, 0.0991756, 0.348533, 0.164547, 0.138546, 0.133157, 0.179436, 0.376241, 0.715614, 1.11562, 0.101689, 0.367153, 0.0255369, 0.173806, 0.344677, 0.181009, 0.464895, 0.963064, 1.08862, 1.12162, 0.132146, 0.35973, 0.328643, 0.189466, 0.193448, 0.243415, 0.282908, 0.286217, 0.345707, 0.364762, 0.397919, 0.392239, 0.400779, 

0.0439733, 0.096048, 0.0649786, 0.121904, 0.911945, 1.65103, 1.15675, 0.169206, 0.35973, 0.288122, 0.0511018, 0.0824583, 0.101301, 0.181204, 0.261935, 1.65068, 1.83168, 0.152461, 0.133488, 0.132146, 0.138546, 0.164547, 0.0255369, 0.101689, 0.133157, 0.179436, 1.11562, 0.348533, 0.367153, 0.0991756, 0.173806, 0.137717, 0.181009, 0.328643, 0.706238, 1.6095, 1.87622, 0.0295861, 0.127096, 0.305011, 0.189466, 0.193448, 0.243415, 0.282908, 0.286217, 0.344677, 0.345707, 0.364762, 0.376241, 0.400779, 

0.0439733, 0.0888738, 0.121904, 0.169206, 0.288122, 0.911945, 1.13099, 0.348533, 0.0649786, 0.305011, 0.0511018, 0.0824583, 0.132146, 0.133488, 1.09756, 1.26589, 1.71898, 0.328643, 0.181204, 0.174138, 0.120058, 0.164547, 0.0255369, 0.0991756, 0.133157, 0.179436, 1.01772, 0.101301, 0.261935, 0.0295861, 0.137717, 0.173806, 0.181009, 0.706238, 0.949142, 1.53727, 1.46538, 0.127096, 0.152461, 0.0543783, 0.096048, 0.138546, 0.193448, 0.243415, 0.261284, 0.271146, 0.286217, 0.344677, 0.35973, 0.367153, 

0.0439733, 0.0888738, 0.305011, 0.536966, 0.911945, 0.457322, 0.332614, 0.181204, 0.0295861, 0.181009, 0.0511018, 0.0824583, 0.133488, 0.375712, 0.728852, 1.03068, 0.238438, 0.132146, 0.133157, 0.0199114, 0.0900963, 0.164547, 0.0255369, 0.0991756, 0.101301, 0.179436, 0.987883, 0.261935, 0.174138, 0.121904, 0.137717, 0.138546, 0.127096, 0.152461, 0.719352, 0.364205, 1.52157, 0.0649786, 0.169206, 0.0543783, 0.096048, 0.173806, 0.193448, 0.243415, 0.261284, 0.271146, 0.286217, 0.344677, 0.288122, 0.301912, 

0.0439733, 0.0888738, 0.332614, 0.457322, 0.536966, 0.911945, 1.08021, 0.181204, 0.0824667, 0.0295861, 0.0511018, 0.0824583, 0.0199114, 0.132146, 0.133157, 0.238438, 0.375712, 0.179436, 0.152461, 0.101301, 0.0764112, 0.149637, 0.0255369, 0.121904, 0.174138, 0.261935, 0.619261, 0.133488, 0.100005, 0.0991756, 0.137717, 0.138546, 0.0543783, 0.0649786, 0.127096, 0.169206, 0.719352, 0.181009, 0.0615693, 0.301912, 0.096048, 0.164547, 0.173806, 0.193448, 0.243415, 0.261284, 0.271146, 0.286217, 0.305011, 0.364205, 

0.0439733, 0.0888738, 0.0295861, 0.0824667, 0.181204, 0.332614, 0.75669, 0.0199114, 0.0543783, 0.132146, 0.0511018, 0.0824583, 0.101301, 0.133157, 0.152461, 0.179436, 0.74504, 0.0615693, 0.181009, 0.0991756, 0.0764112, 0.096048, 0.0255369, 0.100005, 0.261935, 1.00909, 1.42273, 0.0649786, 0.174138, 0.292593, 0.137717, 0.138546, 0.127096, 0.153576, 0.301912, 0.283462, 0.128994, 0.121904, 0.238438, 0.133488, 0.149637, 0.124133, 0.164547, 0.173806, 0.193448, 0.243415, 0.258669, 0.261284, 0.305011, 0.364205, 

0.0439733, 0.0888738, 0.0199114, 0.0295861, 0.161419, 0.332614, 1.1517, 0.0991756, 0.153576, 0.181009, 0.0511018, 0.0824583, 0.0615693, 0.101301, 0.133157, 0.179436, 0.74504, 0.0543783, 0.152461, 0.261935, 0.0764112, 0.096048, 0.0255369, 0.0649786, 0.100005, 0.118042, 0.229628, 0.238438, 0.292593, 0.132146, 0.137717, 0.138546, 0.0878178, 0.127096, 0.128994, 0.283462, 0.301912, 0.0824667, 0.153536, 0.133488, 0.124133, 0.149637, 0.164547, 0.173806, 0.193448, 0.243415, 0.258669, 0.261284, 0.305011, 0.364205, 

0.0439733, 0.0888738, 0.0295861, 0.0991756, 0.161419, 0.332614, 0.712951, 0.118042, 0.153576, 0.127096, 0.0511018, 0.0824583, 0.0739763, 0.152461, 0.179436, 0.261935, 0.474588, 0.0199114, 0.133488, 0.153536, 0.0764112, 0.096048, 0.0255369, 0.0649786, 0.100005, 0.292593, 1.55439, 0.122024, 0.133157, 0.0824667, 0.134953, 0.138546, 0.0878178, 0.128994, 0.2111, 0.301912, 1.74414, 0.132146, 0.0543783, 0.0615693, 0.110021, 0.124133, 0.164547, 0.173806, 0.193448, 0.243415, 0.258669, 0.261284, 0.181009, 0.229628, 

0.0439733, 0.0888738, 0.0295861, 0.0991756, 0.118042, 0.161419, 0.712951, 0.153576, 0.132146, 0.128994, 0.0511018, 0.0824583, 0.0739763, 0.153536, 0.261935, 0.474588, 1.04954, 0.133488, 0.0649786, 0.127096, 0.0764112, 0.0955296, 0.0255369, 0.0824667, 0.100005, 0.292593, 1.20203, 0.0138505, 0.122024, 0.0286028, 0.110021, 0.124133, 0.0615693, 0.0878178, 0.301912, 1.00444, 0.850456, 0.0543783, 0.0199114, 0.179436, 0.134953, 0.138546, 0.164547, 0.173806, 0.193448, 0.243415, 0.258669, 0.261284, 0.181009, 0.2111, 

0.0439733, 0.0444064, 0.0991756, 0.118042, 0.153576, 0.161419, 0.607268, 0.100005, 0.0286028, 0.128994, 0.0511018, 0.0824583, 0.127096, 0.153536, 0.474588, 1.01198, 1.60375, 0.0649786, 0.0295861, 0.0878178, 0.0764112, 0.0955296, 0.0138505, 0.122024, 0.240811, 0.40374, 0.70184, 0.0615693, 0.0255369, 0.132146, 0.110021, 0.124133, 0.0543783, 0.179436, 0.850456, 0.377222, 1.13298, 0.0199114, 0.0824667, 0.0739763, 0.0888738, 0.134953, 0.138546, 0.173806, 0.193448, 0.21556, 0.258669, 0.261284, 0.133488, 0.181009, 

0.0439733, 0.0444064, 0.0286028, 0.118042, 0.128994, 0.153576, 0.607268, 0.0411097, 0.0824583, 0.0295861, 0.0878178, 0.127096, 0.153536, 0.567426, 0.072857, 0.0685268, 0.0138505, 0.0255369, 0.132146, 0.70184, 1.34822, 0.110021, 0.124133, 0.0199114, 0.0739763, 0.340091, 1.02122, 1.84919, 0.0511018, 0.0764112, 0.0888738, 0.134953, 0.138546, 0.173806, 0.193448, 0.21556, 0.00454935, 0.0543783, 

0.0439733, 0.0444064, 0.0121142, 0.0286028, 0.118042, 0.153576, 0.893844, 0.0411097, 0.0511018, 0.0295861, 0.127096, 0.153536, 0.567426, 0.248373, 0.0685268, 0.072857, 0.0138505, 0.0255369, 0.132146, 0.70184, 1.20203, 0.110021, 0.124133, 0.0199114, 0.0739763, 0.340091, 1.02122, 1.40614, 0.0824583, 0.0764112, 0.0888738, 0.134953, 0.138546, 0.173806, 0.193448, 0.21556, 0.00454935, 0.0543783, 

0.0410981, 0.0444064, 0.0121142, 0.0286028, 0.118042, 0.153576, 0.893844, 0.0411097, 0.0511018, 0.127096, 0.153536, 0.248373, 0.440361, 0.363767, 0.0685268, 0.072857, 0.0138505, 0.132146, 0.70184, 1.20203, 0.995147, 0.0764112, 0.0824583, 0.0199114, 0.0739763, 0.340091, 0.488218, 1.09326, 0.0439733, 0.110021, 0.124133, 0.134953, 0.138546, 0.173806, 0.193448, 0.21556, 0.00454935, 0.0255369, 

0.0410981, 0.0439733, 0.0121142, 0.0286028, 0.118042, 0.153576, 0.720938, 0.0411097, 0.0511018, 0.127096, 0.153536, 0.363767, 0.440361, 0.476217, 0.0413888, 0.072857, 0.0138505, 0.70184, 0.747594, 1.20203, 1.97346, 0.0764112, 0.0824583, 0.0199114, 0.0739763, 0.149167, 0.340091, 1.09326, 0.0685268, 0.0444064, 0.110021, 0.124133, 0.134953, 0.173806, 0.193448, 0.21556, 0.00454935, 0.0255369, 

0.0410981, 0.0439733, 0.0104558, 0.0121142, 0.0286028, 0.118042, 0.00351427, 0.0411097, 0.0511018, 0.153536, 0.363767, 0.440361, 0.476217, 0.776068, 0.0413888, 0.072857, 0.0138505, 0.102402, 0.564079, 1.15105, 0.772014, 0.0444064, 0.0824583, 0.0199114, 0.0739763, 0.149167, 0.770793, 1.03138, 0.0764112, 0.0685268, 0.0747456, 0.0952792, 0.110021, 0.134953, 0.173806, 0.193448, 0.00454935, 0.0255369, 

0.0248956, 0.0410981, 0.00351427, 0.0104558, 0.0121142, 0.0286028, 0.961398, 0.0411097, 0.0511018, 0.153536, 0.363767, 0.440361, 0.776068, 1.23802, 0.0413888, 0.072857, 0.0138505, 0.102402, 0.555031, 1.15105, 1.14408, 0.0298699, 0.0764112, 0.0199114, 0.0739763, 0.770793, 1.03138, 1.47699, 0.0444064, 0.0685268, 0.0747456, 0.0824583, 0.0952792, 0.110021, 0.134953, 0.173806, 0.00454935, 0.0255369, 

0.0192742, 0.0410981, 0.00351427, 0.0104558, 0.0121142, 0.0286028, 0.238891, 0.0411097, 0.0511018, 0.153536, 0.440361, 0.776068, 1.11717, 0.460674, 0.0413888, 0.0444064, 0.0138505, 0.102402, 0.555031, 0.865509, 1.05704, 0.0135021, 0.0685268, 0.0199114, 0.0739763, 0.548893, 1.20203, 1.33857, 0.072857, 0.0764112, 0.0747456, 0.0824583, 0.0952792, 0.110021, 0.134953, 0.173806, 0.00454935, 0.0255369, 

0.0192742, 0.0410981, 0.00351427, 0.0104558, 0.0121142, 0.0286028, 0.0776465, 0.0411097, 0.0511018, 0.153536, 0.440361, 0.653038, 0.776068, 0.523587, 0.0413888, 0.0444064, 0.0138505, 0.531326, 0.865509, 1.05704, 1.23581, 0.0135021, 0.0685268, 0.0199114, 0.548893, 1.18867, 1.20203, 1.72445, 0.072857, 0.0747456, 0.0764112, 0.0824583, 0.0952792, 0.110021, 0.134953, 0.173806, 0.00454935, 0.0255369, 

0.00902753, 0.0153697, 0.00351427, 0.0104558, 0.0121142, 0.0776465, 0.992591, 0.0411097, 0.0511018, 0.153536, 0.297511, 0.653038, 0.776068, 1.66428, 0.0413888, 0.0444064, 0.0138505, 0.19335, 0.306205, 0.865509, 1.23581, 0.0135021, 0.0685268, 0.0199114, 0.258167, 0.548893, 1.15593, 1.20203, 0.072857, 0.0747456, 0.0764112, 0.0824583, 0.0952792, 0.110021, 0.134953, 0.173806, 0.00454935, 0.0255369, 

0.00345977, 0.0153697, 0.00351427, 0.0121142, 0.0776465, 0.289924, 0.677393, 0.0206118, 0.0511018, 0.297511, 0.413141, 0.653038, 0.776068, 1.35024, 0.0184602, 0.0413888, 0.183858, 0.19335, 0.865509, 1.23581, 0.409551, 0.0135021, 0.0685268, 0.0674511, 0.548893, 1.15593, 1.20203, 0.401265, 0.0411097, 0.0499154, 0.0747456, 0.0764112, 0.0952792, 0.110021, 0.134953, 0.173806, 0.00454935, 0.0104558, 

0.00173238, 0.00345977, 0.00351427, 0.061909, 0.0776465, 0.677393, 0.178164, 0.0206118, 0.0411097, 0.297511, 0.413141, 0.653038, 0.776068, 1.20203, 0.0184602, 0.0413888, 0.183858, 0.19335, 0.409551, 0.865509, 1.23581, 0.0135021, 0.0499154, 0.0674511, 0.300703, 0.548893, 0.864951, 0.877628, 0.0511018, 0.0685268, 0.0747456, 0.0764112, 0.0952792, 0.110021, 0.134953, 0.173806, 0.00454935, 0.0104558, 

0.00173238, 0.00345977, 0.061909, 0.0776465, 0.178164, 0.677393, 1.39149, 0.0133686, 0.0411097, 0.413141, 0.653038, 0.776068, 1.03867, 1.38705, 0.0184602, 0.0413888, 0.183858, 0.19335, 0.865509, 0.931085, 0.48101, 0.0135021, 0.0289869, 0.0674511, 0.512451, 0.864951, 0.877628, 0.893097, 0.0499154, 0.0511018, 0.0685268, 0.0747456, 0.0764112, 0.0952792, 0.110021, 0.134953, 0.00351427, 0.00454935, 

0.00173238, 0.00345977, 0.061909, 0.178164, 0.677393, 1.39149, 1.34136, 0.0133686, 0.0411097, 0.413141, 0.653038, 0.776068, 1.03867, 1.20203, 0.0184602, 0.0413888, 0.183858, 0.19335, 0.258902, 0.397054, 1.70942, 0.0135021, 0.0289869, 0.0674511, 0.4792, 0.512451, 0.893097, 0.708097, 0.0499154, 0.0511018, 0.0685268, 0.0747456, 0.0764112, 0.0952792, 0.110021, 0.134953, 0.00351427, 0.00454935, 

0.00173238, 0.00345977, 0.061909, 0.178164, 0.639247, 1.39149, 1.48322, 0.0133686, 0.0411097, 0.413141, 0.653038, 0.776068, 1.03867, 1.5901, 0.0184602, 0.0413888, 0.183858, 0.19335, 0.258902, 0.397054, 0.713625, 0.0135021, 0.0289869, 0.0674511, 0.4792, 0.512451, 0.708097, 0.771116, 0.0499154, 0.0511018, 0.0685268, 0.0747456, 0.0764112, 0.0952792, 0.110021, 0.134953, 0.00351427, 0.00454935, 

0.00173238, 0.00345977, 0.178164, 0.639247, 1.03096, 1.37901, 0.721388, 0.0133686, 0.0411097, 0.349368, 0.413141, 0.90312, 1.03867, 0.964366, 0.0184602, 0.0413888, 0.183858, 0.217545, 0.397054, 0.713625, 1.00072, 0.0135021, 0.0289869, 0.0674511, 0.4792, 0.512451, 0.708097, 1.98292, 0.0499154, 0.0511018, 0.0685268, 0.0747456, 0.0764112, 0.0952792, 0.110021, 0.134953, 0.00351427, 0.00454935, 

0.00173238, 0.00345977, 0.342043, 0.639247, 0.721388, 1.37901, 0.379689, 0.0133686, 0.0411097, 0.349368, 0.413141, 0.90312, 0.958898, 1.03867, 0.0184602, 0.0254211, 0.217545, 0.397054, 0.713625, 0.785446, 0.128546, 0.0135021, 0.0289869, 0.0674511, 0.4792, 0.512451, 0.708097, 1.16397, 0.0413888, 0.0499154, 0.0511018, 0.0685268, 0.0747456, 0.0952792, 0.0972206, 0.110021, 0.00351427, 0.00454935, 

0.00173238, 0.00249096, 0.342043, 0.379689, 0.639247, 1.21636, 1.84166, 0.0133686, 0.0411097, 0.349368, 0.413141, 0.73945, 0.90312, 0.954785, 0.0184602, 0.0254211, 0.128546, 0.180218, 0.217545, 0.397054, 1.7476, 0.0135021, 0.0289869, 0.0674511, 0.4792, 0.512451, 1.16397, 0.604994, 0.0413888, 0.0499154, 0.0511018, 0.0685268, 0.0747456, 0.0952792, 0.0972206, 0.110021, 0.00351427, 0.00454935, 

0.00173238, 0.00249096, 0.342043, 0.639247, 1.20203, 1.20203, 0.510836, 0.0133686, 0.0411097, 0.342231, 0.349368, 0.73945, 0.792083, 1.42345, 0.0184602, 0.0254211, 0.128546, 0.1645, 0.180218, 0.397054, 0.506261, 0.0135021, 0.0289869, 0.0674511, 0.512451, 0.604994, 1.14506, 1.84216, 0.0413888, 0.0499154, 0.0511018, 0.0529004, 0.0685268, 0.0747456, 0.0952792, 0.0972206, 0.00351427, 0.00454935, 

0.00173238, 0.00249096, 0.342043, 0.510836, 0.639247, 1.20203, 0.823817, 0.0133686, 0.0411097, 0.342231, 0.349368, 0.73945, 0.792083, 1.29278, 0.0184602, 0.0254211, 0.1645, 0.180218, 0.397054, 0.506261, 0.334248, 0.0135021, 0.0289869, 0.0674511, 0.458028, 0.604994, 1.14506, 1.36262, 0.0413888, 0.0499154, 0.0511018, 0.0529004, 0.0685268, 0.0747456, 0.0952792, 0.0972206, 0.00351427, 0.00454935, 

0.00173238, 0.00249096, 0.0804488, 0.305511, 0.342043, 0.418388, 0.415933, 0.0133686, 0.0246431, 0.073097, 0.207053, 0.73945, 0.792083, 0.997731, 0.0184602, 0.0254211, 0.1645, 0.180218, 0.334248, 0.397054, 0.723591, 0.0135021, 0.0289869, 0.0674511, 0.267552, 0.604994, 1.14506, 1.20203, 0.0411097, 0.0413888, 0.0499154, 0.0511018, 0.0529004, 0.0685268, 0.0747456, 0.0952792, 0.000909852, 0.00351427, 

0.00104915, 0.00173238, 0.0804488, 0.305511, 0.342043, 0.418388, 0.0279933, 0.0133686, 0.0246431, 0.073097, 0.207053, 0.73945, 0.924728, 0.420134, 0.0184602, 0.0228573, 0.0311338, 0.1645, 0.334248, 0.723591, 0.686231, 0.0135021, 0.0289869, 0.0674511, 0.191237, 0.742107, 1.14506, 0.999158, 0.0233521, 0.0411097, 0.0413888, 0.0499154, 0.0511018, 0.0529004, 0.0685268, 0.0747456, 0.000909852, 0.00351427, 

0.000764954, 0.00104915, 0.0279933, 0.0804488, 0.305511, 0.342043, 0.418388, 0.0133686, 0.0246431, 0.073097, 0.207053, 0.420134, 0.924728, 1.04052, 0.0184602, 0.0228573, 0.0311338, 0.1645, 0.334248, 0.723591, 0.876218, 0.0135021, 0.0233521, 0.0674511, 0.716066, 0.742107, 0.999158, 1.15479, 0.0289869, 0.0411097, 0.0413888, 0.0499154, 0.0511018, 0.0529004, 0.0685268, 0.0747456, 0.000909852, 0.00351427, 

0.000689682, 0.000764954, 0.0279933, 0.0804488, 0.286975, 0.305511, 1.17661, 0.0133686, 0.0246431, 0.073097, 0.420134, 0.924728, 1.04052, 1.03598, 0.0184602, 0.0228573, 0.0311338, 0.334248, 0.723591, 0.876218, 0.402589, 0.0135021, 0.0233521, 0.716066, 0.742107, 0.958947, 0.999158, 0.899842, 0.0289869, 0.0411097, 0.0413888, 0.0499154, 0.0511018, 0.0529004, 0.0685268, 0.0747456, 0.000909852, 0.00351427, 

0.000689682, 0.000764954, 0.0279933, 0.0804488, 0.286975, 0.305511, 1.79505, 0.0095137, 0.0246431, 0.071326, 0.073097, 0.903224, 0.977824, 1.13565, 0.0184602, 0.0228573, 0.0311338, 0.402589, 0.723591, 0.876218, 1.49973, 0.0135021, 0.0233521, 0.716066, 0.742107, 0.899842, 0.958947, 0.133746, 0.0133686, 0.0289869, 0.0411097, 0.0413888, 0.0499154, 0.0511018, 0.0529004, 0.0685268, 0.000909852, 0.00351427, 

0.000689682, 0.000734493, 0.0279933, 0.0804488, 0.286975, 0.305511, 0.755368, 0.0095137, 0.0133686, 0.071326, 0.073097, 0.873792, 0.977824, 0.872553, 0.0184602, 0.0228573, 0.0311338, 0.295173, 0.402589, 0.876218, 0.999858, 0.0135021, 0.0233521, 0.133746, 0.742107, 0.899842, 0.958947, 0.384432, 0.0246431, 0.0289869, 0.0411097, 0.0413888, 0.0499154, 0.0511018, 0.0529004, 0.0685268, 0.000909852, 0.00351427, 

0.000689682, 0.000734493, 0.0279933, 0.0804488, 0.286975, 0.305511, 0.710975, 0.0095137, 0.0133686, 0.073097, 0.191311, 0.681699, 0.872553, 0.70786, 0.0184602, 0.0228573, 0.0311338, 0.295173, 0.379404, 0.402589, 0.49947, 0.0135021, 0.0233521, 0.133746, 0.384432, 0.899842, 0.958947, 1.31837, 0.0246431, 0.0289869, 0.0411097, 0.0413888, 0.0499154, 0.0511018, 0.0529004, 0.0685268, 0.000909852, 0.00351427, 

0.000689682, 0.000734493, 0.0279933, 0.286975, 0.305511, 0.710975, 0.805783, 0.0095137, 0.0133686, 0.191311, 0.426202, 0.681699, 0.70786, 1.0288, 0.0184602, 0.0228573, 0.0311338, 0.295173, 0.379404, 0.402589, 1.8147, 0.0135021, 0.0233521, 0.133746, 0.384432, 0.899842, 1.31837, 0.211236, 0.0246431, 0.0289869, 0.039864, 0.0413888, 0.0499154, 0.0511018, 0.0529004, 0.0685268, 0.000909852, 0.00351427, 

0.000447542, 0.000689682, 0.0279933, 0.279524, 0.59274, 0.710975, 1.84895, 0.0095137, 0.0133686, 0.191311, 0.279457, 0.406241, 0.681699, 0.529178, 0.0184602, 0.0228573, 0.196305, 0.372441, 0.402589, 0.705699, 1.12937, 0.0135021, 0.0233521, 0.133746, 0.384432, 0.899842, 0.927157, 1.57506, 0.0246431, 0.0289869, 0.039864, 0.0413888, 0.0499154, 0.0511018, 0.0529004, 0.0685268, 0.000909852, 0.00351427, 

0.000447542, 0.000689682, 0.279524, 0.59274, 0.710975, 1.14491, 0.240005, 0.0095137, 0.0133686, 0.146402, 0.191311, 0.279457, 0.393341, 0.529178, 0.0184602, 0.0228573, 0.0940681, 0.372441, 0.402589, 0.705699, 0.641752, 0.0135021, 0.0181658, 0.133746, 0.511048, 0.927157, 1.10315, 0.0736884, 0.0246431, 0.0289869, 0.039864, 0.0413888, 0.0499154, 0.0511018, 0.0529004, 0.0685268, 0.000909852, 0.00351427, 

0.000447542, 0.000689682, 0.234715, 0.279524, 0.59274, 0.693873, 0.806121, 0.0095137, 0.0133686, 0.146402, 0.279457, 0.393341, 0.529178, 1.16786, 0.0184602, 0.0228573, 0.372441, 0.402589, 0.641752, 0.705699, 1.05115, 0.0135021, 0.0181658, 0.133746, 0.511048, 0.927157, 1.10315, 1.26529, 0.0246431, 0.0289869, 0.039864, 0.0413888, 0.0499154, 0.0511018, 0.0529004, 0.0685268, 0.000909852, 0.00351427, 

0.000398945, 0.000447542, 0.279524, 0.59274, 0.693873, 0.806121, 1.11988, 0.0095137, 0.0133686, 0.146402, 0.243363, 0.529178, 1.16786, 0.0317635, 0.0184602, 0.0228573, 0.372441, 0.402589, 0.641752, 1.05115, 1.368, 0.0107005, 0.0181658, 0.133746, 0.511048, 0.927157, 1.10315, 1.19492, 0.0246431, 0.0289869, 0.039864, 0.0413888, 0.0499154, 0.0511018, 0.0529004, 0.0685268, 0.000909852, 0.00351427, 

0.000388447, 0.000398945, 0.248349, 0.252135, 0.59274, 0.693873, 0.806121, 0.0095137, 0.0133686, 0.0114402, 0.0821119, 0.243363, 0.529178, 0.490211, 0.0184602, 0.0228573, 0.322705, 0.372441, 0.402589, 0.641752, 1.05115, 0.0107005, 0.0181658, 0.133746, 0.503627, 0.73848, 1.10315, 1.4783, 0.0246431, 0.0289869, 0.039864, 0.0413888, 0.0499154, 0.0511018, 0.0529004, 0.0685268, 0.000909852, 0.00351427, 

0.000388447, 0.000398945, 0.252135, 0.59274, 0.693873, 0.806121, 1.81562, 0.00950205, 0.0133686, 0.0114402, 0.0821119, 0.490211, 0.529178, 84.3882, 0.0184602, 0.0228573, 0.322705, 0.372441, 0.381471, 0.402589, 0.641752, 0.0107005, 0.0181658, 0.133746, 0.16928, 0.503627, 1.10315, 1.33305, 0.0246431, 0.0289869, 0.039864, 0.0413888, 0.0499154, 0.0511018, 0.0529004, 0.0685268, 0.000909852, 0.00351427, 

0.000388447, 0.000390089, 0.252135, 0.51376, 0.693873, 0.806121, 1.59964, 0.00950205, 0.0133686, 0.0114402, 0.0821119, 0.473322, 0.490211, 0.832342, 0.0184602, 0.0228573, 0.322705, 0.372441, 0.381471, 0.402589, 0.641752, 0.0107005, 0.0181658, 0.133746, 0.503627, 0.798641, 1.10315, 1.77756, 0.0246431, 0.0289869, 0.039864, 0.0413888, 0.0499154, 0.0511018, 0.0529004, 0.0685268, 0.000909852, 0.00351427, 

0.000388447, 0.000390089, 0.252135, 0.51376, 0.693873, 0.806121, 1.00801, 0.00950205, 0.0133686, 0.0821119, 0.220954, 0.490211, 0.832342, 0.942692, 0.0184602, 0.0219276, 0.1532, 0.25968, 0.372441, 0.381471, 1.96485, 0.0107005, 0.00856751, 0.0905148, 0.500101, 0.503627, 1.10315, 1.63562, 0.0246431, 0.0289869, 0.039864, 0.0413888, 0.0499154, 0.0511018, 0.0529004, 0.0685268, 0.000909852, 0.00351427, 

0.000388447, 0.000389897, 0.097022, 0.51376, 0.693873, 1.00801, 1.23166, 0.00169591, 0.0133686, 0.0821119, 0.490211, 0.832342, 0.880632, 1.06125, 0.0184602, 0.0219276, 0.1532, 0.25968, 0.372441, 1.96485, 0.407179, 0.00856751, 0.0103906, 0.0905148, 0.500101, 0.503627, 1.10315, 0.199493, 0.00950205, 0.0246431, 0.0289869, 0.039864, 0.0413888, 0.0499154, 0.0511018, 0.0529004, 0.000909852, 0.00351427, 

Best:
(-0.0143132, -0.0338066, )

Fitness Evaluations:
2588

End Population
(-1.431319e-02), (-3.380656e-02), (-1.421055e-02), (-3.397838e-02), (9.702395e+00), (-4.793791e+00), (-8.523046e+00), (1.262107e+01), (1.782127e+01), (7.923089e+00), (-4.731662e+00), (2.301135e+00), (3.678172e+00), (-1.842705e+00), (-5.250163e-02), (-3.563511e-02), (-6.208571e+00), (6.169386e-02), (6.337477e+00), (-5.347059e-01), (-9.928053e-02), (-1.459886e+00), (7.268411e+00), (-7.170784e+00), (-1.352311e+01), (-1.613117e+01), (1.632679e+00), (-2.885587e-01), (-3.275842e+00), (-4.524776e+00), (-3.069147e+00), (-4.658084e+00), (2.869629e+00), (-3.757713e+00), (6.953123e-01), (3.787751e-01), (9.259268e+00), (-1.219526e+01), (1.757476e-01), (-4.129896e+00), (-3.769962e-01), (1.242858e+00), (-1.214129e-01), (6.957777e-02), (1.421239e-01), (-3.496916e-02), (-3.143793e-01), (-4.189999e-01), (-9.986317e+00), (1.448864e+01), (-7.088794e+00), (1.053475e+00), (-4.376953e+00), (-2.000000e+01), (-6.040943e+00), (-9.648765e+00), (9.268809e-02), (-1.446263e-01), (1.584119e-01), (-2.216502e-01), (2.263025e-02), (-9.066789e+00), (-3.667234e-03), (-4.004225e-01), (1.916825e-02), (-4.072185e-01), (-1.268131e+01), (-1.119359e-01), (-1.251727e+01), (-2.073394e-01), (-6.392170e+00), (-8.614740e+00), (-1.067209e-04), (6.030175e-02), (-6.753014e-02), (-7.030430e-02), 