Iterations: 50
Function Evaluations Limit: 150000
Population: 50

Prides Length: 4

Percent Nomads: 0.2
Percent Roaming: 0.2
Percent Sex: 0.8

Mating Rate: 0.3
Mutation Probability: 0.2
Immigration Rate: 0.4

Percent Group Influence: 0.4
Annealing On: true
Ranked Selection Pressure: 2
Near To Best Random Pressure: 2

Dimensions: 2
N-Dimension Space: -20:20

Fitness Iterations:
0.107691 (Initial Best)

1.33671, 0.788408, 1.39982, 1.10585, 0.756364, 1.4538, 1.46007, 1.60615, 1.08378, 1.46665, 1.53696, 0.694227, 1.43475, 1.54964, 0.690513, 1.78368, 1.92462, 1.36891, 1.15448, 0.107691, 1.97367, 0.394354, 1.61335, 1.51272, 0.324304, 0.497929, 0.942388, 1.06468, 1.79049, 1.41203, 1.88693, 1.21775, 0.239699, 0.987172, 0.426949, 0.567799, 0.476846, 1.06082, 0.373155, 1.62906, 1.10403, 0.62034, 1.11544, 1.54819, 1.29918, 1.43298, 0.559442, 0.604016, 0.818298, 1.04966, 

0.0929798, 0.559442, 0.51327, 0.756364, 0.864721, 1.20203, 1.20203, 0.472809, 0.199953, 1.04966, 0.602638, 0.604016, 0.107691, 0.772608, 0.933475, 1.01036, 0.21628, 0.426949, 0.777137, 0.108074, 0.394354, 0.783896, 0.942388, 1.06056, 1.11568, 1.08, 1.27135, 0.627, 0.94064, 0.818298, 0.62034, 0.788408, 0.239699, 0.289496, 0.373155, 0.567799, 1.35237, 0.497929, 0.324304, 0.476846, 0.718693, 0.637473, 1.08531, 0.694227, 0.965912, 0.955631, 1.10403, 1.11544, 1.06018, 1.06082, 

0.0929798, 0.534153, 0.199953, 0.864721, 0.921427, 0.666681, 62.6228, 0.216372, 0.213162, 0.322442, 0.602638, 0.572703, 0.108074, 0.21628, 0.330366, 0.341597, 0.426949, 0.188665, 0.51327, 0.476846, 0.394354, 0.179538, 0.627, 0.818298, 0.992803, 0.165767, 0.234046, 0.373155, 0.472809, 0.777137, 0.507048, 0.561404, 0.207675, 0.288689, 0.324304, 0.567799, 1.35237, 0.636136, 0.553139, 0.107691, 0.62034, 0.559442, 0.604016, 0.637473, 0.645316, 0.694227, 0.698839, 0.718693, 0.85404, 0.94064, 

0.0929798, 0.283727, 0.199953, 0.481827, 0.846761, 1.07539, 0.63633, 0.406689, 0.165767, 0.107691, 0.559442, 0.561404, 0.21628, 0.330366, 0.476846, 1.88228, 1.78623, 0.213162, 0.207675, 0.234046, 0.175746, 0.24071, 0.472809, 0.818298, 0.992803, 1.09842, 0.714304, 0.322442, 0.216372, 0.373155, 0.507048, 0.311347, 0.288689, 0.324304, 0.361743, 1.15511, 0.98656, 0.188665, 0.341597, 0.108074, 0.394354, 0.534153, 0.572703, 0.602638, 0.62034, 0.637473, 0.645316, 0.665644, 0.426949, 0.51327, 

0.044917, 0.0929798, 0.107691, 0.165767, 0.406689, 0.481827, 1.07539, 0.207675, 0.324304, 0.267712, 0.389833, 0.394354, 0.21628, 0.330366, 0.394915, 0.476846, 0.842643, 0.355515, 0.288689, 0.341597, 0.0815299, 0.175746, 0.216372, 0.322442, 0.373155, 0.992803, 1.94073, 0.199953, 0.234046, 0.426949, 0.311347, 0.507048, 0.108074, 0.188665, 0.361743, 0.98656, 1.15511, 0.213162, 0.472809, 0.0728117, 0.438343, 0.561404, 0.440212, 0.489081, 0.534153, 0.572703, 0.618568, 0.62034, 0.51327, 0.596963, 

0.044917, 0.0929798, 0.106433, 0.107691, 0.324304, 0.406689, 0.985777, 0.322442, 0.472809, 0.108074, 0.282207, 0.30518, 0.21628, 0.288689, 0.341597, 0.355515, 0.476846, 0.330366, 0.188665, 0.481827, 0.0815299, 0.175746, 0.115921, 0.234046, 0.426949, 1.95696, 1.00173, 0.207675, 0.199953, 0.267712, 0.052417, 0.311347, 0.0728117, 0.213162, 0.342, 0.98656, 1.11737, 0.394915, 0.216372, 0.29827, 0.389833, 0.394354, 0.438343, 0.440212, 0.440314, 0.489081, 0.534153, 0.561404, 0.51327, 0.557232, 

0.044917, 0.0929798, 0.106433, 0.108074, 0.324304, 0.472809, 0.985777, 0.209568, 0.342, 0.394915, 0.27873, 0.30518, 0.147133, 0.188665, 0.240044, 0.481827, 1.41476, 0.234046, 0.107691, 0.288569, 0.0815299, 0.175746, 0.115921, 0.199953, 0.207675, 0.267712, 1.45339, 0.29827, 0.21628, 0.406689, 0.052417, 0.311347, 0.0728117, 0.213162, 0.216372, 0.98656, 0.67179, 0.355515, 0.341597, 0.322903, 0.282207, 0.388204, 0.389833, 0.394354, 0.438343, 0.440212, 0.440314, 0.489081, 0.51327, 0.557232, 

0.044917, 0.0929798, 0.106433, 0.324304, 0.342, 0.394915, 1.38215, 0.188665, 0.234046, 0.209568, 0.27873, 0.282207, 0.107691, 0.240044, 0.288569, 1.10208, 1.24601, 0.216269, 0.0728117, 0.108074, 0.0815299, 0.175746, 0.115921, 0.21628, 0.267712, 0.29827, 1.18547, 0.216372, 0.199953, 0.239678, 0.0458903, 0.25673, 0.213162, 0.341597, 0.355515, 0.67179, 0.251549, 0.17651, 0.147133, 0.207675, 0.052417, 0.30518, 0.320164, 0.382702, 0.388204, 0.394354, 0.401379, 0.438343, 0.472809, 0.481827, 

0.044917, 0.052417, 0.188665, 0.209568, 0.324304, 0.342, 1.1722, 0.0920057, 0.288569, 0.108074, 0.196811, 0.282207, 0.107691, 0.216269, 0.240044, 0.286731, 0.932961, 0.239678, 0.0728117, 0.115921, 0.0815299, 0.175746, 0.199953, 0.21628, 0.216372, 1.18547, 0.125274, 0.213162, 0.106433, 0.267712, 0.0458903, 0.25673, 0.147133, 0.17651, 0.341597, 0.355515, 0.67179, 0.234046, 0.207675, 0.251549, 0.0929798, 0.27873, 0.30518, 0.320164, 0.381576, 0.388204, 0.394354, 0.438343, 0.394915, 0.428113, 

0.044917, 0.052417, 0.188665, 0.288569, 0.324304, 0.342, 1.30918, 0.107691, 0.108074, 0.115921, 0.175391, 0.27873, 0.0728117, 0.239678, 0.240044, 0.286731, 0.67196, 0.0920057, 0.0278653, 0.216269, 0.0815299, 0.0929798, 0.125274, 0.213162, 0.21628, 1.10406, 1.01523, 0.100988, 0.207675, 0.209568, 0.022522, 0.0458903, 0.0633129, 0.147133, 0.234046, 0.240088, 0.846363, 0.199953, 0.198949, 0.106433, 0.175746, 0.196811, 0.282207, 0.30518, 0.315899, 0.319681, 0.320164, 0.381576, 0.216372, 0.341597, 

0.044917, 0.052417, 0.108074, 0.188665, 0.324304, 0.342, 1.30918, 0.209568, 0.0728117, 0.234046, 0.175391, 0.175746, 0.0278653, 0.0920057, 0.240044, 0.286731, 0.638039, 0.239678, 0.0633129, 0.216372, 0.0815299, 0.0929798, 0.100988, 0.125274, 0.207675, 0.834112, 0.585266, 0.216269, 0.106433, 0.0946229, 0.022522, 0.0458903, 0.147133, 0.198949, 0.199953, 0.20798, 0.846363, 0.213162, 0.115921, 0.052522, 0.101714, 0.27873, 0.176968, 0.282207, 0.315899, 0.319681, 0.320164, 0.381576, 0.288569, 0.341597, 

0.0349368, 0.052417, 0.0728117, 0.188665, 0.209568, 0.234046, 0.324304, 0.100988, 0.0633129, 0.052522, 0.175391, 0.175746, 0.216372, 0.239678, 0.638039, 0.461815, 0.596155, 0.0278653, 0.115921, 0.207675, 0.0815299, 0.0929798, 0.0553912, 0.0946229, 0.106433, 0.216269, 0.970182, 0.199953, 0.20798, 0.198949, 0.022522, 0.0458903, 0.147133, 0.213162, 0.846363, 0.651794, 0.997588, 0.0920057, 0.125274, 0.108074, 0.044917, 0.101714, 0.154266, 0.176968, 0.180248, 0.210212, 0.27873, 0.282207, 0.240044, 0.286731, 

0.0349368, 0.044917, 0.0633129, 0.188665, 0.209568, 0.234046, 0.324304, 0.286731, 0.216372, 0.052522, 0.101714, 0.154266, 0.0278653, 0.115921, 0.461815, 0.638039, 1.01877, 0.0728117, 0.147133, 0.125274, 0.0733311, 0.0929798, 0.0946229, 0.106433, 0.198949, 0.20798, 0.216269, 0.100988, 0.240044, 0.1819, 0.022522, 0.0458903, 0.0920057, 0.108074, 0.213162, 0.651794, 0.997588, 0.207675, 0.239678, 0.0553912, 0.052417, 0.175391, 0.175746, 0.176968, 0.180248, 0.210212, 0.27873, 0.282207, 0.443392, 

0.0349368, 0.044917, 0.052522, 0.0633129, 0.188665, 0.324304, 0.0862846, 0.20798, 0.115921, 0.216269, 0.0778917, 0.154266, 0.100027, 0.125274, 0.147133, 1.01877, 1.025, 0.209568, 0.213162, 0.0278653, 0.0733311, 0.0929798, 0.0946229, 0.106433, 0.126751, 0.198949, 1.5361, 0.100988, 0.216372, 0.207675, 0.022522, 0.0458903, 0.0553912, 0.0920057, 0.135639, 0.997588, 0.800007, 0.108074, 0.0728117, 0.234046, 0.052417, 0.101714, 0.146994, 0.175391, 0.175746, 0.176968, 0.180248, 0.210212, 0.239678, 0.240044, 

0.0349368, 0.044917, 0.0340267, 0.0633129, 0.0862846, 0.188665, 0.324304, 0.0278653, 0.0946229, 0.198949, 0.052417, 0.101714, 0.125274, 0.147133, 0.883298, 0.142239, 0.9908, 0.126751, 0.108074, 0.115921, 0.0733311, 0.0929798, 0.100988, 0.216372, 1.20203, 0.957322, 1.1308, 0.111855, 0.0920057, 0.149035, 0.022522, 0.0458903, 0.0728117, 0.135639, 0.204628, 1.49275, 1.95241, 0.106433, 0.100027, 0.0553912, 0.0778917, 0.154266, 0.146994, 0.175391, 0.175746, 0.176968, 0.180248, 0.210212, 0.207675, 0.20798, 

0.0349368, 0.044917, 0.0340267, 0.0633129, 0.0862846, 0.0946229, 0.324304, 0.100027, 0.125274, 0.0278653, 0.052417, 0.0778917, 0.115921, 0.126751, 0.883298, 0.9908, 1.39477, 0.147133, 0.207675, 0.111855, 0.0733311, 0.077952, 0.100988, 0.149035, 0.216372, 0.957322, 1.44277, 0.142239, 0.0920057, 0.135639, 0.022522, 0.0458903, 0.0553912, 0.0728117, 0.106433, 0.204628, 1.25213, 0.188665, 0.198949, 0.108074, 0.101714, 0.107505, 0.146994, 0.154266, 0.175391, 0.175746, 0.176968, 0.180248, 0.20798, 

0.0349368, 0.044917, 0.0278653, 0.0862846, 0.100027, 0.324304, 0.726172, 0.188665, 0.100988, 0.0946229, 0.052417, 0.0778917, 0.111855, 0.126751, 0.9908, 1.39477, 1.04783, 0.135639, 0.115921, 0.108074, 0.0733311, 0.077952, 0.0920057, 0.142239, 0.938804, 0.957322, 1.12102, 0.158699, 0.149035, 0.0633129, 0.022522, 0.0458903, 0.0553912, 0.0728117, 0.106433, 0.107124, 0.204628, 0.0340267, 0.125274, 0.147133, 0.101714, 0.103256, 0.107505, 0.146994, 0.154266, 0.175391, 0.175746, 0.176968, 0.20798, 

0.0349368, 0.044917, 0.0278653, 0.0862846, 0.726172, 1.26121, 1.04274, 0.100027, 0.0553912, 0.135639, 0.052417, 0.0778917, 0.108074, 0.111855, 0.115921, 0.9908, 1.04783, 0.20798, 0.142239, 0.0946229, 0.0733311, 0.077952, 0.0633129, 0.0920057, 0.149035, 0.158699, 0.353799, 0.126751, 0.100988, 0.0728117, 0.022522, 0.0458903, 0.0340267, 0.106433, 0.107124, 1.40116, 1.06988, 0.107225, 0.125274, 0.147133, 0.101714, 0.103256, 0.107505, 0.146994, 0.154266, 0.175391, 0.175746, 0.176968, 

0.0349368, 0.044917, 0.0278653, 0.0862846, 0.100027, 1.04274, 1.18291, 0.052417, 0.0778917, 0.0946229, 0.142239, 0.203183, 0.20798, 0.9908, 0.0733311, 0.077952, 0.100988, 0.126751, 0.149035, 0.558212, 0.35718, 0.022522, 0.0458903, 0.0340267, 0.107124, 0.147133, 1.20203, 1.56897, 0.101714, 0.103256, 0.105707, 0.146994, 0.154266, 0.175391, 0.175746, 0.176968, 0.0553912, 0.0633129, 

0.0349368, 0.044917, 0.0278653, 0.100027, 0.236088, 0.636831, 0.157907, 0.052417, 0.059894, 0.0946229, 0.142239, 0.182112, 0.9908, 0.798273, 0.0733311, 0.077952, 0.100988, 0.126751, 0.149035, 0.35718, 1.36036, 0.022522, 0.0458903, 0.0340267, 0.0443051, 0.107124, 0.147133, 1.12625, 0.101714, 0.103256, 0.105707, 0.146994, 0.154266, 0.175391, 0.175746, 0.176968, 0.0553912, 0.0633129, 

0.0349368, 0.044917, 0.100027, 0.157907, 0.236088, 0.636831, 1.29241, 0.052417, 0.059894, 0.0946229, 0.142239, 0.182112, 0.9908, 0.9946, 0.0733311, 0.0743927, 0.126751, 0.149035, 0.331166, 0.35718, 1.74488, 0.022522, 0.0458903, 0.0443051, 0.107124, 0.147133, 1.10489, 4.3097, 0.101714, 0.103256, 0.105707, 0.146994, 0.154266, 0.175391, 0.175746, 0.176968, 0.0278653, 0.0340267, 

0.0349368, 0.044917, 0.100027, 0.157907, 0.636831, 1.29241, 0.913987, 0.052417, 0.059894, 0.0946229, 0.102797, 0.142239, 0.203156, 1.97423, 0.0733311, 0.0743927, 0.126751, 0.331166, 0.35718, 1.09914, 0.120646, 0.022522, 0.0458903, 0.0443051, 0.107124, 0.147133, 1.02452, 0.862208, 0.101714, 0.103256, 0.105707, 0.146994, 0.154266, 0.173412, 0.175391, 0.176968, 0.0278653, 0.0340267, 

0.0349368, 0.044917, 0.100027, 0.157907, 0.460633, 0.720836, 0.85353, 0.052417, 0.059894, 0.0946229, 0.102797, 0.203156, 1.84113, 0.182957, 0.0543873, 0.0583741, 0.126751, 0.331166, 0.35718, 1.08604, 0.839687, 0.022522, 0.0458903, 0.0443051, 0.067811, 0.862208, 1.02452, 0.57832, 0.101714, 0.103256, 0.105707, 0.146994, 0.154266, 0.173412, 0.175391, 0.176968, 0.0278653, 0.0340267, 

0.0349368, 0.044917, 0.157907, 0.460633, 0.720836, 0.85353, 0.433068, 0.052417, 0.059894, 0.0946229, 0.182957, 0.203156, 1.19543, 1.32318, 0.0531501, 0.0543873, 0.331166, 0.35718, 0.839687, 1.08604, 1.03238, 0.022522, 0.0458903, 0.0443051, 0.067811, 0.57832, 0.817639, 1.02452, 0.101714, 0.103256, 0.105707, 0.146994, 0.154266, 0.173412, 0.175391, 0.176968, 0.0278653, 0.0340267, 

0.0237556, 0.044917, 0.143016, 0.157907, 0.720836, 0.828781, 1.15026, 0.052417, 0.059894, 0.0946229, 0.182957, 0.203156, 0.295314, 0.920092, 0.0531501, 0.0533535, 0.331166, 0.35718, 1.03238, 1.08604, 1.06313, 0.022522, 0.0458903, 0.0443051, 0.067811, 0.57832, 1.02452, 0.103739, 0.0349368, 0.101714, 0.103256, 0.124577, 0.154266, 0.173412, 0.175391, 0.176968, 0.0278653, 0.0340267, 

0.0237556, 0.044917, 0.143016, 0.157907, 0.569296, 0.828781, 1.07586, 0.0349705, 0.052417, 0.0946229, 0.182957, 0.295314, 0.920092, 2.04099, 0.0349368, 0.0533535, 0.331166, 0.35718, 0.66571, 0.838051, 1.22378, 0.022522, 0.0458903, 0.0443051, 0.071683, 0.57832, 1.02452, 0.839904, 0.0531501, 0.101714, 0.103256, 0.124577, 0.154266, 0.173412, 0.175391, 0.176968, 0.0278653, 0.0340267, 

0.0237556, 0.044917, 0.143016, 0.157907, 0.569296, 0.828781, 0.986661, 0.0349705, 0.0376027, 0.0946229, 0.295314, 0.56621, 0.714446, 1.51596, 0.0349368, 0.0533535, 0.142726, 0.66571, 0.838051, 1.22378, 0.852424, 0.0224691, 0.022522, 0.0443051, 0.071683, 0.57832, 1.02452, 1.25892, 0.052417, 0.0531501, 0.101714, 0.103256, 0.124577, 0.173412, 0.175391, 0.176968, 0.0278653, 0.0340267, 

0.0237556, 0.044917, 0.143016, 0.157907, 0.569296, 0.828781, 0.864257, 0.0349705, 0.0376027, 0.0946229, 0.295314, 0.512558, 0.601457, 1.9882, 0.0349368, 0.052417, 0.142726, 0.210513, 0.691973, 0.838051, 1.53456, 0.0224691, 0.022522, 0.0443051, 0.57832, 1.02452, 1.20099, 0.997905, 0.0533535, 0.0531501, 0.101714, 0.103256, 0.124577, 0.173412, 0.175391, 0.176968, 0.0278653, 0.0340267, 

0.0237556, 0.044917, 0.157907, 0.569296, 0.828781, 0.864257, 0.983818, 0.0349705, 0.0376027, 0.0946229, 0.295314, 0.463432, 0.721559, 0.568676, 0.0349368, 0.052417, 0.210513, 0.691973, 0.838051, 0.96851, 1.01269, 0.0224691, 0.022522, 0.0443051, 0.353621, 0.57832, 1.20099, 0.906029, 0.0531501, 0.0533535, 0.101714, 0.103256, 0.124577, 0.173412, 0.175391, 0.176968, 0.0278653, 0.0340267, 

0.0237556, 0.044917, 0.157907, 0.177639, 0.244769, 0.487663, 0.774882, 0.0349705, 0.0376027, 0.295314, 0.42834, 0.463432, 0.568676, 0.491202, 0.0349368, 0.052417, 0.210513, 0.5198, 0.838051, 0.96851, 1.15623, 0.0224691, 0.022522, 0.0443051, 0.353621, 0.57832, 1.10363, 1.37357, 0.0531501, 0.0533535, 0.101714, 0.103256, 0.124577, 0.173412, 0.175391, 0.176968, 0.0278653, 0.0340267, 

0.0237556, 0.044917, 0.157907, 0.177639, 0.244769, 0.487663, 0.774882, 0.0349705, 0.0376027, 0.295314, 0.42834, 0.491202, 0.568676, 1.38281, 0.0349368, 0.052417, 0.210513, 0.806589, 0.815666, 1.15623, 0.774264, 0.0224691, 0.022522, 0.0443051, 0.353621, 0.928838, 1.10363, 0.367711, 0.0531501, 0.0533535, 0.101714, 0.103256, 0.124577, 0.173412, 0.175391, 0.176968, 0.0278653, 0.0340267, 

0.0237556, 0.044917, 0.157907, 0.177639, 0.244769, 0.487663, 0.774882, 0.0349705, 0.0376027, 0.353921, 0.42834, 0.568676, 1.12375, 1.24184, 0.0349368, 0.052417, 0.210513, 0.591184, 0.774264, 1.04371, 0.535688, 0.0224691, 0.022522, 0.0443051, 0.127618, 0.353621, 0.817927, 0.56518, 0.0531501, 0.0533535, 0.101714, 0.103256, 0.124577, 0.173412, 0.175391, 0.176968, 0.0278653, 0.0340267, 

0.0237556, 0.044917, 0.177639, 0.244769, 0.487663, 0.774882, 0.490275, 0.0349705, 0.0376027, 0.0695275, 0.353921, 0.568676, 1.12375, 0.803208, 0.0349368, 0.052417, 0.210513, 0.39297, 0.470771, 0.881735, 0.708157, 0.0224691, 0.022522, 0.0443051, 0.080727, 0.56518, 0.817927, 1.91512, 0.0531501, 0.0533535, 0.101714, 0.103256, 0.124577, 0.173412, 0.175391, 0.176968, 0.0278653, 0.0340267, 

0.0237556, 0.044917, 0.177639, 0.487663, 0.490275, 0.774882, 0.602818, 0.0349705, 0.0376027, 0.0695275, 0.227963, 0.803208, 1.12375, 1.53331, 0.0349368, 0.052417, 0.210513, 0.470771, 0.708157, 0.881735, 1.27887, 0.0224691, 0.022522, 0.0443051, 0.080727, 0.56518, 0.589948, 1.20203, 0.0531501, 0.0533535, 0.101714, 0.103256, 0.124577, 0.173412, 0.175391, 0.176968, 0.0278653, 0.0340267, 

0.0237556, 0.044917, 0.177258, 0.47213, 0.490275, 0.602818, 1.36956, 0.0349705, 0.0376027, 0.0695275, 0.803208, 1.12375, 1.20203, 1.17232, 0.0349368, 0.052417, 0.210513, 0.372263, 0.432211, 1.20203, 1.13834, 0.0224691, 0.022522, 0.0562419, 0.080727, 0.082063, 0.56518, 1.39075, 0.0531501, 0.0533535, 0.0661262, 0.103256, 0.124577, 0.173412, 0.175391, 0.176968, 0.0278653, 0.0340267, 

0.0237556, 0.044917, 0.177258, 0.490275, 0.602818, 1.2767, 0.248367, 0.0349705, 0.0376027, 0.0647521, 0.0695275, 0.136919, 1.20203, 1.09025, 0.0349368, 0.052417, 0.210513, 0.29508, 0.372263, 1.13834, 1.19829, 0.0224691, 0.022522, 0.0562419, 0.080727, 0.082063, 0.56518, 1.01722, 0.0531501, 0.0533535, 0.0661262, 0.103256, 0.124577, 0.173412, 0.175391, 0.176968, 0.0278653, 0.0340267, 

0.0237556, 0.044917, 0.177258, 0.248367, 0.490275, 0.602818, 1.0769, 0.0349705, 0.0376027, 0.0647521, 0.0695275, 0.928714, 1.15442, 1.79986, 0.0349368, 0.052417, 0.210513, 0.29508, 0.372263, 1.19829, 0.819674, 0.0224691, 0.022522, 0.0562419, 0.080727, 0.082063, 0.725367, 0.734728, 0.0531501, 0.0533535, 0.0661262, 0.103256, 0.124577, 0.173412, 0.175391, 0.176968, 0.0278653, 0.0340267, 

0.0237556, 0.044917, 0.114213, 0.177258, 0.490275, 0.947714, 1.07547, 0.0349705, 0.0376027, 0.0647521, 0.0695275, 0.861974, 1.13587, 0.437429, 0.0349368, 0.052417, 0.200147, 0.372263, 0.655233, 0.819674, 1.51005, 0.0224691, 0.022522, 0.0562419, 0.080727, 0.082063, 0.528179, 1.33093, 0.0531501, 0.0533535, 0.0661262, 0.103256, 0.124577, 0.173412, 0.175391, 0.176968, 0.0278653, 0.0340267, 

0.0237556, 0.044917, 0.114213, 0.177258, 0.806775, 1.07547, 0.134734, 0.0349705, 0.0376027, 0.0647521, 0.0658222, 0.0695275, 0.437429, 1.61461, 0.0349368, 0.052417, 0.200147, 0.455848, 0.483278, 0.655233, 0.962751, 0.0224691, 0.022522, 0.0562419, 0.080727, 0.082063, 0.528179, 1.20203, 0.0531501, 0.0533535, 0.0661262, 0.103256, 0.124577, 0.173412, 0.175391, 0.176968, 0.0278653, 0.0340267, 

0.0237556, 0.044917, 0.114213, 0.134734, 0.177258, 0.916982, 1.56307, 0.0349705, 0.0376027, 0.0647521, 0.0658222, 0.437429, 1.56477, 0.77293, 0.0349368, 0.052417, 0.200147, 0.381935, 0.455848, 0.962751, 1.27155, 0.0224691, 0.022522, 0.0562419, 0.080727, 0.082063, 0.528179, 1.00674, 0.0531501, 0.0533535, 0.0661262, 0.103256, 0.124577, 0.173412, 0.175391, 0.176968, 0.0278653, 0.0340267, 

0.0237556, 0.044917, 0.114213, 0.177258, 0.606295, 0.983616, 0.798983, 0.0349705, 0.0376027, 0.0647521, 0.0658222, 0.437429, 1.099, 0.863619, 0.0349368, 0.052417, 0.200147, 0.455848, 0.530211, 0.962751, 1.52694, 0.0224691, 0.022522, 0.0562419, 0.080727, 0.082063, 0.528179, 1.00354, 0.0531501, 0.0533535, 0.0661262, 0.103256, 0.124577, 0.173412, 0.175391, 0.176968, 0.0278653, 0.0340267, 

0.0237556, 0.044917, 0.114213, 0.177258, 0.606295, 0.798983, 0.983616, 0.0349705, 0.0376027, 0.0647521, 0.0658222, 0.437429, 1.09204, 1.07383, 0.0349368, 0.052417, 0.200147, 0.298728, 0.530211, 0.627235, 1.06833, 0.0224691, 0.022522, 0.0562419, 0.080727, 0.082063, 1.00354, 0.807309, 0.0531501, 0.0533535, 0.0661262, 0.103256, 0.124577, 0.173412, 0.175391, 0.176968, 0.0278653, 0.0340267, 

0.0237556, 0.044917, 0.114213, 0.503577, 0.798983, 0.983616, 1.95727, 0.0349705, 0.0376027, 0.0584145, 0.0647521, 1.07383, 1.09204, 0.881336, 0.0349368, 0.052417, 0.200147, 0.298728, 0.530211, 0.627235, 1.06833, 0.0224691, 0.022522, 0.0562419, 0.080727, 0.082063, 0.807309, 1.00354, 0.0531501, 0.0533535, 0.0661262, 0.103256, 0.124577, 0.173412, 0.175391, 0.176968, 0.0278653, 0.0340267, 

0.0237556, 0.044917, 0.109011, 0.114213, 0.798983, 1.69411, 1.89819, 0.0349705, 0.0376027, 0.0584145, 0.0647521, 0.657741, 0.881336, 1.02588, 0.0349368, 0.052417, 0.120437, 0.200147, 0.627235, 0.989324, 0.13344, 0.0224691, 0.022522, 0.080727, 0.082063, 0.807309, 1.00354, 1.86322, 0.0531501, 0.0533535, 0.0661262, 0.103256, 0.124577, 0.173412, 0.175391, 0.176968, 0.0278653, 0.0340267, 

0.0170437, 0.0237556, 0.109011, 0.798983, 0.943116, 1.69411, 0.338065, 0.0349705, 0.0376027, 0.0647521, 0.425859, 0.881336, 1.02588, 1.69654, 0.0130055, 0.052417, 0.13344, 0.200147, 0.607923, 0.627235, 0.995607, 0.0224691, 0.022522, 0.080727, 0.082063, 0.807309, 1.00354, 1.07651, 0.0349368, 0.0531501, 0.0533535, 0.0661262, 0.124577, 0.173412, 0.175391, 0.176968, 0.0278653, 0.0340267, 

0.0170437, 0.0237556, 0.0464302, 0.060037, 0.798983, 1.42972, 1.0964, 0.0349705, 0.0376027, 0.0647521, 0.423593, 1.02588, 1.69654, 1.35645, 0.0130055, 0.0349368, 0.13344, 0.200147, 0.607923, 0.627235, 0.995607, 0.0224691, 0.022522, 0.080727, 0.082063, 0.807309, 1.00354, 0.938812, 0.052417, 0.0531501, 0.0533535, 0.0661262, 0.124577, 0.173412, 0.175391, 0.176968, 0.0278653, 0.0340267, 

0.0170437, 0.0237556, 0.0464302, 0.798983, 1.0964, 1.15179, 1.02571, 0.0349705, 0.0376027, 0.0647521, 0.423593, 0.708111, 1.21336, 1.42942, 0.0130055, 0.0349368, 0.0560783, 0.200147, 0.607923, 0.627235, 0.921773, 0.0224691, 0.022522, 0.080727, 0.082063, 0.804355, 0.807309, 0.938812, 0.052417, 0.0531501, 0.0533535, 0.0661262, 0.124577, 0.173412, 0.175391, 0.176968, 0.0278653, 0.0340267, 

0.0170437, 0.0237556, 0.0464302, 0.798983, 1.0964, 1.11638, 0.772554, 0.0349705, 0.0376027, 0.0647521, 0.375832, 0.423593, 1.12303, 1.86235, 0.0130055, 0.0349368, 0.0560783, 0.200147, 0.607923, 0.921773, 1.20342, 0.0224691, 0.022522, 0.080727, 0.082063, 0.804355, 0.807309, 0.938812, 0.052417, 0.0531501, 0.0533535, 0.0661262, 0.124577, 0.173412, 0.175391, 0.176968, 0.0278653, 0.0340267, 

0.0170437, 0.0237556, 0.0464302, 0.772554, 0.798983, 1.05499, 1.77266, 0.0349705, 0.0376027, 0.0647521, 0.375832, 0.423593, 0.828732, 1.91117, 0.0130055, 0.0349368, 0.0560783, 0.200147, 0.607923, 0.921773, 1.20342, 0.0224691, 0.022522, 0.080727, 0.082063, 0.807309, 0.938812, 1.3414, 0.052417, 0.0531501, 0.0533535, 0.0661262, 0.124577, 0.173412, 0.175391, 0.176968, 0.0278653, 0.0340267, 

0.0170437, 0.0237556, 0.0464302, 0.772554, 0.798983, 1.0044, 1.05499, 0.0349705, 0.0376027, 0.375832, 0.423593, 0.504377, 0.828732, 1.64054, 0.0130055, 0.0349368, 0.0560783, 0.607923, 0.921773, 1.10493, 1.52928, 0.0224691, 0.022522, 0.082063, 0.287969, 0.531001, 0.938812, 0.627284, 0.052417, 0.0531501, 0.0533535, 0.0661262, 0.124577, 0.173412, 0.175391, 0.176968, 0.0278653, 0.0340267, 

0.0170437, 0.0237556, 0.0464302, 0.227878, 0.711622, 0.772554, 0.943588, 0.0119467, 0.0376027, 0.423593, 0.504377, 0.828732, 1.35114, 1.43462, 0.0130055, 0.0349368, 0.0560783, 0.921773, 1.10493, 1.11524, 0.691482, 0.0224691, 0.022522, 0.082063, 0.287969, 0.531001, 0.627284, 0.872965, 0.0349705, 0.052417, 0.0531501, 0.0533535, 0.124577, 0.173412, 0.175391, 0.176968, 0.0278653, 0.0340267, 

Best:
(3.14391, -4.57323, )

Fitness Evaluations:
2649

End Population
(3.259263e+00), (-4.539588e+00), (-2.978792e+00), (-4.321271e+00), (-1.245128e+01), (6.519155e-02), (-5.914316e+00), (-8.179281e-01), (), (-8.852577e+00), (3.364083e+00), (2.560959e+00), (), (-1.662566e+00), (3.143914e+00), (-4.573227e+00), (-3.062279e+00), (-4.107526e+00), (-6.991404e+00), (-9.667539e-01), (1.326538e+01), (-1.685615e+01), (-1.792325e+01), (-1.633981e+01), (-1.807571e+01), (1.158258e+01), (-1.174048e+01), (5.792921e+00), (3.245800e+00), (-4.446734e+00), (-9.467342e+00), (-4.274718e+00), (5.983675e+00), (-1.044651e-01), (-2.424679e+00), (-2.373892e+00), (1.272624e-01), (), (-8.732462e+00), (-2.000000e+01), (-3.204184e+00), (-1.160600e+01), (3.307383e+00), (-4.504928e+00), (-2.994551e+00), (-4.302626e+00), (-9.707428e+00), (4.197503e+00), (-6.903767e+00), (-1.751976e+01), (6.824313e-01), (-7.615815e+00), (5.426244e+00), (-1.016161e+01), (-6.489859e+00), (-1.965138e+01), (6.340140e+00), (-8.757120e+00), (3.237627e-02), (-8.517165e+00), (-6.492121e+00), (-8.945123e+00), (-6.493960e+00), (-8.939350e+00), (-2.993960e+00), (-3.776182e+00), (-3.519515e+00), (-1.282362e+01), (3.176629e+00), (-1.403767e+01), (-2.593630e+00), (-4.102070e+00), (-6.261766e+00), (2.673793e-01), (6.063139e+00), (-5.443971e-02), 