Iterations: 50
Function Evaluations Limit: 150000
Population: 50

Prides Length: 4

Percent Nomads: 0.2
Percent Roaming: 0.2
Percent Sex: 0.8

Mating Rate: 0.3
Mutation Probability: 0.2
Immigration Rate: 0.4

Percent Group Influence: 0.4
Annealing On: true
Ranked Selection Pressure: 2
Near To Best Random Pressure: 2

Dimensions: 2
N-Dimension Space: -20:20

Fitness Iterations:
0.281421 (Initial Best)

1.19908, 0.422153, 0.989464, 1.10875, 1.02969, 1.66954, 1.03987, 0.650223, 1.37077, 1.17429, 0.830688, 0.389667, 1.12685, 1.74502, 1.58604, 0.745751, 1.00579, 1.11364, 2.11856, 1.58265, 0.281421, 0.991643, 1.23899, 1.12436, 0.653753, 1.882, 0.919619, 0.756448, 0.83829, 0.362517, 0.835357, 1.06894, 1.48005, 0.423156, 0.522351, 1.55211, 1.73192, 1.17091, 1.80034, 1.62787, 1.40347, 0.907538, 1.17209, 0.71289, 0.898184, 0.707238, 1.52587, 1.77269, 1.34969, 0.835192, 

0.18476, 0.229041, 0.782384, 0.825044, 1.03987, 1.37077, 1.05803, 0.699647, 0.333029, 0.273922, 0.254106, 0.406397, 0.267761, 1.1241, 1.19005, 1.21728, 0.557225, 0.889196, 0.653753, 0.790127, 0.281421, 0.491894, 0.194359, 0.670785, 0.83829, 0.919619, 1.11858, 0.256028, 0.799287, 0.362517, 0.71289, 0.907538, 0.0639391, 0.522351, 1.11595, 1.62787, 0.123619, 0.393297, 0.105038, 0.699457, 0.389667, 0.830688, 0.691907, 0.707238, 0.835357, 1.06894, 0.970288, 0.991643, 1.00896, 1.02969, 

0.18476, 0.201488, 0.273922, 0.73072, 1.03987, 1.20203, 0.770409, 0.83829, 0.267761, 0.333029, 0.0934024, 0.254106, 0.486942, 0.551679, 0.779214, 0.889196, 1.17171, 0.799287, 0.699647, 0.393297, 0.281421, 0.491894, 0.194359, 0.362517, 0.670785, 1.11858, 1.13631, 0.699457, 0.656274, 0.256028, 0.389667, 0.579474, 0.0639391, 0.105038, 0.123619, 0.522351, 1.62787, 0.825044, 0.324244, 0.241265, 0.229041, 0.210457, 0.71289, 0.612397, 0.685115, 0.707238, 0.790988, 0.813738, 0.919619, 0.97729, 

0.18476, 0.201488, 0.267761, 0.721113, 0.770409, 1.03987, 1.20203, 0.194359, 0.73072, 0.333029, 0.0934024, 0.210457, 0.393297, 0.551679, 0.699647, 0.889196, 1.17171, 0.241265, 0.0639391, 0.486942, 0.0889954, 0.220091, 0.256028, 0.656274, 0.699457, 1.13631, 1.38409, 0.123619, 0.672969, 0.105038, 0.0369675, 0.539895, 0.304382, 0.324244, 0.53218, 0.825044, 1.78377, 0.362517, 0.213024, 0.670785, 0.389667, 0.254106, 0.229041, 0.281421, 0.579474, 0.612397, 0.653427, 0.685115, 0.779214, 0.799287, 

0.18476, 0.183544, 0.194359, 0.267761, 0.618886, 1.11525, 0.834656, 0.0639391, 0.670785, 0.333029, 0.0782815, 0.201488, 0.393297, 0.486942, 0.551679, 1.80253, 1.06606, 0.105038, 0.213024, 0.53218, 0.0889954, 0.121294, 0.587259, 0.656274, 0.672969, 0.699457, 1.11922, 0.304382, 0.496373, 0.123619, 0.0369675, 0.254106, 0.324244, 0.362517, 0.825044, 1.37436, 1.07232, 0.256028, 0.241265, 0.228714, 0.0792604, 0.210457, 0.220091, 0.229041, 0.539895, 0.281421, 0.364821, 0.389667, 0.694651, 0.699647, 

0.14018, 0.18476, 0.0639391, 0.0941191, 0.333029, 0.169661, 1.19921, 0.486942, 0.393297, 0.0651799, 0.0782815, 0.201488, 0.105038, 0.213024, 0.53218, 0.870544, 1.43441, 0.551679, 0.694651, 0.123619, 0.0792604, 0.121294, 0.496373, 0.656274, 0.672969, 0.699457, 1.74296, 0.267761, 0.304382, 0.587259, 0.0369675, 0.210457, 0.0913904, 0.163858, 0.241265, 0.256028, 0.362517, 0.228714, 0.194359, 0.670785, 0.0889954, 0.183544, 0.254106, 0.220091, 0.229041, 0.281421, 0.283828, 0.340196, 0.699647, 0.713757, 

0.0889954, 0.183544, 0.0639391, 0.0941191, 0.169661, 0.227942, 0.486942, 0.126514, 0.267761, 0.0913904, 0.0782815, 0.155081, 0.105038, 0.123619, 0.870544, 0.978085, 1.84964, 0.551679, 0.587259, 0.575955, 0.0792604, 0.121294, 0.656274, 0.699457, 1.53509, 1.33177, 1.86935, 0.0651799, 0.362517, 0.393297, 0.0144641, 0.0369675, 0.163858, 0.194359, 0.228714, 0.241265, 0.256028, 0.304382, 0.213024, 0.496373, 0.14018, 0.172499, 0.18476, 0.201488, 0.229041, 0.254106, 0.281421, 0.283828, 0.670785, 0.672969, 

0.0889954, 0.14018, 0.0913904, 0.126514, 0.227942, 0.486942, 1.10621, 0.194359, 0.393297, 0.0941191, 0.0782815, 0.155081, 0.105038, 0.551679, 0.587259, 0.978085, 1.02655, 0.123619, 0.228714, 0.254991, 0.0792604, 0.121294, 0.0651799, 0.362517, 0.656274, 0.745645, 0.323188, 0.328134, 0.169661, 0.336238, 0.0144641, 0.0369675, 0.163858, 0.213024, 0.256028, 0.304382, 0.512396, 0.241265, 0.0639391, 0.496373, 0.183544, 0.172499, 0.18476, 0.201488, 0.229041, 0.250046, 0.254106, 0.281421, 0.670785, 0.672969, 

0.0889954, 0.14018, 0.0913904, 0.113703, 0.227942, 0.486942, 0.248593, 0.328134, 0.0941191, 0.228714, 0.0782815, 0.155081, 0.123619, 0.254991, 0.587259, 2.03666, 1.22966, 0.393297, 0.0758155, 0.241265, 0.0792604, 0.121294, 0.0758902, 0.169661, 0.336238, 0.368428, 0.656274, 0.194359, 0.105038, 0.0639391, 0.0144641, 0.0369675, 0.163858, 0.213024, 0.256028, 0.654985, 0.920183, 0.323188, 0.0651799, 0.304382, 0.172499, 0.183544, 0.18476, 0.201488, 0.208805, 0.229041, 0.250046, 0.254106, 0.467087, 0.496373, 

0.0889954, 0.14018, 0.0941191, 0.113703, 0.228714, 0.248593, 0.168349, 0.241265, 0.163858, 0.0758902, 0.0782815, 0.155081, 0.123619, 0.254991, 0.393297, 1.22966, 0.237212, 0.0651799, 0.328134, 0.227942, 0.0792604, 0.121294, 0.0639391, 0.105038, 0.169661, 0.368428, 0.656274, 0.0913904, 0.0758155, 0.194359, 0.0144641, 0.0369675, 0.304382, 0.323188, 0.920183, 0.501971, 0.192094, 0.256028, 0.111415, 0.336238, 0.172499, 0.183544, 0.18476, 0.201488, 0.208805, 0.220645, 0.229041, 0.250046, 0.467087, 0.486942, 

0.0889954, 0.14018, 0.0941191, 0.131586, 0.248593, 0.718693, 0.345829, 0.0651799, 0.237212, 0.323188, 0.0782815, 0.13776, 0.227942, 0.254991, 0.328134, 0.393297, 1.34775, 0.192926, 0.241265, 0.113703, 0.0792604, 0.121294, 0.0639391, 0.0758155, 0.0913904, 0.105038, 1.085, 0.169661, 0.111415, 0.123619, 0.0144641, 0.0369675, 0.192094, 0.256028, 0.304382, 0.336238, 0.920183, 0.0758902, 0.228714, 0.168349, 0.0881108, 0.172499, 0.183544, 0.201488, 0.208805, 0.220645, 0.229041, 0.250046, 0.368428, 0.467087, 

0.0889954, 0.14018, 0.0651799, 0.0941191, 0.131586, 0.237212, 0.345829, 0.248593, 0.304382, 0.235581, 0.0274117, 0.0881108, 0.113703, 0.192926, 0.227942, 0.393297, 0.675825, 0.256028, 0.0758902, 0.111415, 0.0792604, 0.121294, 0.0758155, 0.0913904, 0.105038, 0.169661, 0.982636, 0.168349, 0.0639391, 0.123619, 0.0144641, 0.0202342, 0.192094, 0.228714, 0.336238, 0.920183, 0.691357, 0.254991, 0.241265, 0.0186574, 0.0782815, 0.13776, 0.172499, 0.182315, 0.183544, 0.208805, 0.220645, 0.250046, 0.309436, 0.323188, 

0.0889954, 0.13776, 0.0941191, 0.131586, 0.248593, 0.304382, 0.74213, 0.074027, 0.235581, 0.0651799, 0.0274117, 0.0297119, 0.111415, 0.113703, 0.188927, 0.256028, 0.345661, 0.192094, 0.192926, 0.0913904, 0.0782815, 0.121294, 0.0639391, 0.105038, 0.123619, 0.169661, 0.872169, 0.227942, 0.0492482, 0.237212, 0.0144641, 0.0202342, 0.228714, 0.336238, 0.691357, 0.920183, 0.343811, 0.0758902, 0.0186574, 0.168349, 0.0881108, 0.0792604, 0.14018, 0.164272, 0.182315, 0.183544, 0.208805, 0.220645, 0.241265, 0.309436, 

0.0881108, 0.13776, 0.0651799, 0.074027, 0.0941191, 0.131586, 0.248593, 0.123619, 0.240857, 0.192926, 0.0274117, 0.0297119, 0.0913904, 0.113703, 0.192094, 0.345661, 0.876606, 0.188927, 0.169661, 0.227942, 0.0782815, 0.121294, 0.0492482, 0.0639391, 0.105038, 0.237212, 0.872169, 0.0186574, 0.235581, 0.241265, 0.0144641, 0.0202342, 0.228714, 0.336238, 0.343811, 0.920183, 0.66451, 0.168349, 0.0758902, 0.111415, 0.0792604, 0.0889954, 0.14018, 0.153218, 0.182315, 0.183544, 0.208805, 0.220645, 0.256028, 0.304382, 

0.0792604, 0.13776, 0.0941191, 0.123619, 0.240857, 0.248593, 0.969832, 0.0758902, 0.131586, 0.0186574, 0.000139743, 0.0274117, 0.192094, 0.345661, 0.876606, 1.19364, 1.52906, 0.074027, 0.156889, 0.146949, 0.0782815, 0.121294, 0.105038, 0.241265, 0.872169, 1.99999, 0.622794, 0.0492482, 0.0651799, 0.0397851, 0.0144641, 0.0202342, 0.123551, 0.168349, 0.343811, 0.66451, 0.920183, 0.0913904, 0.111415, 0.0639391, 0.0881108, 0.0889954, 0.119773, 0.14018, 0.153218, 0.182315, 0.183544, 0.208805, 0.169661, 0.188927, 

0.0108544, 0.116847, 0.0186574, 0.0758902, 0.123619, 0.131586, 1.61435, 0.188927, 0.074027, 0.105038, 0.000139743, 0.0274117, 0.146949, 0.192094, 0.876606, 1.08173, 1.16497, 0.156889, 0.343811, 0.248593, 0.0782815, 0.119773, 0.0112869, 0.0397851, 0.0651799, 0.241265, 0.199727, 0.0303745, 0.168349, 0.169661, 0.0144641, 0.0202342, 0.0639391, 0.0913904, 0.111415, 0.123551, 0.920183, 0.240857, 0.26847, 0.0941191, 0.0792604, 0.0881108, 0.0889954, 0.121294, 0.14018, 0.153218, 0.183544, 0.208805, 0.345661, 

0.0108544, 0.116847, 0.0186574, 0.0758902, 0.131586, 1.08121, 1.34671, 0.0112869, 0.188927, 0.074027, 0.000139743, 0.0274117, 0.156889, 0.343811, 0.834351, 0.931316, 0.507354, 0.0639391, 0.0303745, 0.168349, 0.0782815, 0.0792604, 0.0397851, 0.0651799, 0.169661, 0.199727, 0.241265, 0.105038, 0.200397, 0.192094, 0.0144641, 0.0202342, 0.0941191, 0.111415, 0.123551, 0.851811, 1.46625, 0.146949, 0.0913904, 0.123619, 0.0548404, 0.119773, 0.0881108, 0.0889954, 0.101057, 0.121294, 0.14018, 0.153218, 0.216652, 0.240857, 

0.0108544, 0.0548404, 0.0112869, 0.0186574, 0.131586, 1.10368, 1.747, 0.0639391, 0.192094, 0.0758902, 0.000139743, 0.0274117, 0.0303745, 0.156889, 0.507354, 0.834351, 0.0339317, 0.0913904, 0.168349, 0.105038, 0.0782815, 0.0792604, 0.0651799, 0.199727, 0.200397, 0.241265, 1.6718, 0.216652, 0.0397851, 0.188927, 0.0144641, 0.0202342, 0.0294385, 0.0941191, 0.111415, 0.123619, 0.851811, 0.169661, 0.123551, 0.074027, 0.116847, 0.0881108, 0.0889954, 0.101057, 0.119773, 0.121294, 0.14018, 0.153218, 0.240857, 

0.0108544, 0.0330926, 0.0639391, 0.131586, 1.10368, 1.27164, 1.27395, 0.240857, 0.0758902, 0.105038, 0.000139743, 0.0274117, 0.0303745, 0.0339317, 0.0913904, 0.507354, 1.05051, 0.123619, 0.0397851, 0.111415, 0.0537599, 0.0561843, 0.0651799, 0.188927, 0.199727, 0.241265, 1.06323, 0.168349, 0.169661, 0.0186574, 0.0144641, 0.0202342, 0.0294385, 0.0580752, 0.074027, 0.0941191, 0.896736, 0.0112869, 0.156889, 0.192094, 0.0782815, 0.0548404, 0.0792604, 0.0881108, 0.0889954, 0.101057, 0.116847, 0.121294, 

0.0108544, 0.0330926, 0.0758902, 0.206576, 1.12055, 1.27395, 0.45536, 0.074027, 0.0913904, 0.0186574, 0.000139743, 0.0154798, 0.0397851, 0.111415, 0.123619, 1.09565, 0.341493, 0.105038, 0.0339317, 0.0303745, 0.0537599, 0.0548404, 0.0651799, 0.188927, 1.06323, 1.10374, 1.16583, 0.16758, 0.156889, 0.131586, 0.0144641, 0.0202342, 0.0112869, 0.0294385, 0.0580752, 0.0719349, 0.59954, 0.168349, 0.0639391, 0.169661, 0.0561843, 0.0782815, 0.0792604, 0.0881108, 0.0889954, 0.101057, 0.116847, 0.121294, 0.192094, 

0.0108544, 0.0330926, 0.0186574, 0.0758902, 0.45536, 1.12055, 0.547213, 0.0719772, 0.131586, 0.0339317, 0.000139743, 0.00695874, 0.0303745, 0.0397851, 0.341493, 1.86961, 0.874928, 0.074027, 0.168349, 0.111415, 0.0537599, 0.0548404, 0.0651799, 0.188927, 0.755359, 1.35416, 0.966194, 0.192094, 0.0913904, 0.123619, 0.0144641, 0.0202342, 0.0112869, 0.0245282, 0.0580752, 0.0639391, 0.169661, 0.0719349, 0.156889, 0.16758, 0.0561843, 0.0782815, 0.0792604, 0.0881108, 0.0889954, 0.101057, 0.116847, 0.121294, 

0.0108544, 0.0330926, 0.0186574, 0.0719772, 0.0758902, 0.45536, 1.12055, 0.000139743, 0.00695874, 0.0397851, 0.117721, 0.168349, 0.630156, 1.52927, 0.0537599, 0.0548404, 0.0913904, 0.188927, 1.02073, 1.08271, 1.04669, 0.0144641, 0.0202342, 0.0245282, 0.0580752, 0.0719349, 0.156889, 0.154966, 0.0561843, 0.0782815, 0.0792604, 0.0881108, 0.0889954, 0.101057, 0.116847, 0.121294, 0.0112869, 0.0303745, 

0.0108544, 0.0330926, 0.0186574, 0.0758902, 0.45536, 1.11635, 1.27183, 0.000139743, 0.00695874, 0.0397851, 0.117721, 0.168349, 0.630156, 0.267966, 0.0537599, 0.0548404, 0.0902502, 0.0913904, 1.02073, 1.08271, 1.10167, 0.00746959, 0.0191988, 0.0245282, 0.0580752, 0.0719349, 0.154966, 0.156889, 0.0144641, 0.0521662, 0.0561843, 0.0782815, 0.0792604, 0.0881108, 0.0889954, 0.101057, 0.0112869, 0.0245352, 

0.0108544, 0.0330926, 0.0186574, 0.45536, 0.478932, 1.03543, 0.564988, 0.000139743, 0.000847117, 0.0397851, 0.168349, 0.267966, 0.630156, 1.07386, 0.0231312, 0.0548404, 0.0913904, 0.310603, 0.952558, 1.02073, 1.6226, 0.00746959, 0.0144641, 0.0245282, 0.0580752, 0.0719349, 0.154966, 0.156889, 0.0191988, 0.0537599, 0.0521662, 0.0561843, 0.0782815, 0.0792604, 0.0889954, 0.101057, 0.0112869, 0.0245352, 

0.0108544, 0.0330926, 0.332543, 0.445223, 0.478932, 0.564988, 1.40211, 0.000139743, 0.000623288, 0.168349, 0.267966, 0.557434, 0.630156, 0.814707, 0.0231312, 0.0521662, 0.0841121, 0.145661, 0.218699, 0.952558, 1.03774, 0.00746959, 0.0144641, 0.0245282, 0.0719349, 0.154966, 0.156889, 1.36493, 0.0191988, 0.0548404, 0.0537599, 0.0561843, 0.0782815, 0.0792604, 0.0889954, 0.101057, 0.0112869, 0.0186574, 

0.0108544, 0.0191988, 0.184874, 0.332543, 0.445223, 0.564988, 1.546, 0.000139743, 0.000623288, 0.168349, 0.267966, 0.503811, 0.557434, 0.630156, 0.0231312, 0.0521662, 0.0841121, 0.145661, 0.218699, 1.03774, 1.01671, 0.00746959, 0.0144641, 0.0719349, 0.154966, 0.156889, 1.0365, 1.95048, 0.0330926, 0.0537599, 0.0548404, 0.0561843, 0.0782815, 0.0792604, 0.0889954, 0.101057, 0.0112869, 0.0186574, 

0.0108544, 0.0191988, 0.184874, 0.192484, 0.242942, 1.43746, 0.371782, 0.000139743, 0.000623288, 0.168349, 0.267966, 0.557434, 0.630156, 0.952004, 0.00950278, 0.0330926, 0.145661, 0.218699, 0.783335, 1.01671, 1.21796, 0.000482357, 0.000706744, 0.000834115, 0.154966, 0.156889, 0.950205, 0.000572115, 0.0231312, 0.0521662, 0.0537599, 0.0548404, 0.0561843, 0.0782815, 0.0792604, 0.0889954, 0.0112869, 0.0186574, 

0.0108544, 0.0191988, 0.192484, 0.242942, 0.371782, 0.511177, 1.00739, 0.000139743, 0.000623288, 0.267966, 0.312399, 0.630156, 0.952004, 0.130933, 0.00950278, 0.0330926, 0.145661, 0.216272, 0.218699, 0.764885, 0.571267, 0.000482357, 0.000695917, 0.000572115, 0.000834115, 0.154966, 0.156889, 1.39999, 0.0231312, 0.0521662, 0.0537599, 0.0548404, 0.0561843, 0.0782815, 0.0792604, 0.0889954, 0.0112869, 0.0186574, 

0.0108544, 0.0191988, 0.192484, 0.211857, 0.511177, 1.00739, 0.110038, 0.000139743, 0.000623288, 0.130933, 0.267966, 0.312399, 0.821754, 1.11885, 0.00950278, 0.0330926, 0.145661, 0.218699, 0.571267, 0.764885, 0.365515, 0.000342825, 0.000482357, 0.000572115, 0.154966, 0.156889, 1.17745, 1.87796, 0.0231312, 0.0521662, 0.0537599, 0.0548404, 0.0561843, 0.0782815, 0.0792604, 0.0889954, 0.0112869, 0.0186574, 

0.0108544, 0.0191988, 0.108503, 0.211857, 0.511177, 0.63484, 1.0577, 7.30156e-05, 0.000139743, 0.130933, 0.267966, 0.312399, 0.821754, 1.00324, 0.00950278, 0.0231312, 0.145661, 0.218699, 0.221848, 0.400865, 0.215426, 0.000342825, 0.000482357, 0.000572115, 0.154966, 0.156889, 1.04801, 0.535957, 0.0330926, 0.0521662, 0.0537599, 0.0548404, 0.0561843, 0.0782815, 0.0792604, 0.0889954, 0.0112869, 0.0186574, 

0.0108544, 0.0191988, 0.108503, 0.211857, 0.511177, 0.63484, 1.0577, 5.48965e-05, 7.30156e-05, 0.130933, 0.267966, 0.312399, 0.821754, 1.00324, 0.00950278, 0.0231312, 0.145661, 0.218699, 0.221848, 0.400865, 0.856864, 0.000342825, 0.000482357, 0.000572115, 0.154966, 0.156889, 0.535957, 1.04801, 0.0330926, 0.0382357, 0.0521662, 0.0537599, 0.0548404, 0.0782815, 0.0792604, 0.0889954, 0.0112869, 0.0186574, 

0.0108544, 0.0191988, 0.108503, 0.211857, 0.511177, 1.0577, 0.999736, 4.46204e-05, 5.48965e-05, 0.130933, 0.249509, 0.267966, 0.821754, 0.566366, 0.00950278, 0.0231312, 0.145661, 0.218699, 0.221848, 0.856864, 0.828235, 0.000342825, 0.000482357, 0.154966, 0.156889, 0.400024, 1.04801, 0.544722, 0.0330926, 0.0382357, 0.0521662, 0.0537599, 0.0548404, 0.0782815, 0.0792604, 0.0889954, 0.000572115, 0.0112869, 

0.0108544, 0.0191988, 0.108503, 0.211857, 0.502117, 0.999736, 1.0577, 4.46204e-05, 5.48965e-05, 0.130933, 0.249509, 0.25638, 0.420303, 0.566366, 0.00950278, 0.0231312, 0.145661, 0.218699, 0.828235, 0.856864, 0.9922, 0.000330262, 0.000342825, 0.154966, 0.400024, 0.544722, 0.971486, 1.40083, 0.0330926, 0.0382357, 0.0386467, 0.0521662, 0.0537599, 0.0782815, 0.0792604, 0.0889954, 0.000572115, 0.0112869, 

0.0108544, 0.0191988, 0.108503, 0.211857, 0.480782, 0.502117, 1.0577, 4.46204e-05, 5.48965e-05, 0.130933, 0.249509, 0.420303, 0.566366, 1.07856, 0.00950278, 0.0122236, 0.139916, 0.145661, 0.218699, 0.711633, 0.0490876, 0.000330262, 0.000342825, 0.154966, 0.400024, 0.544722, 0.971486, 1.11327, 0.0330926, 0.0382357, 0.0386467, 0.0521662, 0.0537599, 0.0782815, 0.0792604, 0.0889954, 0.000572115, 0.0112869, 

0.0108544, 0.0191988, 0.108503, 0.211857, 0.502117, 1.0577, 1.17555, 4.44907e-05, 4.46204e-05, 0.249509, 0.420303, 0.566366, 1.07136, 0.0898324, 0.00950278, 0.0122236, 0.0490876, 0.139916, 0.145661, 0.711633, 1.61003, 0.000330262, 0.000341158, 0.154966, 0.400024, 0.544722, 0.862388, 0.971486, 0.0330926, 0.0382357, 0.0386467, 0.0521662, 0.0537599, 0.0782815, 0.0792604, 0.0889954, 0.000572115, 0.0112869, 

0.0108544, 0.0177841, 0.049023, 0.108503, 0.173834, 0.211857, 1.6286, 4.44907e-05, 4.46204e-05, 0.0898324, 0.249509, 0.420303, 0.566366, 0.627746, 0.00950278, 0.0122236, 0.0490876, 0.145661, 0.711633, 1.08307, 1.25981, 0.000330262, 0.000341158, 0.154966, 0.400024, 0.862388, 0.971486, 1.1154, 0.0191988, 0.0382357, 0.0386467, 0.0521662, 0.0537599, 0.0782815, 0.0792604, 0.0889954, 0.000572115, 0.0112869, 

0.0108544, 0.0177841, 0.049023, 0.108503, 0.173834, 0.56963, 0.959597, 4.40811e-05, 4.44907e-05, 0.0898324, 0.249509, 0.382842, 0.420303, 0.627746, 0.00065386, 0.00950278, 0.0490876, 0.145661, 0.546771, 0.711633, 1.08307, 0.000330262, 0.000341158, 0.154966, 0.400024, 0.862388, 1.1154, 1.14926, 0.00767413, 0.0191988, 0.0382357, 0.0386467, 0.0521662, 0.0537599, 0.0782815, 0.0792604, 0.000572115, 0.0112869, 

0.0108544, 0.0177841, 0.049023, 0.108503, 0.125805, 0.243992, 0.863897, 4.40811e-05, 4.41802e-05, 0.0898324, 0.249509, 0.382842, 0.420303, 0.0323754, 0.00065386, 0.00767413, 0.0490876, 0.145661, 0.546771, 0.711633, 1.08307, 0.000330262, 0.00033166, 0.154966, 0.451572, 0.861815, 0.88922, 0.0620693, 0.00950278, 0.0191988, 0.0382357, 0.0386467, 0.0521662, 0.0537599, 0.0782815, 0.0792604, 0.000572115, 0.0112869, 

0.0108544, 0.0177841, 0.049023, 0.108503, 0.243992, 0.863897, 1.82056, 4.40811e-05, 4.41802e-05, 0.0323754, 0.249509, 0.382842, 0.420303, 1.01344, 0.00065386, 0.00767413, 0.0490876, 0.145661, 0.52385, 0.736248, 1.09221, 0.000329492, 0.000330262, 0.0620693, 0.154966, 0.409832, 0.451572, 0.861815, 0.00950278, 0.0191988, 0.0382357, 0.0386467, 0.0521662, 0.0537599, 0.0782815, 0.0792604, 0.000572115, 0.0112869, 

0.0108544, 0.0110543, 0.108503, 0.238967, 0.711995, 0.713365, 0.193642, 4.40811e-05, 4.41802e-05, 0.0323754, 0.249509, 0.420303, 1.01344, 0.76259, 0.00065386, 0.00168435, 0.0490876, 0.145661, 0.503488, 0.52385, 0.927218, 0.000329492, 0.000330262, 0.0620693, 0.154966, 0.409832, 0.624721, 0.938927, 0.00950278, 0.0191988, 0.0382357, 0.0386467, 0.0521662, 0.0537599, 0.0782815, 0.0792604, 0.000572115, 0.0112869, 

0.00950278, 0.0110543, 0.108503, 0.193642, 0.238967, 0.713365, 1.44982, 4.40811e-05, 4.41802e-05, 0.0323754, 0.249509, 0.76259, 0.909711, 1.28314, 0.00065386, 0.00168435, 0.0490876, 0.114237, 0.503488, 0.927218, 1.7899, 0.000329492, 0.000330262, 0.0620693, 0.409832, 0.624721, 0.938927, 1.32707, 0.0108544, 0.0191988, 0.0382357, 0.0386467, 0.0521662, 0.0537599, 0.0782815, 0.0792604, 0.000572115, 0.0112869, 

0.00950278, 0.0110543, 0.108503, 0.193642, 0.34856, 0.713365, 1.04604, 4.40811e-05, 4.41802e-05, 0.249509, 0.76259, 0.909711, 1.28314, 1.35502, 0.00065386, 0.00168435, 0.0490876, 0.114237, 0.503488, 0.927218, 1.11112, 0.000328376, 0.000329492, 0.0620693, 0.624721, 0.938927, 1.05798, 0.345967, 0.0108544, 0.0191988, 0.0382357, 0.0386467, 0.0521662, 0.0537599, 0.0782815, 0.0792604, 0.000572115, 0.0112869, 

0.00950278, 0.0110543, 0.108503, 0.193642, 0.34856, 0.713365, 1.04604, 4.40811e-05, 4.41559e-05, 0.249509, 0.29368, 0.601996, 0.775657, 0.904386, 0.00065386, 0.00134077, 0.114237, 0.198781, 0.354832, 0.503488, 0.506737, 0.000328168, 0.000328376, 0.0620693, 0.166741, 0.345967, 0.624721, 1.32344, 0.0108544, 0.0191988, 0.0382357, 0.0386467, 0.0521662, 0.0537599, 0.0782815, 0.0792604, 0.000572115, 0.0112869, 

0.00950278, 0.0110543, 0.0953246, 0.108503, 0.198191, 0.713365, 0.453287, 4.40811e-05, 4.40977e-05, 0.249509, 0.29368, 0.570634, 0.601996, 0.904386, 0.00065386, 0.00134077, 0.0393899, 0.198781, 0.503488, 0.506737, 1.41498, 0.000328168, 0.000328376, 0.0620693, 0.166741, 0.624721, 0.868111, 0.875842, 0.0108544, 0.0191988, 0.0382357, 0.0386467, 0.0521662, 0.0537599, 0.0782815, 0.0792604, 0.000572115, 0.0112869, 

0.00950278, 0.0108544, 0.0284959, 0.108503, 0.453287, 0.713365, 0.628397, 4.40811e-05, 4.40861e-05, 0.0525928, 0.249509, 0.601996, 0.904386, 0.943536, 0.00065386, 0.00134077, 0.198781, 0.503488, 0.506737, 0.838347, 0.832765, 0.000328168, 0.000328376, 0.0620693, 0.166741, 0.418663, 0.868111, 0.000322186, 0.0110543, 0.0191988, 0.0382357, 0.0386467, 0.0521662, 0.0537599, 0.0782815, 0.0792604, 0.000572115, 0.0112869, 

0.00950278, 0.0108544, 0.0284959, 0.108503, 0.628397, 0.713365, 0.69438, 4.40798e-05, 4.40811e-05, 0.0525928, 0.59633, 0.904386, 0.943536, 0.942723, 0.00065386, 0.00119207, 0.198781, 0.386963, 0.832765, 0.838347, 1.46054, 0.000328168, 0.000328376, 0.000322186, 0.0620693, 0.229519, 0.418663, 0.365098, 0.0110543, 0.0191988, 0.0382357, 0.0386467, 0.0521662, 0.0537599, 0.0782815, 0.0792604, 0.000572115, 0.0112869, 

0.00950278, 0.0108544, 0.0284959, 0.108503, 0.69438, 0.713365, 0.311953, 4.40798e-05, 4.40811e-05, 0.184261, 0.237274, 0.942723, 0.943536, 0.80417, 0.00065386, 0.00119207, 0.198781, 0.386963, 0.838347, 0.851548, 0.997146, 0.000299837, 0.000328376, 0.000322186, 0.0620693, 0.229519, 0.365098, 0.418663, 0.0110543, 0.0191988, 0.0382357, 0.0386467, 0.0521662, 0.0537599, 0.0782815, 0.0792604, 0.000572115, 0.0112869, 

0.00950278, 0.0108544, 0.0284959, 0.108503, 0.69438, 0.713365, 1.10732, 4.40798e-05, 4.40811e-05, 0.184261, 0.702933, 0.80417, 0.943536, 0.421958, 0.00065386, 0.00119207, 0.198781, 0.838347, 0.851548, 0.997146, 0.341439, 0.000299837, 0.000328376, 0.000322186, 0.0620693, 0.21819, 0.365098, 0.429294, 0.0110543, 0.0191988, 0.0382357, 0.0386467, 0.0521662, 0.0537599, 0.0782815, 0.0792604, 0.000572115, 0.0112869, 

0.00950278, 0.0108544, 0.108503, 0.19497, 0.69438, 0.713365, 1.42046, 4.40798e-05, 4.40811e-05, 0.184261, 0.421958, 0.702933, 0.80417, 0.943536, 0.00065386, 0.00119207, 0.0723829, 0.341439, 0.838347, 0.851548, 1.77314, 0.000299837, 0.000317752, 0.000322186, 0.0620693, 0.21819, 0.365098, 1.24896, 0.0110543, 0.0191988, 0.0382357, 0.0386467, 0.0521662, 0.0537599, 0.0782815, 0.0792604, 0.000572115, 0.0112869, 

0.00950278, 0.0108544, 0.108503, 0.149316, 0.19497, 0.713365, 1.1511, 4.40798e-05, 4.40811e-05, 0.184261, 0.702933, 0.80417, 0.943536, 0.0500957, 0.00065386, 0.00119207, 0.341439, 0.48932, 0.851548, 1.1506, 0.665912, 0.000299837, 0.000317752, 0.000322186, 0.0620693, 0.365098, 1.24896, 0.0133116, 0.0110543, 0.0191988, 0.0382357, 0.0386467, 0.0521662, 0.0537599, 0.0782815, 0.0792604, 0.000572115, 0.0112869, 

0.00950278, 0.0108544, 0.0485624, 0.108503, 0.713365, 1.12189, 1.65231, 4.40798e-05, 4.40809e-05, 0.0500957, 0.184261, 0.702933, 0.943536, 0.939266, 0.00065386, 0.00119207, 0.48932, 0.532858, 0.665912, 1.1506, 0.72348, 0.000290699, 0.000299837, 0.0133116, 0.0620693, 0.365098, 0.535964, 0.000299234, 0.0110543, 0.0191988, 0.0382357, 0.0386467, 0.0521662, 0.0537599, 0.0782815, 0.0792604, 0.000572115, 0.0112869, 

Best:
(-0.00170865, 0.0130502, )

Fitness Evaluations:
2705

End Population
(-9.172794e-02), (1.458541e-01), (6.322358e+00), (1.940462e-02), (-3.156942e+00), (-1.339491e+01), (3.291297e+00), (1.286242e+01), (-2.000000e+01), (-8.732924e+00), (1.013286e+01), (-2.000000e+01), (8.100364e-01), (-4.947594e+00), (-1.708652e-03), (1.305023e-02), (-1.708833e-03), (1.305036e-02), (-9.624284e+00), (4.344195e+00), (-1.535864e+01), (1.361037e+01), (-4.250285e+00), (-1.233188e+01), (-1.761721e+00), (-2.668704e+00), (-7.709416e+00), (7.619975e+00), (3.210627e-03), (-5.091674e-02), (1.642068e-02), (-6.500634e-02), (5.363248e+00), (9.547931e+00), (1.055303e+00), (-8.649934e+00), (-1.041230e+01), (1.225203e+01), (1.441993e+01), (), (1.896493e+00), (3.736801e+00), (1.133013e-02), (3.008510e-02), (1.258945e-02), (2.968881e-02), (-1.121338e-01), (1.682103e-01), (-2.646255e-01), (3.366241e-01), (5.470468e+00), (5.149533e-01), (-1.162202e+01), (1.799781e+01), (9.110709e-03), (3.209206e-02), (6.328158e+00), (1.128515e-02), (3.111755e+00), (-4.224711e+00), (-9.427543e+00), (4.227792e+00), (-6.520447e+00), (3.498024e-03), (-2.898225e-01), (-2.088306e-01), (-2.651569e-01), (-2.794099e-01), (9.099826e+00), (-4.474711e+00), (-7.002449e-03), (1.771595e+01), (2.795404e-02), (2.691663e-02), (-3.207233e+00), (4.519284e+00), 