Iterations: 50
Function Evaluations Limit: 150000
Population: 50

Prides Length: 4

Percent Nomads: 0.2
Percent Roaming: 0.2
Percent Sex: 0.8

Mating Rate: 0.3
Mutation Probability: 0.2
Immigration Rate: 0.4

Dimensions: 2
N-Dimension Space: -20:20

Fitness Iterations:
0.281421
1.52587, 0.650223, 1.03987, 1.37077, 1.19908, 1.02969, 1.66954, 0.422153, 0.989464, 0.898184, 0.745751, 0.83829, 2.11856, 1.11364, 1.74502, 0.281421, 1.58265, 1.12685, 0.830688, 0.389667, 0.756448, 1.882, 0.707238, 1.40347, 1.77269, 1.23899, 1.34969, 0.653753, 0.919619, 0.991643, 1.73192, 1.48005, 0.71289, 1.62787, 1.17091, 1.80034, 0.835357, 0.423156, 0.835192, 1.55211, 1.17429, 1.12436, 1.10875, 1.17209, 1.06894, 0.362517, 1.00579, 0.522351, 0.907538, 1.58604, 

0.0850823, 0.362517, 1.20203, 1.01707, 1.02969, 1.29554, 1.54288, 1.10124, 0.230971, 1.03987, 0.263978, 0.524511, 0.272335, 1.14868, 1.11586, 0.830688, 0.274213, 1.02653, 0.919619, 0.422153, 0.111653, 0.581077, 0.707238, 1.2683, 0.991643, 1.60224, 1.6556, 0.474758, 0.898184, 0.907538, 1.0178, 0.279891, 0.71289, 1.13852, 0.426517, 0.835192, 1.20203, 0.653753, 0.423156, 0.795501, 0.650223, 1.06894, 0.474346, 0.756448, 0.745751, 0.522351, 0.798232, 0.564158, 1.10298, 1.17091, 

0.0850823, 0.204177, 0.645646, 0.767713, 0.895755, 0.373713, 1.03987, 0.0858373, 0.120193, 0.755784, 0.263978, 0.362517, 1.11586, 0.830688, 1.02653, 0.422153, 0.978676, 0.898184, 0.495568, 0.739399, 0.111653, 0.234882, 1.20203, 0.991643, 1.20203, 0.474758, 0.907538, 0.333434, 0.230971, 0.272335, 0.487164, 0.279891, 0.426517, 0.835192, 0.423156, 0.795501, 1.1918, 0.705726, 0.544895, 0.274213, 0.650223, 0.524511, 0.745751, 0.522351, 0.564158, 0.474346, 0.504858, 0.665873, 0.919619, 1.10298, 

0.0850823, 0.204177, 0.645646, 0.925671, 0.120193, 0.755784, 1.12255, 0.333434, 0.895755, 0.59711, 0.106252, 0.0443626, 1.11586, 0.830688, 0.422153, 0.60204, 0.739399, 0.587991, 0.432172, 0.373713, 0.111653, 0.234882, 1.10004, 0.474758, 0.256233, 0.272335, 0.553525, 0.0858373, 0.544895, 0.230971, 0.279891, 0.221215, 0.835192, 0.423156, 0.795501, 0.705726, 0.274213, 0.495568, 0.807227, 0.426517, 0.522351, 0.474346, 0.504858, 0.424395, 0.491631, 0.225873, 0.263978, 0.487164, 0.898184, 0.919619, 

0.0850823, 0.204177, 0.645646, 0.120193, 0.755784, 0.59711, 0.585375, 0.272335, 0.220251, 0.230971, 0.106252, 0.0443626, 0.929204, 0.739399, 0.587991, 0.432172, 0.918822, 0.474758, 0.329823, 0.373713, 0.111653, 0.234882, 0.256233, 0.0858373, 0.544895, 0.407141, 0.864465, 0.60204, 0.333434, 0.597046, 0.162119, 0.221215, 0.0953628, 0.301875, 0.476722, 0.403088, 0.777061, 0.525419, 0.141316, 0.422153, 0.474346, 0.424395, 0.491631, 0.279891, 0.263978, 0.487164, 0.225873, 0.38407, 0.705726, 0.80337, 

0.0850823, 0.204177, 0.645646, 0.0854505, 0.418088, 0.585375, 0.0733023, 0.256233, 0.422153, 0.230971, 0.106252, 0.0443626, 0.255105, 0.432172, 0.474758, 0.327254, 0.373713, 0.669806, 0.120193, 0.344053, 0.111653, 0.234882, 0.407141, 0.864465, 0.60204, 0.333434, 0.823978, 0.520453, 0.0953628, 0.0858373, 0.162119, 0.221215, 0.476722, 0.12259, 0.525419, 0.141316, 2.01339, 0.272335, 0.597046, 0.301875, 0.474346, 0.424395, 0.279891, 0.263978, 0.487164, 0.225873, 0.38407, 0.388826, 0.705726, 0.719969, 

0.0850823, 0.177971, 0.0854505, 0.256233, 0.422153, 0.230971, 0.989739, 0.327254, 0.418088, 0.260997, 0.106252, 0.0443626, 0.255105, 0.373713, 0.565443, 0.344053, 0.932234, 0.0733023, 0.0834739, 0.120193, 0.111653, 0.217493, 0.864465, 0.333434, 0.823978, 0.520453, 1.23058, 0.0953628, 0.384939, 0.301875, 0.162119, 0.221215, 0.12259, 0.141316, 1.71964, 0.597046, 0.3871, 0.272335, 0.0858373, 0.15514, 0.424395, 0.279891, 0.199369, 0.225873, 0.38407, 0.388826, 0.204177, 0.234882, 0.432172, 0.474758, 

0.0850823, 0.106252, 0.0854505, 0.989739, 0.327254, 0.418088, 0.260997, 0.422153, 0.255105, 0.0826115, 0.0443626, 0.0391854, 0.373713, 0.344053, 0.0834739, 0.120193, 1.06479, 0.432172, 0.3871, 0.230971, 0.111653, 0.217493, 0.864465, 1.23058, 0.0953628, 1.35948, 1.27024, 0.301875, 0.0733023, 0.333434, 0.162119, 0.204177, 0.12259, 0.141316, 0.272335, 0.15514, 0.7382, 0.256233, 0.0858373, 0.384939, 0.279891, 0.199369, 0.225873, 0.38407, 0.221555, 0.221215, 0.234882, 0.177971, 0.474758, 0.494064, 

0.0850823, 0.106252, 0.422153, 0.255105, 0.0826115, 0.12195, 1.68239, 0.373713, 0.0854505, 0.270956, 0.0443626, 0.0391854, 0.0834739, 0.3871, 0.230971, 0.886036, 0.949057, 0.12259, 0.344053, 0.272335, 0.111653, 0.163467, 0.864465, 0.0733023, 0.333434, 1.09757, 0.201071, 0.327254, 0.301875, 0.15514, 0.162119, 0.204177, 0.141316, 0.256233, 0.0858373, 0.384939, 1.85982, 0.120193, 0.0953628, 0.260997, 0.199369, 0.225873, 0.221555, 0.221215, 0.234882, 0.217493, 0.177971, 0.274258, 0.432172, 0.474758, 

0.0850823, 0.106252, 0.422153, 0.12195, 0.373713, 0.0854505, 0.270956, 0.0560881, 0.120193, 0.201071, 0.0443626, 0.0391854, 0.3871, 0.886036, 0.12259, 0.272335, 0.895713, 0.0826115, 0.10962, 0.432172, 0.111653, 0.0400091, 0.0733023, 0.333434, 0.327254, 0.301875, 0.15514, 0.230971, 0.255105, 0.256233, 0.162119, 0.204177, 0.141316, 0.0858373, 0.242352, 0.0953628, 0.149051, 0.344053, 0.0834739, 0.384939, 0.199369, 0.225873, 0.221555, 0.221215, 0.234882, 0.217493, 0.177971, 0.163467, 0.474758, 0.655376, 

0.0850823, 0.106252, 0.0854505, 0.0560881, 0.201071, 0.940986, 1.43775, 0.12195, 0.256233, 0.120193, 0.0443626, 0.0391854, 0.12259, 0.272335, 0.895713, 0.0826115, 0.94969, 0.10962, 0.242352, 0.270956, 0.111653, 0.0400091, 0.0733023, 0.16732, 0.327254, 0.301875, 0.230971, 0.0953628, 0.116468, 0.255105, 0.162119, 0.163467, 0.149051, 0.0834739, 0.131325, 1.14056, 0.73848, 0.15514, 0.0858373, 0.141316, 0.199369, 0.225873, 0.221555, 0.221215, 0.234882, 0.217493, 0.204177, 0.177971, 0.344053, 0.373713, 

0.0850823, 0.106252, 0.0854505, 0.0560881, 0.0728891, 0.12195, 0.223826, 0.270956, 0.0537685, 0.0953628, 0.0443626, 0.0391854, 0.12259, 0.272335, 0.294982, 0.0826115, 0.242352, 0.201071, 0.230971, 0.15514, 0.111653, 0.0400091, 0.0733023, 0.16732, 0.327254, 0.301875, 1.13425, 0.116468, 0.131325, 0.10962, 0.162119, 0.163467, 0.149051, 0.0834739, 0.73848, 0.141316, 1.65396, 0.0858373, 0.0145337, 0.255105, 0.199369, 0.225873, 0.221555, 0.221215, 0.217493, 0.204177, 0.177971, 0.207556, 0.344053, 0.373713, 

0.0850823, 0.106252, 0.0560881, 0.223826, 0.270956, 0.44029, 1.57421, 0.0854505, 0.0728891, 0.0826115, 0.0443626, 0.0391854, 0.272335, 0.242352, 0.201071, 0.15514, 0.896616, 0.0537685, 0.107793, 0.0953628, 0.111653, 0.0400091, 0.0733023, 0.301875, 0.506753, 0.131325, 0.530554, 0.10962, 0.116468, 0.16732, 0.162119, 0.163467, 0.149051, 0.0834739, 0.141316, 0.0858373, 0.0145337, 0.12259, 0.12195, 0.230971, 0.199369, 0.225873, 0.221555, 0.221215, 0.217493, 0.204177, 0.177971, 0.207556, 0.255105, 0.294982, 

0.0850823, 0.106252, 0.0560881, 0.270956, 0.0728891, 1.7928, 1.7725, 0.12259, 0.107793, 0.16732, 0.0443626, 0.0391854, 0.242352, 0.201071, 0.0537685, 0.0953628, 1.27392, 0.10962, 0.149051, 0.0733023, 0.111653, 0.0400091, 0.301875, 0.131325, 0.530554, 0.116468, 0.420802, 0.223826, 0.0854505, 0.230971, 0.162119, 0.163467, 0.0834739, 0.141316, 0.0858373, 0.0145337, 0.12195, 0.0826115, 0.15514, 0.255105, 0.191986, 0.221215, 0.217493, 0.204177, 0.177971, 0.207556, 0.175752, 0.17618, 0.272335, 0.286217, 

0.0850823, 0.0301227, 0.0728891, 1.10569, 0.12259, 0.107793, 1.48968, 0.242352, 0.0560881, 0.270956, 0.0443626, 0.0391854, 0.0953628, 1.27392, 0.10962, 0.149051, 0.0733023, 0.0826115, 0.162961, 0.16732, 0.111653, 0.0400091, 0.301875, 0.131325, 0.027005, 0.230971, 1.47679, 0.201071, 0.255105, 0.223826, 0.106252, 0.163467, 0.0834739, 0.0858373, 0.0145337, 0.12195, 0.15514, 0.141316, 0.0537685, 0.116468, 0.191986, 0.217493, 0.204177, 0.177971, 0.207556, 0.175752, 0.17618, 0.162119, 0.272335, 0.286217, 

0.0850823, 0.0301227, 0.0728891, 0.107793, 0.826073, 0.0560881, 0.961894, 0.12259, 0.0826115, 0.201071, 0.0443626, 0.0391854, 0.0953628, 1.27392, 0.10962, 0.149051, 0.0733023, 0.116468, 0.131325, 0.15514, 0.111653, 0.0400091, 0.301875, 0.230971, 0.255105, 0.223826, 1.97723, 0.162961, 0.0858373, 0.0145337, 0.106252, 0.162119, 0.0834739, 0.12195, 0.141316, 0.0537685, 0.701137, 0.242352, 0.027005, 0.16732, 0.191986, 0.217493, 0.204177, 0.177971, 0.207556, 0.175752, 0.17618, 0.163467, 0.270956, 0.272335, 

0.0850823, 0.0301227, 0.107793, 0.447086, 0.0560881, 0.0826115, 0.950516, 0.162961, 0.0834739, 0.10962, 0.0443626, 0.0391854, 0.0953628, 0.149051, 0.116468, 0.131325, 0.526365, 0.0728891, 0.0537685, 0.0858373, 0.111653, 0.0400091, 0.0280089, 0.230971, 0.255105, 1.09781, 1.11832, 0.0733023, 0.15514, 0.12259, 0.106252, 0.162119, 0.141316, 0.701137, 0.242352, 0.417919, 1.23849, 0.12195, 0.0145337, 0.027005, 0.191986, 0.217493, 0.204177, 0.177971, 0.207556, 0.175752, 0.17618, 0.163467, 0.16732, 0.201071, 

0.0443735, 0.0301227, 0.107793, 0.0560881, 0.0826115, 0.0834739, 0.10962, 0.369743, 0.12195, 0.0858373, 0.0443626, 0.0391854, 0.149051, 0.116468, 0.131325, 0.0537685, 0.927549, 0.0953628, 0.12259, 0.162961, 0.111653, 0.0400091, 0.230971, 0.0733023, 0.15514, 1.48685, 0.603361, 0.16732, 0.201071, 0.0280089, 0.106252, 0.108881, 0.141316, 0.242352, 0.0145337, 0.027005, 0.901514, 0.118451, 0.0728891, 0.255105, 0.191986, 0.204177, 0.177971, 0.117391, 0.17618, 0.163467, 0.19281, 0.184346, 0.417919, 0.447086, 

0.0443735, 0.0301227, 0.107793, 0.0826115, 0.12195, 0.0858373, 0.761885, 0.0733023, 0.162961, 0.0834739, 0.0443626, 0.0391854, 0.149051, 0.927549, 0.0499029, 0.12259, 0.932922, 0.027005, 0.116468, 0.0280089, 0.111653, 0.0400091, 0.15514, 0.603361, 0.16732, 0.87743, 1.96677, 0.201071, 0.10962, 0.0537685, 0.106252, 0.108881, 0.141316, 0.0145337, 0.118451, 0.255105, 2.0679, 0.131325, 0.0560881, 0.0728891, 0.191986, 0.177971, 0.117391, 0.17618, 0.163467, 0.19281, 0.184346, 0.0519495, 0.230971, 0.242352, 

0.0443735, 0.0301227, 0.0826115, 0.12195, 0.0834739, 1.10576, 0.60389, 0.141316, 0.0858373, 0.0537685, 0.0443626, 0.0391854, 0.149051, 0.78686, 0.0499029, 0.926798, 0.0280089, 0.116468, 0.12259, 0.162961, 0.0519495, 0.0400091, 0.15514, 0.87743, 0.10962, 0.978181, 1.26273, 0.0728891, 0.0733023, 0.118451, 0.0822528, 0.108881, 0.0145337, 1.09775, 0.131325, 0.0560881, 1.13191, 0.107793, 0.16732, 0.027005, 0.177971, 0.117391, 0.17618, 0.163467, 0.184346, 0.111653, 0.101294, 0.106252, 0.201071, 0.230971, 

0.0399136, 0.0301227, 0.0826115, 0.12195, 0.0834739, 0.972092, 0.141316, 0.12259, 0.0537685, 0.201071, 0.0443626, 0.0391854, 0.0499029, 0.271397, 0.0280089, 0.116468, 1.51038, 0.162961, 0.149051, 0.10962, 0.0519495, 0.0400091, 0.15514, 0.87743, 0.975449, 0.0733023, 0.731899, 0.118451, 0.230971, 0.0858373, 0.0822528, 0.101294, 0.0145337, 0.131325, 0.0560881, 0.107793, 0.679582, 0.16732, 0.027005, 0.0728891, 0.177971, 0.117391, 0.17618, 0.163467, 0.184346, 0.111653, 0.108881, 0.106252, 0.349043, 0.52474, 

0.0399136, 0.0301227, 0.141316, 0.12259, 0.0537685, 0.201071, 1.6354, 0.0826115, 0.230971, 0.0499029, 0.0443626, 0.0391854, 0.0280089, 0.116468, 0.149051, 1.7727, 0.824405, 0.0733023, 0.0834739, 0.10962, 0.0519495, 0.0400091, 0.15514, 0.756855, 0.731899, 0.118451, 1.88759, 0.16732, 0.0858373, 0.107793, 0.0822528, 0.101294, 0.0145337, 0.131325, 0.0560881, 0.027005, 2.00793, 0.0728891, 0.12195, 0.162961, 0.177971, 0.117391, 0.17618, 0.163467, 0.184346, 0.111653, 0.108881, 0.106252, 0.271397, 0.349043, 

0.0399136, 0.0301227, 0.0537685, 0.201071, 1.51201, 0.230971, 1.65627, 0.0499029, 0.0733023, 0.0280089, 0.0443626, 0.0391854, 0.149051, 0.824405, 0.10962, 1.49541, 1.94657, 0.107793, 0.027005, 0.0858373, 0.0519495, 0.0400091, 0.731899, 0.118451, 0.16732, 0.993945, 0.100296, 0.0826115, 0.116468, 0.0834739, 0.0822528, 0.101294, 0.0145337, 0.131325, 0.0560881, 0.441617, 0.12195, 0.141316, 0.0728891, 0.12259, 0.177971, 0.117391, 0.17618, 0.163467, 0.111653, 0.108881, 0.106252, 0.174989, 0.15514, 0.162961, 

0.0399136, 0.0301227, 0.0537685, 0.0499029, 0.0733023, 0.0280089, 0.934976, 0.027005, 0.162961, 0.12259, 0.0443626, 0.0391854, 0.10962, 1.49541, 1.15149, 0.107793, 1.69614, 0.0858373, 0.116468, 0.149051, 0.0519495, 0.0400091, 0.731899, 0.118451, 0.993945, 0.100296, 1.30592, 0.0826115, 0.16732, 0.0834739, 0.0822528, 0.101294, 0.0145337, 0.131325, 0.0560881, 0.441617, 0.141316, 0.0728891, 0.12195, 0.15514, 0.177971, 0.117391, 0.17618, 0.163467, 0.111653, 0.108881, 0.106252, 0.174989, 0.201071, 0.230971, 

0.0399136, 0.0301227, 0.0733023, 0.0280089, 0.934976, 0.162961, 0.12259, 0.12195, 0.0834739, 0.230971, 0.0443626, 0.0391854, 0.10962, 0.107793, 1.14989, 0.116468, 0.908387, 0.149051, 0.0858373, 0.15514, 0.0519495, 0.0400091, 0.118451, 0.212961, 0.100296, 0.194615, 0.16732, 0.0728891, 0.0537685, 0.0826115, 0.0822528, 0.101294, 0.0145337, 0.131325, 0.0560881, 0.141316, 1.02821, 0.201071, 0.027005, 0.0499029, 0.177971, 0.117391, 0.17618, 0.163467, 0.111653, 0.108881, 0.106252, 0.174989, 0.441617, 0.731899, 

0.0399136, 0.0301227, 0.0733023, 0.0280089, 0.934976, 0.162961, 0.140921, 0.118451, 0.0728891, 0.0858373, 0.0443626, 0.0391854, 0.107793, 0.938588, 0.116468, 0.149051, 0.15514, 0.0834739, 0.131325, 0.12259, 0.0519495, 0.0400091, 0.212961, 0.100296, 0.16732, 0.0537685, 0.0826115, 0.12195, 0.10962, 0.194615, 0.0822528, 0.101294, 0.141316, 1.02821, 0.201071, 0.027005, 1.63914, 0.0560881, 0.0145337, 0.0499029, 0.117391, 0.17618, 0.163467, 0.111653, 0.108881, 0.106252, 0.174989, 0.0641939, 0.230971, 0.425714, 

0.0399136, 0.0301227, 0.118451, 0.0728891, 0.0858373, 0.624428, 0.275586, 0.10962, 0.0733023, 0.149051, 0.0443626, 0.0391854, 0.107793, 0.312884, 0.15514, 0.131325, 1.50929, 0.0280089, 0.12259, 0.0834739, 0.0519495, 0.0400091, 0.100296, 0.0826115, 0.194615, 0.723818, 1.2214, 0.140921, 0.027005, 0.162961, 0.0641939, 0.101294, 0.141316, 1.02821, 0.0560881, 0.0145337, 0.0499029, 0.12195, 0.116468, 0.0537685, 0.117391, 0.17618, 0.163467, 0.111653, 0.108881, 0.106252, 0.174989, 0.0822528, 0.16732, 0.201071, 

0.0399136, 0.0301227, 0.118451, 0.0858373, 0.624428, 0.10962, 0.149051, 0.107793, 0.16732, 0.15514, 0.0443626, 0.0391854, 0.131325, 0.0280089, 0.12259, 0.0834739, 0.0738757, 0.0733023, 0.116468, 0.12195, 0.0519495, 0.0400091, 0.100296, 1.2214, 0.027005, 1.70142, 0.851373, 0.0826115, 0.0728891, 0.162961, 0.0641939, 0.0822528, 0.0222564, 0.0145337, 0.0499029, 0.0537685, 1.11148, 0.0560881, 0.126758, 0.140921, 0.117391, 0.163467, 0.111653, 0.108881, 0.106252, 0.101294, 0.171099, 0.119662, 0.194615, 0.201071, 

0.0399136, 0.0301227, 0.118451, 0.544569, 0.16732, 0.15514, 0.974545, 0.0834739, 0.0728891, 0.0733023, 0.0443626, 0.0391854, 0.131325, 0.0280089, 0.116468, 0.12195, 1.42633, 0.126758, 0.107793, 0.100296, 0.0519495, 0.0400091, 1.10325, 0.027005, 1.10262, 0.0826115, 0.162961, 0.0738757, 0.0499029, 0.10962, 0.0641939, 0.0822528, 0.0222564, 0.0537685, 1.00603, 0.0560881, 0.540682, 0.0145337, 0.12259, 0.0858373, 0.117391, 0.163467, 0.111653, 0.108881, 0.106252, 0.101294, 0.171099, 0.119662, 0.140921, 0.149051, 

0.0399136, 0.0301227, 0.118451, 0.544569, 0.0834739, 0.0728891, 0.944357, 0.126758, 0.0858373, 0.131325, 0.0443626, 0.0391854, 0.0280089, 0.116468, 0.12195, 0.100296, 0.86248, 0.107793, 0.15514, 0.149051, 0.0519495, 0.0400091, 0.027005, 1.10262, 0.0738757, 0.10962, 0.329764, 0.0733023, 0.140921, 0.0222564, 0.0641939, 0.0822528, 1.00603, 0.0560881, 0.540682, 0.0145337, 0.12259, 0.0499029, 0.0826115, 0.00692536, 0.117391, 0.163467, 0.111653, 0.108881, 0.106252, 0.101294, 0.171099, 0.119662, 0.162961, 0.16732, 

0.0399136, 0.0301227, 0.544569, 0.0834739, 0.0728891, 0.944357, 0.126758, 0.10962, 0.116468, 0.0560881, 0.0443626, 0.0391854, 0.100296, 0.107793, 0.149051, 0.945712, 0.0892053, 0.12195, 0.00692536, 0.0858373, 0.0519495, 0.0400091, 0.027005, 0.0738757, 0.329764, 0.140921, 0.0222564, 0.0280089, 0.0733023, 0.131325, 0.0641939, 0.0749199, 0.540682, 0.0145337, 0.12259, 0.953771, 0.903032, 0.0499029, 0.118451, 0.0826115, 0.117391, 0.163467, 0.111653, 0.108881, 0.106252, 0.101294, 0.119662, 0.0822528, 0.15514, 0.162961, 

0.0399136, 0.0301227, 0.0834739, 0.116468, 0.0560881, 1.00032, 0.0375565, 0.12195, 0.10962, 0.0499029, 0.0443626, 0.0391854, 0.100296, 0.107793, 0.0901135, 0.0892053, 0.411445, 0.0394619, 0.0145337, 0.0733023, 0.0519495, 0.0400091, 0.0738757, 0.0222564, 0.0280089, 0.131325, 0.813726, 0.0858373, 0.0826115, 0.0728891, 0.0641939, 0.0749199, 0.540682, 0.614024, 0.903032, 1.1913, 0.104373, 0.027005, 0.118451, 0.00692536, 0.117391, 0.111653, 0.108881, 0.106252, 0.101294, 0.119662, 0.0822528, 0.0453606, 0.12259, 0.126758, 

0.0399136, 0.0301227, 0.0834739, 0.116468, 0.12195, 0.0499029, 1.23959, 0.0901135, 0.10962, 0.0145337, 0.0443626, 0.0391854, 0.100296, 0.107793, 0.0892053, 0.0733023, 1.22367, 0.0280089, 0.027005, 0.0858373, 0.0453606, 0.0400091, 0.0222564, 0.131325, 0.0826115, 0.0728891, 1.76892, 0.0560881, 0.0375565, 0.0394619, 0.0641939, 0.0749199, 0.614024, 0.409307, 0.118451, 0.00692536, 1.34104, 0.0738757, 0.104373, 0.12259, 0.117391, 0.111653, 0.108881, 0.106252, 0.101294, 0.119662, 0.0822528, 0.0519495, 0.126758, 0.145218, 

0.0399136, 0.0301227, 0.116468, 0.12195, 0.0499029, 1.1941, 0.0145337, 0.0892053, 0.0222564, 0.0834739, 0.0443626, 0.0391854, 0.100296, 0.0280089, 0.0858373, 1.41709, 0.311556, 0.0733023, 0.0901135, 0.0560881, 0.0453606, 0.0400091, 0.131325, 0.0826115, 1.12956, 0.0394619, 1.39643, 0.0728891, 0.0375565, 0.00692536, 0.0641939, 0.0749199, 0.614024, 0.409307, 1.34104, 1.62234, 1.29129, 0.027005, 0.0738757, 0.0981292, 0.117391, 0.111653, 0.108881, 0.106252, 0.101294, 0.119662, 0.0822528, 0.0519495, 0.104373, 0.107793, 

0.0399136, 0.0301227, 0.12195, 1.1941, 0.0834739, 1.63753, 1.9275, 0.0394619, 0.0145337, 0.0222564, 0.0443626, 0.0391854, 0.0280089, 0.311556, 0.0733023, 1.20984, 1.30148, 0.00692536, 0.0858373, 0.0560881, 0.0430331, 0.0400091, 0.131325, 1.10462, 0.0375565, 1.0753, 1.22488, 0.0901135, 0.0728891, 0.027005, 0.0641939, 0.0749199, 0.614024, 0.627433, 0.0738757, 0.0981292, 0.816365, 0.0499029, 0.0892053, 0.0826115, 0.117391, 0.111653, 0.108881, 0.106252, 0.101294, 0.119662, 0.0822528, 0.0519495, 0.100296, 0.104373, 

0.0399136, 0.0301227, 1.1941, 0.0834739, 1.20203, 1.17718, 0.313553, 0.0375565, 0.0981292, 0.104373, 0.0443626, 0.0391854, 0.0280089, 0.311556, 1.20203, 0.0858373, 0.0560881, 0.0826115, 0.0145337, 0.0892053, 0.0430331, 0.0400091, 0.972578, 0.768233, 0.0901135, 0.0728891, 0.131054, 0.0222564, 0.00692536, 0.0733023, 0.0641939, 0.0749199, 0.614024, 0.0738757, 0.329472, 0.0499029, 1.21537, 0.027005, 0.0394619, 0.100296, 0.111653, 0.108881, 0.106252, 0.101294, 0.0822528, 0.0519495, 0.101502, 0.074128, 0.12195, 0.131325, 

0.0399136, 0.0301227, 1.20203, 0.313553, 0.0375565, 0.0981292, 1.87681, 0.0499029, 0.0826115, 0.0537724, 0.0443626, 0.0391854, 0.311556, 1.02468, 0.0858373, 0.0145337, 0.390316, 0.0892053, 0.0280089, 0.0834739, 0.0430331, 0.0400091, 0.972578, 0.0728891, 0.131054, 1.56304, 1.13099, 0.0901135, 0.00692536, 0.0222564, 0.0519495, 0.074128, 0.614024, 0.914217, 0.027005, 1.08423, 1.20829, 0.0394619, 0.0733023, 0.0738757, 0.111653, 0.108881, 0.106252, 0.101294, 0.0822528, 0.0641939, 0.101502, 0.0749199, 0.100296, 0.104373, 

0.0399136, 0.0301227, 0.313553, 0.0375565, 0.0981292, 0.79262, 0.998257, 0.0280089, 0.0901135, 0.0892053, 0.0443626, 0.0391854, 0.297158, 1.02468, 0.390316, 0.0834739, 1.15636, 0.0826115, 0.00692536, 0.0145337, 0.0430331, 0.0400091, 0.0728891, 0.131054, 1.03464, 1.07528, 0.942518, 0.0733023, 0.0537724, 0.0222564, 0.0519495, 0.074128, 0.614024, 1.08423, 0.0394619, 0.0738757, 0.936925, 0.027005, 0.0499029, 0.0858373, 0.111653, 0.108881, 0.106252, 0.101294, 0.0822528, 0.0641939, 0.101502, 0.0749199, 0.100296, 0.104373, 

0.0399136, 0.0301227, 0.139659, 0.0280089, 0.0901135, 0.0892053, 0.38936, 0.0834739, 0.100296, 0.0394619, 0.0443626, 0.0391854, 0.270962, 0.390316, 0.0826115, 0.00692536, 1.01652, 0.0728891, 0.0499029, 0.104373, 0.0430331, 0.0400091, 1.03464, 0.942518, 0.0733023, 0.0222564, 1.15417, 0.0145337, 0.0375565, 0.131054, 0.0519495, 0.074128, 0.614024, 1.08423, 0.0738757, 0.027005, 0.84442, 0.0537724, 0.0981292, 0.0858373, 0.111653, 0.108881, 0.106252, 0.101294, 0.0822528, 0.0641939, 0.101502, 0.0749199, 0.280499, 0.297158, 

0.0399136, 0.0301227, 0.139659, 0.0901135, 0.0834739, 0.100296, 1.10738, 0.0222564, 0.027005, 0.297158, 0.0377762, 0.0391854, 0.0826115, 0.00692536, 0.0728891, 0.104373, 1.91186, 0.0499029, 0.0892053, 0.280499, 0.0430331, 0.0400091, 1.03464, 0.0733023, 1.15417, 0.0145337, 0.131054, 0.0375565, 0.0280089, 0.270962, 0.0519495, 0.074128, 0.614024, 1.08423, 0.0537724, 0.0858373, 1.41668, 0.0394619, 0.0738757, 0.0981292, 0.108881, 0.106252, 0.101294, 0.0822528, 0.0641939, 0.101502, 0.0749199, 0.0443626, 0.38936, 0.390316, 

0.0399136, 0.0301227, 0.0999694, 0.0834739, 0.100296, 0.297158, 1.22647, 0.0394619, 0.104373, 0.0222564, 0.0377762, 0.0391854, 0.0826115, 0.00692536, 0.0499029, 0.280499, 0.866811, 0.270962, 0.0858373, 0.0901135, 0.0430331, 0.0400091, 0.0733023, 0.266232, 0.131054, 0.0375565, 0.0280089, 0.0145337, 0.0728891, 0.0537724, 0.0519495, 0.0641939, 0.614024, 0.921792, 0.0738757, 0.0981292, 0.670027, 0.027005, 0.38936, 0.0892053, 0.106252, 0.101294, 0.0822528, 0.074128, 0.101502, 0.0749199, 0.0443626, 0.0822566, 0.390316, 0.781863, 

0.0399136, 0.0301227, 0.0834739, 0.0394619, 0.0222564, 1.18631, 1.89145, 0.220324, 0.027005, 0.0738757, 0.0377762, 0.0391854, 0.00692536, 0.866811, 0.270962, 0.0858373, 0.0901135, 0.0999694, 0.266232, 0.0728891, 0.0430331, 0.0400091, 0.131054, 0.0375565, 0.0280089, 0.0145337, 1.76596, 0.0733023, 0.0826115, 0.0499029, 0.0443626, 0.0641939, 0.614024, 0.921792, 0.0981292, 0.38936, 0.0892053, 0.100296, 0.0537724, 0.104373, 0.101294, 0.0822528, 0.074128, 0.101502, 0.0749199, 0.0519495, 0.0822566, 0.0643554, 0.280499, 0.297158, 

0.0399136, 0.0301227, 0.0394619, 1.18631, 0.956381, 0.220324, 0.027005, 0.0375565, 0.0826115, 0.266232, 0.0377762, 0.0391854, 0.00692536, 0.3521, 0.0858373, 0.0999694, 0.0728891, 0.0834739, 0.0738757, 0.0145337, 0.0430331, 0.0400091, 0.131054, 1.11507, 0.0499029, 1.16583, 1.02113, 0.0222564, 0.104373, 0.0901135, 0.0443626, 0.0519495, 0.921792, 0.0981292, 0.38936, 0.0892053, 0.100296, 0.0280089, 0.0537724, 0.0733023, 0.101294, 0.0822528, 0.074128, 0.101502, 0.0749199, 0.0641939, 0.0822566, 0.0643554, 0.270962, 0.280499, 

0.0392129, 0.0301227, 0.0394619, 1.18631, 0.0375565, 0.0826115, 0.582458, 0.027005, 0.0222564, 0.0261048, 0.0377762, 0.0391854, 0.00692536, 0.0858373, 0.0728891, 0.837232, 1.6478, 0.0738757, 0.0499029, 0.100296, 0.0430331, 0.0400091, 0.131054, 1.11571, 0.104373, 0.0901135, 0.844204, 0.0145337, 0.0981292, 0.220324, 0.0443626, 0.0519495, 0.38936, 0.0892053, 0.0537724, 0.0733023, 1.67937, 0.266232, 0.0999694, 0.0280089, 0.101294, 0.0822528, 0.074128, 0.101502, 0.0749199, 0.0641939, 0.0822566, 0.0643554, 0.270962, 0.280499, 

0.0392129, 0.0301227, 0.0394619, 0.0375565, 0.582458, 0.027005, 2.00668, 0.104373, 0.0222564, 0.220324, 0.0377762, 0.0391854, 0.00692536, 0.0728891, 0.0738757, 0.100296, 0.859319, 0.141673, 0.0981292, 0.0499029, 0.0430331, 0.0400091, 0.131054, 0.961829, 0.0901135, 0.844204, 0.0145337, 0.0826115, 0.266232, 0.0261048, 0.0443626, 0.0519495, 0.38936, 0.0892053, 0.0537724, 0.0280089, 0.924272, 0.0733023, 0.0999694, 0.0858373, 0.101294, 0.0822528, 0.074128, 0.101502, 0.0749199, 0.0641939, 0.0822566, 0.0643554, 0.270962, 0.280499, 

0.0301227, 0.0361541, 1.20148, 0.104373, 0.0222564, 0.0366231, 1.25921, 0.0145337, 0.0981292, 0.0394619, 0.0377762, 0.0391854, 0.0738757, 0.859319, 0.0499029, 0.816689, 0.64042, 0.00692536, 0.0537724, 0.141673, 0.0430331, 0.0400091, 0.953374, 0.0901135, 0.844204, 0.0826115, 0.0808768, 0.0261048, 0.100296, 0.131054, 0.0443626, 0.0519495, 0.0892053, 0.0280089, 0.0733023, 0.0999694, 0.0858373, 0.027005, 0.0375565, 0.0728891, 0.0822528, 0.074128, 0.0749199, 0.0641939, 0.0822566, 0.0643554, 0.0392129, 0.0721614, 0.220324, 0.266232, 

0.0301227, 0.0361541, 0.104373, 0.0366231, 0.0394619, 1.2839, 1.09782, 0.0222564, 0.0826115, 0.0499029, 0.0377762, 0.0391854, 0.0738757, 0.859319, 0.390469, 0.64042, 0.141673, 0.0537724, 0.00692536, 0.0703505, 0.0392129, 0.0400091, 0.844204, 0.0261048, 0.100296, 0.131054, 1.6775, 0.0901135, 0.027005, 0.0733023, 0.0443626, 0.0171896, 0.0892053, 0.0280089, 0.0999694, 0.0375565, 0.0728891, 0.0858373, 0.0808768, 0.0145337, 0.0822528, 0.074128, 0.0749199, 0.0641939, 0.0643554, 0.0430331, 0.0721614, 0.0519495, 0.220324, 0.266232, 

0.0301227, 0.0361541, 0.104373, 0.0394619, 1.2839, 0.0222564, 1.5597, 0.0366231, 0.0892053, 0.0496803, 0.0377762, 0.0391854, 0.0738757, 0.859319, 0.390469, 0.64042, 0.00692536, 0.0826115, 0.131054, 0.0145337, 0.0392129, 0.0400091, 0.0261048, 0.0901135, 0.027005, 1.83532, 0.16534, 0.0808768, 0.0733023, 0.0537724, 0.0430331, 0.0171896, 0.0999694, 0.0375565, 0.0728891, 0.0858373, 0.640112, 0.0280089, 0.100296, 0.0703505, 0.0822528, 0.074128, 0.0749199, 0.0641939, 0.0643554, 0.0443626, 0.0721614, 0.0519495, 0.141673, 0.220324, 

0.0301227, 0.0361541, 0.104373, 1.12027, 0.0366231, 0.0496803, 1.60194, 0.0394619, 0.0808768, 0.00692536, 0.0377762, 0.0391854, 0.0617221, 0.0826115, 0.0145337, 0.955269, 1.07075, 0.0222564, 0.141673, 0.131054, 0.0392129, 0.0400091, 0.0662166, 0.027005, 0.16534, 0.0733023, 0.562126, 0.0892053, 0.100296, 0.0537724, 0.0430331, 0.0171896, 0.0375565, 0.0728891, 0.0280089, 0.0703505, 0.234384, 0.0858373, 0.0999694, 0.0261048, 0.0822528, 0.074128, 0.0749199, 0.0641939, 0.0643554, 0.0443626, 0.0721614, 0.0519495, 0.220324, 0.318818, 

0.0301227, 0.0356427, 0.104373, 1.12027, 0.0496803, 0.0808768, 0.00692536, 0.0280089, 0.0261048, 0.16534, 0.0377762, 0.0391854, 0.0617221, 0.0826115, 0.0145337, 0.0222564, 0.141673, 0.220324, 0.0599503, 0.131054, 0.0257255, 0.0400091, 0.027005, 0.562126, 0.100296, 0.0537724, 1.97739, 0.0394619, 0.0733023, 0.0366231, 0.0430331, 0.0171896, 0.0375565, 0.234384, 0.0858373, 0.0999694, 1.00697, 0.0728891, 0.0662166, 0.0892053, 0.074128, 0.0749199, 0.0641939, 0.0643554, 0.0443626, 0.0721614, 0.0519495, 0.0392129, 0.318818, 0.460581, 

0.0301227, 0.0356427, 0.0496803, 0.0280089, 0.0261048, 1.31886, 0.348928, 0.0858373, 0.0826115, 0.027005, 0.0377762, 0.0391854, 0.0617221, 0.0145337, 0.141673, 0.220324, 0.131054, 0.0222564, 0.0885401, 0.00692536, 0.0257255, 0.0400091, 0.0537724, 1.10468, 0.0394619, 1.11597, 1.17621, 0.0808768, 0.0662166, 0.0366231, 0.0392129, 0.0171896, 0.0375565, 0.0999694, 0.770682, 0.0892053, 0.816957, 0.0728891, 0.0599503, 0.0733023, 0.074128, 0.0641939, 0.0643554, 0.0443626, 0.0721614, 0.0519495, 0.0430331, 0.0478634, 0.100296, 0.104373, 

Best:
0.0178879	-0.164526	

Fitness Evaluations:
3508

End Population
(-6.310880e+00), (-8.892746e+00), (-9.515435e+00), (-4.564681e+00), (-3.114930e+00), (1.341591e+01), (-3.317764e+00), (4.298019e+00), (4.349870e-02), (3.178877e-01), (1.146781e+01), (-1.193158e+01), (-8.599430e+00), (-4.286389e+00), (1.270134e+01), (-3.843728e-01), (-6.125959e+00), (-4.989404e-01), (6.098486e+00), (5.329262e-02), (1.663153e-01), (-9.008050e+00), (3.379714e+00), (4.552744e+00), (9.399800e+00), (4.066552e+00), (3.195961e+00), (4.587836e+00), (8.957059e+00), (4.233839e+00), (2.825289e+00), (-3.595704e+00), (-2.648687e-01), (-8.309956e+00), (-1.882096e-01), (1.366706e-01), (9.169469e+00), (-4.084312e+00), (1.788792e-02), (-1.645265e-01), (3.307554e+00), (-4.306017e+00), (3.388736e+00), (-4.525009e+00), (9.206742e+00), (4.565935e+00), (-4.593209e+00), (), (-9.569787e+00), (-4.506297e+00), (-1.703289e+00), (-7.252889e-01), (-2.310585e-01), (6.422146e+00), (-9.160332e+00), (-4.148522e+00), (2.320774e-01), (8.591873e+00), (-9.529546e+00), (-4.557155e+00), (-9.566044e+00), (-4.514759e+00), (6.310723e+00), (1.656226e-01), (-9.464217e+00), (-4.633045e+00), (-9.767397e+00), (-4.202428e+00), (-2.000000e+01), (-1.772898e+01), (-2.782651e+00), (-4.155830e+00), (-1.245269e+01), (-7.000651e+00), (9.355547e+00), (-1.318486e+01), (-2.887373e+00), (4.731808e+00), (6.566192e+00), (8.988743e+00), (2.572458e-01), (8.578001e+00), (-1.254937e+01), (3.146969e-01), (3.341273e+00), (-4.049926e+00), (3.173017e+00), (-4.821149e+00), (-9.177404e+00), (-4.183285e+00), (-2.283887e-01), (8.716421e+00), (-9.426608e+00), (-4.690712e+00), (9.477756e+00), (-4.161698e+00), (9.035136e+00), (-4.434170e+00), (-9.119159e+00), (-4.069165e+00), 