Iterations: 50
Function Evaluations Limit: 150000
Population: 50

Prides Length: 4

Percent Nomads: 0.2
Percent Roaming: 0.2
Percent Sex: 0.8

Mating Rate: 0.3
Mutation Probability: 0.2
Immigration Rate: 0.4

Dimensions: 2
N-Dimension Space: -20:20

Fitness Iterations:
0.154258
1.24644, 1.31797, 1.17579, 0.547983, 0.827001, 1.05302, 0.958639, 0.239546, 0.781841, 1.43192, 1.12493, 0.591131, 1.94374, 1.06988, 0.841543, 0.960028, 1.12001, 0.320604, 1.87773, 0.547989, 1.11108, 1.62711, 1.11165, 1.22766, 0.372609, 0.574795, 2.13935, 0.891746, 0.4902, 1.45028, 0.795836, 0.154258, 0.836398, 1.24321, 1.91458, 0.360501, 1.5904, 1.70833, 0.67343, 0.971524, 1.31855, 1.63274, 1.0184, 0.546206, 0.956611, 0.446141, 1.06601, 0.826282, 1.05804, 1.22933, 

0.0898801, 0.145183, 0.547983, 0.694122, 1.05302, 0.239546, 0.888382, 0.532085, 0.781841, 0.866784, 0.315701, 0.591131, 1.06988, 0.960028, 1.12001, 0.547989, 0.900777, 0.360501, 0.836398, 0.841543, 0.269002, 1.03522, 1.11165, 0.372609, 0.891746, 0.4902, 0.864909, 0.155144, 0.524804, 0.225036, 0.446141, 0.154258, 1.08125, 1.20203, 0.730415, 1.48688, 0.67343, 0.320604, 0.864499, 0.558377, 1.09729, 1.0184, 0.982856, 0.52712, 0.826282, 0.800275, 1.06601, 0.546206, 0.91964, 0.958639, 

0.0898801, 0.145183, 0.547983, 0.694122, 0.532085, 0.781841, 1.55607, 0.550489, 0.0898967, 0.4902, 0.315701, 0.190409, 0.960028, 0.988261, 0.262957, 0.836398, 1.28599, 0.752308, 0.360501, 0.225036, 0.269002, 0.52712, 1.11165, 0.372609, 0.524804, 0.875595, 1.15384, 0.547989, 0.239546, 0.550041, 0.0476668, 0.122555, 1.20203, 0.906742, 0.864499, 0.110186, 0.497673, 0.581204, 0.155144, 0.558377, 0.587963, 0.546206, 0.259113, 0.296591, 0.591131, 0.528607, 0.446141, 0.154258, 0.78579, 0.795032, 

0.0898801, 0.145183, 0.532085, 0.102527, 0.0898967, 0.4902, 1.28549, 0.694122, 0.524804, 0.547983, 0.154258, 0.116638, 0.988261, 1.19966, 0.752308, 0.360501, 1.88587, 0.372609, 0.0745746, 0.262957, 0.206425, 0.259113, 0.919165, 0.547989, 0.550041, 0.331713, 0.530348, 0.225036, 0.581204, 0.110186, 0.0476668, 0.122555, 0.497673, 0.155144, 0.558377, 1.99191, 1.34969, 0.347648, 0.48619, 0.239546, 0.269002, 0.52712, 0.296591, 0.512693, 0.446141, 0.190409, 0.179742, 0.315701, 0.71484, 0.795032, 

0.0898801, 0.145183, 0.102527, 0.4902, 1.28549, 0.694122, 0.988431, 0.550041, 0.257379, 0.547983, 0.154258, 0.116638, 0.988261, 0.992937, 0.372609, 0.0745746, 0.262957, 0.225036, 0.285281, 0.155144, 0.206425, 0.183969, 0.919165, 0.331713, 0.530348, 0.581204, 0.110186, 0.0898967, 0.547989, 0.532085, 0.0476668, 0.112585, 0.497673, 0.558377, 0.147317, 1.3067, 0.574338, 0.48619, 0.683711, 0.524804, 0.269002, 0.270559, 0.296591, 0.190409, 0.179742, 0.315701, 0.119452, 0.259113, 0.71484, 0.752308, 

0.0898801, 0.119452, 0.102527, 1.10465, 0.988431, 0.460935, 0.247751, 0.532085, 0.0674178, 0.322564, 0.154258, 0.116638, 0.225036, 0.285281, 0.155144, 0.0379243, 0.906727, 0.4902, 0.262957, 0.147317, 0.190409, 0.183969, 0.331713, 0.530348, 0.0898967, 0.547989, 1.33987, 0.369347, 0.0745746, 0.372609, 0.0476668, 0.112585, 0.574338, 0.48619, 0.683711, 0.524804, 1.30695, 0.572144, 0.257379, 0.110186, 0.269002, 0.270559, 0.296591, 0.206425, 0.179742, 0.315701, 0.145183, 0.259113, 0.581204, 0.689979, 

0.0898801, 0.119452, 0.102527, 0.898318, 0.460935, 0.247751, 0.0674178, 0.48619, 0.524804, 0.322564, 0.154258, 0.116638, 0.534366, 0.4902, 0.262957, 0.147317, 0.987659, 0.372609, 0.155144, 0.0898967, 0.145183, 0.183969, 0.331713, 0.547989, 0.369347, 0.0745746, 0.64681, 0.110186, 0.285281, 0.225036, 0.0476668, 0.112585, 0.683711, 0.71162, 0.257379, 1.71426, 0.973793, 0.27822, 0.0379243, 0.530348, 0.269002, 0.270559, 0.296591, 0.206425, 0.179742, 0.315701, 0.190409, 0.259113, 0.532085, 0.572144, 

0.0898801, 0.119452, 0.0154557, 0.898318, 0.48619, 0.524804, 0.322564, 0.110186, 0.178324, 0.262957, 0.154258, 0.116638, 0.534366, 0.4902, 0.155144, 0.0898967, 0.0868373, 0.247751, 0.27822, 0.257379, 0.145183, 0.161667, 0.4914, 0.369347, 0.64681, 0.285281, 0.908315, 0.331937, 0.0674178, 0.0745746, 0.0476668, 0.112585, 0.683711, 1.10735, 0.973793, 0.0379243, 0.885689, 0.147317, 0.225036, 0.389202, 0.269002, 0.183969, 0.296591, 0.206425, 0.179742, 0.315701, 0.190409, 0.259113, 0.460935, 0.476263, 

0.0898801, 0.119452, 0.195187, 0.524804, 0.322564, 0.262957, 0.30386, 0.0947836, 0.285281, 0.225036, 0.139735, 0.116638, 0.534366, 0.0546846, 0.155144, 0.0868373, 0.257379, 0.0898967, 0.180421, 0.110186, 0.145183, 0.161667, 0.331937, 0.0674178, 0.0745746, 1.74334, 0.355952, 0.369347, 0.189861, 0.0154557, 0.0476668, 0.112585, 0.973793, 0.0379243, 0.147317, 0.389202, 0.111192, 0.27822, 0.394873, 0.0154894, 0.269002, 0.183969, 0.296591, 0.206425, 0.179742, 0.190409, 0.259113, 0.154258, 0.460935, 0.476263, 

0.0898801, 0.119452, 0.195187, 0.331401, 0.262957, 0.30386, 0.285281, 0.155144, 0.313818, 0.324482, 0.139735, 0.116638, 0.0546846, 0.0868373, 0.0898967, 0.110186, 0.450017, 0.0745746, 0.0947836, 0.180421, 0.145183, 0.154258, 1.1535, 0.189861, 0.0154557, 1.00969, 0.450503, 0.0674178, 0.225036, 0.257379, 0.0476668, 0.112585, 0.147317, 0.242035, 0.111192, 0.394873, 0.0154894, 0.27822, 0.322564, 0.0379243, 0.269002, 0.183969, 0.206425, 0.179742, 0.190409, 0.259113, 0.161667, 0.216532, 0.355952, 0.426345, 

0.0898801, 0.119452, 0.262957, 0.285281, 0.313818, 0.324482, 0.811614, 0.0154894, 0.111362, 0.0745746, 0.139735, 0.116638, 0.0546846, 0.0898967, 0.450017, 0.180421, 0.814554, 0.155144, 0.211187, 0.0947836, 0.145183, 0.154258, 1.1535, 0.0154557, 0.450503, 0.0674178, 0.0549458, 0.0868373, 0.189861, 0.111192, 0.0476668, 0.112585, 0.147317, 0.322564, 0.0379243, 1.7624, 0.884466, 0.195187, 0.110186, 0.0183709, 0.269002, 0.183969, 0.206425, 0.179742, 0.190409, 0.259113, 0.161667, 0.216532, 0.257379, 0.27822, 

0.0898801, 0.119452, 0.262957, 0.324482, 0.811614, 0.0154894, 0.104779, 0.0745746, 0.189861, 0.0674178, 0.139735, 0.116638, 0.180421, 0.200472, 0.155144, 0.126353, 0.38038, 0.0546846, 0.0947836, 0.111362, 0.145183, 0.154258, 0.812205, 0.0154557, 0.309849, 0.111192, 0.270704, 0.0898967, 0.0183709, 0.113816, 0.0476668, 0.112585, 0.0379243, 0.884466, 0.195187, 0.110186, 1.10316, 0.0549458, 0.147317, 0.0868373, 0.183969, 0.206425, 0.179742, 0.190409, 0.259113, 0.161667, 0.216532, 0.182982, 0.211187, 0.257379, 

0.0314713, 0.0391202, 0.262957, 0.324482, 0.0745746, 0.189861, 0.0674178, 0.0868373, 0.0154894, 0.0549458, 0.139735, 0.116638, 0.200472, 0.126353, 0.38038, 0.0546846, 0.0947836, 0.113816, 0.111362, 0.147317, 0.145183, 0.154258, 0.0154557, 0.309849, 0.111192, 0.270704, 0.0183709, 0.211187, 0.180421, 0.125675, 0.0476668, 0.112585, 0.0379243, 0.884466, 0.195187, 0.110186, 0.907443, 0.0898967, 0.257379, 0.104779, 0.183969, 0.206425, 0.179742, 0.050201, 0.161667, 0.216532, 0.119452, 0.224669, 0.343345, 0.348823, 

0.0314713, 0.0391202, 0.286726, 0.189861, 0.0674178, 0.0868373, 0.951326, 0.0154557, 0.0154894, 0.147317, 0.139735, 0.116638, 0.200472, 0.126353, 0.0546846, 0.0947836, 0.111362, 0.0183709, 0.180421, 0.0549458, 0.050201, 0.119452, 0.309849, 0.211187, 0.125675, 1.74195, 1.26974, 0.113816, 0.0745746, 0.0898967, 0.033473, 0.112585, 0.0379243, 0.884466, 0.907443, 1.03473, 0.91256, 0.104779, 0.111192, 0.110186, 0.183969, 0.206425, 0.179742, 0.145183, 0.154258, 0.147843, 0.188874, 0.172582, 0.195187, 0.211798, 

0.0314713, 0.0391202, 0.286726, 0.189861, 0.0674178, 0.0868373, 0.0154557, 0.0549458, 0.0522555, 0.180421, 0.139735, 0.116638, 0.0546846, 0.0947836, 0.111362, 0.340511, 0.235732, 0.0379243, 0.104779, 0.113816, 0.050201, 0.119452, 0.309849, 0.211187, 0.0870469, 0.396303, 0.967494, 0.147317, 0.111192, 0.0154894, 0.033473, 0.112585, 0.884466, 0.907443, 0.110186, 1.71219, 1.50345, 0.125675, 0.0183709, 0.0745746, 0.183969, 0.206425, 0.179742, 0.145183, 0.154258, 0.147843, 0.188874, 0.172582, 0.195187, 0.200472, 

0.0314713, 0.0391202, 0.0674178, 0.0868373, 0.0154557, 0.0549458, 1.42494, 0.110944, 0.0730311, 0.111192, 0.116638, 0.0333005, 0.0546846, 0.0947836, 0.111362, 0.0379243, 0.385286, 0.0522555, 0.0183709, 0.104779, 0.050201, 0.119452, 0.309849, 0.211187, 0.0870469, 0.147317, 0.515179, 0.125675, 0.180421, 0.0154894, 0.033473, 0.0439919, 0.884466, 0.907443, 0.961842, 1.04637, 0.602681, 0.110186, 0.0745746, 0.0349139, 0.183969, 0.179742, 0.145183, 0.154258, 0.147843, 0.172582, 0.112585, 0.139735, 0.189861, 0.195187, 

0.0314713, 0.0391202, 0.0674178, 0.0868373, 0.0549458, 0.924089, 1.0199, 0.110944, 0.0730311, 0.110186, 0.112585, 0.0333005, 0.0546846, 0.0947836, 0.0379243, 0.0522555, 0.0183709, 0.189861, 0.0349139, 0.0154557, 0.050201, 0.119452, 0.309849, 0.147317, 0.515179, 0.125675, 0.0154894, 0.181225, 0.0870469, 0.104779, 0.033473, 0.0422548, 0.883283, 1.04637, 0.0745746, 1.91936, 1.60948, 0.111362, 0.111192, 0.180421, 0.183969, 0.179742, 0.145183, 0.154258, 0.147843, 0.172582, 0.116638, 0.139735, 0.195187, 0.211187, 

0.0314713, 0.0391202, 0.0868373, 0.924089, 1.0199, 0.110944, 0.0730311, 0.0546846, 0.180421, 0.110186, 0.112585, 0.0333005, 0.0947836, 0.0379243, 0.0183709, 0.0349139, 0.0154557, 0.0522555, 0.0549458, 0.195187, 0.050201, 0.0534135, 0.147317, 0.125675, 0.181225, 0.104779, 0.410938, 0.0870469, 0.0154894, 0.208908, 0.033473, 0.0422548, 0.0745746, 1.15564, 0.111362, 0.111192, 0.954548, 0.0674178, 0.189861, 0.0997281, 0.179742, 0.145183, 0.154258, 0.147843, 0.172582, 0.119452, 0.139735, 0.116638, 0.309849, 0.515179, 

0.0314713, 0.0391202, 0.0868373, 0.372285, 0.0546846, 0.110186, 1.12367, 0.147317, 0.0745746, 0.0154557, 0.112585, 0.0333005, 0.0947836, 0.0379243, 0.0349139, 0.0549458, 1.66877, 0.110944, 0.180421, 0.189861, 0.0350425, 0.0534135, 0.125675, 0.181225, 0.104779, 0.410938, 0.0154894, 0.0522555, 0.0183709, 0.0870469, 0.033473, 0.0422548, 0.563422, 0.111362, 0.111192, 0.726798, 0.0674178, 0.0997281, 0.0730311, 0.195187, 0.179742, 0.145183, 0.154258, 0.147843, 0.172582, 0.119452, 0.139735, 0.116638, 0.208908, 0.309849, 

0.0314713, 0.0391202, 0.0868373, 0.372285, 0.0546846, 1.12367, 0.147317, 0.111362, 0.110944, 0.110186, 0.112585, 0.0333005, 0.0549458, 0.621595, 0.180421, 0.859059, 0.321007, 0.0947836, 0.0870469, 0.0154894, 0.0350425, 0.0534135, 0.181225, 0.104779, 0.410938, 0.0522555, 0.0183709, 0.0349139, 0.111192, 0.0379243, 0.033473, 0.0422548, 0.563422, 0.0674178, 0.0997281, 0.0730311, 0.195187, 0.0745746, 0.0154557, 0.125647, 0.179742, 0.145183, 0.154258, 0.147843, 0.172582, 0.119452, 0.139735, 0.116638, 0.125675, 0.189861, 

0.0314713, 0.0391202, 0.372285, 0.0546846, 1.12367, 0.111362, 0.110944, 0.125675, 0.0674178, 0.0549458, 0.09579, 0.0333005, 0.420938, 0.180421, 0.321007, 0.0870469, 0.151312, 0.0947836, 0.0349139, 0.0745746, 0.0350425, 0.043654, 0.181225, 0.104779, 0.0183709, 0.0379243, 0.959171, 0.0868373, 0.111192, 0.0522555, 0.00899783, 0.0422548, 0.563422, 0.0997281, 0.0730311, 0.0154557, 0.718766, 0.125647, 0.0154894, 0.110186, 0.145183, 0.154258, 0.147843, 0.172582, 0.119452, 0.139735, 0.112585, 0.0534135, 0.147317, 0.189861, 

0.0314713, 0.0391202, 0.372285, 0.111362, 0.110944, 0.125675, 0.0549458, 0.0997281, 0.0947836, 0.00978875, 0.043654, 0.0333005, 0.180421, 0.321007, 0.0870469, 0.151312, 0.0349139, 0.0522555, 0.0674178, 0.0154894, 0.0350425, 0.036047, 0.104779, 0.0183709, 0.0379243, 0.111192, 1.75944, 0.181225, 0.0868373, 0.147317, 0.00899783, 0.0422548, 0.0730311, 0.0154557, 0.125647, 0.110186, 1.06352, 0.0546846, 0.172083, 0.0745746, 0.145183, 0.154258, 0.147843, 0.119452, 0.139735, 0.112585, 0.09579, 0.0534135, 0.189861, 0.191341, 

0.0314713, 0.0391202, 0.111362, 0.110944, 0.0997281, 0.0947836, 0.00978875, 0.0349139, 0.0674178, 0.0549458, 0.043654, 0.0333005, 0.321007, 0.151312, 0.0522555, 0.0154894, 1.00134, 0.181225, 0.147317, 0.110186, 0.0350425, 0.036047, 0.104779, 0.0183709, 0.0379243, 1.14058, 0.0868373, 0.0730311, 0.111192, 0.125647, 0.00899783, 0.0422548, 0.0154557, 0.0546846, 0.172083, 0.0745746, 0.945534, 0.125675, 0.180421, 0.0870469, 0.145183, 0.147843, 0.119452, 0.139735, 0.112585, 0.09579, 0.0534135, 0.116915, 0.189861, 0.191341, 

0.0314713, 0.0391202, 0.111362, 0.00978875, 0.0674178, 0.0549458, 1.87892, 0.110944, 0.0730311, 0.0947836, 0.0372344, 0.0333005, 0.321007, 1.00134, 0.181225, 0.110186, 1.1205, 0.125647, 0.0183709, 0.0522555, 0.0350425, 0.0350956, 0.104779, 0.0379243, 1.14058, 0.0868373, 1.97856, 0.0546846, 0.0870469, 0.0536333, 0.00899783, 0.0422548, 0.0154557, 0.172083, 0.0745746, 0.180421, 1.21737, 0.111192, 0.0349139, 0.0154894, 0.036047, 0.147843, 0.119452, 0.139735, 0.112585, 0.09579, 0.0534135, 0.116915, 0.125675, 0.147317, 

0.0314713, 0.0391202, 0.111362, 1.05149, 0.0947836, 1.65099, 0.836748, 0.0154557, 0.110944, 0.0868373, 0.036047, 0.0333005, 0.110186, 1.1205, 0.0522555, 2.00823, 1.72293, 0.00978875, 0.0674178, 0.0536333, 0.0350425, 0.0350956, 0.104779, 0.713625, 0.0546846, 0.0703539, 0.962829, 0.0730311, 0.0379243, 0.0549458, 0.00899783, 0.0422548, 0.172083, 0.0745746, 0.180421, 1.21737, 0.0154894, 0.0349139, 0.111192, 0.0183709, 0.0372344, 0.147843, 0.119452, 0.139735, 0.112585, 0.09579, 0.0534135, 0.116915, 0.125647, 0.125675, 

0.0314713, 0.0391202, 0.111362, 0.286284, 0.0154557, 0.0868373, 0.744519, 0.0674178, 0.0349139, 0.0154894, 0.036047, 0.0333005, 0.110186, 0.0522555, 0.927908, 0.00978875, 0.0536333, 0.0546846, 0.110944, 0.180421, 0.0350425, 0.0350956, 0.104779, 0.713625, 0.0703539, 0.0730311, 0.0549458, 0.0947836, 0.0183709, 0.125675, 0.00899783, 0.0372344, 0.0745746, 0.870573, 0.111192, 1.69375, 1.80087, 0.125647, 0.172083, 0.0379243, 0.0422548, 0.119452, 0.139735, 0.112585, 0.09579, 0.0534135, 0.116915, 0.118404, 0.227252, 0.651695, 

0.0314713, 0.0391202, 0.111362, 0.286284, 0.0154557, 0.0154894, 0.159104, 0.125647, 0.0349139, 0.0536333, 0.036047, 0.0333005, 0.110186, 0.927908, 0.0546846, 0.110944, 1.82095, 0.0183709, 0.0730311, 0.00978875, 0.0350425, 0.0350956, 0.0737046, 0.713625, 0.0703539, 0.0549458, 1.0526, 0.0868373, 0.0522555, 0.125675, 0.00899783, 0.0372344, 0.0745746, 0.111192, 1.29009, 0.0379243, 0.593884, 0.0947836, 0.0674178, 0.172083, 0.0422548, 0.119452, 0.139735, 0.112585, 0.09579, 0.0534135, 0.116915, 0.118404, 0.180421, 0.221326, 

0.0314713, 0.0391202, 0.286284, 0.125647, 0.0349139, 0.0536333, 1.26191, 0.0549458, 0.0546846, 0.0522555, 0.036047, 0.0333005, 0.110186, 0.0183709, 0.0730311, 0.113731, 0.803073, 0.0154557, 0.0737046, 0.0703539, 0.0350425, 0.0350956, 0.707725, 1.0526, 0.0868373, 1.58197, 0.271751, 0.0379243, 0.0745746, 0.0576961, 0.00899783, 0.0353895, 1.09812, 0.593884, 0.0674178, 1.18317, 0.253826, 0.110944, 0.0154894, 0.00978875, 0.0422548, 0.112585, 0.09579, 0.0534135, 0.116915, 0.118404, 0.0774963, 0.0372344, 0.111192, 0.111362, 

0.0314713, 0.0391202, 0.0536333, 0.0549458, 0.0546846, 1.00081, 1.95507, 0.0703539, 0.105892, 0.0737046, 0.036047, 0.0333005, 0.110186, 0.0183709, 0.0730311, 0.803073, 0.0154557, 0.0349139, 0.0913686, 0.0154894, 0.0350425, 0.0350956, 0.707725, 1.0526, 0.271751, 0.0745746, 0.867925, 0.0968589, 0.0522555, 0.0674178, 0.00899783, 0.0353895, 0.593884, 1.1433, 0.0101232, 0.00978875, 0.11042, 0.0576961, 0.0868373, 0.0379243, 0.0422548, 0.112585, 0.09579, 0.0534135, 0.116915, 0.0774963, 0.0372344, 0.0600827, 0.110944, 0.111192, 

0.0219131, 0.0391202, 0.0536333, 0.0549458, 0.0546846, 0.88228, 0.0703539, 0.0154894, 0.0101232, 0.0522555, 0.036047, 0.0333005, 0.0183709, 0.0730311, 0.0349139, 0.0913686, 1.14497, 0.110944, 0.0868373, 0.0692574, 0.0350425, 0.0350956, 0.271751, 0.0745746, 0.0968589, 0.0674178, 0.959984, 0.00978875, 0.105892, 0.0576961, 0.00899783, 0.0353895, 0.593884, 0.95757, 0.0379243, 1.39074, 1.97077, 0.11042, 0.0737046, 0.0154557, 0.0422548, 0.09579, 0.0534135, 0.0774963, 0.0372344, 0.0600827, 0.112416, 0.0888818, 0.111192, 0.332227, 

0.0219131, 0.0372344, 0.0536333, 0.0546846, 0.88228, 0.0703539, 0.0522555, 0.0183709, 0.0349139, 0.0692574, 0.036047, 0.0333005, 0.0730311, 0.0913686, 1.14497, 0.0868373, 1.16225, 0.0968589, 0.0745746, 0.0379243, 0.0350425, 0.0350956, 0.271751, 0.715942, 0.00978875, 0.0576961, 1.01486, 0.0154894, 0.0101232, 0.105892, 0.00899783, 0.0353895, 0.739694, 0.11042, 0.0737046, 0.0154557, 1.93784, 0.110944, 0.0674178, 0.0549458, 0.0422548, 0.09579, 0.0534135, 0.0774963, 0.0391202, 0.0600827, 0.112416, 0.0888818, 0.111192, 0.332227, 

0.0219131, 0.0372344, 0.0522555, 0.0183709, 0.0349139, 0.0692574, 1.77187, 0.0101232, 0.0703539, 0.00978875, 0.036047, 0.0333005, 0.0730311, 0.0864586, 1.16225, 0.0968589, 0.956484, 0.111192, 0.0549458, 0.0536333, 0.0350425, 0.0350956, 0.271751, 0.0576961, 1.01486, 0.0154894, 1.14411, 0.0546846, 0.0379243, 0.105892, 0.00899783, 0.0353895, 0.739694, 0.11042, 0.0737046, 0.110944, 0.0674178, 0.0868373, 0.0745746, 0.0154557, 0.0422548, 0.09579, 0.0534135, 0.0774963, 0.0391202, 0.0600827, 0.112416, 0.0888818, 0.332227, 0.541771, 

0.0219131, 0.0372344, 0.0183709, 1.77187, 0.0101232, 0.0703539, 0.00978875, 0.0154894, 0.0576961, 0.0745746, 0.0350956, 0.0333005, 0.0730311, 0.0864586, 1.16225, 0.0536333, 0.785102, 0.0549458, 0.0349139, 0.0968589, 0.0350425, 0.00692224, 1.01486, 0.791243, 0.105892, 1.03264, 0.00389701, 0.11042, 0.110944, 0.0692574, 0.00899783, 0.0353895, 0.739694, 0.0737046, 0.0674178, 0.0868373, 0.0154557, 0.0522555, 0.0546846, 0.0379243, 0.0422548, 0.09579, 0.0534135, 0.0774963, 0.0391202, 0.0600827, 0.0888818, 0.036047, 0.111192, 0.271751, 

0.0219131, 0.0372344, 0.0101232, 0.0154894, 0.0576961, 0.0745746, 1.34156, 0.0674178, 0.0868373, 0.0703539, 0.0350956, 0.0333005, 0.0864586, 0.0549458, 0.0968589, 1.61077, 1.06336, 0.0546846, 0.11042, 0.0730311, 0.0350425, 0.00692224, 1.01486, 0.111927, 0.105892, 0.00389701, 0.987278, 0.0522555, 0.0349139, 0.00978875, 0.00899783, 0.0353895, 0.739694, 0.0737046, 0.0154557, 0.0379243, 0.524001, 0.0536333, 0.0692574, 0.0183709, 0.0422548, 0.09579, 0.0534135, 0.0774963, 0.0391202, 0.0600827, 0.0888818, 0.036047, 0.110944, 0.111192, 

0.0219131, 0.0353895, 0.0576961, 1.20098, 0.0674178, 0.0703539, 1.08765, 0.0379243, 0.0737046, 0.0868373, 0.0350956, 0.0333005, 0.0864586, 1.11232, 1.06336, 0.11042, 0.827255, 0.0546846, 0.0522555, 0.0349139, 0.0350425, 0.00692224, 0.297553, 0.0683561, 0.00389701, 0.00978875, 0.628266, 0.0730311, 0.0745746, 0.0968589, 0.00899783, 0.0172283, 0.0154557, 0.524001, 0.0536333, 0.0692574, 0.0183709, 0.0101232, 0.0549458, 0.0154894, 0.0422548, 0.0534135, 0.0774963, 0.0391202, 0.0600827, 0.0888818, 0.036047, 0.0372344, 0.110944, 0.111192, 

0.0219131, 0.0353895, 1.20098, 0.922263, 0.0379243, 0.0737046, 1.27606, 0.0522555, 0.0674178, 0.0549458, 0.0350956, 0.0333005, 0.0864586, 0.360495, 1.06336, 0.917924, 1.47254, 0.0745746, 0.0576961, 0.0349139, 0.0350425, 0.00692224, 0.297553, 0.00389701, 0.00978875, 0.628266, 1.33264, 0.0536333, 0.0730311, 0.0703539, 0.00899783, 0.0172283, 0.0154557, 0.0183709, 0.0101232, 0.0154894, 0.474143, 0.0683561, 0.0692574, 0.0546846, 0.0422548, 0.0534135, 0.0391202, 0.0600827, 0.036047, 0.0372344, 0.0540643, 0.0541579, 0.0868373, 0.0968589, 

0.0219131, 0.0350425, 0.340346, 1.27606, 0.0674178, 0.0549458, 1.49128, 0.00978875, 0.0737046, 0.0154557, 0.0350956, 0.0333005, 0.360495, 0.260222, 0.976424, 0.0349139, 1.86799, 0.0546846, 0.0183709, 0.0522555, 0.00692224, 0.00515157, 0.297553, 0.628266, 1.07308, 0.0536333, 0.00542997, 0.0379243, 0.00389701, 0.0600814, 0.00899783, 0.0172283, 0.0101232, 0.0154894, 0.474143, 0.0683561, 0.0692574, 0.0576961, 0.0703539, 0.0730311, 0.0422548, 0.0534135, 0.0391202, 0.036047, 0.0372344, 0.0540643, 0.0541579, 0.0353895, 0.0745746, 0.0864586, 

0.00692224, 0.0350425, 0.0674178, 0.0549458, 0.0737046, 0.0154557, 1.40961, 0.00542997, 0.0864586, 0.0683561, 0.0350956, 0.0333005, 0.260222, 0.0546846, 0.0183709, 0.0522555, 0.995546, 0.0692574, 0.00978875, 0.0154894, 0.00515157, 0.00198046, 0.118797, 0.0379243, 0.0600814, 0.833769, 0.00141485, 0.0536333, 0.0745746, 0.340346, 0.00899783, 0.0172283, 0.0101232, 0.474143, 0.0576961, 0.0703539, 0.0730311, 0.297553, 0.00389701, 0.0349139, 0.0422548, 0.0534135, 0.0391202, 0.036047, 0.0372344, 0.0540643, 0.0353895, 0.0219131, 0.360495, 0.364191, 

0.00692224, 0.0219131, 0.0549458, 1.40961, 0.00542997, 0.0683561, 0.502655, 0.0154894, 0.0154557, 0.0469611, 0.0202062, 0.0333005, 0.260222, 0.995546, 0.00978875, 1.48866, 0.457506, 0.0183709, 0.0379243, 0.0101232, 0.00267771, 0.00198046, 0.833769, 0.0536333, 0.0745746, 0.367044, 1.13531, 0.0674178, 0.0692574, 0.00141485, 0.00899783, 0.0172283, 0.474143, 0.0730311, 0.00389701, 0.0349139, 1.03226, 0.0600814, 0.0522555, 0.0546846, 0.0422548, 0.0534135, 0.0391202, 0.036047, 0.0372344, 0.0540643, 0.0353895, 0.0350425, 0.0703539, 0.0737046, 

0.00648021, 0.0219131, 0.00542997, 0.0154894, 0.0154557, 1.1126, 1.08972, 0.0101232, 0.0737046, 0.00389701, 0.0202062, 0.0333005, 0.979667, 0.00978875, 1.19889, 0.367006, 0.0379243, 0.0674178, 0.0183709, 0.0692574, 0.00267771, 0.00198046, 0.833769, 0.0536333, 0.367044, 0.00141485, 0.22192, 0.0703539, 0.0730311, 0.0549458, 0.00899783, 0.0172283, 0.474143, 0.0600814, 0.0522555, 0.0546846, 1.75703, 0.0349139, 0.0683561, 0.0469611, 0.0422548, 0.0534135, 0.0391202, 0.036047, 0.0372344, 0.0540643, 0.0353895, 0.0350425, 0.0745746, 0.260222, 

0.00648021, 0.0219131, 0.0154557, 0.625922, 0.0101232, 0.0737046, 1.26163, 0.0703539, 0.0600814, 0.00978875, 0.0202062, 0.0333005, 0.869943, 1.19889, 0.367006, 0.0379243, 1.50154, 0.0730311, 0.0349139, 0.00542997, 0.00267771, 0.00198046, 0.311185, 0.0536333, 0.00141485, 0.22192, 0.0549458, 0.0692574, 0.0683561, 0.0674178, 0.00899783, 0.0172283, 0.0522555, 0.0546846, 1.75703, 0.0469611, 1.56233, 0.0154894, 0.0183709, 0.00389701, 0.0422548, 0.0534135, 0.0391202, 0.036047, 0.0372344, 0.0540643, 0.0353895, 0.0350425, 0.0745746, 0.260222, 

0.00648021, 0.0219131, 0.0154557, 0.625922, 0.0101232, 0.0600814, 0.480471, 0.0536333, 0.0692574, 0.0745746, 0.0202062, 0.0333005, 0.869943, 0.0379243, 0.0730311, 0.00542997, 1.72394, 0.0703539, 0.0522555, 0.00978875, 0.00133109, 0.00198046, 0.00141485, 0.22192, 0.0674178, 1.02282, 1.43536, 0.0549458, 0.0737046, 0.260222, 0.00899783, 0.0172283, 0.0546846, 0.0469611, 0.879661, 0.0183709, 0.00389701, 0.0154894, 0.0683561, 0.0349139, 0.0422548, 0.0534135, 0.0391202, 0.036047, 0.0372344, 0.0540643, 0.0353895, 0.0350425, 0.311185, 0.316503, 

0.00648021, 0.0219131, 0.0154557, 0.625922, 0.0600814, 0.0692574, 1.33004, 0.0549458, 0.0745746, 0.00389701, 0.0202062, 0.0333005, 0.0379243, 0.364264, 0.0522555, 0.00978875, 1.59591, 0.00542997, 0.00141485, 0.0101232, 0.00133109, 0.00198046, 0.0674178, 0.0737046, 0.260222, 0.992117, 1.39269, 0.0154894, 0.0536333, 0.0730311, 0.00899783, 0.0172283, 0.0546846, 0.0469611, 0.879661, 0.0683561, 0.0349139, 0.0183709, 0.0703539, 0.0787287, 0.0422548, 0.0534135, 0.0391202, 0.036047, 0.0372344, 0.0540643, 0.0353895, 0.0350425, 0.162456, 0.22192, 

0.00648021, 0.0219131, 0.0154557, 0.0692574, 0.10825, 0.0745746, 1.11124, 0.0379243, 0.0600814, 0.0703539, 0.0202062, 0.0333005, 0.364264, 0.00542997, 0.00141485, 0.0101232, 1.02889, 0.0536333, 0.0522555, 0.0349139, 0.00133109, 0.00198046, 0.0674178, 0.0737046, 0.260222, 0.565169, 0.0154894, 0.0546846, 0.00978875, 0.00389701, 0.00899783, 0.0172283, 0.0469611, 0.0683561, 0.0183709, 1.99827, 1.77903, 0.0549458, 0.0415219, 0.0730311, 0.0422548, 0.0534135, 0.0391202, 0.036047, 0.0372344, 0.0353895, 0.0350425, 0.0342252, 0.0787287, 0.0871656, 

0.00648021, 0.0219131, 0.10825, 0.0745746, 1.11124, 0.0379243, 0.0703539, 0.00978875, 0.0546846, 0.0154894, 0.0202062, 0.0333005, 0.364264, 0.00141485, 1.02889, 0.0536333, 0.0522555, 0.0154557, 0.00542997, 0.0674178, 0.00102382, 0.00125904, 0.0737046, 0.260222, 0.565169, 0.00389701, 0.813058, 0.0600814, 0.0349139, 0.0183709, 0.00899783, 0.0172283, 0.0683561, 1.20203, 0.0415219, 0.0730311, 0.774542, 0.0549458, 0.0469611, 0.0101232, 0.0422548, 0.0534135, 0.0391202, 0.036047, 0.0372344, 0.0353895, 0.0350425, 0.0342252, 0.0692574, 0.0787287, 

0.00648021, 0.0219131, 0.10825, 0.0745746, 1.11124, 0.0379243, 0.0154894, 0.0536333, 0.00389701, 0.0415219, 0.0202062, 0.0333005, 0.00141485, 0.772995, 0.00542997, 0.0674178, 1.75429, 0.0787287, 0.0549458, 0.0154557, 0.00102382, 0.00125904, 0.0737046, 0.565169, 0.0600814, 0.0349139, 1.93435, 0.0703539, 0.0692574, 0.0546846, 0.00899783, 0.0172283, 0.0683561, 1.14412, 0.0730311, 0.0469611, 0.0101232, 0.0522555, 0.00978875, 0.0183709, 0.0422548, 0.0534135, 0.0391202, 0.036047, 0.0372344, 0.0353895, 0.0350425, 0.0342252, 0.260222, 0.364264, 

0.00648021, 0.0219131, 0.10825, 0.0379243, 0.0536333, 0.00389701, 1.05287, 0.0183709, 0.00978875, 0.0730311, 0.0202062, 0.0333005, 0.00542997, 0.0674178, 0.0787287, 0.0549458, 1.22885, 0.0101232, 0.00141485, 0.0600814, 0.00102382, 0.00125904, 0.0737046, 0.565169, 1.77777, 0.0703539, 1.1873, 0.0154894, 0.0546846, 0.0415219, 0.00899783, 0.0172283, 0.0683561, 1.116, 0.0469611, 0.0522555, 0.446793, 0.0692574, 0.0154557, 0.0349139, 0.0422548, 0.0534135, 0.0391202, 0.036047, 0.0372344, 0.0353895, 0.0350425, 0.0342252, 0.0745746, 0.260222, 

0.00648021, 0.0219131, 0.0536333, 0.00389701, 0.00978875, 0.0730311, 0.1388, 0.0154557, 0.00141485, 0.0787287, 0.0202062, 0.0333005, 0.00542997, 0.0549458, 1.22885, 0.0101232, 0.518471, 0.0154894, 0.0469611, 0.0183709, 0.00102382, 0.00125904, 0.0737046, 1.20203, 0.0546846, 0.0415219, 1.66123, 0.0600814, 0.0674178, 0.0683561, 0.00899783, 0.0172283, 0.0522555, 0.446793, 0.0692574, 0.0349139, 0.133044, 0.0379243, 0.0703539, 0.0745746, 0.0422548, 0.0534135, 0.0391202, 0.036047, 0.0372344, 0.0353895, 0.0350425, 0.0342252, 0.10825, 0.260222, 

0.00648021, 0.0219131, 0.00389701, 0.00141485, 0.0787287, 0.892158, 1.68379, 0.0692574, 0.0536333, 0.0154894, 0.0202062, 0.0333005, 1.10722, 0.0101232, 0.274996, 0.0469611, 0.65433, 0.0522555, 0.0730311, 0.0154557, 0.00102382, 0.00125904, 0.0737046, 0.0546846, 0.0600814, 0.0674178, 0.0683561, 0.00542997, 0.0549458, 0.0183709, 0.00899783, 0.0172283, 0.446793, 0.0349139, 0.0703539, 0.0745746, 1.065, 0.00978875, 0.0415219, 0.0379243, 0.0422548, 0.0534135, 0.0391202, 0.036047, 0.0372344, 0.0353895, 0.0350425, 0.0342252, 0.0951269, 0.10825, 

0.00648021, 0.0219131, 0.892158, 1.51746, 0.0692574, 0.0536333, 1.27071, 0.0674178, 0.00141485, 0.00389701, 0.0202062, 0.0333005, 1.10722, 0.0101232, 0.0469611, 0.0730311, 1.76502, 0.0683561, 0.00542997, 0.0191982, 0.00102382, 0.00125904, 0.0737046, 0.0546846, 0.0600814, 0.0549458, 0.0183709, 0.0522555, 0.0154557, 0.00978875, 0.00899783, 0.0172283, 0.446793, 0.0703539, 0.0745746, 0.0415219, 0.0379243, 0.0154894, 0.0349139, 0.0787287, 0.0422548, 0.0534135, 0.0391202, 0.036047, 0.0372344, 0.0353895, 0.0350425, 0.0342252, 0.0951269, 0.10825, 

0.00426996, 0.0219131, 1.51746, 0.0692574, 0.0536333, 0.00141485, 0.937145, 0.0787287, 0.00389701, 0.0600814, 0.0202062, 0.0333005, 0.0469611, 0.0730311, 0.888497, 0.0683561, 1.44639, 0.0183709, 0.0703539, 0.0674178, 0.00102382, 0.00125904, 0.0737046, 0.0546846, 0.0549458, 0.00978875, 0.53019, 0.0154557, 0.00542997, 0.0522555, 0.00899783, 0.0172283, 0.0745746, 0.0415219, 0.0379243, 0.0154894, 0.0349139, 0.0101232, 0.0191982, 0.0951269, 0.0422548, 0.0534135, 0.0391202, 0.036047, 0.0372344, 0.0353895, 0.0350425, 0.0342252, 0.10825, 0.446793, 

Best:
-0.0447742	-0.00919251	

Fitness Evaluations:
3525

End Population
(3.494318e-02), (1.209960e-01), (-3.123784e+00), (4.198358e+00), (8.415591e+00), (-8.268730e+00), (-3.413084e+00), (-4.759572e+00), (-3.023423e+00), (1.331048e+01), (3.207651e-03), (7.506337e-02), (-1.047017e+00), (-2.039499e+00), (2.915039e+00), (-1.348060e+01), (3.746224e-02), (1.130624e-01), (-3.459703e+00), (-4.529662e+00), (-3.240681e+00), (-4.261933e+00), (6.208072e+00), (-8.809671e+00), (-6.533040e+00), (-1.470588e-01), (9.126263e+00), (-4.551254e+00), (-4.550854e+00), (-1.326522e+01), (-3.715828e-01), (-1.798235e-02), (-7.411713e+00), (-4.402367e+00), (-3.133776e+00), (-4.229002e+00), (-9.205782e+00), (4.149146e+00), (1.574055e+01), (-4.446404e+00), (-4.477420e-02), (-9.192511e-03), (-4.998552e-02), (-6.132879e-03), (-1.239053e+01), (-8.849466e+00), (-2.843722e+00), (-4.313886e+00), (-2.539714e-01), (8.990345e+00), (9.306647e-03), (1.975037e-01), (-2.435348e+00), (-3.172191e+00), (-3.076888e+00), (-4.282487e+00), (4.987715e-02), (1.294555e-01), (-3.372261e+00), (-4.710504e+00), (-3.140444e+00), (-4.358429e+00), (-3.060221e+00), (4.601775e+00), (-1.558074e+01), (4.379122e+00), (-2.870591e-01), (-4.924505e-02), (1.909562e-01), (-8.867876e+00), (3.255310e+00), (4.362001e+00), (6.178109e+00), (-8.853395e+00), (-1.419507e-01), (1.556775e-02), (-1.960222e-01), (-1.239411e-02), (6.602486e+00), (-3.776277e-01), (-9.343928e+00), (-4.216744e+00), (-2.858566e+00), (4.271729e+00), (-6.319232e+00), (8.689476e+00), (-2.447449e-01), (-1.602854e-01), (3.366923e+00), (4.307201e+00), (-7.662940e-02), (8.650673e+00), (3.061343e+00), (-4.124021e+00), (-2.493534e-01), (-1.163618e-01), (1.291610e+01), (1.599487e-01), (-3.054757e+00), (-5.813260e+00), 