Iterations: 50
Function Evaluations Limit: 150000
Population: 50

Prides Length: 4

Percent Nomads: 0.2
Percent Roaming: 0.2
Percent Sex: 0.8

Mating Rate: 0.3
Mutation Probability: 0.2
Immigration Rate: 0.4

Dimensions: 2
N-Dimension Space: -20:20

Fitness Iterations:
0.0876053
0.646541, 1.34123, 1.67524, 0.538481, 1.66013, 1.07255, 1.0819, 0.774491, 0.907943, 0.199896, 1.94459, 1.72634, 0.744019, 1.91378, 1.07801, 1.62491, 0.0876053, 0.397217, 1.78326, 1.42931, 0.731483, 1.03009, 1.6653, 1.09781, 0.395406, 1.05489, 1.98578, 0.477057, 1.10794, 1.31001, 1.28779, 0.211786, 0.777687, 0.47977, 1.71519, 1.07515, 1.25675, 1.04998, 0.722453, 0.777621, 1.00603, 0.789427, 1.47659, 0.924704, 1.51747, 0.0979109, 0.919215, 0.29642, 0.777109, 0.364027, 

0.646541, 0.924704, 1.10086, 1.07255, 1.0819, 0.907943, 0.441098, 0.777687, 0.919285, 0.538481, 0.29642, 0.622211, 0.744019, 0.788753, 1.59037, 1.09289, 0.70877, 0.199896, 0.0876053, 0.364027, 0.0979109, 0.300785, 0.92162, 0.395406, 0.477057, 0.431078, 1.85298, 0.669301, 0.774491, 0.523993, 0.211786, 0.37758, 1.12171, 1.11378, 1.04998, 0.777621, 1.09927, 0.47977, 0.397217, 0.722453, 0.943454, 0.789427, 0.731483, 0.919215, 0.513412, 0.435463, 0.804751, 0.631567, 1.07515, 1.09781, 

0.118819, 0.300785, 1.10086, 0.907943, 0.441098, 0.777687, 0.1779, 0.816005, 0.92162, 0.431078, 0.29642, 0.437036, 0.788753, 1.02473, 0.199896, 0.136342, 1.68036, 0.777621, 0.919285, 0.45592, 0.0979109, 0.225291, 0.477057, 0.549657, 0.774491, 0.429511, 1.01379, 0.0876053, 0.395406, 0.70877, 0.211786, 0.167814, 1.04998, 0.397217, 0.684655, 0.460966, 1.88526, 0.0103684, 0.158773, 0.47977, 0.731483, 0.646541, 0.513412, 0.435463, 0.631567, 0.622211, 0.549068, 0.685152, 1.07255, 1.07515, 

0.118819, 0.174376, 0.846231, 0.834942, 0.441098, 0.816005, 1.08923, 0.431078, 0.777687, 0.774491, 0.29642, 0.300785, 1.02473, 0.199896, 0.136342, 0.784664, 1.40718, 0.777621, 0.639204, 0.372523, 0.0979109, 0.225291, 0.464125, 0.549657, 0.429511, 0.70877, 0.911285, 0.0876053, 0.395406, 0.45592, 0.211786, 0.167814, 0.397217, 0.460966, 0.0103684, 0.158773, 0.496616, 0.684655, 0.1779, 0.47977, 0.513412, 0.435463, 0.631567, 0.622211, 0.342004, 0.327479, 0.437036, 0.511809, 0.788753, 0.980217, 

0.118819, 0.174376, 0.441098, 0.816005, 1.08923, 0.176721, 1.42507, 0.496616, 0.338141, 0.1779, 0.235737, 0.300785, 0.199896, 0.354544, 0.598656, 1.44093, 0.729326, 0.394297, 0.460966, 0.273341, 0.0979109, 0.225291, 0.549657, 0.429511, 0.395406, 0.45592, 1.22675, 0.136342, 0.307781, 0.208662, 0.211786, 0.167814, 0.397217, 0.0103684, 0.158773, 0.684655, 0.47977, 0.0876053, 0.464125, 0.70877, 0.513412, 0.435463, 0.622211, 0.342004, 0.327479, 0.437036, 0.511809, 0.29642, 0.712806, 0.740678, 

0.118819, 0.174376, 0.441098, 0.176721, 0.496616, 0.1779, 1.18426, 0.395406, 0.0103684, 0.273341, 0.235737, 0.0636701, 0.199896, 0.285108, 0.729326, 0.394297, 0.26455, 0.158773, 0.338141, 0.460966, 0.0979109, 0.215327, 0.549657, 0.45592, 0.307781, 0.754123, 1.42361, 0.208662, 0.136342, 0.397217, 0.211786, 0.167814, 0.47977, 0.0876053, 0.464125, 0.70877, 0.136982, 0.470189, 0.429511, 0.412041, 0.435463, 0.342004, 0.327479, 0.437036, 0.29642, 0.470263, 0.25508, 0.225291, 0.526407, 0.598656, 

0.118819, 0.174376, 0.0832713, 0.176721, 0.0103684, 0.273341, 1.83783, 0.397065, 0.464125, 0.136342, 0.235737, 0.0636701, 0.285108, 0.26455, 0.158773, 1.94871, 0.415157, 0.1779, 0.394297, 0.0876053, 0.0979109, 0.215327, 0.331114, 0.45592, 0.307781, 0.754123, 0.208662, 0.460966, 0.395406, 0.0111354, 0.211786, 0.167814, 0.47977, 0.317949, 0.136982, 0.429511, 1.03512, 0.412041, 0.338141, 0.199896, 0.435463, 0.342004, 0.327479, 0.29642, 0.25508, 0.225291, 0.39411, 0.416304, 0.470189, 0.496616, 

0.118819, 0.174376, 0.176721, 0.0103684, 0.397065, 0.347256, 1.82437, 0.136342, 0.0832713, 0.0111354, 0.225291, 0.0276564, 0.188015, 0.1779, 0.394297, 0.0876053, 1.25685, 0.208662, 0.158773, 0.285108, 0.0979109, 0.215327, 0.754123, 0.460966, 0.395406, 1.19848, 0.355063, 0.307781, 0.273341, 0.26455, 0.211786, 0.167814, 0.317949, 0.136982, 0.429511, 0.192919, 0.555659, 0.331114, 0.199896, 0.338141, 0.435463, 0.342004, 0.327479, 0.29642, 0.25508, 0.235737, 0.39411, 0.416304, 0.412041, 0.45592, 

0.118819, 0.144739, 0.176721, 0.0832713, 0.0111354, 2.00621, 0.854048, 0.133806, 0.199896, 0.129869, 0.225291, 0.0276564, 0.188015, 0.1779, 0.715356, 0.285108, 0.341929, 0.324816, 0.208662, 0.136342, 0.0979109, 0.215327, 0.460966, 0.355063, 0.273341, 0.26455, 1.24098, 0.347256, 0.338141, 0.307781, 0.180651, 0.167814, 0.132558, 0.429511, 0.192919, 0.555659, 0.331114, 0.0103684, 0.136982, 0.0876053, 0.435463, 0.342004, 0.327479, 0.29642, 0.25508, 0.235737, 0.174376, 0.416304, 0.394297, 0.395406, 

0.118819, 0.144739, 1.55179, 0.854048, 0.0740701, 0.129869, 0.276099, 0.192919, 0.355063, 0.188015, 0.225291, 0.0276564, 0.1779, 0.341929, 0.208662, 0.136342, 2.02466, 0.394297, 0.132558, 0.133806, 0.0979109, 0.215327, 0.457201, 0.273341, 0.219085, 0.338141, 0.307781, 0.324816, 0.285108, 0.0111354, 0.180651, 0.167814, 0.555659, 0.331114, 0.0103684, 0.0324887, 0.0876053, 0.347256, 0.0832713, 0.176721, 0.342004, 0.327479, 0.29642, 0.25508, 0.235737, 0.174376, 0.416304, 0.287195, 0.395406, 0.429511, 

0.118819, 0.144739, 0.527349, 0.276099, 0.355063, 0.141651, 0.463894, 0.129869, 0.338141, 0.0324887, 0.225291, 0.0276564, 0.136342, 1.46999, 0.132558, 1.43856, 1.23516, 0.192919, 0.237502, 0.133806, 0.0979109, 0.215327, 0.219085, 0.324816, 0.285108, 0.0111354, 0.281236, 0.273341, 0.1779, 0.0740701, 0.180651, 0.167814, 0.331114, 0.0103684, 0.347256, 0.0832713, 0.176721, 0.307781, 0.208662, 0.0876053, 0.342004, 0.327479, 0.29642, 0.25508, 0.235737, 0.174376, 0.287195, 0.326673, 0.341929, 0.394297, 

0.118819, 0.0523336, 0.527349, 0.276099, 0.463894, 0.129869, 0.0324887, 0.260994, 0.324816, 0.133806, 0.0276564, 0.174376, 0.136342, 1.10253, 0.132558, 0.8667, 0.925168, 0.0103684, 0.0875352, 0.0740701, 0.0979109, 0.144739, 0.219085, 0.0111354, 0.281236, 0.145321, 0.539929, 0.0876053, 0.237502, 0.192919, 0.180651, 0.167814, 0.0832713, 0.176721, 0.307781, 0.208662, 0.957359, 0.141651, 0.285108, 0.1779, 0.29642, 0.25508, 0.235737, 0.212959, 0.287195, 0.215327, 0.225291, 0.278256, 0.331114, 0.338141, 

0.118819, 0.0523336, 0.527349, 0.129869, 0.260994, 0.324816, 1.71326, 0.0875352, 0.276099, 0.140906, 0.0276564, 0.174376, 0.8667, 0.0103684, 0.0740701, 1.42127, 0.0730384, 0.136342, 0.111671, 0.1779, 0.0979109, 0.071428, 0.145321, 0.539929, 0.0876053, 0.237502, 0.192919, 0.141651, 0.0324887, 0.0111354, 0.144739, 0.167814, 0.0832713, 0.176721, 0.208662, 0.957359, 1.14288, 0.219085, 0.133806, 0.132558, 0.25508, 0.235737, 0.212959, 0.215327, 0.225291, 0.278256, 0.203337, 0.180651, 0.281236, 0.285108, 

0.118819, 0.0523336, 0.129869, 0.204985, 0.0875352, 0.276099, 1.13399, 0.0876053, 0.208662, 0.0740701, 0.0276564, 0.174376, 0.8667, 0.0103684, 0.0730384, 0.109626, 0.371862, 0.237502, 0.260994, 0.10931, 0.0979109, 0.071428, 0.141651, 0.0324887, 0.0111354, 1.88785, 0.895964, 0.111671, 0.132558, 0.115611, 0.144739, 0.167814, 0.0832713, 0.176721, 0.240267, 0.133806, 1.07166, 0.219085, 0.136342, 0.140906, 0.235737, 0.212959, 0.215327, 0.225291, 0.203337, 0.180651, 0.208066, 0.245077, 0.281236, 0.285108, 

0.118819, 0.0523336, 0.204985, 0.0875352, 1.0382, 0.0740701, 1.17643, 0.0103684, 0.0296881, 0.129869, 0.0276564, 0.174376, 0.109626, 0.371862, 0.260994, 0.10931, 1.37562, 0.176721, 0.115611, 0.152404, 0.0979109, 0.071428, 0.141651, 0.0111354, 0.378525, 0.111671, 0.132558, 0.133806, 0.136342, 0.208662, 0.144739, 0.167814, 0.0832713, 0.240267, 0.219085, 1.13976, 0.660032, 0.0876053, 0.140906, 0.0324887, 0.235737, 0.212959, 0.215327, 0.225291, 0.203337, 0.180651, 0.208066, 0.245077, 0.276099, 0.281236, 

0.0523336, 0.0414847, 0.0740701, 1.03733, 0.0296881, 0.129869, 0.938696, 0.204985, 0.0875352, 0.136342, 0.0276564, 0.118819, 0.371862, 0.260994, 0.176721, 0.152404, 0.453443, 0.111671, 0.141651, 0.10931, 0.0979109, 0.071428, 0.378525, 0.132558, 0.133806, 0.208662, 0.143941, 0.150322, 0.0111354, 0.109626, 0.144739, 0.094748, 0.0832713, 0.240267, 0.660032, 0.140906, 0.0324887, 0.0876053, 0.115611, 0.0103684, 0.212959, 0.215327, 0.225291, 0.203337, 0.180651, 0.208066, 0.174376, 0.233312, 0.219085, 0.265565, 

0.0523336, 0.0414847, 0.388878, 0.0296881, 0.129869, 0.938696, 0.347364, 0.143941, 0.0324887, 0.0103684, 0.0276564, 0.118819, 0.178534, 0.111671, 0.141651, 0.10931, 1.58339, 0.150322, 0.140906, 0.0875352, 0.0979109, 0.071428, 0.378525, 0.132558, 0.208662, 0.0111354, 0.109626, 0.122436, 0.0740701, 0.0876053, 0.144739, 0.094748, 0.0832713, 0.240267, 0.660032, 0.115611, 1.20579, 0.136342, 0.133806, 0.152404, 0.212959, 0.215327, 0.225291, 0.203337, 0.180651, 0.208066, 0.174376, 0.233312, 0.176721, 0.204985, 

0.0523336, 0.0414847, 0.0296881, 0.129869, 0.143941, 0.0324887, 1.59889, 0.10931, 0.150322, 0.0111354, 0.0276564, 0.118819, 0.178534, 0.111671, 1.58339, 0.0875352, 1.32395, 0.120834, 0.109626, 0.141651, 0.0979109, 0.071428, 0.132558, 0.208662, 0.0740701, 0.803671, 0.648973, 0.0876053, 0.140906, 0.133806, 0.094748, 0.117678, 0.0832713, 0.240267, 0.411037, 0.115611, 0.136342, 0.122436, 0.0103684, 0.152404, 0.212959, 0.215327, 0.225291, 0.203337, 0.180651, 0.208066, 0.174376, 0.144739, 0.176721, 0.204985, 

0.0414847, 0.0187944, 0.0296881, 0.0324887, 0.10931, 0.0111354, 0.960508, 0.109626, 0.129869, 0.176721, 0.0276564, 0.0523336, 0.111671, 0.0875352, 0.120834, 1.62141, 1.90191, 0.143941, 0.0832713, 0.178534, 0.0756739, 0.071428, 0.0740701, 0.0876053, 0.140906, 0.133806, 1.89957, 0.136342, 0.0103684, 0.115611, 0.094748, 0.117678, 0.240267, 0.105799, 0.152404, 1.10023, 1.04819, 0.132558, 0.141651, 0.150322, 0.212959, 0.215327, 0.203337, 0.180651, 0.208066, 0.174376, 0.144739, 0.118819, 0.204985, 0.208662, 

0.0414847, 0.0187944, 0.10931, 0.264704, 0.129869, 0.176721, 0.737202, 0.132558, 0.0875352, 0.0324887, 0.0276564, 0.0523336, 0.111671, 1.11586, 0.0832713, 1.08817, 0.427081, 0.109626, 0.152404, 0.0740701, 0.071428, 0.0703269, 0.140906, 0.133806, 0.0103684, 0.115611, 0.736991, 0.0876053, 0.0111354, 0.136342, 0.0756739, 0.117678, 0.240267, 0.105799, 0.907535, 0.141651, 0.0312756, 0.0296881, 0.143941, 0.120834, 0.203337, 0.180651, 0.208066, 0.174376, 0.144739, 0.118819, 0.141269, 0.094748, 0.178534, 0.204985, 

0.0414847, 0.0187944, 0.10931, 0.113845, 0.132558, 0.0875352, 1.1199, 0.0832713, 0.176721, 0.178534, 0.0276564, 0.0523336, 1.11586, 0.427081, 0.152404, 0.0740701, 0.380653, 0.0876053, 0.136342, 0.0780801, 0.071428, 0.0703269, 0.140906, 0.133806, 0.0103684, 0.736991, 0.647399, 0.0324887, 0.115611, 0.0111354, 0.0756739, 0.094748, 0.105799, 0.907535, 0.141651, 0.0312756, 0.143941, 0.111671, 0.0296881, 0.109626, 0.180651, 0.174376, 0.144739, 0.118819, 0.141269, 0.117678, 0.192635, 0.127455, 0.204985, 0.240267, 

0.0414847, 0.0187944, 0.10931, 0.113845, 0.132558, 0.0832713, 1.36477, 0.0103684, 0.143941, 0.0296881, 0.0276564, 0.0523336, 0.152404, 0.0740701, 0.380653, 0.0876053, 0.086393, 0.140906, 0.136342, 0.0875352, 0.071428, 0.0703269, 0.133806, 0.736991, 0.115611, 0.526388, 1.29023, 0.111671, 0.176721, 0.0780801, 0.0756739, 0.094748, 0.105799, 0.907535, 0.141651, 0.109626, 0.612479, 0.0312756, 0.0324887, 0.0111354, 0.180651, 0.174376, 0.144739, 0.118819, 0.141269, 0.117678, 0.192635, 0.127455, 0.178534, 0.204985, 

0.0414847, 0.0187944, 0.113845, 0.132558, 0.0832713, 0.0103684, 0.0296881, 0.105799, 0.178534, 0.136342, 0.0276564, 0.0523336, 0.152404, 0.380653, 0.086393, 0.0875352, 0.35142, 0.0312756, 0.143941, 0.0740701, 0.071428, 0.0703269, 0.101741, 0.111671, 0.176721, 0.0695537, 1.74934, 0.10931, 0.0876053, 0.140906, 0.0756739, 0.094748, 0.141651, 0.0324887, 0.0111354, 1.47934, 1.06432, 0.115611, 0.109626, 0.133806, 0.180651, 0.174376, 0.144739, 0.118819, 0.141269, 0.117678, 0.107155, 0.127455, 0.204985, 0.493533, 

0.0414847, 0.0187944, 0.0103684, 0.105799, 0.178534, 0.136342, 0.159551, 0.0740701, 0.0875352, 0.109626, 0.0276564, 0.0523336, 0.152404, 0.086393, 0.35142, 1.07539, 0.812873, 0.10931, 0.111671, 0.0832713, 0.071428, 0.0703269, 0.101741, 0.0695537, 1.13457, 0.0876053, 1.20674, 0.109263, 0.132558, 0.113845, 0.0756739, 0.094748, 0.141651, 0.0324887, 0.0111354, 1.06432, 0.115611, 0.0312756, 0.133806, 0.0296881, 0.144739, 0.0911281, 0.141269, 0.117678, 0.107155, 0.127455, 0.159136, 0.0828972, 0.140906, 0.143941, 

0.0414847, 0.0187944, 0.0103684, 0.136342, 0.159551, 0.0875352, 0.640753, 0.0740701, 0.109626, 0.115611, 0.0276564, 0.0523336, 0.35142, 0.812873, 0.10931, 0.111671, 0.0832713, 0.143941, 0.105799, 0.140906, 0.071428, 0.0703269, 0.0695537, 1.20674, 0.132558, 0.113845, 0.884112, 0.101741, 0.109263, 0.086393, 0.0756739, 0.0828972, 0.141651, 0.0111354, 0.0312756, 0.133806, 1.70606, 0.0876053, 0.0296881, 0.0324887, 0.144739, 0.094748, 0.141269, 0.117678, 0.107155, 0.127455, 0.159136, 0.0911281, 0.152404, 0.178534, 

0.0414847, 0.0187944, 0.136342, 0.0875352, 0.115611, 0.393487, 1.92697, 0.133806, 0.086393, 0.10931, 0.0276564, 0.0523336, 0.35142, 0.111671, 0.0832713, 0.143941, 1.01018, 0.105799, 0.0103684, 0.109263, 0.0703269, 0.0664302, 0.0695537, 1.13795, 0.113845, 1.69558, 1.07656, 0.0111354, 0.101741, 0.0312756, 0.0756739, 0.0828972, 0.141651, 0.0876053, 0.0296881, 0.0324887, 1.10724, 0.132558, 0.109626, 0.0740701, 0.144739, 0.094748, 0.141269, 0.117678, 0.107155, 0.127455, 0.0911281, 0.071428, 0.140906, 0.152404, 

0.0414847, 0.0187944, 0.136342, 0.115611, 0.393487, 1.14978, 0.133806, 0.10931, 0.0296881, 0.109626, 0.0276564, 0.0523336, 0.143941, 1.01018, 0.105799, 0.109263, 1.22015, 0.0740701, 0.0103684, 0.0324887, 0.0703269, 0.0664302, 1.20203, 0.640392, 0.101741, 0.0312756, 0.790369, 0.0832713, 0.086393, 0.0942921, 0.071428, 0.0828972, 0.141651, 0.0876053, 1.10724, 0.132558, 0.496104, 0.0695537, 0.0875352, 0.0111354, 0.144739, 0.094748, 0.141269, 0.117678, 0.107155, 0.127455, 0.0911281, 0.0756739, 0.111671, 0.140906, 

0.0414847, 0.0187944, 0.115611, 0.393487, 1.14978, 0.109626, 1.47361, 0.0695537, 0.133806, 0.0832713, 0.0276564, 0.0523336, 1.01018, 0.109263, 1.1746, 0.0324887, 1.8252, 0.0740701, 0.10931, 0.111671, 0.0703269, 0.0664302, 0.640392, 0.0312756, 0.790369, 0.0942921, 1.86646, 0.105799, 0.0103684, 0.0296881, 0.071428, 0.0756739, 0.141651, 0.132558, 0.0875352, 0.0111354, 1.98711, 0.101741, 0.086393, 0.0876053, 0.144739, 0.094748, 0.141269, 0.117678, 0.107155, 0.127455, 0.0911281, 0.0828972, 0.136342, 0.140906, 

0.0414847, 0.0187944, 0.115611, 0.0695537, 0.133806, 0.0832713, 0.741184, 0.136342, 0.140906, 0.0111354, 0.0276564, 0.0523336, 0.109263, 1.1746, 0.0740701, 1.09352, 0.774715, 0.0312756, 0.0324887, 0.105799, 0.0703269, 0.0664302, 0.790369, 0.287164, 0.0103684, 0.0296881, 1.15241, 0.109626, 0.10931, 0.111671, 0.071428, 0.0756739, 0.141651, 0.101741, 0.086393, 0.0876053, 0.405962, 0.0875352, 0.0942921, 0.132558, 0.144739, 0.094748, 0.141269, 0.117678, 0.107155, 0.127455, 0.0911281, 0.0828972, 0.152818, 0.166063, 

0.0414847, 0.0187944, 0.111132, 0.0695537, 0.0832713, 0.140906, 0.0111354, 0.109263, 0.0296881, 0.10931, 0.0276564, 0.0523336, 1.09794, 0.0740701, 0.0312756, 0.105799, 0.45435, 0.141651, 0.132558, 0.086393, 0.0703269, 0.0558716, 0.116084, 0.287164, 0.0103684, 0.109626, 1.69906, 0.101741, 0.0324887, 0.136342, 0.071428, 0.0756739, 0.0876053, 0.405962, 0.0942921, 2.00231, 1.07684, 0.111671, 0.0875352, 0.133806, 0.144739, 0.094748, 0.141269, 0.117678, 0.107155, 0.127455, 0.0911281, 0.0828972, 0.152818, 0.166063, 

0.0414847, 0.0187944, 0.111132, 0.0695537, 0.0832713, 0.140906, 0.0111354, 0.109263, 0.0942921, 0.0296881, 0.0276564, 0.0523336, 0.0740701, 0.0312756, 0.141651, 0.086393, 0.550635, 0.0103684, 0.116084, 0.132558, 0.0703269, 0.0558716, 0.287164, 0.105972, 0.101741, 0.0324887, 0.136342, 0.0875352, 0.166063, 0.10931, 0.071428, 0.0756739, 0.405962, 1.89367, 0.111671, 0.133806, 1.00829, 0.105799, 0.0876053, 0.152818, 0.094748, 0.141269, 0.117678, 0.107155, 0.127455, 0.0911281, 0.0828972, 0.109465, 0.45435, 0.495876, 

0.0414847, 0.0187944, 0.111132, 0.0695537, 0.0296881, 0.0236376, 1.80429, 0.0832713, 0.109263, 0.0545396, 0.0276564, 0.0523336, 0.0740701, 0.086393, 0.550635, 0.0103684, 1.08979, 0.12076, 0.132558, 0.0312756, 0.0703269, 0.0558716, 0.101741, 0.0324887, 0.0875352, 0.10931, 1.13362, 0.133806, 0.111671, 0.136342, 0.071428, 0.0756739, 0.405962, 1.00829, 0.105799, 0.0876053, 0.152818, 0.105972, 0.116084, 0.0111354, 0.094748, 0.141269, 0.117678, 0.107155, 0.127455, 0.0911281, 0.0828972, 0.109465, 0.140906, 0.153215, 

0.0414847, 0.0187944, 0.0695537, 0.0236376, 0.199902, 0.0832713, 1.06958, 0.140906, 0.0876053, 0.133806, 0.0276564, 0.0523336, 0.0432193, 0.12076, 0.132558, 0.0312756, 0.506704, 0.101741, 0.109263, 0.0545396, 0.0703269, 0.0558716, 0.0324887, 0.056975, 0.10931, 1.09733, 0.136342, 0.111132, 0.0740701, 0.111671, 0.071428, 0.0756739, 0.105799, 0.105972, 0.0111354, 1.39801, 0.335062, 0.0296881, 0.116084, 0.0103684, 0.094748, 0.117678, 0.107155, 0.127455, 0.0911281, 0.0828972, 0.109465, 0.0920849, 0.152818, 0.153215, 

0.0414847, 0.0187944, 0.0695537, 0.0236376, 0.0832713, 0.140906, 1.58526, 0.0103684, 0.132558, 0.116084, 0.0276564, 0.0523336, 0.12076, 0.0312756, 0.0545396, 1.22396, 1.11328, 0.0876053, 0.0740701, 0.10931, 0.0703269, 0.0558716, 1.09733, 0.111132, 0.111671, 0.90414, 0.0212208, 0.0111354, 0.101741, 0.0324887, 0.071428, 0.0756739, 0.105799, 0.105972, 1.39801, 0.0296881, 0.99419, 0.0432193, 0.056975, 0.109263, 0.094748, 0.117678, 0.107155, 0.127455, 0.0911281, 0.0828972, 0.109465, 0.0920849, 0.133806, 0.136342, 

0.0414847, 0.0187944, 0.0695537, 0.0832713, 0.0366403, 0.0103684, 0.116084, 0.103186, 0.056975, 0.0212208, 0.0276564, 0.0523336, 0.12076, 0.0545396, 0.791734, 0.10931, 1.24849, 0.0312756, 0.0324887, 0.0740701, 0.0703269, 0.0558716, 1.09733, 0.65722, 0.0111354, 1.51923, 0.703831, 0.101741, 0.0876053, 0.111132, 0.071428, 0.0756739, 0.105799, 0.105972, 0.0296881, 0.109263, 1.32159, 0.0236376, 0.0432193, 0.111671, 0.094748, 0.117678, 0.107155, 0.127455, 0.0911281, 0.0828972, 0.109465, 0.0920849, 0.132558, 0.133806, 

0.0414847, 0.0187944, 0.0832713, 0.116084, 0.103186, 0.056975, 0.0212208, 0.0103684, 0.0427245, 0.12076, 0.0276564, 0.0523336, 0.791734, 0.771508, 0.0312756, 0.0324887, 0.0740701, 0.111671, 0.0545396, 0.0366403, 0.0307844, 0.0558716, 0.0111354, 0.830239, 0.703831, 0.101741, 0.0876053, 0.0790267, 0.0432193, 0.10931, 0.071428, 0.0756739, 0.105799, 0.0296881, 1.20203, 0.0236376, 1.02629, 0.105972, 0.0695537, 0.109263, 0.094748, 0.117678, 0.107155, 0.127455, 0.0911281, 0.0828972, 0.109465, 0.0920849, 0.132558, 0.133806, 

0.0414847, 0.0187944, 0.103186, 0.056975, 0.0427245, 0.957567, 1.18133, 0.0366403, 0.0545396, 0.0432193, 0.0276564, 0.0523336, 0.0312756, 0.0324887, 0.111671, 0.849444, 1.25129, 0.105799, 0.0740701, 0.0832713, 0.0307844, 0.0558716, 0.0111354, 0.830239, 0.101741, 0.10931, 1.67512, 0.0790267, 0.0212208, 0.0103684, 0.071428, 0.0756739, 0.0296881, 0.0236376, 1.02629, 1.27672, 1.23174, 0.0695537, 0.105972, 0.0876053, 0.094748, 0.117678, 0.107155, 0.127455, 0.0911281, 0.0828972, 0.109465, 0.0920849, 0.109263, 0.116084, 

0.0414847, 0.0187944, 0.103186, 0.0427245, 0.677901, 0.0545396, 1.45139, 0.105972, 0.0432193, 0.116084, 0.0276564, 0.0523336, 0.0312756, 0.0324887, 0.849444, 0.105799, 0.814568, 0.0740701, 0.0695537, 0.0790267, 0.0307844, 0.0558716, 0.0111354, 0.101741, 0.296987, 0.0212208, 0.0103684, 0.10931, 0.0832713, 0.111671, 0.071428, 0.0756739, 0.0296881, 0.0236376, 0.792396, 0.0876053, 1.80002, 0.0366403, 0.109263, 0.056975, 0.094748, 0.107155, 0.0911281, 0.0828972, 0.109465, 0.0920849, 0.117288, 0.0822812, 0.406114, 0.646649, 

0.0414847, 0.0187944, 0.0427245, 0.105972, 0.0432193, 0.116084, 0.985308, 0.0366403, 0.109263, 0.0324887, 0.0276564, 0.0523336, 0.105799, 0.0695537, 0.0790267, 1.33439, 1.13799, 0.0740701, 0.0545396, 0.0312756, 0.0307844, 0.0558716, 0.101741, 0.0212208, 0.10931, 0.0832713, 0.683915, 0.103186, 0.0103684, 0.0111354, 0.071428, 0.0756739, 0.0296881, 0.635575, 0.0876053, 1.69293, 1.10263, 0.0236376, 0.056975, 0.049585, 0.094748, 0.107155, 0.0911281, 0.0828972, 0.109465, 0.0920849, 0.117288, 0.0822812, 0.111671, 0.296987, 

0.0414847, 0.0187944, 0.105972, 0.0432193, 0.0366403, 0.109263, 0.0324887, 0.0695537, 0.111671, 0.049585, 0.0276564, 0.0523336, 0.105799, 0.0790267, 1.13799, 0.0740701, 0.0545396, 0.0312756, 0.0111354, 0.0236376, 0.0307844, 0.0558716, 0.101741, 0.0212208, 0.0832713, 0.683915, 1.99436, 0.0103684, 0.0427245, 0.116084, 0.071428, 0.0756739, 0.0296881, 0.635575, 0.0876053, 0.803069, 1.16043, 0.10931, 0.103186, 0.056975, 0.094748, 0.107155, 0.0911281, 0.0828972, 0.109465, 0.0920849, 0.117288, 0.0822812, 0.296987, 0.393509, 

0.0414847, 0.0187944, 0.105972, 0.0695537, 0.111671, 0.049585, 1.63529, 0.0324887, 0.0740701, 0.0236376, 0.0140748, 0.0523336, 0.0790267, 1.13799, 0.0545396, 0.0111354, 0.965003, 0.0103684, 0.0432193, 0.0312756, 0.0307844, 0.0558716, 0.101741, 0.0212208, 0.0832713, 0.0427245, 0.522369, 0.0296881, 0.0366403, 0.109263, 0.071428, 0.0756739, 0.803069, 0.665816, 0.103186, 0.474497, 1.4333, 0.056975, 0.0876053, 0.105799, 0.094748, 0.107155, 0.0911281, 0.0828972, 0.109465, 0.0920849, 0.0822812, 0.0987714, 0.10931, 0.116084, 

0.0414847, 0.0187944, 0.105972, 0.0695537, 0.111671, 0.0740701, 0.0236376, 0.0324887, 0.0296881, 0.105799, 0.0140748, 0.0523336, 0.0790267, 0.654149, 0.0545396, 0.0103684, 1.9188, 0.0312756, 0.0111354, 0.0427245, 0.0307844, 0.0558716, 0.101741, 0.0832713, 0.522369, 0.507166, 1.05743, 0.049585, 0.056975, 0.0212208, 0.071428, 0.0756739, 0.803069, 0.474497, 1.18747, 0.0876053, 0.736272, 0.103186, 0.0366403, 0.0432193, 0.094748, 0.107155, 0.0911281, 0.0828972, 0.109465, 0.0920849, 0.0822812, 0.0987714, 0.109263, 0.10931, 

0.0414847, 0.0187944, 0.0695537, 0.111671, 0.0324887, 0.105799, 0.573625, 0.0427245, 0.103186, 0.0103684, 0.0140748, 0.0523336, 0.0545396, 0.0312756, 0.0111354, 1.1933, 1.06292, 0.0790267, 0.061048, 0.0740701, 0.0307844, 0.0558716, 0.101741, 0.507166, 0.049585, 0.056975, 1.74686, 0.0432193, 0.0212208, 0.0832713, 0.071428, 0.0756739, 0.474497, 1.18747, 0.0876053, 0.0366403, 1.68206, 0.0296881, 0.0236376, 0.105972, 0.094748, 0.107155, 0.0911281, 0.0828972, 0.109465, 0.0920849, 0.0822812, 0.0987714, 0.109263, 0.10931, 

0.0414847, 0.00919976, 0.0695537, 0.105799, 0.573625, 0.0427245, 1.01684, 0.0324887, 0.049585, 0.101741, 0.0140748, 0.0523336, 1.1933, 0.717216, 0.0790267, 0.061048, 1.46519, 0.0832713, 0.0296881, 0.0366403, 0.0307844, 0.0558716, 0.507166, 0.0432193, 0.0212208, 0.0716685, 1.4332, 0.0740701, 0.056975, 0.0545396, 0.071428, 0.0756739, 0.0876053, 0.984648, 0.0236376, 0.105972, 1.06138, 0.0103684, 0.0111354, 0.0312756, 0.094748, 0.107155, 0.0911281, 0.0828972, 0.0920849, 0.0822812, 0.0987714, 0.0870873, 0.103186, 0.109263, 

0.0414847, 0.00919976, 0.0506237, 0.573625, 0.0324887, 0.708474, 0.838425, 0.101741, 0.0716685, 0.103186, 0.0140748, 0.0523336, 1.1933, 0.061048, 0.0296881, 0.0366403, 1.60393, 0.0427245, 0.0103684, 0.0876053, 0.0307844, 0.0558716, 0.0432193, 0.0740701, 0.056975, 0.0545396, 0.428574, 0.049585, 0.0212208, 0.0312756, 0.071428, 0.0756739, 0.984648, 0.0236376, 0.105972, 0.0111354, 0.989494, 0.0832713, 0.0790267, 0.104583, 0.094748, 0.0911281, 0.0828972, 0.0920849, 0.0822812, 0.0987714, 0.0870873, 0.0793357, 0.105799, 0.109263, 

0.0414847, 0.00919976, 0.0506237, 0.573625, 0.667432, 0.0716685, 1.14311, 0.109263, 0.056975, 0.105799, 0.0140748, 0.0523336, 0.061048, 0.0296881, 0.0366403, 0.0876053, 1.48855, 0.0312756, 0.0832713, 0.103186, 0.0307844, 0.0558716, 0.0432193, 0.0740701, 0.0545396, 0.049585, 1.83233, 0.0790267, 0.0212208, 0.0427245, 0.071428, 0.0756739, 0.0236376, 0.105972, 0.0111354, 0.104583, 1.43009, 0.0103684, 0.0324887, 0.101741, 0.094748, 0.0911281, 0.0828972, 0.0920849, 0.0822812, 0.0987714, 0.0870873, 0.0793357, 0.428574, 0.575106, 

0.0414847, 0.00919976, 0.0506237, 0.573625, 0.667432, 0.13077, 0.105799, 0.0545396, 0.0876053, 0.104583, 0.0140748, 0.0523336, 0.0296881, 0.0366403, 0.0832713, 0.103186, 1.05185, 0.056975, 0.0716685, 0.0297064, 0.0307844, 0.0558716, 0.0740701, 0.049585, 0.0212208, 0.0427245, 0.317408, 0.0324887, 0.0790267, 0.061048, 0.071428, 0.0756739, 0.0236376, 0.0111354, 0.0103684, 0.101741, 0.932856, 0.0432193, 0.058061, 0.0312756, 0.094748, 0.0911281, 0.0828972, 0.0920849, 0.0822812, 0.0987714, 0.0870873, 0.0793357, 0.105972, 0.109263, 

0.0414847, 0.00919976, 0.13077, 0.105799, 0.0876053, 0.509746, 1.84051, 0.0432193, 0.061048, 0.0212208, 0.0140748, 0.0523336, 0.0366403, 0.0832713, 1.05185, 0.056975, 1.82563, 0.0427245, 0.0297064, 0.0296067, 0.0307844, 0.0558716, 0.049585, 0.317408, 0.0324887, 0.0790267, 1.58333, 0.0111354, 0.0506237, 0.0716685, 0.071428, 0.0756739, 0.0236376, 0.0103684, 0.101741, 0.932856, 0.0312756, 0.0296881, 0.0545396, 0.058061, 0.094748, 0.0911281, 0.0828972, 0.0920849, 0.0822812, 0.0987714, 0.0870873, 0.0793357, 0.103186, 0.104583, 

0.0414847, 0.00919976, 0.105799, 0.0420833, 0.0212208, 1.21924, 1.89016, 0.103186, 0.061048, 0.0296881, 0.0140748, 0.0523336, 0.0832713, 1.05185, 0.056975, 0.0297064, 0.944116, 0.0427245, 0.058061, 0.0716685, 0.0307844, 0.0558716, 0.049585, 0.0324887, 0.0790267, 0.0111354, 0.0506237, 0.0103684, 0.0876053, 0.0296067, 0.071428, 0.0756739, 0.0236376, 0.0312756, 0.0545396, 0.563546, 1.95265, 0.104583, 0.0366403, 0.101741, 0.094748, 0.0911281, 0.0828972, 0.0920849, 0.0822812, 0.0870873, 0.0793357, 0.0572871, 0.13077, 0.317408, 

0.0414847, 0.00919976, 0.0212208, 1.1486, 0.061048, 1.67846, 1.25658, 0.0296881, 0.0366403, 0.0324887, 0.0140748, 0.0479337, 0.0832713, 0.056975, 0.944116, 0.556665, 1.60618, 0.0427245, 0.0297064, 0.0716685, 0.0307844, 0.0558716, 0.0111354, 0.0506237, 0.0103684, 0.0876053, 0.873872, 0.0312756, 0.058061, 0.0420833, 0.071428, 0.0756739, 0.0545396, 0.93499, 0.101741, 0.780917, 1.95837, 0.0296067, 0.049585, 0.0236376, 0.094748, 0.0911281, 0.0828972, 0.0920849, 0.0822812, 0.0870873, 0.0793357, 0.0572871, 0.0790267, 0.103186, 

0.00919976, 0.041312, 1.03683, 0.0296881, 0.0366403, 0.0324887, 0.909835, 0.0790267, 0.0823223, 0.0620392, 0.0140748, 0.0414847, 0.056975, 1.20203, 0.0427245, 0.0297064, 0.0716685, 0.103186, 0.0876053, 0.049585, 0.0307844, 0.0558716, 0.0111354, 0.0506237, 0.0103684, 0.0312756, 0.0420833, 0.54228, 0.0212208, 0.058061, 0.071428, 0.0756739, 0.0545396, 0.49498, 0.101741, 0.373915, 0.0236376, 0.556665, 0.061048, 0.0296067, 0.0911281, 0.0828972, 0.0920849, 0.0822812, 0.0870873, 0.0793357, 0.0572871, 0.0479337, 0.621131, 0.750798, 

Best:
0.118523	0.0936942	

Fitness Evaluations:
3440

End Population
(1.185226e-01), (9.369424e-02), (-2.883364e-01), (-6.301920e-03), (8.004542e+00), (-2.034390e+00), (-9.458862e+00), (4.523520e+00), (-6.487456e+00), (1.475161e-01), (3.255720e+00), (-4.165897e+00), (1.440740e+00), (-1.121564e+00), (6.376156e+00), (-5.117407e-01), (-3.311010e-01), (9.063325e+00), (3.102472e+00), (3.971812e+00), (-3.054564e+00), (4.548654e+00), (-9.978505e-02), (3.840799e-01), (-2.905788e+00), (-4.135239e+00), (), (-2.000000e+01), (2.925032e+00), (-4.213768e+00), (-3.015562e+00), (-4.195821e+00), (2.711129e-01), (9.129606e+00), (1.280170e+01), (-9.124626e+00), (1.224861e+01), (-1.198591e-02), (-6.529097e+00), (1.910215e-01), (1.373669e-01), (8.958159e+00), (-6.057237e+00), (8.956697e+00), (-6.232871e+00), (2.512324e-02), (3.250844e+00), (-4.825704e+00), (3.173123e+00), (-4.339969e+00), (-1.521373e-01), (-8.876923e+00), (6.312149e+00), (-9.095946e+00), (2.311031e+00), (3.287897e+00), (-2.974317e+00), (4.416205e+00), (-2.836406e+00), (-4.294721e+00), (6.509494e+00), (3.818057e-01), (-3.765560e-01), (1.548490e-01), (-6.140807e+00), (9.125386e+00), (9.817391e+00), (1.203842e+01), (6.518549e+00), (-9.302492e+00), (1.184509e+01), (1.750613e+01), (-3.059769e+00), (4.667151e+00), (-5.265429e+00), (9.522463e+00), (-5.994367e+00), (2.108556e-01), (2.998060e+00), (-4.216699e+00), (-9.504343e+00), (-1.302445e+01), (6.124008e+00), (8.467074e+00), (1.881757e+01), (1.104231e-01), (9.333981e+00), (4.894692e+00), (1.243842e+01), (9.164746e+00), (7.313364e-02), (9.356644e+00), (6.215258e+00), (9.197717e+00), (-2.940629e+00), (-4.147148e+00), (-7.532279e-01), (1.447617e+00), (-1.262654e+00), (8.180308e+00), 