Iterations: 50
Function Evaluations Limit: 150000
Population: 50

Prides Length: 4

Percent Nomads: 0.2
Percent Roaming: 0.2
Percent Sex: 0.8

Mating Rate: 0.3
Mutation Probability: 0.2
Immigration Rate: 0.4

Dimensions: 2
N-Dimension Space: -20:20

Fitness Iterations:
0.107691
1.39982, 1.33671, 1.04966, 1.29918, 1.08378, 1.60615, 0.756364, 0.559442, 1.4538, 0.788408, 0.690513, 1.78368, 0.604016, 1.15448, 1.46665, 1.46007, 1.43298, 1.53696, 1.92462, 0.107691, 1.10403, 1.11544, 1.97367, 0.942388, 1.43475, 1.41203, 1.51272, 0.394354, 0.694227, 0.497929, 0.426949, 1.62906, 0.476846, 1.21775, 1.88693, 0.373155, 0.62034, 0.987172, 0.239699, 0.818298, 1.54964, 0.324304, 1.36891, 1.10585, 1.06468, 1.06082, 1.79049, 0.567799, 1.54819, 1.61335, 

0.137411, 0.567799, 1.29918, 1.45341, 0.169168, 1.654, 0.81856, 0.431558, 0.394354, 0.708475, 0.690513, 0.394133, 0.604016, 1.43298, 0.87968, 0.107691, 0.899894, 0.906133, 0.594123, 0.919791, 0.699311, 0.768521, 1.46377, 1.3296, 1.20203, 0.694227, 0.138983, 0.241482, 0.239699, 0.550355, 0.426949, 0.503044, 0.476846, 1.11351, 0.373155, 0.62034, 0.818298, 0.788408, 0.541076, 0.0594582, 0.468008, 0.701866, 1.06082, 0.324304, 0.972147, 0.944822, 0.871979, 0.733219, 1.04726, 1.05359, 

0.137411, 0.324304, 0.386544, 1.10128, 0.169168, 0.431558, 0.708475, 0.550355, 0.394354, 0.373155, 0.394133, 0.0321475, 0.604016, 1.43298, 0.906133, 0.919791, 1.18262, 0.107691, 0.138983, 0.594123, 0.598851, 0.637252, 1.3296, 0.653239, 0.241482, 0.239699, 1.18378, 0.371178, 0.541076, 0.743341, 0.426949, 0.503044, 0.476846, 1.11351, 0.818298, 0.0594582, 0.543767, 0.363704, 0.63861, 0.62034, 0.567799, 0.701866, 0.468008, 0.699311, 0.733219, 0.566371, 0.768521, 0.707695, 0.788408, 0.850707, 

0.137411, 0.324304, 0.353551, 0.708475, 0.550355, 0.233865, 1.82079, 0.284966, 0.476846, 0.543767, 0.0321475, 0.15443, 0.908279, 0.919791, 0.724689, 0.107691, 1.37203, 0.241482, 0.363704, 0.371178, 0.193619, 0.611829, 1.18378, 0.541076, 0.234824, 0.226329, 0.987657, 0.373155, 0.239699, 0.594123, 0.378002, 0.394133, 1.092, 0.726141, 0.0594582, 0.641904, 1.37545, 0.138983, 0.431558, 0.169168, 0.598851, 0.567799, 0.699311, 0.468008, 0.426949, 0.503044, 0.615453, 0.157485, 0.604016, 0.62034, 

0.137411, 0.157485, 0.708475, 1.27692, 0.476846, 0.543767, 0.932406, 0.226329, 0.107691, 0.234824, 0.0321475, 0.15443, 0.908279, 0.919791, 0.724689, 1.20203, 1.53678, 0.239699, 0.0594582, 0.111394, 0.193619, 0.426949, 1.14336, 0.536835, 0.373155, 0.0724052, 1.11884, 0.169168, 0.216392, 0.138983, 0.378002, 0.394133, 0.726141, 0.641904, 1.37545, 0.431558, 1.11722, 0.145749, 0.241482, 0.284966, 0.611829, 0.567799, 0.699311, 0.238024, 0.479024, 0.503044, 0.615453, 0.324304, 0.353551, 0.363704, 

0.137411, 0.157485, 0.708475, 0.107691, 0.234824, 1.79886, 1.02092, 0.476846, 0.353551, 0.138983, 0.0321475, 0.15443, 0.724689, 1.14318, 0.239699, 0.0594582, 0.111394, 0.726141, 0.0724052, 0.145749, 0.193619, 0.167297, 1.14336, 0.536835, 0.878027, 0.169168, 0.924188, 0.373155, 0.216392, 0.226329, 0.18488, 0.238024, 0.641904, 1.37545, 0.241482, 0.284966, 0.281816, 0.543767, 0.363704, 0.431558, 0.611829, 0.567799, 0.382564, 0.479024, 0.503044, 0.615453, 0.324304, 0.394133, 0.908279, 0.919791, 

0.137411, 0.157485, 0.261172, 0.852219, 1.02092, 0.353551, 0.138983, 0.140322, 0.476846, 0.216392, 0.0321475, 0.15443, 0.445963, 0.0594582, 0.111394, 0.614871, 0.0724052, 0.301578, 0.284966, 0.503623, 0.193619, 0.167297, 1.05757, 0.362898, 0.169168, 0.607403, 0.826224, 0.226329, 0.373155, 0.107691, 0.18488, 0.238024, 0.241482, 0.281816, 0.543767, 0.363704, 0.732928, 0.145749, 0.239699, 0.289358, 0.382564, 0.461384, 0.503044, 0.324304, 0.394133, 0.209992, 0.395712, 0.286845, 0.536835, 0.641904, 

0.137411, 0.157485, 0.852219, 1.02092, 0.353551, 0.140322, 1.51086, 0.241482, 0.138983, 0.0594582, 0.0321475, 0.15443, 0.614871, 0.0724052, 0.301578, 0.284966, 0.150247, 0.111394, 0.362898, 0.363704, 0.193619, 0.167297, 0.123991, 0.373155, 0.107691, 1.21116, 1.30204, 0.226329, 0.0676657, 0.216392, 0.18488, 0.209992, 0.281816, 0.543767, 0.732928, 0.145749, 0.239699, 0.20031, 0.169168, 0.289358, 0.382564, 0.324304, 0.394133, 0.238024, 0.395712, 0.286845, 0.396092, 0.194423, 0.445963, 0.476846, 

0.137411, 0.157485, 0.140322, 1.02466, 0.241482, 0.0594582, 1.09215, 0.0848855, 0.138983, 0.20031, 0.0321475, 0.15443, 0.614871, 0.284966, 0.111394, 0.362898, 1.4527, 0.216392, 0.195471, 0.104255, 0.193619, 0.167297, 0.373155, 1.01844, 0.226329, 0.0676657, 0.623024, 0.301578, 0.169168, 0.107691, 0.0700654, 0.194423, 0.281816, 0.543767, 0.732928, 0.145749, 0.179562, 0.150247, 0.239699, 0.0724052, 0.214398, 0.324304, 0.394133, 0.238024, 0.286845, 0.209992, 0.205397, 0.18488, 0.353551, 0.363704, 

0.137411, 0.157485, 0.140322, 1.02466, 0.0594582, 0.138983, 0.354932, 0.0543545, 0.241482, 0.353551, 0.0321475, 0.15443, 0.111394, 0.362898, 1.15681, 0.195471, 1.36469, 0.0855479, 0.284966, 0.216392, 0.18488, 0.167297, 0.373155, 0.0676657, 0.169168, 0.107691, 0.583411, 0.104255, 0.0848855, 0.179562, 0.0700654, 0.194423, 0.234175, 0.543767, 0.145749, 0.239699, 1.01279, 0.150247, 0.301578, 0.226329, 0.214398, 0.324304, 0.238024, 0.286845, 0.209992, 0.205397, 0.193619, 0.224349, 0.363704, 0.614871, 

0.137411, 0.157485, 0.140322, 0.241482, 0.353551, 0.785957, 0.983406, 0.307349, 0.0594582, 0.150247, 0.0321475, 0.0623634, 0.111394, 0.362898, 1.15681, 0.195471, 0.284966, 0.216392, 0.179562, 0.0676657, 0.18488, 0.0303402, 0.319347, 0.107691, 0.104255, 0.0848855, 0.658971, 0.301578, 0.138983, 0.169168, 0.0700654, 0.193619, 0.234175, 0.145749, 0.239699, 0.226329, 1.41204, 0.0543545, 0.354932, 0.0855479, 0.214398, 0.238024, 0.209992, 0.15443, 0.194423, 0.224349, 0.228544, 0.24254, 0.363704, 0.583411, 

0.137411, 0.157485, 0.35143, 0.983406, 0.0594582, 0.150247, 0.32345, 0.172736, 0.145749, 0.179562, 0.0321475, 0.0623634, 0.111394, 0.265151, 0.195471, 0.216392, 0.761804, 0.234175, 0.241482, 0.0848855, 0.0303402, 0.149036, 0.107691, 0.104255, 0.169168, 0.998919, 0.789891, 0.0676657, 0.138983, 0.253954, 0.0700654, 0.0523395, 0.239699, 1.21056, 0.0543545, 0.354932, 0.0855479, 0.274473, 0.140322, 0.226329, 0.214398, 0.209992, 0.15443, 0.194423, 0.224349, 0.228544, 0.18488, 0.193619, 0.284966, 0.307349, 

0.137411, 0.157485, 0.35143, 0.145749, 0.179562, 0.427247, 0.599074, 0.111394, 0.172736, 0.169168, 0.0321475, 0.0623634, 0.265151, 0.761804, 0.234175, 0.241482, 0.0848855, 0.284966, 0.0855479, 0.216392, 0.0303402, 0.149036, 0.107691, 0.104255, 0.0676657, 0.138983, 1.40413, 0.195471, 0.253954, 0.0594582, 0.0700654, 0.0523395, 0.239699, 1.15022, 0.140322, 0.226329, 0.303153, 0.274473, 0.0543545, 0.150247, 0.214398, 0.209992, 0.15443, 0.194423, 0.224349, 0.18488, 0.193619, 0.222257, 0.307349, 0.32345, 

0.137411, 0.15443, 0.35143, 0.145749, 0.179562, 0.427247, 0.172736, 0.184347, 0.107691, 0.150247, 0.0321475, 0.0623634, 0.234175, 0.0848855, 0.284966, 0.257195, 0.561402, 0.104255, 0.111394, 0.216392, 0.0303402, 0.149036, 0.0676657, 0.138983, 1.38606, 0.195471, 0.253954, 0.0594582, 0.0543545, 0.226329, 0.0700654, 0.0523395, 0.188084, 1.07563, 0.303153, 0.274473, 0.442112, 0.0855479, 0.169168, 0.140322, 0.214398, 0.209992, 0.157485, 0.194423, 0.18488, 0.193619, 0.222257, 0.200153, 0.241482, 0.245966, 

0.137411, 0.15443, 0.179562, 0.427247, 0.184347, 0.150247, 0.310767, 0.216392, 0.172736, 0.145749, 0.0321475, 0.0623634, 0.284966, 0.561402, 0.104255, 0.111394, 1.12472, 0.0454985, 0.169168, 0.0731602, 0.0303402, 0.149036, 1.20203, 0.195471, 0.0594582, 0.0543545, 0.606167, 0.226329, 0.0848855, 0.138983, 0.0700654, 0.0523395, 0.188084, 0.303153, 0.274473, 0.140322, 1.10783, 0.234175, 0.0855479, 0.107691, 0.214398, 0.209992, 0.157485, 0.194423, 0.18488, 0.193619, 0.200153, 0.176537, 0.241482, 0.245966, 

0.137411, 0.15443, 0.179562, 0.184347, 0.150247, 0.175687, 0.145749, 0.195471, 0.241482, 0.140322, 0.0321475, 0.0623634, 0.401248, 0.111394, 0.0454985, 0.10655, 1.67032, 0.172736, 0.107691, 0.0731602, 0.0303402, 0.149036, 1.20203, 0.0594582, 0.606167, 0.226329, 1.86268, 0.0848855, 0.0543545, 0.138983, 0.0700654, 0.0523395, 0.180907, 0.234175, 0.0855479, 0.465587, 0.895936, 0.104255, 0.169168, 0.188084, 0.214398, 0.209992, 0.157485, 0.194423, 0.18488, 0.193619, 0.200153, 0.176537, 0.245966, 0.274473, 

0.137411, 0.15443, 0.150247, 0.175687, 0.241482, 0.140322, 1.27462, 0.0848855, 0.104255, 0.184347, 0.0321475, 0.0623634, 0.401248, 0.0801114, 0.172736, 0.107691, 0.68774, 0.0731602, 0.138983, 0.179562, 0.0303402, 0.131058, 1.20203, 0.0594582, 0.226329, 0.0543545, 0.146719, 0.10655, 0.145749, 0.180907, 0.0700654, 0.0523395, 0.0855479, 0.895936, 0.169168, 1.5657, 0.282641, 0.0454985, 0.111394, 0.188084, 0.209992, 0.157485, 0.194423, 0.18488, 0.193619, 0.200153, 0.176537, 0.149036, 0.195471, 0.234175, 

0.137411, 0.149036, 0.150247, 0.241482, 1.11507, 0.0848855, 0.923536, 0.140322, 0.0731602, 0.184347, 0.0321475, 0.0623634, 0.401248, 0.172736, 0.107691, 0.079793, 1.00796, 0.0815047, 0.179562, 0.104255, 0.0303402, 0.131058, 0.226329, 0.0543545, 0.10655, 0.180907, 0.772437, 0.145749, 0.111394, 0.0801114, 0.0700654, 0.0523395, 0.0855479, 0.895936, 0.169168, 0.0454985, 1.99221, 0.146719, 0.175687, 0.0594582, 0.209992, 0.157485, 0.194423, 0.18488, 0.193619, 0.200153, 0.176537, 0.15443, 0.195471, 0.234175, 

0.137411, 0.145817, 0.150247, 0.241482, 0.0848855, 0.0731602, 1.58543, 0.111394, 0.107691, 0.145749, 0.0321475, 0.0623634, 0.172736, 0.703986, 0.0815047, 0.179562, 0.722649, 0.175687, 0.140322, 0.184347, 0.0303402, 0.131058, 0.0543545, 0.10655, 0.0801114, 1.39166, 0.155828, 0.195471, 0.180907, 0.0594582, 0.0700654, 0.0523395, 0.0855479, 0.169168, 0.0454985, 0.782873, 0.146719, 0.104255, 0.0711799, 0.192336, 0.157485, 0.194423, 0.18488, 0.193619, 0.176537, 0.15443, 0.149036, 0.195638, 0.226329, 0.234175, 

0.131058, 0.145817, 0.0200712, 0.111394, 0.145749, 0.330249, 0.583785, 0.0904846, 0.0594582, 0.0855479, 0.0321475, 0.0623634, 0.0815047, 0.175687, 0.140322, 1.09508, 1.71915, 0.0454985, 0.0848855, 0.155828, 0.0303402, 0.0553727, 0.0543545, 0.10655, 0.806563, 0.195471, 0.132284, 0.150247, 0.172736, 0.179562, 0.0700654, 0.0523395, 0.169168, 0.782873, 0.146719, 0.0711799, 0.122495, 0.107691, 0.0801114, 0.0731602, 0.157485, 0.194423, 0.18488, 0.193619, 0.176537, 0.15443, 0.149036, 0.137411, 0.180907, 0.184347, 

0.131058, 0.137411, 0.0200712, 0.111394, 0.330249, 0.583785, 0.0855479, 0.145749, 0.122495, 0.0711799, 0.0321475, 0.0623634, 0.175687, 1.09508, 0.0454985, 0.0848855, 0.155828, 0.140322, 0.179562, 0.0904846, 0.0303402, 0.0553727, 0.0543545, 0.132284, 0.172736, 0.298069, 0.47485, 0.0594582, 0.0815047, 0.10655, 0.0700654, 0.0523395, 0.169168, 0.146719, 0.107691, 0.0801114, 1.46451, 0.0731602, 0.180907, 0.150247, 0.157485, 0.194423, 0.18488, 0.193619, 0.176537, 0.15443, 0.149036, 0.145817, 0.184347, 0.195471, 

0.0700654, 0.137411, 0.0200712, 0.111394, 0.330249, 0.0855479, 0.122495, 0.0543545, 0.0815047, 0.0594582, 0.0321475, 0.0623634, 0.175687, 0.0848855, 0.155828, 0.140322, 0.179562, 0.0904846, 0.0947691, 0.172736, 0.0303402, 0.0553727, 0.132284, 0.298069, 0.47485, 0.10655, 0.705543, 0.0773799, 0.0454985, 0.107691, 0.0523395, 0.0412349, 0.169168, 0.146719, 0.0801114, 1.4068, 0.150247, 0.0731602, 0.145749, 0.0711799, 0.157485, 0.18488, 0.193619, 0.176537, 0.15443, 0.149036, 0.145817, 0.131058, 0.180907, 0.184347, 

0.0700654, 0.137411, 0.0572582, 0.330249, 0.0855479, 0.0543545, 0.780172, 0.0711799, 0.0594582, 0.145152, 0.0321475, 0.0623634, 0.175687, 0.0848855, 0.140322, 0.179562, 0.0904846, 0.0801114, 0.0956201, 0.0454985, 0.0303402, 0.0553727, 0.47485, 0.0773799, 0.107691, 1.50268, 1.90337, 0.0200712, 0.104519, 0.0947691, 0.0523395, 0.0412349, 0.169168, 0.150247, 0.0731602, 0.145749, 1.41418, 0.0815047, 0.10655, 0.122495, 0.157485, 0.18488, 0.193619, 0.176537, 0.15443, 0.149036, 0.145817, 0.131058, 0.146719, 0.172736, 

0.0700654, 0.131058, 0.0572582, 0.330249, 0.0543545, 0.759897, 0.936222, 0.0594582, 0.146719, 0.10655, 0.0321475, 0.0623634, 0.175687, 0.0848855, 0.140322, 0.0904846, 0.0454985, 0.0711799, 0.0855479, 0.0947691, 0.0303402, 0.0553727, 0.47485, 0.0773799, 0.107691, 0.0200712, 0.104519, 0.0956201, 0.145749, 0.0731602, 0.0523395, 0.0412349, 0.150247, 0.781334, 0.122495, 1.95556, 0.973463, 0.0815047, 0.0801114, 0.145152, 0.157485, 0.18488, 0.176537, 0.15443, 0.149036, 0.145817, 0.137411, 0.169908, 0.169168, 0.172736, 

0.0700654, 0.131058, 0.0572582, 0.759897, 0.0594582, 0.146719, 1.42336, 0.0947691, 0.140322, 0.0200712, 0.0321475, 0.0623634, 0.0848855, 0.0904846, 0.0454985, 0.0711799, 1.38777, 0.145749, 0.169168, 0.0543545, 0.0303402, 0.0553727, 0.0773799, 0.107691, 0.0956201, 0.331467, 1.26371, 0.172736, 0.10655, 0.0815047, 0.0523395, 0.0412349, 0.150247, 0.122495, 0.0801114, 0.145152, 1.36375, 0.0855479, 0.0642668, 0.104519, 0.157485, 0.176537, 0.15443, 0.149036, 0.145817, 0.137411, 0.169908, 0.124966, 0.175687, 0.330249, 

0.0623634, 0.124966, 0.146719, 1.00893, 0.140322, 0.0200712, 0.504645, 0.0594582, 0.0572582, 0.0543545, 0.0321475, 0.0389905, 0.0848855, 0.0711799, 1.28627, 0.145749, 0.169168, 0.109892, 0.0773799, 0.145152, 0.0303402, 0.0553727, 0.107691, 0.0956201, 0.172736, 0.0815047, 0.785827, 0.0642668, 0.122495, 0.0947691, 0.0523395, 0.0412349, 0.0548042, 0.0801114, 1.15338, 0.0855479, 0.104519, 0.10655, 0.0454985, 0.0904846, 0.157485, 0.15443, 0.149036, 0.145817, 0.137411, 0.169908, 0.131058, 0.0700654, 0.175687, 0.330249, 

0.0623634, 0.124966, 0.140322, 0.0594582, 0.0572582, 0.0543545, 1.08099, 0.145152, 0.0956201, 0.0773799, 0.0321475, 0.0389905, 0.0711799, 1.28627, 0.145749, 0.169168, 0.169825, 0.0548042, 0.146719, 0.0855479, 0.0303402, 0.0553727, 0.0815047, 0.785827, 0.0642668, 0.122495, 0.829877, 0.0947691, 0.10655, 0.0200712, 0.0523395, 0.0412349, 0.0801114, 1.15338, 0.104519, 0.0454985, 0.058399, 0.0848855, 0.109892, 0.0418305, 0.157485, 0.15443, 0.149036, 0.145817, 0.137411, 0.169908, 0.131058, 0.0700654, 0.172736, 0.175687, 

0.0623634, 0.124966, 0.140322, 0.0572582, 0.145152, 0.0956201, 1.09762, 0.0801114, 0.10655, 0.0418305, 0.0321475, 0.0389905, 0.169168, 0.146719, 0.0855479, 1.65454, 0.697926, 0.0454985, 0.118529, 0.0543545, 0.0303402, 0.0553727, 0.0815047, 0.785827, 0.0642668, 0.0200712, 1.91194, 0.0947691, 0.0594582, 0.0548042, 0.0405795, 0.0412349, 1.14836, 0.104519, 0.058399, 0.0848855, 1.98293, 0.0711799, 0.0773799, 0.109892, 0.157485, 0.15443, 0.149036, 0.145817, 0.137411, 0.169908, 0.131058, 0.0700654, 0.122495, 0.145749, 

0.0547672, 0.0637442, 0.140322, 0.0572582, 1.09762, 0.0418305, 1.95324, 0.0855479, 0.10655, 0.0711799, 0.0321475, 0.0389905, 0.169168, 0.146719, 1.20203, 0.0543545, 0.90033, 0.118529, 0.0956201, 0.0848855, 0.0303402, 0.0553727, 0.0815047, 0.0200712, 0.0947691, 0.0594582, 1.87526, 0.0801114, 0.104519, 0.0642668, 0.0405795, 0.0412349, 1.14836, 0.0773799, 0.109892, 1.03499, 0.50629, 0.0548042, 0.058399, 0.0454985, 0.157485, 0.15443, 0.149036, 0.145817, 0.137411, 0.131058, 0.0700654, 0.124966, 0.122495, 0.145152, 

0.0547672, 0.0387055, 0.140322, 1.53133, 0.10655, 0.0711799, 1.07064, 0.118529, 0.0594582, 0.0418305, 0.0321475, 0.0353278, 0.97627, 0.0543545, 0.188707, 0.0848855, 0.593355, 0.0947691, 0.0454985, 0.0855479, 0.0303402, 0.0553727, 0.0815047, 0.0200712, 0.754303, 0.104519, 0.0642668, 0.0572582, 0.0773799, 0.0374495, 0.0405795, 0.0412349, 1.10131, 0.412575, 0.0548042, 0.058399, 1.64803, 0.0956201, 0.0801114, 0.109892, 0.15443, 0.149036, 0.145817, 0.137411, 0.131058, 0.0700654, 0.124966, 0.0637442, 0.122495, 0.145152, 

0.0547672, 0.0387055, 1.22806, 0.10655, 0.118529, 0.0594582, 1.04479, 0.122495, 0.0572582, 0.0454985, 0.0321475, 0.0353278, 0.0543545, 0.188707, 0.488229, 0.426314, 0.0264837, 0.0848855, 0.109892, 0.0418305, 0.0303402, 0.0553727, 0.0815047, 0.104519, 0.0642668, 0.0773799, 2.00245, 0.0200712, 0.0374495, 0.0956201, 0.0405795, 0.0412349, 0.412575, 0.0548042, 0.058399, 0.0801114, 0.665814, 0.0711799, 0.0947691, 0.0855479, 0.15443, 0.149036, 0.145817, 0.137411, 0.131058, 0.0700654, 0.124966, 0.0637442, 0.140322, 0.145152, 

0.0547672, 0.0387055, 1.22806, 0.10655, 0.0594582, 0.122495, 0.0454985, 0.140322, 0.0572582, 0.109892, 0.0321475, 0.0353278, 0.0543545, 0.488229, 0.0264837, 0.0848855, 0.0418305, 0.0801114, 0.0548042, 0.104519, 0.0303402, 0.0553727, 0.0642668, 0.0773799, 0.0200712, 0.0374495, 0.706523, 0.0815047, 0.145152, 0.188707, 0.0405795, 0.0412349, 0.412575, 0.058399, 0.665814, 0.0947691, 0.0855479, 0.0324811, 0.0711799, 0.0956201, 0.15443, 0.149036, 0.145817, 0.137411, 0.131058, 0.0700654, 0.124966, 0.0637442, 0.426314, 0.609896, 

0.0547672, 0.0387055, 1.22806, 0.10655, 0.122495, 1.3245, 0.920276, 0.0947691, 0.0264837, 0.0956201, 0.0321475, 0.0353278, 0.0543545, 0.488229, 0.0848855, 0.0801114, 1.3031, 0.0594582, 0.0200712, 0.0548042, 0.0303402, 0.0553727, 0.0642668, 0.0374495, 0.0815047, 0.188707, 0.612248, 0.0855479, 0.0454985, 0.0773799, 0.0405795, 0.0412349, 0.665814, 0.0324811, 0.0711799, 0.737026, 1.69449, 0.0572582, 0.058399, 0.0418305, 0.15443, 0.149036, 0.145817, 0.137411, 0.131058, 0.0700654, 0.124966, 0.0637442, 0.104519, 0.109892, 

0.0547672, 0.0387055, 0.10655, 0.122495, 0.0947691, 0.0264837, 1.16483, 0.0454985, 0.0815047, 0.0374495, 0.0321475, 0.0353278, 0.0848855, 0.0801114, 0.0594582, 0.0200712, 0.289076, 0.0572582, 0.153104, 0.058399, 0.0303402, 0.0553727, 0.0642668, 0.188707, 0.612248, 0.0855479, 0.0773799, 0.0548042, 0.0543545, 0.0956201, 0.0405795, 0.0412349, 0.0324811, 0.0711799, 1.11516, 1.01549, 0.588285, 0.0418305, 0.109892, 0.104519, 0.149036, 0.145817, 0.137411, 0.131058, 0.0700654, 0.124966, 0.0637442, 0.143583, 0.35881, 0.488229, 

0.0547672, 0.0387055, 0.10655, 0.122495, 0.0264837, 0.0454985, 0.808736, 0.0642668, 0.0594582, 0.0711799, 0.0321475, 0.0353278, 0.0848855, 0.0200712, 0.289076, 0.0572582, 0.153104, 0.0947691, 0.0801114, 0.188707, 0.0303402, 0.0553727, 0.0855479, 0.0773799, 0.0548042, 0.0543545, 0.615899, 0.0956201, 0.104519, 0.0374495, 0.0405795, 0.0412349, 0.0324811, 0.725451, 0.0418305, 0.109892, 1.31477, 0.0815047, 0.190617, 0.058399, 0.149036, 0.145817, 0.137411, 0.131058, 0.0700654, 0.124966, 0.0637442, 0.143583, 0.35881, 0.488229, 

0.0547672, 0.0387055, 0.10655, 0.0454985, 0.0711799, 1.0283, 0.900361, 0.0642668, 0.0572582, 0.0543545, 0.0321475, 0.0353278, 0.0848855, 0.0200712, 0.0947691, 0.188707, 1.62043, 0.0956201, 0.0374495, 0.0548042, 0.0303402, 0.0553727, 0.0855479, 0.0773799, 0.615899, 0.104519, 1.19254, 0.0801114, 0.109892, 0.122495, 0.0405795, 0.0349452, 0.0324811, 0.0418305, 0.136398, 0.0815047, 0.190617, 0.0264837, 0.0594582, 0.058399, 0.145817, 0.126555, 0.131058, 0.0700654, 0.124966, 0.0637442, 0.143583, 0.123492, 0.143067, 0.153104, 

0.0547672, 0.0387055, 0.10655, 0.0711799, 0.833385, 0.0642668, 1.90406, 0.0773799, 0.0543545, 0.0947691, 0.0321475, 0.0353278, 0.0848855, 0.188707, 0.941092, 0.0374495, 0.0548042, 0.0324811, 0.0200712, 0.136398, 0.0303402, 0.0553727, 0.0855479, 0.615899, 0.104519, 0.109892, 0.122495, 0.0454985, 0.0801114, 0.0418305, 0.0405795, 0.0349452, 0.190617, 0.0264837, 0.0594582, 0.058399, 0.490541, 0.0956201, 0.0572582, 0.0815047, 0.145817, 0.126555, 0.131058, 0.0700654, 0.124966, 0.0637442, 0.143583, 0.123492, 0.143067, 0.153104, 

0.0353278, 0.0387055, 0.0642668, 0.889093, 0.0773799, 0.598111, 1.04334, 0.0947691, 0.0543545, 0.0956201, 0.0321475, 0.0278629, 0.188707, 0.0374495, 0.0324811, 0.136398, 0.721679, 0.0711799, 0.0343609, 0.0548042, 0.0303402, 0.0553727, 0.0855479, 0.104519, 0.109892, 0.122495, 0.0454985, 0.10655, 0.0801114, 0.0200712, 0.0405795, 0.0349452, 0.0264837, 0.058399, 0.344825, 0.0572582, 0.0815047, 0.0418305, 0.0594582, 0.0848855, 0.126555, 0.131058, 0.0700654, 0.124966, 0.0637442, 0.143583, 0.123492, 0.0547672, 0.143067, 0.153104, 

0.0353278, 0.0387055, 0.0642668, 0.889093, 0.598111, 1.04334, 0.615451, 0.0548042, 0.0848855, 0.0543545, 0.0321475, 0.0278629, 0.0374495, 0.0324811, 0.136398, 0.721679, 0.990408, 0.0815047, 0.0343609, 0.0454985, 0.0303402, 0.0547672, 0.0855479, 0.122495, 0.10655, 0.0200712, 0.889846, 0.0773799, 0.0956201, 0.058399, 0.0405795, 0.0349452, 0.0264837, 0.0572582, 0.0418305, 0.0594582, 1.03219, 0.0947691, 0.0801114, 0.0711799, 0.126555, 0.131058, 0.0700654, 0.124966, 0.0637442, 0.143583, 0.123492, 0.0553727, 0.104519, 0.109892, 

0.0353278, 0.0387055, 0.0642668, 0.889093, 0.136025, 0.0848855, 0.0543545, 0.0548042, 0.109892, 0.122495, 0.0321475, 0.0278629, 0.0374495, 0.136398, 0.721679, 0.0815047, 0.316159, 0.0454985, 0.0343609, 0.0418305, 0.0303402, 0.0547672, 0.0855479, 0.10655, 0.0200712, 0.0773799, 0.058399, 0.0572582, 0.0691768, 0.0324811, 0.0405795, 0.0349452, 0.0264837, 0.0594582, 0.0947691, 0.0801114, 0.0711799, 0.0956201, 0.184932, 0.104519, 0.126555, 0.0700654, 0.124966, 0.0637442, 0.123492, 0.0553727, 0.0556768, 0.100531, 0.598111, 0.889846, 

0.0353278, 0.0387055, 0.136025, 0.109892, 0.122495, 1.9646, 0.593412, 0.0324811, 0.0691768, 0.0418305, 0.0321475, 0.0278629, 0.0374495, 0.136398, 0.721679, 0.0815047, 0.316159, 0.0343609, 0.0543545, 0.0642668, 0.0303402, 0.0426002, 0.0855479, 0.0773799, 0.058399, 0.0572582, 1.32013, 0.0801114, 0.0200712, 0.0848855, 0.0405795, 0.0349452, 0.0594582, 0.0947691, 0.0711799, 0.0956201, 1.7124, 0.0264837, 0.0548042, 0.0454985, 0.0700654, 0.124966, 0.0637442, 0.123492, 0.0553727, 0.0556768, 0.100531, 0.0547672, 0.104519, 0.10655, 

0.0353278, 0.0387055, 0.136025, 0.109892, 0.122495, 1.16169, 0.921592, 0.104519, 0.0691768, 0.0801114, 0.0321475, 0.0278629, 0.0374495, 0.316159, 0.0343609, 0.0642668, 1.80768, 0.0324811, 0.0418305, 0.0815047, 0.0303402, 0.0426002, 0.0855479, 0.0773799, 0.0200712, 0.0848855, 0.189363, 0.0572582, 0.058399, 0.0264837, 0.0405795, 0.0349452, 0.0711799, 0.0956201, 0.0548042, 0.0454985, 1.50932, 0.0543545, 0.0947691, 0.0594582, 0.0700654, 0.124966, 0.0637442, 0.123492, 0.0553727, 0.0556768, 0.100531, 0.0547672, 0.10655, 0.136398, 

0.0353278, 0.0387055, 0.109892, 0.232495, 0.76298, 0.0801114, 1.73375, 0.0264837, 0.0454985, 0.104519, 0.0321475, 0.0278629, 0.316159, 0.0642668, 0.0324811, 0.0815047, 0.560598, 0.0956201, 0.0691768, 0.10655, 0.0303402, 0.0426002, 0.0855479, 0.0773799, 0.0848855, 0.0572582, 0.663779, 0.0343609, 0.0543545, 0.0374495, 0.0405795, 0.0349452, 0.0711799, 0.0548042, 0.0947691, 0.0594582, 1.47806, 0.058399, 0.0200712, 0.0418305, 0.0700654, 0.0637442, 0.123492, 0.0553727, 0.0556768, 0.100531, 0.0547672, 0.0641871, 0.122495, 0.136025, 

0.0353278, 0.0387055, 0.109892, 0.76298, 0.0183902, 1.13366, 0.139308, 0.0548042, 0.0773799, 0.0848855, 0.0321475, 0.0278629, 0.316159, 0.0324811, 0.0691768, 0.10655, 1.40199, 0.0642668, 0.0264837, 0.0454985, 0.0303402, 0.0426002, 0.0572582, 0.663779, 0.0343609, 0.0543545, 0.0374495, 0.0504215, 0.0815047, 0.0855479, 0.0405795, 0.0349452, 0.0947691, 0.0594582, 0.058399, 0.0200712, 1.02665, 0.038542, 0.0737866, 0.0711799, 0.0700654, 0.0637442, 0.0553727, 0.0556768, 0.0547672, 0.0641871, 0.0480875, 0.0915878, 0.0956201, 0.104519, 

0.0353278, 0.0387055, 0.109892, 1.13366, 0.139308, 0.0848855, 0.9214, 0.0691768, 0.0200712, 0.0773799, 0.0321475, 0.0278629, 0.0324811, 0.757644, 0.0642668, 0.0454985, 1.55066, 0.0504215, 0.0374495, 0.0548042, 0.0303402, 0.0426002, 0.0572582, 0.600475, 0.0543545, 0.0815047, 0.0855479, 0.0183902, 0.0956201, 0.0264837, 0.0405795, 0.0349452, 0.0947691, 0.0594582, 0.058399, 0.0737866, 1.372, 0.0343609, 0.038542, 0.0711799, 0.0700654, 0.0637442, 0.0553727, 0.0556768, 0.0547672, 0.0641871, 0.0480875, 0.0915878, 0.104519, 0.10655, 

0.0353278, 0.0221507, 0.0550995, 0.0848855, 0.0773799, 0.460599, 1.89059, 0.0200712, 0.0504215, 0.0737866, 0.0321475, 0.0278629, 0.0324811, 0.0642668, 1.10989, 0.0374495, 1.07308, 0.0711799, 0.0572582, 0.0183902, 0.0303402, 0.0426002, 0.600475, 0.0815047, 0.0855479, 0.876795, 0.789877, 0.0691768, 0.0454985, 0.0543545, 0.0387055, 0.0349452, 0.0594582, 0.058399, 1.10444, 0.038542, 0.0429638, 0.0343609, 0.0264837, 0.0548042, 0.0700654, 0.0637442, 0.0553727, 0.0556768, 0.0547672, 0.0641871, 0.0480875, 0.0405795, 0.0947691, 0.0956201, 

0.0353278, 0.0221507, 0.0848855, 1.17085, 0.0200712, 1.03468, 1.07323, 0.038542, 0.0183902, 0.0504215, 0.0321475, 0.0278629, 0.0324811, 1.10989, 0.0374495, 0.834089, 0.0572582, 0.0642668, 0.0264837, 0.0454985, 0.0303402, 0.0426002, 0.0815047, 0.0855479, 0.876795, 0.0691768, 1.32562, 0.0548042, 0.058399, 0.0737866, 0.0387055, 0.0349452, 0.0594582, 0.0429638, 0.0343609, 0.995322, 0.619823, 0.0543545, 0.0550995, 0.0711799, 0.0700654, 0.0637442, 0.0553727, 0.0556768, 0.0547672, 0.0641871, 0.0480875, 0.0405795, 0.0773799, 0.0947691, 

0.0353278, 0.0221507, 0.0848855, 1.03468, 0.0504215, 1.40044, 1.07186, 0.0642668, 0.0374495, 0.0691768, 0.0321475, 0.0278629, 1.10989, 0.834089, 0.0572582, 0.0454985, 1.9844, 0.0711799, 0.0200712, 0.0543545, 0.0303402, 0.0405795, 0.0815047, 0.876795, 1.12438, 0.0548042, 1.87856, 0.0264837, 0.0324811, 0.038542, 0.0387055, 0.0349452, 0.0594582, 0.0343609, 0.995322, 0.0550995, 1.70101, 0.0429638, 0.058399, 0.0183902, 0.0700654, 0.0637442, 0.0553727, 0.0556768, 0.0547672, 0.0641871, 0.0480875, 0.0426002, 0.0737866, 0.0773799, 

0.0353278, 0.0221507, 0.0848855, 1.03468, 0.0642668, 0.0374495, 0.870336, 0.0773799, 0.0737866, 0.0815047, 0.0321475, 0.0278629, 0.0572582, 0.0454985, 0.719315, 1.02713, 1.33105, 0.0543545, 0.0550995, 0.0504215, 0.0303402, 0.0405795, 0.876795, 0.982457, 0.0548042, 0.0264837, 0.0324811, 0.038542, 0.0691768, 0.058399, 0.0387055, 0.0349452, 0.0594582, 0.0343609, 1.08945, 0.0429638, 0.13367, 0.0183902, 0.0711799, 0.0200712, 0.0637442, 0.0553727, 0.0556768, 0.0547672, 0.0641871, 0.0480875, 0.0426002, 0.0666112, 0.54314, 0.812326, 

0.0353278, 0.0221507, 0.0848855, 1.03468, 0.0773799, 0.0815047, 2.04099, 0.0343609, 0.0542791, 0.0711799, 0.0321475, 0.0278629, 0.0572582, 0.0454985, 1.02713, 0.0543545, 0.603004, 0.0264837, 0.0374495, 0.0594582, 0.0303402, 0.0405795, 0.876795, 0.982457, 0.038542, 1.36737, 0.171466, 0.0324811, 0.058399, 0.0504215, 0.0387055, 0.0349452, 1.06354, 0.0429638, 0.13367, 0.0183902, 0.0200712, 0.0550995, 0.0642668, 0.0548042, 0.0637442, 0.0553727, 0.0556768, 0.0547672, 0.0641871, 0.0480875, 0.0426002, 0.064245, 0.0737866, 0.489696, 

0.0353278, 0.0221507, 0.0848855, 0.0773799, 0.991289, 0.0711799, 1.06729, 0.0548042, 0.0594582, 0.0454985, 0.0321475, 0.0278629, 0.259374, 0.0543545, 0.603004, 0.0374495, 1.27755, 0.0343609, 0.0642668, 0.0572582, 0.0303402, 0.0405795, 0.038542, 0.171466, 0.0324811, 0.0504215, 1.40916, 0.0264837, 0.0737866, 0.0542791, 0.0387055, 0.0349452, 1.06354, 0.0429638, 0.13367, 0.0183902, 0.0550995, 0.058399, 0.0200712, 0.0815047, 0.0637442, 0.0553727, 0.0556768, 0.0547672, 0.0641871, 0.0480875, 0.0426002, 0.064245, 0.275556, 0.404754, 

Best:
-6.30596	0.18105	

Fitness Evaluations:
3476

End Population
(9.294528e+00), (-4.474896e+00), (3.276337e+00), (-4.587025e+00), (-3.100104e+00), (1.292794e+01), (3.076690e+00), (3.913588e+00), (7.550150e+00), (1.085805e+01), (-6.006974e+00), (8.739218e+00), (7.911681e+00), (6.583189e-01), (2.896483e+00), (4.710138e+00), (3.175212e+00), (-3.982878e+00), (-2.931955e+00), (-4.178115e+00), (9.500916e+00), (-4.354583e+00), (6.232288e+00), (-2.600773e-01), (6.455156e-02), (9.871878e+00), (-9.243831e+00), (-4.656919e+00), (3.839947e+00), (-3.004924e+00), (-6.416331e+00), (2.720893e-01), (9.736513e-01), (2.944577e+00), (6.058780e+00), (-2.126365e-02), (9.151256e+00), (-4.366925e+00), (-1.363671e-01), (-4.416574e-01), (1.103426e-01), (9.011920e+00), (-1.259061e+01), (5.117159e-02), (6.164929e+00), (8.779826e+00), (-5.845478e+00), (-5.538433e-01), (2.996540e+00), (4.193555e+00), (-6.416712e+00), (-3.557612e-01), (-1.247742e+01), (-2.757136e+00), (-6.410558e+00), (-1.808657e-01), (6.187157e+00), (4.916525e-01), (2.833209e+00), (4.411662e+00), (-6.399201e+00), (2.963180e-01), (3.062062e+00), (4.124294e+00), (4.349899e+00), (1.099303e+01), (-6.197103e+00), (-9.076669e+00), (-3.141269e+00), (-5.156272e+00), (-6.305955e+00), (1.810501e-01), (-3.035065e+00), (-1.320991e+01), (-1.275117e+01), (5.424118e-02), (-3.207533e+00), (-4.234200e+00), (-2.980415e+00), (4.939451e+00), (-3.269233e+00), (1.312925e+01), (-2.838801e+00), (4.549122e+00), (-2.043760e-01), (9.125501e+00), (-7.892511e-02), (9.235505e+00), (-3.182028e+00), (4.913443e+00), (6.194259e+00), (3.733520e-01), (-7.438482e-02), (-9.161184e+00), (-3.484248e-02), (-8.456149e+00), (2.477772e+00), (1.301478e+01), (-1.227766e+01), (-7.713693e+00), 