Iterations: 50
Function Evaluations Limit: 150000
Population: 50

Prides Length: 4

Percent Nomads: 0.2
Percent Roaming: 0.2
Percent Sex: 0.8

Mating Rate: 0.3
Mutation Probability: 0.2
Immigration Rate: 0.4

Dimensions: 2
N-Dimension Space: -20:20

Fitness Iterations:
0.0511018
0.132146, 1.70729, 1.33342, 1.26858, 0.939495, 0.695471, 1.0847, 0.916474, 1.95266, 0.169206, 1.00841, 0.300862, 2.05618, 0.396308, 1.21198, 1.27341, 1.38444, 1.07871, 1.72247, 1.7507, 0.813968, 1.62594, 1.41812, 1.05836, 0.84745, 0.0511018, 0.529031, 1.31814, 1.05179, 0.282908, 0.903795, 0.887971, 0.692225, 0.751948, 1.17172, 1.58123, 1.13658, 1.0492, 0.121904, 0.554935, 1.55716, 0.977392, 1.03179, 0.932707, 1.48228, 0.850828, 1.21021, 0.818314, 1.06648, 1.76027, 

0.117342, 0.505, 1.26858, 1.0847, 0.916474, 0.499084, 0.0898057, 0.938736, 0.483257, 0.780362, 0.300862, 0.513543, 0.396308, 1.18093, 1.07871, 1.58891, 0.126935, 0.280352, 0.150571, 0.761806, 0.54748, 0.473445, 1.41812, 1.05836, 0.84745, 0.0511018, 1.19119, 0.692225, 0.529031, 0.695471, 0.528193, 0.696995, 0.751948, 1.11598, 1.0492, 0.121904, 0.554935, 0.707521, 0.169206, 0.282908, 0.977392, 1.03179, 0.932707, 0.818314, 0.850828, 0.813968, 0.903795, 0.132146, 0.939495, 0.958285, 

0.117342, 0.132146, 0.868896, 0.499084, 0.0898057, 0.780362, 0.256563, 0.150571, 0.280352, 0.121904, 0.300862, 0.0785505, 0.389168, 0.82441, 0.126375, 0.761806, 1.44376, 0.695471, 0.12107, 0.0511018, 0.309527, 0.473445, 0.953354, 0.692225, 0.529031, 0.958489, 1.0475, 0.0521771, 0.483257, 0.282908, 0.528193, 0.696995, 1.11598, 0.384391, 0.707521, 0.169206, 1.00611, 0.778801, 0.359212, 0.751948, 0.818314, 0.850828, 0.813968, 0.903795, 0.505, 0.821638, 0.54748, 0.924477, 0.84745, 0.916474, 

0.117342, 0.132146, 0.499084, 0.780362, 0.256563, 0.566243, 1.4414, 0.359212, 0.12107, 0.150571, 0.300862, 0.0785505, 0.126375, 0.761806, 0.0511018, 1.04469, 1.96611, 0.579361, 0.280352, 0.0521771, 0.279557, 0.473445, 0.0149492, 0.477278, 0.529031, 0.958489, 1.12081, 0.0898057, 0.282908, 0.281294, 0.505, 0.54748, 0.169206, 0.736086, 0.778801, 0.742446, 1.2733, 0.483257, 0.121904, 0.389168, 0.818314, 0.850828, 0.813968, 0.528193, 0.821638, 0.696995, 0.624748, 0.309527, 0.695471, 0.707521, 

0.117342, 0.132146, 0.780362, 0.256563, 0.566243, 1.20203, 0.162256, 0.499084, 0.359212, 0.282908, 0.269083, 0.0785505, 0.0511018, 1.04469, 0.579361, 0.0374582, 0.430904, 0.50061, 0.280352, 0.12107, 0.279557, 0.0921841, 0.0149492, 0.477278, 0.739928, 0.0898057, 1.47946, 0.126375, 0.529031, 0.281294, 0.309527, 0.427493, 0.736086, 0.778801, 0.742446, 0.483257, 0.121904, 0.150571, 0.389168, 0.169206, 0.528193, 0.696995, 0.186548, 0.505, 0.537046, 0.476571, 0.800243, 0.768271, 0.544463, 0.707521, 

0.117342, 0.132146, 0.780362, 0.256563, 1.19314, 0.282908, 1.07206, 0.0149492, 0.50061, 0.483257, 0.186548, 0.0785505, 0.0511018, 1.00884, 0.0374582, 0.12107, 0.677929, 0.162256, 0.430904, 0.499084, 0.279557, 0.0921841, 0.477278, 0.0898057, 0.126375, 0.529031, 1.62123, 0.389168, 0.281294, 0.359212, 0.309527, 0.0340841, 0.778801, 0.150571, 0.169206, 0.971758, 0.921439, 0.280352, 0.121904, 0.544463, 0.269083, 0.222371, 0.505, 0.476571, 0.501194, 0.405694, 0.420093, 0.427493, 0.566243, 0.579361, 

0.117342, 0.132146, 0.780362, 0.256563, 1.19096, 0.50061, 1.23361, 0.12107, 0.468803, 0.126375, 0.186548, 0.0785505, 1.00884, 0.162256, 0.430904, 0.478926, 0.662956, 0.282908, 0.160851, 0.477278, 0.0591866, 0.0921841, 0.0898057, 0.483883, 0.285895, 0.359212, 1.96032, 0.169206, 0.060396, 0.150571, 0.227648, 0.0340841, 0.971758, 0.280352, 0.121904, 0.544463, 1.368, 0.0374582, 0.0149492, 0.0511018, 0.269083, 0.222371, 0.476571, 0.501194, 0.405694, 0.420093, 0.427493, 0.310209, 0.483257, 0.566243, 

0.117342, 0.132146, 0.780362, 1.19096, 0.12107, 0.126375, 0.604105, 0.140996, 0.256563, 0.169206, 0.168415, 0.0785505, 0.162256, 0.430904, 0.662956, 0.282908, 1.47102, 0.359212, 0.483257, 0.468803, 0.0493852, 0.0921841, 0.0898057, 0.223969, 0.060396, 0.150571, 0.698904, 0.544463, 0.160851, 0.50061, 0.227648, 0.0340841, 0.280352, 0.121904, 0.0374582, 0.0511018, 1.43109, 0.0149492, 0.477278, 0.483883, 0.269083, 0.222371, 0.405694, 0.420093, 0.310209, 0.186548, 0.262907, 0.297936, 0.545884, 0.566243, 

0.117342, 0.132146, 0.126375, 0.604105, 0.140996, 0.256563, 0.169206, 0.121904, 0.12107, 0.160851, 0.168415, 0.0785505, 0.162256, 0.430904, 0.271513, 0.359212, 0.483257, 0.468803, 0.0374582, 0.282908, 0.0493852, 0.0921841, 0.14197, 0.060396, 0.150571, 0.698904, 1.26402, 0.50061, 0.510978, 0.0898057, 0.0842733, 0.0340841, 0.280352, 0.0511018, 0.0149492, 0.477278, 0.897433, 0.12827, 0.483883, 0.289286, 0.269083, 0.222371, 0.405694, 0.420093, 0.310209, 0.186548, 0.262907, 0.297936, 0.544463, 0.545884, 

0.117342, 0.132146, 0.256563, 0.157136, 0.0330546, 0.160851, 1.15189, 0.12107, 0.271513, 0.280352, 0.0635373, 0.0785505, 0.430904, 0.483257, 0.468803, 0.0374582, 0.282908, 0.150571, 0.126375, 0.12827, 0.0493852, 0.0921841, 0.060396, 0.50061, 0.139083, 0.0898057, 0.998854, 0.140996, 0.477278, 0.162256, 0.0842733, 0.0340841, 0.0149492, 0.377415, 0.483883, 0.289286, 1.08454, 0.14197, 0.0511018, 0.344258, 0.168415, 0.222371, 0.310209, 0.186548, 0.262907, 0.297936, 0.205268, 0.20142, 0.544463, 0.545884, 

0.117342, 0.132146, 0.0751671, 0.0330546, 1.15189, 0.12107, 0.271513, 0.14197, 0.126375, 0.139083, 0.0635373, 0.0785505, 0.483257, 0.282908, 0.150571, 0.796776, 1.61885, 0.280352, 0.160851, 0.12827, 0.0493852, 0.0921841, 0.060396, 0.50061, 0.0898057, 0.140996, 1.9133, 0.377415, 0.0374582, 0.256563, 0.0842733, 0.0340841, 0.0149492, 0.374214, 0.289286, 0.417159, 0.0511018, 0.162256, 0.430904, 0.344258, 0.168415, 0.222371, 0.186548, 0.262907, 0.205268, 0.20142, 0.186403, 0.165664, 0.468803, 0.477278, 

0.117342, 0.132146, 0.0751671, 0.246847, 0.12107, 0.14197, 0.139083, 0.12827, 0.0374582, 0.256563, 0.0551599, 0.0785505, 0.282908, 0.150571, 0.160851, 1.5935, 0.967949, 0.0511018, 0.377415, 0.272155, 0.0493852, 0.0921841, 0.060396, 0.50061, 0.0898057, 0.58074, 0.180509, 0.280352, 0.271513, 0.10522, 0.0842733, 0.0340841, 0.0149492, 0.374214, 0.289286, 0.162256, 0.430904, 0.0847635, 0.0330546, 0.126375, 0.168415, 0.186548, 0.0635373, 0.205268, 0.20142, 0.186403, 0.13261, 0.168344, 0.417159, 0.468803, 

0.117342, 0.132146, 0.246847, 0.12107, 0.139083, 0.12827, 0.0374582, 0.0847635, 0.10522, 0.060396, 0.0551599, 0.0785505, 1.01219, 0.0511018, 0.377415, 0.272155, 1.35927, 0.162256, 0.180509, 0.0695677, 0.0493852, 0.0921841, 0.483824, 0.58074, 0.280352, 0.505661, 0.892793, 0.0149492, 0.160851, 0.0898057, 0.0842733, 0.0340841, 0.374214, 0.430904, 0.126375, 1.55392, 1.3637, 0.0330546, 0.0751671, 0.131139, 0.168415, 0.186548, 0.0635373, 0.20142, 0.186403, 0.13261, 0.168344, 0.170371, 0.256563, 0.271513, 

0.117342, 0.132146, 0.12827, 0.10522, 0.060396, 0.674873, 1.5843, 0.131139, 0.139083, 0.126375, 0.0551599, 0.0635373, 1.20203, 0.162256, 0.180509, 0.0695677, 1.78154, 0.0847635, 0.0898057, 0.0374582, 0.0493852, 0.0921841, 0.280352, 0.892793, 0.160851, 1.43128, 1.08293, 0.0149492, 0.0511018, 0.12107, 0.0842733, 0.0340841, 0.430904, 0.0330546, 0.0751671, 1.03961, 0.817616, 0.271513, 0.256563, 0.246847, 0.168415, 0.186548, 0.0785505, 0.20142, 0.186403, 0.13261, 0.168344, 0.170371, 0.272155, 0.321052, 

0.0785505, 0.132146, 0.060396, 1.13387, 0.139083, 0.126375, 1.8927, 0.0898057, 0.12107, 0.0847635, 0.0551599, 0.0635373, 1.20203, 0.180509, 0.0695677, 1.20203, 0.905075, 0.10522, 0.0149492, 0.162256, 0.0493852, 0.0921841, 0.280352, 0.892793, 0.160851, 0.756468, 0.228146, 0.0374582, 0.131139, 0.0511018, 0.0842733, 0.0340841, 0.430904, 1.03961, 0.577956, 0.271513, 0.246847, 0.12827, 0.0330546, 0.0751671, 0.168415, 0.186548, 0.117342, 0.20142, 0.186403, 0.13261, 0.168344, 0.170371, 0.256563, 0.272155, 

0.0785505, 0.132146, 0.622404, 0.139083, 0.126375, 1.33641, 0.12107, 0.0695677, 0.160851, 0.060396, 0.0529413, 0.0278066, 0.110911, 1.20203, 0.905075, 0.0149492, 1.19348, 0.0333075, 0.0751671, 0.10522, 0.0493852, 0.0635373, 0.892793, 0.0374582, 0.0511018, 1.05464, 0.726795, 0.12827, 0.162256, 0.0898057, 0.0842733, 0.0340841, 0.728617, 0.577956, 0.144254, 0.0330546, 0.369949, 0.0847635, 0.130861, 0.131139, 0.168415, 0.186548, 0.117342, 0.0551599, 0.13261, 0.168344, 0.170371, 0.0921841, 0.228146, 0.247023, 

0.0785505, 0.117342, 0.139083, 0.295591, 0.12107, 0.160851, 1.85191, 0.162256, 0.130861, 0.0511018, 0.0529413, 0.015836, 0.0149492, 0.0333075, 0.0751671, 0.10522, 1.11607, 0.110911, 0.0695677, 0.247023, 0.0442338, 0.0635373, 0.763307, 0.0374582, 1.05464, 0.0898057, 1.54589, 0.131139, 0.0847635, 0.126375, 0.0842733, 0.0340841, 0.728617, 0.144254, 0.0330546, 0.918922, 0.919503, 0.060396, 0.12827, 0.228146, 0.168415, 0.132146, 0.0551599, 0.13261, 0.168344, 0.0921841, 0.134974, 0.165882, 0.369949, 0.577956, 

0.0551599, 0.0600339, 0.160851, 1.11388, 0.130861, 0.0511018, 0.430521, 0.228146, 0.0847635, 0.12674, 0.0529413, 0.015836, 0.0751671, 1.02474, 0.110911, 0.0695677, 1.45319, 0.247023, 0.0333075, 0.0374582, 0.0442338, 0.0635373, 0.763307, 0.0898057, 1.12017, 0.131139, 1.95557, 0.10522, 0.12107, 0.060396, 0.0842733, 0.0340841, 0.728617, 0.144254, 0.0330546, 0.12827, 1.43812, 0.0149492, 0.126375, 0.139083, 0.132146, 0.0785505, 0.13261, 0.168344, 0.0921841, 0.134974, 0.165882, 0.117342, 0.295591, 0.369949, 

0.0551599, 0.0600339, 0.130861, 0.0511018, 0.430521, 0.228146, 1.77737, 0.144254, 0.10522, 0.131139, 0.0529413, 0.015836, 0.110911, 0.0695677, 0.247023, 0.0374582, 1.10243, 0.0330546, 0.115098, 0.0149492, 0.0442338, 0.0635373, 0.763307, 0.0898057, 0.060396, 1.99187, 1.0129, 0.160851, 0.0751671, 0.0869177, 0.0842733, 0.0340841, 0.12827, 1.13771, 0.126375, 0.139083, 0.334911, 0.0333075, 0.295591, 0.0847635, 0.132146, 0.0785505, 0.13261, 0.168344, 0.0921841, 0.134974, 0.165882, 0.117342, 0.369949, 0.50471, 

0.0551599, 0.0600339, 0.0511018, 0.228146, 1.05029, 0.144254, 0.10522, 0.114876, 0.218805, 0.131139, 0.0529413, 0.015836, 0.110911, 0.0695677, 0.0374582, 0.0330546, 1.14542, 0.295591, 0.0333075, 0.0898057, 0.0442338, 0.0635373, 1.12277, 1.0129, 0.160851, 0.0751671, 0.0869177, 0.334911, 0.0149492, 0.060396, 0.0785505, 0.0340841, 0.12827, 0.126375, 0.139083, 0.0847635, 1.22862, 0.115098, 0.130861, 0.247023, 0.132146, 0.0842733, 0.13261, 0.0921841, 0.134974, 0.165882, 0.117342, 0.100638, 0.369949, 0.387267, 

0.0551599, 0.0600339, 0.0511018, 0.228146, 1.05029, 0.144254, 0.0471221, 0.0333075, 0.0330546, 0.139083, 0.0529413, 0.015836, 0.0695677, 0.0374582, 0.295591, 0.0898057, 0.19284, 0.060396, 0.114876, 0.10522, 0.0442338, 0.0635373, 1.12277, 0.160851, 0.0751671, 0.0869177, 0.836478, 0.110911, 0.126375, 0.0847635, 0.0785505, 0.0340841, 0.12827, 1.22862, 0.115098, 0.247023, 0.898618, 0.131139, 0.130861, 0.0149492, 0.132146, 0.0842733, 0.13261, 0.0921841, 0.134974, 0.165882, 0.117342, 0.100638, 0.218805, 0.334911, 

0.0551599, 0.0600339, 0.0471221, 0.0333075, 0.0330546, 0.139083, 0.0239053, 0.160851, 0.0374582, 0.110911, 0.0529413, 0.015836, 0.0695677, 0.19284, 0.060396, 0.10522, 1.93676, 0.131139, 0.114876, 0.247023, 0.0442338, 0.0383932, 0.0751671, 0.0869177, 0.126375, 0.0847635, 1.50663, 0.228146, 0.295591, 0.218805, 0.0615613, 0.0340841, 0.12827, 1.10377, 0.115098, 0.130861, 0.0149492, 0.144254, 0.0511018, 0.0898057, 0.132146, 0.0842733, 0.13261, 0.0921841, 0.117342, 0.100638, 0.0785505, 0.0635373, 0.334911, 0.390995, 

0.015032, 0.0600339, 0.0333075, 0.0330546, 0.160851, 1.2548, 0.899945, 0.139083, 0.144254, 0.110911, 0.0529413, 0.015836, 0.19284, 0.10522, 0.134251, 0.131139, 0.114876, 0.0695677, 0.0869177, 0.0471221, 0.0442338, 0.0383932, 0.0751671, 0.126375, 0.0847635, 0.295591, 0.683588, 0.060396, 0.0149492, 0.0374582, 0.0615613, 0.0340841, 0.12827, 0.130861, 0.0898057, 1.06851, 1.38436, 0.115098, 0.0511018, 0.0239053, 0.132146, 0.0842733, 0.13261, 0.0921841, 0.117342, 0.100638, 0.0785505, 0.0635373, 0.218805, 0.228146, 

0.015032, 0.0600339, 0.160851, 1.23507, 0.110911, 1.01781, 1.55409, 0.0869177, 0.115098, 0.0149492, 0.0529413, 0.015836, 0.19284, 0.10522, 0.114876, 0.0471221, 0.216932, 0.131139, 0.0333075, 0.060396, 0.0442338, 0.0383932, 0.0751671, 0.126375, 0.0847635, 0.295591, 0.197812, 0.0695677, 0.0374582, 0.130861, 0.0615613, 0.0340841, 0.12827, 0.0898057, 1.38436, 0.0239053, 1.30405, 0.0511018, 0.134251, 0.0330546, 0.132146, 0.0842733, 0.13261, 0.0921841, 0.117342, 0.100638, 0.0785505, 0.0635373, 0.139083, 0.144254, 

0.015032, 0.0600339, 0.160851, 0.110911, 1.32613, 1.84074, 1.26129, 0.060396, 0.126375, 0.12827, 0.0529413, 0.015836, 0.114876, 0.0471221, 0.216932, 1.90677, 0.418501, 0.0695677, 0.0511018, 0.0149492, 0.0442338, 0.0383932, 0.0847635, 0.295591, 0.130861, 1.51081, 0.510102, 0.0333075, 0.10522, 0.115098, 0.0615613, 0.0340841, 0.0898057, 1.38436, 0.0239053, 0.0330546, 1.03729, 0.0869177, 0.0751671, 0.0374582, 0.132146, 0.0842733, 0.0921841, 0.117342, 0.100638, 0.0785505, 0.0635373, 0.0763488, 0.131139, 0.134251, 

0.015032, 0.0600339, 0.110911, 0.618112, 1.20101, 1.28921, 0.972046, 0.0751671, 0.0898057, 0.12827, 0.0529413, 0.015836, 0.114876, 0.216932, 0.0511018, 1.13603, 1.73422, 0.0168555, 0.130861, 0.0869177, 0.0442338, 0.0383932, 0.0847635, 0.0333075, 0.115098, 1.38305, 0.823184, 0.0695677, 0.0149492, 0.126375, 0.0615613, 0.0340841, 1.38436, 0.0239053, 1.03729, 0.0374582, 1.28345, 0.060396, 0.0330546, 0.0471221, 0.132146, 0.0842733, 0.0921841, 0.117342, 0.100638, 0.0785505, 0.0635373, 0.0763488, 0.131139, 0.134251, 

0.015032, 0.0600339, 0.110911, 0.972046, 0.0751671, 0.12827, 0.448322, 0.0333075, 0.134251, 0.0239053, 0.0529413, 0.015836, 0.114876, 0.0511018, 1.10055, 0.0869177, 0.443156, 0.0695677, 0.131139, 0.0374582, 0.0442338, 0.0383932, 0.823184, 0.0149492, 0.126375, 1.96192, 0.834001, 0.0898057, 0.0847635, 0.115098, 0.0615613, 0.0340841, 1.03729, 1.20203, 0.060396, 0.0471221, 1.18306, 0.130861, 0.0168555, 0.0330546, 0.0842733, 0.0921841, 0.117342, 0.100638, 0.0785505, 0.0635373, 0.0763488, 0.121201, 0.216932, 0.237545, 

0.015032, 0.0600339, 0.110911, 0.12827, 0.0333075, 1.73852, 1.693, 0.130861, 0.0239053, 0.0751671, 0.0529413, 0.015836, 0.114876, 0.0511018, 1.10055, 0.0695677, 0.0374582, 0.131139, 0.0471221, 0.0898057, 0.0442338, 0.0383932, 0.0149492, 1.24213, 0.0847635, 0.115098, 0.912222, 0.237545, 0.0869177, 0.134251, 0.0615613, 0.0340841, 0.815099, 0.0168555, 0.0330546, 1.34994, 1.15499, 0.060396, 0.16095, 0.126375, 0.0842733, 0.0921841, 0.117342, 0.100638, 0.0785505, 0.0635373, 0.0763488, 0.0771352, 0.380163, 0.443156, 

0.015032, 0.0600339, 0.110911, 0.0333075, 1.20203, 0.130861, 1.65143, 0.0239053, 0.065852, 0.0751671, 0.0529413, 0.015836, 0.114876, 1.10055, 0.0374582, 0.0898057, 1.46572, 0.0330546, 0.0149492, 0.0471221, 0.0442338, 0.0383932, 0.394504, 0.115098, 0.858404, 0.237545, 0.0869177, 0.126375, 0.060396, 0.0695677, 0.0615613, 0.0340841, 0.815099, 0.717118, 0.16095, 1.05822, 0.199968, 0.0511018, 0.0847635, 0.0168555, 0.0842733, 0.0921841, 0.117342, 0.100638, 0.0785505, 0.0635373, 0.0763488, 0.0771352, 0.12827, 0.131139, 

0.015032, 0.0600339, 0.494304, 0.130861, 0.065852, 0.0751671, 1.13193, 0.115098, 0.12827, 0.114876, 0.0442338, 0.015836, 1.10055, 0.0374582, 1.01929, 1.26893, 1.11421, 0.0898057, 0.0149492, 0.0695677, 0.0383932, 0.0144737, 0.0531564, 0.237545, 0.0869177, 0.126375, 0.905188, 0.110911, 0.060396, 0.0333075, 0.0615613, 0.0340841, 1.05822, 0.199968, 0.0511018, 0.0847635, 0.0168555, 0.0330546, 0.0471221, 0.0239053, 0.0842733, 0.0921841, 0.100638, 0.0785505, 0.0635373, 0.0763488, 0.0771352, 0.0502748, 0.131139, 0.16095, 

0.015032, 0.0383932, 0.494304, 0.130861, 0.12827, 0.114876, 0.995282, 0.065852, 0.131139, 0.0511018, 0.0442338, 0.015836, 1.01929, 1.20203, 1.11421, 0.0695677, 1.7962, 0.0333075, 0.115098, 0.0149492, 0.0144737, 0.0365226, 0.0531564, 0.0869177, 0.126375, 0.060396, 0.448995, 0.0330546, 0.0751671, 0.110911, 0.0502748, 0.0340841, 0.199968, 0.0847635, 0.0168555, 0.0471221, 0.36425, 0.0898057, 0.0239053, 0.0374582, 0.0842733, 0.0921841, 0.0785505, 0.0635373, 0.0763488, 0.0771352, 0.0615613, 0.0600339, 0.16095, 0.237545, 

0.015032, 0.0383932, 0.494304, 0.114876, 0.995282, 0.065852, 0.0511018, 0.131139, 0.0695677, 0.16095, 0.0442338, 0.015836, 0.713379, 1.11421, 0.115098, 0.0149492, 1.37227, 0.0531564, 0.0898057, 0.12827, 0.0144737, 0.0365226, 0.0869177, 0.126375, 0.448995, 0.0330546, 0.96918, 0.0333075, 0.0763, 0.130861, 0.0502748, 0.0340841, 0.0847635, 0.0168555, 0.0471221, 0.0374582, 0.282686, 0.0751671, 0.060396, 0.0239053, 0.0842733, 0.0921841, 0.0785505, 0.0635373, 0.0763488, 0.0771352, 0.0615613, 0.0600339, 0.199968, 0.237545, 

0.015032, 0.0383932, 0.494304, 0.114876, 0.0695677, 0.16095, 0.562256, 0.0751671, 0.0149492, 0.115098, 0.0442338, 0.015836, 0.713379, 1.141, 0.0898057, 0.12827, 0.486241, 0.0374582, 0.060396, 0.126375, 0.0144737, 0.0365226, 0.0330546, 0.0333075, 0.130861, 1.02492, 1.38854, 0.065852, 0.0511018, 0.0531564, 0.0502748, 0.0340841, 0.0847635, 0.0168555, 0.0239053, 1.8693, 1.12911, 0.0763, 0.0471221, 0.0869177, 0.0842733, 0.0921841, 0.0785505, 0.0635373, 0.0763488, 0.0771352, 0.0615613, 0.0600339, 0.131139, 0.199968, 

0.015032, 0.0383932, 0.114876, 0.16095, 0.0751671, 0.0149492, 0.115098, 0.371727, 0.130861, 0.0471221, 0.0442338, 0.015836, 0.12827, 0.486241, 0.0374582, 0.060396, 0.95276, 0.199968, 0.153564, 0.0239053, 0.0144737, 0.0365226, 0.0330546, 0.0333075, 0.0511018, 1.23286, 1.76839, 0.126375, 0.0898057, 0.0531564, 0.0502748, 0.0340841, 0.0847635, 0.0168555, 0.315023, 0.0763, 0.0869177, 0.0695677, 0.131139, 0.0294399, 0.0842733, 0.0921841, 0.0785505, 0.0635373, 0.0763488, 0.0771352, 0.0615613, 0.0600339, 0.428963, 0.494304, 

0.015032, 0.0383932, 0.0149492, 0.371727, 0.130861, 0.0471221, 0.621218, 0.0869177, 0.0294399, 0.0898057, 0.0442338, 0.015836, 0.12827, 0.486241, 0.0563028, 0.0239053, 0.988282, 0.0847635, 0.0511018, 0.153564, 0.0144737, 0.0365226, 0.0330546, 0.0333075, 1.13595, 0.126375, 1.10271, 0.0751671, 0.106455, 0.0374582, 0.0502748, 0.0340841, 0.0168555, 0.315023, 0.0763, 0.0695677, 0.131139, 0.16095, 0.114876, 0.0531564, 0.0842733, 0.0921841, 0.0785505, 0.0635373, 0.0763488, 0.0771352, 0.0615613, 0.0600339, 0.199968, 0.264112, 

0.015032, 0.0152896, 0.0149492, 0.371727, 0.0471221, 0.423989, 0.0294399, 0.0239053, 0.0695677, 0.0763, 0.0442338, 0.015836, 0.12827, 0.0511018, 0.153564, 0.233838, 1.39384, 0.0751671, 0.126375, 0.0563028, 0.0144737, 0.0365226, 0.0330546, 0.0333075, 1.13595, 0.106455, 0.887284, 0.0847635, 0.114876, 0.0869177, 0.0502748, 0.0340841, 0.0168555, 0.131139, 0.0531564, 0.993917, 1.70699, 0.0374582, 0.0898057, 0.130861, 0.0842733, 0.0785505, 0.0635373, 0.0763488, 0.0771352, 0.0615613, 0.0600339, 0.0383932, 0.16095, 0.199968, 

0.015032, 0.0152896, 0.371727, 0.0471221, 0.423989, 0.0294399, 0.0763, 0.0531564, 0.0869177, 0.0333075, 0.0442338, 0.015836, 0.12827, 0.0511018, 0.677404, 0.0751671, 0.996396, 0.153564, 0.0168555, 0.0847635, 0.0144737, 0.0365226, 0.0330546, 0.866463, 0.0321126, 0.114876, 1.1515, 0.0149492, 0.0563028, 0.126375, 0.0502748, 0.0340841, 0.131139, 0.0374582, 0.130861, 1.38368, 0.915075, 0.0239053, 0.0695677, 0.0898057, 0.0842733, 0.0785505, 0.0635373, 0.0763488, 0.0771352, 0.0615613, 0.0600339, 0.0383932, 0.16095, 0.199968, 

0.015032, 0.0152896, 0.371727, 0.0471221, 0.423989, 0.0531564, 0.432508, 0.0168555, 0.0563028, 0.0294399, 0.0383932, 0.015836, 0.677404, 0.0751671, 0.875395, 0.854669, 1.68016, 0.0333075, 0.0847635, 0.0869177, 0.0144737, 0.0365226, 0.271086, 0.114876, 1.1515, 0.0149492, 1.37819, 0.0330546, 0.0321126, 0.0763, 0.0502748, 0.0340841, 0.131139, 0.0374582, 0.130861, 0.915075, 0.803605, 0.0695677, 0.0239053, 0.0511018, 0.0842733, 0.0785505, 0.0635373, 0.0763488, 0.0771352, 0.0615613, 0.0600339, 0.0442338, 0.0898057, 0.126375, 

0.015032, 0.0152896, 0.371727, 0.0531564, 0.271748, 0.0168555, 0.0563028, 0.0751671, 0.0330546, 0.126375, 0.0383932, 0.015836, 0.353742, 0.854669, 1.12167, 0.0847635, 1.31214, 0.0717502, 0.0898057, 0.0471221, 0.0125701, 0.0365226, 0.271086, 0.112206, 1.1515, 0.0149492, 0.0763, 0.0321126, 0.0294399, 0.0239053, 0.0442338, 0.0340841, 0.0374582, 0.803605, 0.0695677, 0.0511018, 1.06076, 0.130861, 0.0869177, 0.0333075, 0.0842733, 0.0785505, 0.0635373, 0.0763488, 0.0771352, 0.0615613, 0.0600339, 0.0502748, 0.131139, 0.677404, 

0.015032, 0.0152896, 0.371727, 0.0330546, 0.0406804, 1.63616, 0.3069, 0.0563028, 0.0751671, 0.0333075, 0.0383932, 0.015836, 0.353742, 0.755691, 0.0717502, 0.0471221, 1.85916, 0.0847635, 0.0168555, 0.0898057, 0.0125701, 0.0365226, 0.112206, 0.0763, 0.0321126, 0.0294399, 1.10051, 0.131139, 0.0531564, 0.0374582, 0.0442338, 0.0340841, 0.803605, 0.0511018, 0.0888454, 0.0869177, 1.76611, 0.0239053, 0.0149492, 0.0695677, 0.0842733, 0.0785505, 0.0635373, 0.0763488, 0.0771352, 0.0615613, 0.0600339, 0.0502748, 0.152289, 0.271086, 

0.015032, 0.0152896, 0.371727, 0.0406804, 0.0564183, 0.0751671, 1.88492, 0.0294399, 0.0321126, 0.0168555, 0.0383932, 0.015836, 0.755691, 0.0717502, 0.0471221, 0.852722, 1.08711, 0.0869177, 0.0511018, 0.0149492, 0.0125701, 0.0365226, 0.112206, 0.0763, 0.933729, 0.131139, 0.0531564, 0.0374582, 0.0563028, 0.0330546, 0.0442338, 0.0340841, 0.803605, 0.0888454, 1.13187, 0.0239053, 0.0695677, 0.0728771, 0.0333075, 0.0847635, 0.0785505, 0.0635373, 0.0763488, 0.0771352, 0.0615613, 0.0600339, 0.0502748, 0.0687852, 0.0898057, 0.152289, 

0.015032, 0.0152896, 0.371727, 0.0406804, 0.0751671, 0.0321126, 0.0168555, 0.0294399, 0.0847635, 0.0728771, 0.0383932, 0.015836, 0.852722, 0.999613, 0.0149492, 0.619919, 0.0367742, 0.0564183, 0.0374582, 0.0763, 0.0125701, 0.0365226, 0.112206, 0.131139, 0.0563028, 0.0330546, 1.85871, 0.0531564, 0.0717502, 0.0695677, 0.0442338, 0.0340841, 0.803605, 0.0888454, 0.0239053, 0.0333075, 1.73156, 0.0869177, 0.0511018, 0.0471221, 0.0785505, 0.0635373, 0.0763488, 0.0771352, 0.0615613, 0.0600339, 0.0502748, 0.0687852, 0.0898057, 0.152289, 

0.015032, 0.0152896, 0.371727, 0.0406804, 0.0751671, 0.0168555, 1.88365, 0.0367742, 0.0321126, 0.0294399, 0.0383932, 0.015836, 0.852722, 0.0149492, 0.0374582, 0.0763, 0.716641, 0.0239053, 0.112206, 0.0898057, 0.0125701, 0.0365226, 0.0330546, 1.85871, 0.0531564, 0.0695677, 0.706603, 0.0717502, 0.0564183, 0.0728771, 0.0442338, 0.0340841, 0.0888454, 0.0333075, 1.13549, 0.0869177, 0.0511018, 0.0847635, 0.0471221, 0.0563028, 0.0785505, 0.0635373, 0.0763488, 0.0771352, 0.0615613, 0.0600339, 0.0502748, 0.0687852, 0.131139, 0.152289, 

0.015032, 0.0152896, 0.0406804, 0.0168555, 0.0367742, 0.0321126, 0.0294399, 0.0847635, 0.0898057, 0.0333075, 0.015836, 0.0340689, 0.0149492, 0.0374582, 0.0763, 0.112206, 0.835355, 0.0546806, 0.152289, 0.0531564, 0.0125701, 0.0365226, 0.0330546, 0.0695677, 0.0564183, 0.0728771, 1.8506, 0.0563028, 0.131139, 0.0239053, 0.0297504, 0.0340841, 1.13549, 0.0869177, 0.0471221, 0.445931, 1.01818, 0.0717502, 0.0511018, 0.0751671, 0.0635373, 0.0763488, 0.0771352, 0.0615613, 0.0600339, 0.0502748, 0.0687852, 0.0383932, 0.371727, 0.583837, 

0.015032, 0.0152896, 0.0406804, 0.0168555, 0.0847635, 0.0285845, 1.02062, 0.0333075, 0.0763, 0.0367742, 0.015836, 0.0340689, 0.0374582, 0.112206, 0.152289, 1.79779, 1.09405, 0.0294399, 0.0321126, 0.0869177, 0.0125701, 0.0365226, 0.0330546, 0.0695677, 0.0564183, 0.0563028, 0.131139, 0.0239053, 0.0531564, 0.0511018, 0.0297504, 0.0340841, 1.13549, 0.0471221, 0.0717502, 0.0751671, 0.896314, 0.0728771, 0.0546806, 0.0149492, 0.0635373, 0.0763488, 0.0615613, 0.0600339, 0.0502748, 0.0687852, 0.0383932, 0.064344, 0.0898057, 0.371727, 

0.015032, 0.0152896, 0.0406804, 0.0847635, 0.0285845, 0.0367742, 1.91891, 0.0294399, 0.0321126, 0.0333075, 0.015836, 0.0340689, 0.0374582, 0.112206, 0.152289, 1.03182, 0.0103291, 0.0763, 0.0717502, 0.0563028, 0.0125701, 0.0365226, 0.0330546, 0.0695677, 0.0531564, 0.0511018, 0.671947, 0.0564183, 0.0751671, 0.0471221, 0.0297504, 0.0340841, 1.13549, 0.0728771, 0.0546806, 0.0149492, 0.0589342, 0.0168555, 0.0239053, 0.0631621, 0.0635373, 0.0615613, 0.0600339, 0.0502748, 0.0687852, 0.0383932, 0.064344, 0.0605193, 0.0898057, 0.131139, 

0.015032, 0.0152896, 0.0847635, 0.0285845, 0.954928, 0.0294399, 0.0333075, 0.0168555, 0.0471221, 0.0374582, 0.015836, 0.0340689, 0.152289, 0.0103291, 0.0763, 0.0563028, 1.47224, 0.0321126, 0.0546806, 0.0367742, 0.0125701, 0.0365226, 0.0695677, 0.0531564, 0.671947, 0.0564183, 1.16661, 0.0631621, 0.0427127, 0.0406804, 0.0297504, 0.0340841, 1.13549, 0.0728771, 0.0149492, 1.0314, 0.816713, 0.0330546, 0.0239053, 0.0511018, 0.0635373, 0.0615613, 0.0600339, 0.0502748, 0.0687852, 0.0383932, 0.064344, 0.0605193, 0.0717502, 0.0751671, 

0.015032, 0.0152896, 0.0847635, 0.0285845, 0.932687, 0.0294399, 0.144815, 0.0374582, 0.0333075, 0.0471221, 0.015836, 0.0340689, 0.152289, 0.0763, 0.0563028, 0.769243, 0.0321126, 0.0531564, 0.0367742, 0.0546806, 0.0125701, 0.0365226, 0.0564183, 0.0631621, 0.0406804, 0.412212, 0.164459, 0.0149315, 0.0149492, 0.0103291, 0.0297504, 0.0340841, 0.816713, 0.0239053, 0.0511018, 0.956955, 0.511091, 0.0427127, 0.0168555, 0.0330546, 0.0635373, 0.0615613, 0.0600339, 0.0502748, 0.0687852, 0.0383932, 0.064344, 0.0605193, 0.0717502, 0.0728771, 

0.015032, 0.0152896, 0.0294399, 0.144815, 0.0374582, 0.0471221, 0.626773, 0.0717502, 0.0239053, 0.0149315, 0.015836, 0.0340689, 0.152289, 0.720541, 0.0321126, 0.0531564, 1.10525, 0.0367742, 0.0546806, 0.0103291, 0.0125701, 0.0178112, 0.0564183, 0.0406804, 0.0149492, 1.14146, 0.29681, 0.0285845, 0.0563028, 0.0631621, 0.0297504, 0.0340841, 0.816713, 0.956955, 0.0427127, 0.0330546, 0.916054, 0.0333075, 0.0511018, 0.0168555, 0.0635373, 0.0615613, 0.0600339, 0.0502748, 0.0687852, 0.0383932, 0.064344, 0.0605193, 0.0728771, 0.0763, 

0.015032, 0.0152896, 0.0294399, 0.0374582, 0.626773, 1.10252, 0.935805, 0.0406804, 0.0546806, 0.0168555, 0.015836, 0.0340689, 0.152289, 0.720541, 0.0321126, 0.0531564, 0.74171, 0.0471221, 0.0239053, 0.0563028, 0.0125701, 0.0178112, 0.0564183, 0.0149492, 0.0631621, 1.1053, 0.999251, 0.0367742, 0.0149315, 0.0103291, 0.0297504, 0.0340841, 0.0427127, 0.916054, 0.0511018, 1.67592, 0.748237, 0.0285845, 0.0330546, 0.0333075, 0.0635373, 0.0615613, 0.0600339, 0.0502748, 0.0687852, 0.0383932, 0.064344, 0.0605193, 0.0717502, 0.0728771, 

0.015032, 0.0152896, 0.0294399, 0.626773, 0.452862, 0.0406804, 1.37736, 0.0168555, 0.0427127, 0.0563028, 0.015836, 0.0340689, 0.720541, 0.0321126, 0.0471221, 0.0149316, 0.0249934, 0.0717502, 0.0374582, 0.0239053, 0.0125701, 0.0178112, 0.0564183, 0.0631621, 0.791633, 0.0367742, 0.0149315, 0.0531564, 0.0330546, 0.0546806, 0.0297504, 0.0340841, 0.0511018, 1.20203, 0.748237, 0.0285845, 0.676411, 0.0149492, 0.0103291, 0.0333075, 0.0635373, 0.0615613, 0.0600339, 0.0502748, 0.0383932, 0.064344, 0.0605193, 0.039928, 0.0728771, 0.118823, 

Best:
3.10021	4.3459	

Fitness Evaluations:
3468

End Population
(-1.698328e-01), (5.085550e-02), (-6.381081e+00), (-3.596564e-02), (9.486655e+00), (4.458147e+00), (-5.102528e+00), (-7.809409e-02), (-1.946549e+01), (9.758524e+00), (2.552304e-01), (-1.849264e-01), (-3.291472e+00), (-1.672948e+00), (-6.280628e+00), (1.672349e-01), (-9.594327e+00), (4.480185e+00), (-9.606208e+00), (-4.218348e+00), (6.354440e+00), (1.133206e-01), (9.319732e+00), (4.350741e+00), (-2.000000e+01), (-8.567800e+00), (-9.338993e+00), (-4.355811e+00), (3.403235e+00), (4.585902e+00), (-1.413094e-01), (1.415354e-01), (3.319289e+00), (-4.358711e+00), (-5.988398e+00), (-2.869403e-01), (-9.558952e+00), (-4.385381e+00), (3.163717e+00), (-4.183388e+00), (-3.227992e+00), (4.510787e+00), (1.203759e-01), (-2.064598e-01), (-6.317373e+00), (-9.200789e+00), (9.680120e+00), (4.339066e+00), (3.931229e-01), (-1.951927e+01), (6.366606e+00), (3.053596e-01), (-1.526992e-02), (2.436264e-01), (4.134342e-03), (-9.243304e+00), (-3.236677e+00), (-4.147621e+00), (-9.187965e+00), (4.493356e+00), (-9.410547e+00), (-4.336883e+00), (-6.131274e+00), (-2.309914e-01), (-1.251727e+01), (-2.073394e-01), (), (-2.000000e+01), (-2.296542e+00), (1.174091e+01), (-6.086326e+00), (-6.211127e-03), (-3.422088e+00), (2.714634e+00), (6.380883e+00), (-2.585067e-03), (3.100209e+00), (4.345903e+00), (6.454590e+00), (1.829088e-01), (6.513383e+00), (3.308687e-01), (3.181537e+00), (1.307951e+01), (5.990557e+00), (-1.890496e-01), (3.194484e+00), (-1.340380e+01), (3.357008e+00), (4.262668e+00), (-5.948508e+00), (7.701229e-03), (-5.993713e+00), (2.036756e-01), (3.039285e+00), (-4.771272e+00), (7.486137e-02), (-5.330575e-01), (-9.439527e+00), (3.828865e+00), 