Iterations: 50
Function Evaluations Limit: 150000
Population: 50

Prides Length: 4

Percent Nomads: 0.2
Percent Roaming: 0.2
Percent Sex: 0.8

Mating Rate: 0.3
Mutation Probability: 0.2
Immigration Rate: 0.4

Percent Group Influence: 0.4
Annealing On: true
Ranked Selection Pressure: 2
Near To Best Random Pressure: 2

Dimensions: 2
N-Dimension Space: -6.28319:6.28319

Fitness Iterations:
8.18586 (Initial Best)

52.0212, 21.2683, 42.4855, 47.2644, 29.9684, 60.3856, 79.626, 40.5887, 80.828, 39.2334, 59.3297, 53.8813, 47.1241, 66.6045, 69.4293, 74.8587, 72.7285, 38.9804, 16.2035, 45.2482, 52.7612, 55.4401, 67.4369, 8.18586, 18.0331, 23.6411, 62.9277, 36.7922, 40.1402, 17.8417, 47.602, 36.0434, 10.3451, 42.8646, 26.2066, 37.8452, 31.3318, 54.3009, 80.7521, 54.3797, 68.0139, 49.1406, 52.8345, 31.7095, 13.0335, 81.0336, 43.2767, 82.5415, 27.6345, 22.5869, 

13.0335, 25.5326, 15.4845, 24.9003, 34.6227, 27.8072, 26.5156, 23.6411, 30.5144, 18.3785, 19.6742, 27.9247, 16.2035, 37.259, 55.0901, 63.5109, 39.0503, 20.2268, 21.2709, 22.8169, 20.9527, 26.8107, 13.2418, 18.0331, 28.1857, 36.7838, 40.1402, 9.97314, 29.9584, 8.18586, 19.7975, 22.2965, 10.3451, 21.7346, 26.2066, 37.4839, 54.3797, 33.0313, 20.6615, 15.7312, 21.2683, 32.2149, 33.2142, 30.2926, 31.7095, 34.9135, 36.3386, 42.1325, 37.8452, 38.6154, 

10.6375, 4.65706, 21.4787, 26.5156, 27.8072, 34.6227, 30.1467, 18.2595, 18.3785, 15.7312, 19.6742, 11.1765, 16.2035, 20.2268, 22.8169, 51.4708, 24.5671, 20.6249, 13.2418, 15.4845, 12.0222, 12.6762, 18.0331, 20.6154, 36.7838, 40.1402, 23.5854, 21.2709, 20.0646, 3.04249, 16.9102, 10.9232, 10.3451, 20.6615, 26.2066, 37.4839, 28.8415, 8.18586, 13.0103, 9.97314, 13.0335, 13.9134, 19.7975, 18.2557, 20.89, 20.8945, 21.2683, 22.2965, 21.7147, 21.7346, 

4.65706, 10.6375, 2.0161, 26.5156, 27.8072, 34.6227, 26.4209, 18.2595, 8.18586, 20.2268, 11.1765, 13.0335, 15.4845, 20.6249, 22.8169, 24.5671, 45.3125, 16.2035, 20.0646, 18.0331, 12.0222, 12.6762, 3.04249, 23.5854, 36.7838, 9.41511, 22.793, 13.2418, 13.0103, 7.10778, 10.9232, 13.9134, 10.3451, 14.7134, 26.2066, 37.4839, 14.7467, 20.3742, 15.7312, 9.97314, 19.6742, 16.9102, 14.5469, 18.2557, 19.7975, 20.89, 20.8945, 21.2683, 20.6154, 20.7612, 

4.65706, 10.6375, 8.18586, 18.2595, 34.6227, 40.1436, 11.9638, 9.56036, 2.0161, 10.3451, 9.74216, 11.9769, 15.4845, 16.2035, 18.0331, 19.7597, 24.5671, 20.2268, 3.04249, 14.7134, 1.70417, 9.22906, 7.10778, 13.0103, 23.5854, 36.7838, 19.8132, 15.7312, 20.6154, 14.1832, 10.9232, 13.9134, 9.97314, 10.0698, 14.7467, 32.7785, 34.6166, 9.41511, 13.2418, 20.3742, 11.1765, 13.0335, 16.9102, 18.2557, 19.6742, 19.7975, 20.89, 20.8945, 20.6249, 20.7612, 

4.65706, 10.6375, 8.18586, 10.3451, 18.2595, 40.1436, 42.0895, 10.0698, 3.04249, 13.0103, 9.74216, 11.3813, 7.48241, 14.7134, 15.4845, 16.2035, 36.2021, 2.0161, 19.8132, 20.3742, 1.70417, 9.22906, 7.10778, 8.19296, 15.7312, 23.5854, 36.7838, 3.26782, 20.6154, 13.6886, 10.9232, 13.9134, 9.41511, 9.97314, 10.3299, 14.7467, 34.6166, 11.9638, 9.56036, 12.0554, 11.0059, 11.1765, 11.5147, 13.0335, 14.7915, 16.0278, 18.2557, 18.4312, 20.6249, 20.7612, 

4.65706, 10.6375, 3.04249, 10.3451, 13.0103, 40.1436, 42.0895, 10.0698, 10.3299, 19.8132, 4.02472, 3.11186, 2.0161, 12.0001, 15.4845, 16.2035, 20.3742, 19.4188, 20.6154, 8.18586, 1.70417, 9.22906, 7.10778, 8.19296, 13.6886, 23.5854, 29.4062, 9.97314, 7.48241, 13.0306, 5.50249, 6.45824, 9.41511, 9.56036, 11.9638, 12.0554, 14.7467, 15.7312, 11.4646, 3.26782, 7.24537, 11.0059, 11.1765, 11.3813, 11.4147, 11.5147, 13.0335, 13.9276, 20.6249, 20.7612, 

4.65706, 7.24537, 10.0698, 10.3299, 10.3817, 19.8132, 10.9172, 13.0306, 10.3451, 2.0161, 2.48226, 3.11186, 12.0001, 16.2035, 20.3742, 37.0001, 29.3311, 11.9638, 3.04249, 13.0103, 1.70417, 9.22906, 7.10778, 9.97314, 13.6886, 29.4062, 29.3936, 15.4845, 7.48241, 8.19296, 5.50249, 6.45824, 3.26782, 9.12331, 9.17199, 12.0554, 21.5944, 8.18586, 14.7467, 9.41511, 7.24202, 10.6375, 9.29512, 11.0059, 11.1765, 11.3813, 11.4147, 11.5147, 15.7312, 16.9042, 

4.15612, 7.24537, 2.0161, 10.3299, 19.8132, 45.6446, 33.4342, 9.17199, 9.41511, 8.18586, 2.48226, 2.5644, 3.04249, 12.0001, 20.3742, 29.3311, 20.9923, 11.9638, 10.3817, 4.95301, 1.70417, 9.22906, 7.48241, 8.82825, 9.97314, 41.7247, 32.2749, 13.0103, 10.0698, 8.19296, 5.50249, 6.45824, 3.26782, 12.0554, 14.7467, 21.5944, 48.2838, 9.86706, 7.10778, 10.3451, 4.65706, 7.24202, 9.29512, 10.622, 10.6375, 11.0059, 11.1765, 11.3083, 13.0306, 13.6886, 

3.07499, 4.88233, 2.0161, 3.19582, 8.18586, 9.17199, 19.8132, 9.86706, 8.82825, 13.0306, 2.48226, 2.5644, 10.3817, 11.9638, 12.0001, 29.3311, 38.8184, 3.26782, 1.96224, 11.2779, 1.70417, 9.22906, 8.19296, 9.97314, 10.0698, 13.0103, 18.3362, 4.95301, 12.0554, 9.41511, 4.65706, 6.45824, 7.10778, 10.3451, 14.7467, 48.2838, 40.2818, 3.04249, 7.48241, 10.3299, 5.50249, 7.24202, 7.24537, 9.29512, 10.622, 10.6375, 11.0059, 11.1765, 13.6886, 20.3742, 

1.54242, 4.88233, 3.19582, 5.26345, 8.82825, 28.2723, 29.1641, 3.04249, 10.3451, 4.95301, 1.35387, 2.5644, 1.96224, 3.26782, 10.3817, 11.2779, 44.8538, 2.0161, 9.41511, 11.9638, 1.70417, 7.24202, 8.19296, 9.97314, 11.237, 18.3362, 39.5052, 9.17199, 10.0698, 7.10778, 4.65706, 6.45824, 7.48241, 10.3299, 14.7467, 40.2818, 48.2838, 12.0001, 12.0554, 9.72352, 5.50249, 9.22906, 7.24537, 9.29512, 10.622, 10.6375, 11.0059, 11.1765, 13.0306, 13.6886, 

1.54242, 4.88233, 3.04249, 3.19582, 5.26345, 45.9395, 34.8132, 11.237, 3.26782, 9.54398, 1.35387, 2.5644, 9.41511, 10.3817, 11.2779, 11.9638, 81.6266, 10.0698, 8.82825, 14.7467, 1.70417, 5.50249, 7.10778, 8.19296, 9.17199, 9.97314, 23.021, 13.6886, 1.96224, 2.0161, 4.65706, 6.45824, 7.48241, 9.72352, 10.3299, 12.0554, 22.6505, 4.95301, 12.0001, 13.0306, 7.24202, 7.06378, 7.24537, 9.22906, 9.29512, 10.622, 10.6375, 11.0059, 15.1012, 18.3362, 

1.54242, 2.47803, 3.04249, 5.26345, 11.237, 15.9852, 23.3577, 2.0161, 7.48241, 10.0698, 1.35387, 2.5644, 11.2779, 11.9638, 57.4343, 2.65372, 10.3388, 3.26782, 3.19582, 9.54398, 1.70417, 5.50249, 1.96224, 7.10778, 9.97314, 23.021, 19.1805, 8.19296, 9.41511, 4.95301, 4.65706, 5.04933, 4.26017, 9.72352, 12.0001, 13.0306, 23.7252, 8.82825, 6.65717, 9.17199, 4.88233, 3.68513, 6.45824, 6.62304, 7.06378, 7.24202, 7.24537, 9.22906, 10.3299, 10.3817, 

1.54242, 2.47803, 2.0161, 7.48241, 15.9852, 25.43, 8.76, 4.95301, 10.3299, 4.26017, 1.35387, 2.5644, 2.65372, 3.26782, 9.54398, 11.9638, 38.4587, 6.2454, 7.10778, 3.19582, 1.70417, 3.68513, 1.96224, 9.41511, 9.97314, 18.2072, 39.7082, 3.04249, 6.65717, 10.0698, 4.65706, 4.88233, 8.82825, 9.72352, 12.0001, 13.0306, 69.9867, 8.19296, 9.17199, 5.26345, 5.50249, 5.04933, 6.45824, 6.62304, 7.06378, 7.24202, 7.24537, 9.22906, 10.3388, 10.3817, 

1.54242, 2.14435, 2.0161, 4.95301, 7.48241, 10.3299, 29.0072, 3.19582, 9.72352, 4.26017, 1.35387, 2.5644, 2.65372, 3.26782, 6.2454, 14.216, 25.4443, 9.41511, 7.32944, 10.3388, 1.70417, 3.68513, 1.7007, 3.04249, 10.0698, 18.2072, 5.96376, 8.76, 1.96224, 7.10778, 4.48583, 4.51498, 5.26345, 8.19296, 8.82825, 13.0306, 23.9433, 9.17199, 9.54398, 9.97314, 4.65706, 4.88233, 5.04933, 5.50249, 6.62304, 7.06378, 7.24202, 7.24537, 10.3817, 11.9638, 

1.54242, 2.14435, 2.0161, 7.48241, 10.3299, 29.0072, 36.797, 5.9464, 6.2454, 3.19582, 1.35387, 2.5644, 2.65372, 3.26782, 7.32944, 14.216, 7.75615, 8.82825, 4.26017, 3.04249, 1.70417, 3.68513, 4.81264, 5.96376, 7.10778, 7.39025, 14.861, 5.26345, 1.7007, 8.76, 4.48583, 4.51498, 8.19296, 9.97314, 13.0306, 23.9433, 41.7726, 4.95301, 1.96224, 8.86942, 4.65706, 4.88233, 4.98848, 5.04933, 5.50249, 6.62304, 7.06378, 7.24202, 9.17199, 9.54398, 

1.54242, 2.14435, 2.0161, 6.2454, 29.0072, 25.0373, 38.5425, 5.9464, 8.82825, 3.19582, 1.35387, 1.44664, 3.04249, 4.26017, 7.32944, 7.75615, 14.216, 9.17199, 5.96376, 7.10778, 1.70417, 3.68513, 1.7007, 5.26345, 7.39025, 8.76, 14.861, 2.65372, 4.81264, 7.48241, 4.46661, 4.51498, 1.96224, 8.86942, 9.97314, 41.7726, 18.3016, 3.26782, 4.95301, 8.19296, 4.48583, 4.65706, 4.88233, 5.04933, 5.49225, 5.50249, 6.62304, 7.06378, 9.54398, 10.3299, 

1.54242, 2.14435, 3.19582, 6.2454, 29.0072, 41.6915, 20.9902, 8.19296, 2.0161, 5.9464, 1.35299, 1.35387, 3.04249, 7.32944, 7.75615, 46.4487, 31.6158, 8.82825, 4.26017, 5.96376, 0.316256, 1.70417, 1.7007, 7.48241, 8.76, 14.861, 6.17181, 2.65372, 7.10778, 4.81264, 4.46661, 4.51498, 3.26782, 4.95301, 8.86942, 18.3016, 9.64348, 5.26345, 1.96224, 7.39025, 4.48583, 4.65706, 4.88233, 5.04933, 5.49225, 5.50249, 6.26047, 6.62304, 9.17199, 9.54398, 

1.0436, 1.92828, 2.0161, 3.19582, 8.19296, 17.4167, 27.8246, 4.95301, 5.26345, 4.81264, 1.35299, 1.35387, 3.04249, 5.96376, 7.32944, 23.4209, 30.9474, 7.75615, 1.15909, 4.26017, 0.142778, 0.316256, 6.17181, 7.10778, 7.48241, 14.861, 32.093, 1.96224, 5.9464, 2.65372, 4.46661, 4.48583, 7.39025, 8.86942, 18.3016, 13.8873, 34.8675, 3.26782, 1.7007, 6.2454, 1.54242, 1.23511, 4.51498, 4.65706, 4.88233, 5.04933, 5.49225, 5.50249, 8.76, 8.82825, 

1.0436, 1.23511, 3.19582, 4.81264, 4.95301, 17.4167, 27.0763, 1.96224, 1.15909, 5.48148, 1.2517, 1.35387, 3.04249, 7.32944, 7.75615, 23.4209, 32.9455, 4.26017, 6.2454, 5.30818, 0.142778, 0.316256, 2.65372, 4.43374, 6.17181, 7.48241, 32.093, 5.26345, 7.10778, 5.96376, 3.18225, 4.48583, 1.7007, 7.39025, 18.3016, 34.8675, 49.0088, 8.19296, 2.0161, 3.26782, 1.92828, 1.54242, 4.46661, 4.51498, 4.88233, 5.04933, 5.49225, 5.50249, 8.76, 8.86942, 

1.0436, 1.23511, 3.19582, 4.95301, 17.4167, 27.0763, 7.77427, 1.15909, 1.96224, 5.48148, 1.2517, 1.35387, 3.04249, 4.26017, 5.30818, 7.75615, 15.2741, 2.65372, 1.22503, 7.32944, 0.142778, 0.253102, 6.17181, 7.10778, 7.48241, 32.093, 61.7042, 5.96376, 5.26345, 4.81264, 1.92828, 4.48583, 2.0161, 8.19296, 33.2643, 17.9479, 26.2582, 3.26782, 6.2454, 1.7007, 1.54242, 3.18225, 4.46661, 4.51498, 4.52063, 4.88233, 5.04933, 5.50249, 7.39025, 8.76, 

1.02771, 1.0436, 1.15909, 1.96224, 3.19582, 5.48148, 17.4167, 1.2517, 1.35387, 2.65372, 3.04249, 7.32944, 15.2741, 28.3139, 0.142778, 0.253102, 5.26345, 6.17181, 32.093, 15.9051, 20.6482, 1.92828, 4.48583, 3.26782, 6.2454, 8.19296, 17.9479, 33.2643, 1.54242, 3.18225, 4.46661, 4.51498, 4.52063, 4.88233, 5.04933, 5.50249, 1.22503, 1.7007, 

1.02771, 1.0436, 0.72916, 1.15909, 1.96224, 17.4167, 21.3902, 1.2517, 1.31218, 2.65372, 3.04249, 15.2741, 28.3139, 12.7171, 0.142778, 0.253102, 5.26345, 15.9051, 20.6482, 32.093, 16.2694, 1.54242, 3.18225, 3.26782, 6.2454, 8.19296, 17.9479, 37.6819, 1.92828, 4.48583, 4.46661, 4.51498, 4.52063, 4.88233, 5.04933, 5.50249, 1.22503, 1.7007, 

1.02771, 1.03057, 0.72916, 1.96224, 17.4167, 21.3902, 18.1647, 1.2517, 1.31218, 2.65372, 3.04249, 15.2741, 20.3935, 34.537, 0.142778, 0.253102, 5.26345, 10.8521, 16.2694, 20.6482, 30.9748, 1.4046, 1.54242, 3.26782, 4.95068, 17.9479, 37.6819, 18.3334, 1.92828, 4.46661, 4.48583, 4.51498, 4.52063, 4.88233, 5.04933, 5.50249, 1.15909, 1.22503, 

0.506275, 1.02771, 0.72916, 1.96224, 18.1647, 21.3902, 52.447, 1.2517, 1.31218, 2.65372, 3.04249, 20.3935, 34.537, 18.1364, 0.142778, 0.230742, 5.26345, 10.8521, 16.2694, 20.6482, 15.6478, 1.4046, 1.54242, 4.95068, 17.9479, 18.3334, 37.6819, 26.4011, 1.92828, 4.46661, 4.48583, 4.51498, 4.52063, 4.88233, 5.04933, 5.50249, 1.15909, 1.22503, 

0.506275, 1.02771, 0.72916, 1.96224, 18.1647, 21.3902, 20.2593, 1.2517, 1.30559, 2.65372, 18.1364, 20.3935, 30.175, 37.6486, 0.142778, 0.228057, 5.26345, 10.8521, 15.6478, 16.2694, 20.6482, 1.4046, 1.54242, 4.95068, 17.9479, 26.4011, 37.6819, 31.6041, 1.92828, 4.46661, 4.48583, 4.51498, 4.52063, 4.88233, 5.04933, 5.50249, 1.15909, 1.22503, 

0.506275, 0.833603, 0.72916, 18.1647, 20.2593, 21.3902, 30.1827, 1.2517, 1.30559, 2.65372, 4.53026, 20.3935, 37.6486, 34.3304, 0.142778, 0.152904, 1.22991, 10.8521, 15.6478, 20.6482, 0.387981, 1.4046, 1.54242, 4.95068, 17.9479, 26.4011, 31.6041, 37.6819, 1.92828, 4.46661, 4.48583, 4.51498, 4.52063, 4.88233, 5.04933, 5.50249, 1.15909, 1.22503, 

0.502138, 0.506275, 0.72916, 17.3436, 18.1647, 30.1827, 47.675, 1.0957, 1.2517, 2.65372, 4.53026, 20.3935, 33.6987, 34.3304, 0.142111, 0.142778, 0.0567812, 10.8521, 15.6478, 19.7664, 32.2754, 1.4046, 1.54242, 4.95068, 22.2505, 27.6461, 31.6041, 29.0411, 1.92828, 4.46661, 4.48583, 4.51498, 4.52063, 4.88233, 5.04933, 5.50249, 1.15909, 1.22503, 

0.502138, 0.506275, 0.72916, 17.3436, 30.1827, 47.675, 41.262, 1.0957, 1.2517, 2.65372, 4.53026, 32.9195, 34.3304, 36.71, 0.0179488, 0.142778, 0.0567812, 10.8521, 15.6478, 19.7664, 32.2754, 1.4046, 1.54242, 4.95068, 22.2505, 27.6461, 29.0411, 31.6041, 1.92828, 4.46661, 4.48583, 4.51498, 4.52063, 4.88233, 5.04933, 5.50249, 1.15909, 1.22503, 

0.502138, 0.503989, 0.72916, 30.1827, 41.262, 47.675, 20.5044, 1.0957, 1.2517, 2.65372, 4.53026, 34.3304, 36.71, 10.4041, 0.0127288, 0.0179488, 0.0567812, 10.8521, 15.6478, 32.2754, 4.92809, 1.4046, 1.54242, 4.95068, 13.3689, 27.6461, 29.0411, 21.5193, 1.92828, 4.46661, 4.48583, 4.51498, 4.52063, 4.88233, 5.04933, 5.50249, 1.15909, 1.22503, 

0.502138, 0.503989, 0.72916, 13.2087, 41.262, 47.675, 46.5861, 1.0957, 1.2517, 1.8831, 10.4041, 34.3304, 36.71, 25.2618, 0.0127288, 0.0179488, 0.0567812, 4.92809, 7.1922, 15.6478, 32.2754, 1.4046, 1.54242, 4.95068, 13.3689, 27.6461, 29.0411, 21.993, 1.92828, 4.46661, 4.48583, 4.51498, 4.52063, 4.88233, 5.04933, 5.50249, 1.15909, 1.22503, 

0.502138, 0.503989, 0.72916, 41.262, 46.5861, 47.675, 27.328, 1.0957, 1.2517, 1.8831, 10.4041, 23.7462, 34.3304, 23.1193, 0.0127288, 0.0179488, 0.0567812, 4.92809, 7.1922, 27.5189, 30.8965, 1.4046, 1.54242, 4.95068, 13.3689, 27.6461, 29.0411, 61.8731, 1.92828, 3.83699, 4.48583, 4.51498, 4.52063, 4.88233, 5.04933, 5.50249, 1.15909, 1.22503, 

0.502138, 0.503989, 0.72916, 23.8041, 28.3847, 47.675, 3.89397, 1.04521, 1.0957, 10.4041, 11.5083, 20.9562, 34.3304, 1.48316, 0.0127288, 0.0179488, 0.0567812, 4.92809, 7.1922, 27.5189, 29.9852, 1.16257, 1.4046, 4.95068, 13.3689, 27.6461, 61.8731, 35.688, 1.92828, 3.83699, 4.48583, 4.51498, 4.52063, 4.88233, 5.04933, 5.50249, 1.15909, 1.22503, 

0.502138, 0.503989, 0.72916, 3.89397, 8.61325, 28.3847, 25.224, 1.04521, 1.0957, 10.4041, 11.5083, 20.9562, 30.1144, 27.8904, 0.00711068, 0.0127288, 0.0567812, 4.92809, 7.1922, 27.5189, 15.3011, 1.16257, 1.4046, 4.95068, 27.6461, 35.688, 37.8289, 15.8719, 1.92828, 3.83699, 4.48583, 4.51498, 4.52063, 4.88233, 5.04933, 5.50249, 1.15909, 1.22503, 

0.502138, 0.503989, 0.72916, 3.89397, 8.61325, 28.3847, 18.4284, 1.0292, 1.04521, 10.4041, 20.9562, 27.8904, 30.1144, 41.8022, 0.00711068, 0.0113424, 4.92809, 7.1922, 15.3011, 27.5189, 11.1529, 0.841312, 1.4046, 4.95068, 7.94115, 25.9185, 35.688, 25.8274, 1.92828, 3.83699, 4.48583, 4.51498, 4.52063, 4.88233, 5.04933, 5.50249, 0.0567812, 1.15909, 

0.502138, 0.503888, 0.72916, 3.89397, 18.4284, 28.3847, 25.0615, 1.01674, 1.0292, 10.4041, 20.9562, 27.8904, 41.8022, 22.0219, 0.00711068, 0.0113424, 3.66465, 11.1529, 15.3011, 27.5189, 19.7885, 0.841312, 1.4046, 4.95068, 7.94115, 16.3601, 25.8274, 25.9185, 1.92828, 3.83699, 4.48583, 4.51498, 4.52063, 4.88233, 5.04933, 5.50249, 0.0567812, 1.15909, 

0.502138, 0.503888, 3.89397, 18.4284, 25.0615, 28.3847, 19.056, 1.01674, 1.01985, 7.62105, 20.9562, 27.8904, 41.8022, 38.0488, 0.00127078, 0.00711068, 3.66465, 9.57292, 15.3011, 19.7885, 8.71291, 0.841312, 1.4046, 7.94115, 16.3601, 25.8274, 25.9185, 22.2841, 1.7892, 1.92828, 3.83699, 4.48583, 4.51498, 4.52063, 5.04933, 5.50249, 0.0567812, 1.15909, 

0.502138, 0.503888, 3.89397, 6.19413, 18.4284, 19.056, 23.6557, 1.01674, 1.01744, 7.62105, 20.9562, 27.8904, 38.0488, 37.2279, 0.00127078, 0.00711068, 3.66465, 9.57292, 15.3011, 19.7885, 20.7313, 0.841312, 1.4046, 16.3601, 21.1587, 25.8274, 25.9185, 22.2777, 1.7892, 1.92828, 2.72457, 3.83699, 4.48583, 4.51498, 4.52063, 5.04933, 0.0567812, 1.15909, 

0.498448, 0.503888, 3.89397, 6.19413, 18.4284, 19.056, 39.3949, 1.01674, 1.01744, 7.62105, 20.9562, 27.8904, 37.2279, 38.0488, 0.00127078, 0.00711068, 9.57292, 15.3011, 19.7885, 20.7313, 56.1398, 0.841312, 1.4046, 14.7758, 15.5013, 15.8577, 22.2777, 38.9116, 1.7892, 1.92828, 2.72457, 3.83699, 4.48583, 4.51498, 4.52063, 5.04933, 0.0567812, 1.15909, 

0.498448, 0.49916, 3.89397, 6.19413, 18.4284, 19.056, 39.3949, 1.01674, 1.01703, 7.62105, 10.0712, 17.1214, 22.8455, 17.2419, 0.00127078, 0.00711068, 9.57292, 14.138, 20.7313, 56.1398, 32.9738, 0.841312, 1.4046, 14.7758, 15.189, 22.2777, 38.9116, 18.8444, 1.7892, 1.92828, 2.72457, 3.83699, 4.48583, 4.51498, 4.52063, 5.04933, 0.0567812, 1.15909, 

0.498448, 0.49916, 3.89397, 18.4284, 19.056, 32.3812, 31.264, 1.01674, 1.01703, 7.62105, 10.0712, 17.2419, 22.8455, 30.7845, 0.00127078, 0.00711068, 9.57292, 14.138, 20.7313, 27.9647, 32.9738, 0.841312, 1.4046, 12.3543, 15.189, 18.8444, 38.9116, 21.7415, 1.7892, 1.92828, 2.72457, 3.83699, 4.48583, 4.51498, 4.52063, 5.04933, 0.0567812, 1.15909, 

0.498448, 0.49916, 1.40292, 19.056, 31.264, 32.3812, 0.783606, 1.01674, 1.01685, 7.62105, 10.0712, 17.2419, 22.1286, 30.7845, 0.00127078, 0.00711068, 9.57292, 14.138, 27.9647, 32.9738, 13.2946, 0.841312, 1.4046, 15.189, 18.8444, 21.7415, 38.9116, 33.0372, 1.7892, 1.92828, 2.72457, 3.83699, 4.48583, 4.51498, 4.52063, 5.04933, 0.0567812, 1.15909, 

0.498448, 0.49916, 0.783606, 1.40292, 19.056, 31.264, 32.3812, 1.01674, 1.01685, 5.97397, 10.0712, 17.2419, 22.1286, 21.407, 0.00127078, 0.00711068, 9.57292, 13.2946, 24.746, 32.9738, 32.9095, 0.841312, 1.4046, 15.189, 18.8444, 21.7415, 33.0372, 27.5381, 1.7892, 1.92828, 2.72457, 3.83699, 4.48583, 4.51498, 4.52063, 5.04933, 0.0567812, 1.15909, 

0.498448, 0.49916, 0.783606, 19.056, 31.264, 32.3812, 0.646027, 1.01673, 1.01674, 10.0712, 17.2419, 21.407, 22.1286, 16.9099, 0.00127078, 0.00711068, 9.57292, 13.2946, 32.9095, 32.9738, 46.7174, 0.841312, 1.4046, 7.10929, 18.8444, 19.9825, 33.0372, 48.3938, 1.7892, 1.92828, 2.72457, 3.83699, 4.48583, 4.51498, 4.52063, 5.04933, 0.0567812, 1.15909, 

0.498448, 0.49916, 0.646027, 0.783606, 19.056, 31.264, 41.6913, 1.01673, 1.01674, 16.9099, 17.2419, 21.407, 22.1286, 34.8726, 0.00127078, 0.00711068, 9.57292, 13.2946, 32.9738, 46.7174, 22.0358, 0.841312, 1.4046, 7.10929, 18.8444, 19.9825, 33.0372, 42.6606, 1.7892, 1.92828, 2.72457, 3.83699, 4.48583, 4.51498, 4.52063, 5.04933, 0.0567812, 1.15909, 

0.498448, 0.49916, 0.646027, 0.783606, 16.545, 19.056, 12.5016, 1.01673, 1.01674, 8.11088, 16.9099, 21.407, 34.8726, 36.4924, 0.00127078, 0.00711068, 9.07191, 9.57292, 20.9834, 32.9738, 47.1548, 0.841312, 1.4046, 7.10929, 18.8444, 19.9825, 33.0372, 42.6606, 1.7892, 1.92828, 2.72457, 3.83699, 4.48583, 4.51498, 4.52063, 5.04933, 0.0567812, 1.15909, 

0.498448, 0.49916, 0.783606, 12.5016, 16.545, 19.056, 26.2056, 1.01673, 1.01673, 6.03019, 6.15682, 18.1859, 34.8726, 5.64487, 0.00127078, 0.00711068, 9.07191, 9.57292, 20.9834, 32.9738, 25.7209, 0.841312, 1.4046, 7.10929, 18.8444, 21.6303, 42.6606, 28.4042, 1.7892, 1.92828, 2.72457, 3.83699, 4.48583, 4.51498, 4.52063, 5.04933, 0.0567812, 1.15909, 

0.498448, 0.499051, 0.783606, 12.5016, 15.3383, 19.056, 8.83191, 1.01673, 1.01673, 5.64487, 6.15682, 18.1859, 34.8726, 8.48624, 0.00127078, 0.00711068, 5.77134, 9.07191, 20.9834, 32.9738, 33.1103, 0.841312, 1.4046, 7.10929, 21.6303, 25.8636, 36.9303, 43.7059, 1.7892, 1.92828, 2.72457, 3.83699, 4.48583, 4.51498, 4.52063, 5.04933, 0.0567812, 1.15909, 

0.495113, 0.498448, 0.783606, 4.71872, 8.83191, 15.3383, 28.0489, 1.01673, 1.01673, 4.94552, 5.64487, 6.15682, 8.48624, 34.8726, 0.00127078, 0.00711068, 5.77134, 9.07191, 20.9834, 32.9738, 23.8948, 0.841312, 1.4046, 7.10929, 19.8289, 21.6303, 41.1009, 16.283, 1.7892, 1.85042, 2.43765, 2.72457, 4.48583, 4.51498, 4.52063, 5.04933, 0.0567812, 1.15909, 

0.495113, 0.498448, 0.783606, 4.71872, 8.83191, 28.0489, 3.05801, 1.01673, 1.01673, 5.64487, 6.15682, 8.48624, 34.8726, 25.6078, 0.00127078, 0.00711068, 5.77134, 20.9834, 22.8995, 23.8948, 11.1677, 0.841312, 1.4046, 4.14752, 7.10929, 7.62651, 21.6303, 60.2426, 1.7892, 1.85042, 2.43765, 2.72457, 4.48583, 4.51498, 4.52063, 5.04933, 0.0567812, 1.15909, 

0.494571, 0.495113, 0.783606, 2.18351, 4.71872, 8.83191, 28.0489, 1.01673, 1.01673, 5.64487, 6.15682, 25.6078, 34.8726, 59.2294, 0.00127078, 0.00711068, 5.77134, 20.2747, 22.8995, 23.8948, 29.2036, 0.841312, 1.4046, 4.14752, 7.10929, 7.62651, 60.2426, 16.7691, 1.7892, 1.85042, 2.43765, 2.72457, 4.48583, 4.51498, 4.52063, 5.04933, 0.0567812, 1.15909, 

Best:
(0.00203013, -0.00151132, )

Fitness Evaluations:
2711

End Population
(-3.726734e-02), (3.338264e-02), (-3.717306e-02), (3.352853e-02), (-5.095809e-02), (3.716566e-02), (-8.960777e-02), (5.673695e-02), (1.415810e-01), (7.145204e-02), (-1.988910e-01), (1.007753e-01), (-9.112455e-01), (-2.458370e+00), (-1.001579e+00), (8.120828e-03), (-1.001580e+00), (8.120734e-03), (1.896297e+00), (8.922135e-04), (-1.417288e-01), (9.086876e-01), (-1.902224e-01), (5.750317e-01), (1.303677e+00), (-4.580227e-01), (-3.848466e+00), (4.496714e+00), (2.030126e-03), (-1.511316e-03), (-2.702656e-03), (5.342286e-03), (-1.697263e-01), (5.410116e-02), (-2.099272e+00), (6.930153e-01), (7.104902e-01), (7.601968e-01), (1.949563e+00), (-1.627782e+00), (-3.257195e-01), (-3.227445e-01), (-6.557568e-02), (8.183066e-04), (9.499485e-01), (-7.700982e-03), (-6.317542e-02), (-8.829076e-01), (1.900505e+00), (1.050656e+00), (-9.247470e-01), (-1.154280e+00), (-5.735925e+00), (-6.467827e-01), (-5.606839e-02), (-3.529581e-01), (4.341995e-02), (9.485641e-01), (-9.807862e-02), (2.598863e-03), (-1.742527e-02), (1.117393e-01), (-1.075332e+00), (4.880144e-02), (9.261538e-01), (-1.163978e-01), (-1.947906e+00), (-3.097312e-02), (-1.024894e-02), (-8.571428e-01), (6.973577e-02), (1.122957e+00), (-9.971148e-03), (1.367222e-02), (-2.307883e-02), (7.352341e-02), 