Iterations: 50
Function Evaluations Limit: 150000
Population: 50

Prides Length: 4

Percent Nomads: 0.2
Percent Roaming: 0.2
Percent Sex: 0.8

Mating Rate: 0.3
Mutation Probability: 0.2
Immigration Rate: 0.4

Percent Group Influence: 0.4
Annealing On: true
Ranked Selection Pressure: 2
Near To Best Random Pressure: 2

Dimensions: 2
N-Dimension Space: -6.28319:6.28319

Fitness Iterations:
12.9511 (Initial Best)

67.4961, 22.0959, 56.4106, 46.3434, 27.2135, 51.9862, 21.2544, 34.604, 41.7334, 31.311, 46.5389, 17.1355, 18.7955, 75.029, 39.0479, 55.6779, 43.4121, 38.1444, 55.9722, 50.8596, 61.4432, 44.8856, 49.2246, 28.4863, 77.6211, 41.6932, 43.2589, 45.8252, 12.9511, 38.0543, 28.9423, 38.5134, 17.7782, 44.0713, 52.1742, 58.9602, 64.8026, 18.5879, 47.4669, 33.9166, 46.3576, 47.2014, 72.6298, 31.9958, 39.4207, 28.6799, 63.9352, 18.9969, 36.0312, 25.213, 

16.4186, 22.7107, 21.2544, 27.2135, 46.3434, 56.4106, 18.8515, 17.698, 17.6905, 25.6468, 17.1355, 12.6132, 16.7098, 18.7955, 19.8509, 25.4788, 19.9528, 14.7258, 31.311, 28.4863, 24.8636, 30.1407, 12.9511, 41.6932, 43.2589, 69.3521, 39.0653, 18.5879, 22.7835, 30.0249, 9.93405, 17.6048, 11.5638, 17.7782, 47.4669, 64.1693, 31.6368, 20.7409, 25.213, 34.2324, 20.5123, 18.9969, 38.4955, 28.6799, 30.9329, 31.9958, 36.9725, 38.5134, 36.0312, 38.0543, 

13.6062, 14.5171, 12.0386, 17.6905, 18.8515, 21.2544, 28.2853, 22.1946, 11.5638, 27.2135, 12.6132, 3.92496, 14.7258, 16.7098, 19.9528, 24.5848, 10.8578, 13.24, 17.7782, 19.8509, 16.996, 17.9479, 18.5879, 30.0249, 39.0653, 41.6932, 62.115, 2.04868, 28.4863, 31.311, 9.93405, 13.3127, 16.4103, 19.6455, 27.9909, 8.11125, 22.8156, 22.7835, 14.5717, 17.698, 16.4186, 18.4573, 16.3364, 17.1355, 17.6048, 20.9368, 18.9969, 20.5123, 31.6368, 32.0449, 

13.6062, 13.7381, 17.6905, 21.2544, 28.2853, 6.26737, 38.8229, 17.8183, 3.36139, 12.0386, 3.92496, 12.6132, 13.24, 16.7098, 19.8509, 19.9528, 20.809, 15.0523, 11.5638, 14.5717, 4.81743, 13.9793, 18.5879, 31.311, 41.6932, 50.3173, 16.0086, 2.04868, 1.56378, 10.89, 9.93405, 13.3127, 13.2984, 16.4103, 17.698, 27.9909, 33.2853, 8.11125, 10.8578, 14.8556, 14.5171, 17.9479, 15.1112, 16.3364, 16.4186, 17.1355, 17.6048, 18.4573, 18.8515, 19.6455, 

3.8504, 4.09192, 6.26737, 11.9286, 13.874, 28.2853, 37.8264, 13.24, 15.0523, 10.89, 1.92322, 8.22979, 14.5717, 16.7098, 19.9528, 20.809, 38.7115, 8.77525, 3.36139, 16.0086, 4.11391, 11.231, 2.04868, 7.5904, 41.6932, 50.3173, 26.9742, 8.11125, 10.8578, 10.0296, 9.93405, 3.84019, 2.94741, 17.698, 27.9909, 33.2853, 31.2478, 13.2984, 1.56378, 11.8169, 3.92496, 11.2551, 13.1618, 12.6132, 13.3127, 13.6279, 13.9793, 15.1112, 16.4103, 17.8183, 

3.8504, 3.92496, 10.89, 13.874, 28.2853, 37.8264, 40.2589, 14.5717, 16.0086, 10.0296, 1.92322, 8.22979, 3.36139, 16.7098, 19.9528, 20.809, 39.9287, 11.9286, 2.04868, 8.77525, 4.11391, 11.231, 7.5904, 8.11125, 10.8578, 26.9742, 40.1379, 6.26737, 2.94741, 3.31055, 3.84019, 9.93405, 1.56378, 13.2984, 14.8879, 29.7442, 17.8451, 16.4103, 13.24, 15.0523, 4.09192, 11.2551, 11.6103, 12.6132, 13.1618, 13.3127, 13.6279, 13.9793, 17.8183, 21.9229, 

3.8504, 3.90851, 8.20387, 10.0296, 10.89, 14.5717, 16.0086, 8.75787, 8.86585, 3.76512, 1.92322, 8.22979, 3.36139, 8.77525, 10.687, 20.809, 25.7828, 15.0523, 2.94741, 13.24, 4.11391, 11.231, 3.31055, 6.26737, 7.5904, 8.11125, 40.1379, 17.8183, 19.9528, 1.56378, 3.84019, 1.45909, 13.2984, 16.4103, 17.8451, 26.3449, 40.0207, 14.8879, 10.8578, 2.04868, 3.92496, 4.05162, 4.09192, 9.93405, 11.2551, 11.6103, 12.6132, 13.1618, 21.9229, 22.3923, 

2.81072, 3.90851, 3.76512, 4.20797, 8.75787, 8.86585, 35.6821, 10.0296, 6.26737, 8.20387, 1.92322, 3.92496, 2.94741, 8.77525, 10.687, 15.0523, 46.0941, 10.132, 16.0086, 16.4103, 4.11391, 9.93405, 1.56378, 3.31055, 7.5904, 8.11125, 17.8183, 20.809, 14.8879, 3.36139, 1.45909, 3.84019, 2.04868, 10.8578, 13.2984, 17.8451, 26.3449, 19.9528, 13.24, 14.5717, 8.22979, 4.05162, 4.09192, 11.231, 11.2551, 11.6103, 12.6132, 13.1618, 21.5806, 21.9229, 

2.70244, 2.81072, 3.76512, 4.20797, 8.75787, 8.86585, 40.5231, 8.20387, 14.5717, 14.8879, 1.92322, 3.92496, 2.94741, 15.0523, 15.3938, 27.873, 3.81993, 1.56378, 2.04868, 8.11125, 4.11391, 8.58537, 3.31055, 3.36139, 7.5904, 17.8183, 13.5048, 8.77525, 10.0296, 6.26737, 1.45909, 3.84019, 13.24, 13.2984, 17.8451, 26.3449, 32.4919, 10.687, 10.132, 10.8578, 4.05162, 4.09192, 8.22979, 9.93405, 11.231, 11.2551, 11.6103, 12.6132, 16.0086, 19.9528, 

2.70244, 2.81072, 8.75787, 8.86585, 14.5717, 26.5907, 14.8905, 8.20387, 13.2984, 14.8879, 1.27971, 1.92322, 1.56378, 2.04868, 8.11125, 14.4425, 15.0523, 4.20797, 3.81993, 3.36139, 4.05162, 5.28709, 2.21582, 3.31055, 8.77525, 43.4998, 43.1427, 13.5048, 2.94741, 10.0296, 1.45909, 3.84019, 10.132, 10.2745, 10.687, 13.24, 26.3449, 3.76512, 10.8578, 6.26737, 4.11391, 4.09192, 5.00462, 7.98638, 9.93405, 11.231, 11.2551, 12.6132, 15.3938, 15.4749, 

1.4612, 2.70244, 8.20387, 8.86585, 14.8905, 26.5907, 35.7336, 1.56378, 4.20797, 8.11125, 1.27971, 1.06423, 2.04868, 14.4425, 15.0523, 1.0957, 13.6575, 8.75787, 3.36139, 8.77525, 0.677816, 4.05162, 2.94741, 10.0296, 13.5048, 24.2418, 42.1652, 10.132, 2.21582, 3.31055, 1.45909, 3.84019, 6.26737, 13.24, 26.3449, 39.6156, 7.06918, 10.2745, 2.01938, 3.76512, 2.5449, 4.09192, 4.11391, 5.00462, 6.06814, 6.8178, 7.98638, 9.93405, 10.687, 10.8578, 

0.983349, 2.56163, 8.11125, 14.8905, 26.5907, 35.7336, 20.1848, 7.84149, 3.76512, 1.0957, 1.06423, 1.27971, 2.04868, 8.77525, 13.6575, 14.4888, 12.1705, 1.8966, 3.31055, 8.20387, 0.677816, 2.5449, 2.21582, 2.94741, 6.60947, 32.4524, 0.387916, 4.20797, 3.36139, 7.06918, 1.45909, 1.02229, 2.01938, 6.26737, 26.3449, 1.03862, 14.9434, 1.20237, 1.56378, 8.75787, 1.4612, 4.05162, 2.70244, 4.09192, 4.11391, 5.00462, 6.06814, 6.8178, 10.0296, 10.687, 

0.983349, 1.4612, 1.0957, 3.76512, 35.7336, 39.9271, 33.3669, 1.8966, 1.03862, 6.26737, 1.06323, 1.27971, 3.31055, 8.20387, 13.6575, 20.5904, 40.2482, 6.60947, 7.84149, 3.36139, 0.677816, 2.5449, 2.94741, 4.20797, 7.1153, 19.1081, 26.994, 8.11125, 2.01938, 2.21582, 1.02229, 1.45909, 1.20237, 1.56378, 8.75787, 14.9434, 34.6844, 7.06918, 2.04868, 0.387916, 2.56163, 2.70244, 4.05162, 4.09192, 4.11391, 5.00462, 6.06814, 6.8178, 8.77525, 10.0296, 

0.983349, 1.4612, 1.03862, 1.8966, 6.26737, 39.9271, 19.081, 10.0296, 2.94741, 17.8919, 1.06323, 1.27971, 2.12273, 3.31055, 6.04286, 6.60947, 20.7237, 2.01938, 2.04868, 7.65745, 0.677816, 2.5449, 2.21582, 4.20797, 7.1153, 8.11125, 40.1381, 1.0957, 3.36139, 8.77525, 1.02229, 1.45909, 0.387916, 1.56378, 7.06918, 8.75787, 14.9434, 3.76512, 8.20387, 1.20237, 2.56163, 2.70244, 4.05162, 4.09192, 4.11391, 4.96901, 5.00462, 6.06814, 19.1081, 20.0755, 

0.983349, 1.4612, 1.8966, 6.26737, 17.8919, 19.081, 39.9271, 1.43052, 4.20797, 3.76512, 1.06323, 1.27971, 2.01938, 2.04868, 2.12273, 6.60947, 7.65745, 7.06918, 6.04286, 3.36139, 0.677816, 2.5449, 2.21582, 7.1153, 8.77525, 9.15996, 35.9158, 2.94741, 1.56378, 1.20237, 1.02229, 1.45909, 0.387916, 8.20387, 14.9434, 33.0136, 21.0943, 3.31055, 1.0957, 1.03862, 2.56163, 2.70244, 4.05162, 4.09192, 4.11391, 4.96901, 5.00462, 6.06814, 8.11125, 8.75787, 

0.983349, 1.4612, 1.43052, 1.8966, 4.20797, 6.26737, 41.6706, 7.06918, 8.11125, 3.76512, 1.06323, 1.27971, 2.04868, 6.04286, 6.60947, 7.65745, 19.0399, 2.12273, 1.41855, 3.36139, 0.677816, 2.5449, 1.20237, 2.21582, 7.1153, 47.2535, 24.3488, 1.56378, 8.20387, 3.04356, 1.02229, 1.45909, 0.387916, 1.0957, 3.31055, 21.0943, 35.6942, 2.94741, 2.01938, 1.03862, 1.89833, 2.56163, 2.70244, 4.05162, 4.09192, 4.11391, 4.96901, 5.00462, 8.75787, 8.77525, 

0.983349, 1.4612, 6.26737, 7.06918, 8.11125, 41.6706, 31.9905, 1.43052, 3.76512, 4.20797, 1.06323, 1.27971, 1.41855, 3.36139, 7.65745, 19.0399, 26.3386, 2.94741, 2.12273, 1.8966, 0.677816, 1.89833, 1.56378, 2.21582, 7.1153, 53.7993, 74.0899, 1.20237, 3.31055, 2.04868, 1.02229, 1.45909, 1.03862, 1.0957, 35.6942, 15.5834, 32.7374, 2.01938, 0.387916, 3.04356, 2.5449, 2.56163, 2.70244, 4.05162, 4.09192, 4.11391, 4.96901, 5.00462, 6.04286, 6.60947, 

0.983349, 1.4612, 3.76512, 6.26737, 7.06918, 19.3257, 41.6706, 1.8966, 1.56378, 2.21582, 1.06323, 1.27971, 2.12273, 3.36139, 7.65745, 26.3386, 36.4102, 1.43052, 1.03862, 6.04286, 0.677816, 1.89833, 2.04868, 3.31055, 74.0899, 29.1569, 30.4865, 1.20237, 6.60947, 1.0957, 1.02229, 1.3552, 0.387916, 2.01938, 3.04356, 15.5834, 10.6866, 1.41855, 2.94741, 4.20797, 2.5449, 2.56163, 2.70244, 4.05162, 4.09192, 4.11391, 4.96901, 5.00462, 7.05798, 7.1153, 

0.983349, 1.4612, 1.56378, 1.8966, 2.21582, 6.26737, 7.06918, 6.04286, 1.20237, 7.05798, 1.06323, 1.27971, 1.43052, 2.12273, 3.36139, 26.3386, 30.4838, 7.1153, 2.01938, 1.41855, 0.677816, 1.89833, 1.0957, 2.04868, 3.31055, 74.0899, 20.159, 3.76512, 1.03862, 1.51081, 1.02229, 0.303202, 0.387916, 2.94741, 4.20797, 15.5834, 26.0809, 0.0917946, 7.65745, 6.60947, 1.25696, 2.5449, 2.56163, 2.70244, 4.05162, 4.09192, 4.11391, 4.96901, 

0.983349, 1.4612, 1.20237, 1.56378, 1.8966, 6.26737, 18.0155, 6.04286, 1.03862, 1.41855, 1.06323, 1.27971, 1.43052, 2.01938, 3.36139, 7.1153, 26.3386, 2.12273, 7.06918, 7.05798, 0.677816, 1.25696, 1.51081, 2.04868, 3.76512, 37.01, 13.7694, 3.31055, 2.21582, 4.20797, 0.0331605, 1.02229, 0.0917946, 0.387916, 6.60947, 19.416, 25.5517, 7.65745, 2.94741, 1.0957, 1.89833, 2.5449, 2.56163, 2.70244, 3.55515, 4.09192, 4.11391, 4.96901, 

0.983349, 1.4612, 1.03862, 1.56378, 1.8966, 6.26737, 7.42344, 2.04868, 1.51081, 7.05798, 1.06323, 1.27971, 1.43052, 2.01938, 2.12273, 7.06918, 20.838, 1.20237, 6.04286, 3.31055, 0.677816, 1.25696, 2.21582, 4.20797, 4.67059, 37.01, 7.21481, 1.41855, 3.36139, 0.0917946, 0.0331605, 1.02229, 1.0957, 2.94741, 6.60947, 21.6198, 49.8769, 7.1153, 0.387916, 3.76512, 1.89833, 2.5449, 2.56163, 2.70244, 3.55515, 4.09192, 4.11391, 4.96901, 7.65745, 

0.983349, 1.4612, 1.18579, 1.8966, 7.42344, 16.0278, 44.5939, 0.387916, 1.43052, 4.67059, 1.06323, 1.27971, 2.01938, 2.12273, 3.31055, 20.838, 46.3144, 1.03862, 6.26737, 3.76512, 0.677816, 1.25696, 0.0917946, 2.21582, 3.36139, 4.20797, 7.21481, 1.20237, 1.41855, 6.04286, 0.0331605, 1.02229, 1.0957, 2.94741, 6.60947, 42.5638, 21.2303, 7.05798, 2.04868, 1.51081, 1.89833, 2.0934, 2.5449, 2.56163, 2.70244, 3.55515, 4.09192, 4.96901, 7.06918, 7.1153, 

0.512094, 1.4612, 1.18579, 1.43052, 4.67059, 16.0278, 50.0676, 2.94741, 4.20797, 1.20237, 1.06323, 1.27971, 1.03862, 3.76512, 19.3844, 32.4179, 10.3437, 1.41855, 2.01938, 1.8966, 0.677816, 1.25696, 2.21582, 3.36139, 6.04286, 21.6575, 5.49532, 0.387916, 2.04868, 0.0917946, 0.0331605, 1.02229, 1.0957, 6.60947, 7.05798, 27.6616, 3.95921, 2.12273, 1.51081, 3.31055, 1.89833, 2.0934, 2.5449, 2.56163, 2.70244, 3.55515, 4.09192, 4.96901, 6.26737, 7.06918, 

0.512094, 1.4612, 1.18579, 2.94741, 4.20797, 16.0278, 36.0902, 3.76512, 1.20237, 1.0957, 1.06323, 1.27971, 1.41855, 1.8966, 2.01938, 32.4179, 29.9353, 4.67059, 0.387916, 2.12273, 0.517525, 1.25696, 2.04868, 2.21582, 6.04286, 21.6575, 11.7355, 3.95921, 1.43052, 1.03862, 0.0331605, 1.02229, 1.51081, 3.31055, 6.60947, 31.746, 31.0986, 3.36139, 1.9688, 0.0917946, 1.89833, 2.0934, 2.5449, 2.56163, 2.70244, 3.55515, 4.09192, 4.96901, 5.49532, 6.26737, 

0.512094, 1.26389, 1.0957, 1.18579, 16.0278, 18.4562, 38.8509, 1.03862, 0.387916, 2.01938, 1.06323, 1.27971, 1.41855, 2.12273, 4.67059, 29.6915, 29.9353, 0.0917946, 1.43052, 2.04868, 0.517525, 1.13083, 2.21582, 3.95921, 11.7355, 21.2967, 18.8996, 1.9688, 1.8966, 3.76512, 0.0331605, 1.02229, 1.51081, 3.31055, 3.36139, 6.60947, 10.3938, 2.94741, 1.20237, 4.20797, 1.89833, 2.0934, 2.5449, 2.56163, 2.70244, 3.55515, 4.09192, 4.96901, 5.49532, 6.26737, 

0.320203, 1.26389, 0.387916, 16.0278, 18.4562, 29.2298, 30.2605, 1.0957, 1.03862, 2.04868, 1.06323, 1.27971, 0.0917946, 1.41855, 2.12273, 22.1728, 21.638, 1.43052, 3.76512, 2.01938, 0.517525, 1.13083, 1.8966, 1.9688, 3.95921, 18.8996, 21.2967, 2.21582, 1.51081, 5.49532, 0.0331605, 1.02229, 1.20237, 3.31055, 4.20797, 10.3938, 30.8521, 2.94741, 3.36139, 1.18579, 1.89833, 2.0934, 2.38504, 2.5449, 2.56163, 2.70244, 3.55515, 4.09192, 6.26737, 

0.320203, 1.26389, 1.03862, 1.0957, 2.04868, 16.0278, 30.2605, 0.463372, 1.06323, 1.43052, 2.01938, 2.12273, 21.638, 31.0127, 0.517525, 1.13083, 3.95921, 18.8996, 21.2967, 19.496, 21.5924, 0.0331605, 1.02229, 1.18579, 2.94741, 3.31055, 4.20797, 42.8577, 1.89833, 2.0934, 2.38504, 2.5449, 2.56163, 2.70244, 3.55515, 4.09192, 0.0917946, 0.387916, 

0.320203, 1.26389, 1.03862, 1.0957, 2.04868, 16.0278, 20.9417, 0.463372, 1.06323, 1.43052, 2.01938, 21.638, 28.2156, 7.87486, 0.517525, 1.13083, 3.95921, 18.8996, 19.496, 19.8784, 43.8807, 0.0331605, 1.02229, 1.18579, 3.31055, 4.20797, 38.3701, 21.4421, 1.89833, 2.0934, 2.38504, 2.5449, 2.56163, 2.70244, 3.55515, 4.09192, 0.0917946, 0.387916, 

0.320203, 1.26389, 1.03862, 1.0957, 2.04868, 16.0278, 20.9417, 0.463372, 1.06323, 2.01938, 7.87486, 15.1482, 28.2156, 25.3051, 0.517525, 1.13083, 3.95921, 19.496, 19.8784, 43.8807, 6.47779, 0.0331605, 1.02229, 1.18579, 3.31055, 4.20797, 38.3701, 9.53501, 1.89833, 2.0934, 2.38504, 2.5449, 2.56163, 2.70244, 3.55515, 4.09192, 0.0917946, 0.387916, 

0.320203, 0.571296, 1.03862, 1.0957, 2.04868, 16.0278, 20.9417, 0.463372, 1.06323, 2.01938, 7.87486, 15.1482, 28.2156, 8.33516, 0.517525, 1.13083, 3.95921, 6.47779, 7.91912, 9.18873, 28.3449, 0.0331605, 1.02229, 1.18579, 3.31055, 4.20797, 9.53501, 30.9908, 1.26389, 1.89833, 2.0934, 2.38504, 2.5449, 2.56163, 2.70244, 4.09192, 0.0917946, 0.387916, 

0.320203, 0.571296, 1.0957, 2.04868, 16.0278, 20.9417, 26.6522, 0.463372, 1.06323, 1.3134, 7.87486, 15.1482, 28.2156, 0.667809, 0.517525, 1.13083, 3.95921, 6.47779, 9.18873, 28.2957, 17.5975, 0.0331605, 1.02229, 1.18579, 3.31055, 4.20797, 9.53501, 30.9908, 1.26389, 1.89833, 2.0934, 2.38504, 2.5449, 2.56163, 2.70244, 4.09192, 0.0917946, 0.387916, 

0.320203, 0.571296, 1.0957, 16.0278, 20.9417, 26.6522, 17.6794, 0.463372, 1.06323, 0.667809, 1.3134, 7.87486, 15.1482, 19.9251, 0.517525, 1.13083, 3.95921, 6.47779, 7.99533, 28.2957, 5.34677, 0.0331605, 1.02229, 1.18579, 3.31055, 4.20797, 9.53501, 30.5331, 1.26389, 1.89833, 2.0934, 2.38504, 2.5449, 2.56163, 2.70244, 4.09192, 0.0917946, 0.387916, 

0.320203, 0.355141, 1.0957, 16.0278, 17.6794, 20.9417, 19.2745, 0.0283535, 1.06323, 0.667809, 1.04836, 7.87486, 15.1482, 19.9251, 0.517525, 1.13083, 3.95921, 5.34677, 6.47779, 7.99533, 41.8329, 0.0331605, 1.02229, 1.18579, 3.31055, 4.20797, 9.53501, 30.5331, 1.26389, 1.89833, 2.0934, 2.38504, 2.5449, 2.56163, 2.70244, 4.09192, 0.0917946, 0.387916, 

0.320203, 0.355141, 1.0957, 10.9338, 19.2745, 20.9417, 25.0714, 0.00117219, 0.0286713, 0.667809, 2.15506, 7.87486, 19.9251, 44.6439, 0.517525, 1.13083, 3.95921, 5.34677, 6.47779, 7.99533, 8.41159, 0.0331605, 1.02229, 1.18579, 3.31055, 9.53501, 30.5331, 19.6686, 1.26389, 1.89833, 2.0934, 2.38504, 2.5449, 2.56163, 2.70244, 4.09192, 0.0917946, 0.387916, 

0.320203, 0.355141, 1.0957, 10.9338, 19.2745, 25.0714, 26.8426, 0.00117219, 0.0286713, 0.667809, 2.15506, 19.9251, 44.6439, 28.3617, 0.517525, 1.13083, 2.53685, 2.74861, 6.47779, 8.41159, 60.0467, 0.0331605, 1.02229, 3.31055, 9.53501, 19.6686, 22.6919, 4.23424, 1.26389, 1.89833, 2.0934, 2.38504, 2.5449, 2.56163, 2.70244, 4.09192, 0.0917946, 0.387916, 

0.320203, 0.355141, 10.9338, 19.2745, 25.0714, 26.8426, 18.826, 0.00117219, 0.0286713, 0.667809, 2.15506, 19.9251, 30.36, 21.9198, 0.501918, 1.13083, 1.44635, 2.53685, 6.47779, 8.41159, 19.2219, 0.0331605, 1.02229, 3.31055, 4.23424, 9.53501, 22.6919, 10.1929, 1.26389, 1.89833, 2.0934, 2.38504, 2.5449, 2.56163, 2.70244, 4.09192, 0.0917946, 0.387916, 

0.320203, 0.327303, 10.9338, 18.826, 25.0714, 26.8426, 21.4908, 0.00117219, 0.0286713, 0.667809, 2.15506, 19.9251, 21.9198, 61.2347, 0.501918, 1.13083, 1.44635, 2.53685, 6.47779, 8.41159, 41.1701, 0.0331605, 1.02229, 3.31055, 4.23424, 9.53501, 22.6919, 33.1281, 1.26389, 1.89833, 2.0934, 2.38504, 2.5449, 2.56163, 2.70244, 4.09192, 0.0917946, 0.387916, 

0.320203, 0.327303, 7.34818, 10.9338, 21.4908, 26.8426, 15.1762, 0.00117219, 0.0286713, 0.667809, 2.15506, 19.9251, 20.589, 29.3262, 0.501918, 1.13083, 1.44635, 2.53685, 6.47779, 8.41159, 41.1701, 0.0331605, 1.02229, 3.31055, 4.23424, 9.53501, 22.6919, 33.1281, 1.26389, 1.89833, 2.0934, 2.38504, 2.5449, 2.56163, 2.70244, 4.09192, 0.0917946, 0.387916, 

0.320203, 0.324498, 7.34818, 10.9338, 21.4908, 26.8426, 38.0727, 0.00117219, 0.0286713, 0.667809, 3.43135, 19.9251, 20.589, 19.6822, 0.501918, 1.13083, 1.44635, 2.53685, 8.41159, 16.9177, 7.89997, 0.0331605, 1.02229, 1.91553, 5.48011, 9.53501, 22.6919, 27.4494, 1.26389, 1.89833, 2.0934, 2.38504, 2.5449, 2.56163, 2.70244, 4.09192, 0.0917946, 0.387916, 

0.320203, 0.324498, 7.34818, 9.62037, 21.4908, 38.0727, 64.7516, 0.00117219, 0.0286713, 0.667809, 3.43135, 6.28089, 19.9251, 50.6743, 0.501918, 1.13083, 2.53685, 7.89997, 8.41159, 16.9177, 20.9156, 0.0331605, 1.02229, 1.91553, 5.48011, 22.6919, 27.4494, 17.3167, 1.26389, 1.89833, 2.0934, 2.38504, 2.5449, 2.56163, 2.70244, 4.09192, 0.0917946, 0.387916, 

0.320203, 0.324498, 7.34818, 8.7755, 38.0727, 64.7516, 26.0895, 0.00117219, 0.0286713, 0.667809, 6.28089, 19.9251, 50.6743, 19.1682, 0.155621, 1.13083, 2.53685, 7.89997, 8.41159, 20.9156, 6.32698, 0.0331605, 1.02229, 1.91553, 17.3167, 22.6919, 27.4494, 14.3592, 0.501918, 1.26389, 1.89833, 2.38504, 2.5449, 2.56163, 2.70244, 4.09192, 0.0917946, 0.387916, 

0.320203, 0.324498, 7.34818, 8.7755, 13.622, 37.6498, 19.999, 0.00117219, 0.0286713, 0.667809, 6.28089, 14.0811, 19.9251, 10.6866, 0.155621, 1.13083, 6.32698, 7.89997, 8.41159, 20.9156, 34.8654, 0.0331605, 0.501918, 1.10901, 1.91553, 14.3592, 22.6919, 17.1768, 1.02229, 1.26389, 1.89833, 2.38504, 2.5449, 2.56163, 2.70244, 4.09192, 0.0917946, 0.387916, 

0.320203, 0.324498, 3.79002, 7.34818, 13.622, 37.6498, 1.01489, 0.00117219, 0.0218181, 0.667809, 6.28089, 10.6866, 14.0811, 23.2068, 0.155621, 1.02229, 1.45916, 6.32698, 7.89997, 8.41159, 20.9156, 0.0331605, 0.501918, 1.10901, 14.3592, 17.1768, 22.6919, 71.5094, 1.13083, 1.26389, 1.89833, 2.38504, 2.5449, 2.56163, 2.70244, 4.09192, 0.0917946, 0.387916, 

0.320203, 0.226602, 0.184175, 3.79002, 13.622, 37.6498, 36.2058, 0.00117219, 0.00307243, 6.28089, 10.6866, 14.0811, 23.2068, 31.2336, 0.155621, 1.02229, 1.45916, 6.32698, 7.89997, 8.41159, 20.9156, 0.0331605, 0.393263, 1.10901, 14.3592, 22.6919, 71.5094, 21.6288, 0.324498, 1.13083, 1.26389, 1.89833, 2.38504, 2.5449, 2.56163, 2.70244, 0.0917946, 0.387916, 

0.144554, 0.226602, 0.184175, 13.622, 36.2058, 37.6498, 45.4941, 0.00117219, 0.00307243, 6.28089, 10.16, 23.2068, 31.2336, 41.8707, 0.155621, 0.324498, 6.32698, 7.89997, 8.41159, 20.9156, 0.381437, 0.0331605, 0.0332505, 1.10901, 14.3592, 22.6919, 40.6496, 24.685, 0.679883, 1.02229, 1.13083, 1.26389, 1.89833, 2.38504, 2.5449, 2.56163, 0.0917946, 0.387916, 

0.144554, 0.205671, 0.184175, 27.5748, 36.2058, 45.4941, 8.41652, 0.00022399, 0.00117219, 6.28089, 8.41155, 23.2068, 41.8707, 24.1732, 0.155621, 0.324498, 0.381437, 6.32698, 8.41159, 20.396, 18.4703, 0.0330255, 0.0331605, 1.10901, 14.3592, 24.685, 38.7921, 21.6141, 0.679883, 1.02229, 1.13083, 1.26389, 1.89833, 2.38504, 2.5449, 2.56163, 0.0917946, 0.387916, 

0.144554, 0.166955, 0.184175, 8.41652, 36.2058, 45.4941, 29.2781, 0.00022399, 0.00117219, 6.28089, 8.41155, 24.1732, 41.8707, 17.0941, 0.155621, 0.324498, 0.381437, 6.32698, 18.4703, 20.396, 30.1916, 0.0330255, 0.0331605, 1.10901, 14.3592, 21.6141, 38.7921, 38.5548, 0.679883, 1.02229, 1.13083, 1.26389, 1.89833, 2.38504, 2.5449, 2.56163, 0.0917946, 0.387916, 

0.144554, 0.157623, 0.184175, 29.2781, 36.2058, 45.4941, 18.6364, 0.00022399, 0.00117219, 6.28089, 17.0941, 24.1732, 41.8707, 13.4796, 0.155621, 0.182915, 0.381437, 6.32698, 18.4703, 30.1916, 12.7433, 0.0330255, 0.0331605, 1.10901, 14.3592, 38.5548, 38.7921, 6.36276, 0.679883, 1.02229, 1.13083, 1.26389, 1.89833, 2.38504, 2.5449, 2.56163, 0.0917946, 0.387916, 

0.144554, 0.157623, 1.46824, 10.2558, 18.6364, 25.9233, 32.0135, 0.00022399, 0.00117219, 6.28089, 13.0147, 13.4796, 41.8707, 27.8286, 0.155621, 0.182915, 0.381437, 6.32698, 12.7433, 18.4703, 30.1916, 0.0330255, 0.0331557, 1.10901, 6.36276, 38.5548, 38.7921, 16.7905, 0.679883, 1.02229, 1.13083, 1.26389, 1.89833, 2.38504, 2.5449, 2.56163, 0.0917946, 0.387916, 

0.144207, 0.144554, 1.46824, 10.2558, 14.4661, 23.4441, 20.0249, 0.00022399, 0.00117219, 6.28089, 13.0147, 13.4796, 41.8707, 22.6303, 0.155621, 0.182915, 0.381437, 6.32698, 12.7433, 18.4703, 17.5904, 0.0329141, 0.0330255, 1.10901, 11.825, 16.7905, 38.5548, 22.4391, 0.679883, 1.02229, 1.13083, 1.26389, 1.89833, 2.38504, 2.5449, 2.56163, 0.0917946, 0.387916, 

0.144207, 0.144488, 1.46824, 2.43177, 10.2558, 14.4661, 23.4441, 0.00022399, 0.00117219, 6.28089, 10.4673, 13.3945, 13.4796, 22.6303, 0.155621, 0.182915, 0.381437, 6.32698, 12.7433, 17.5904, 18.4703, 0.0329141, 0.0329988, 1.10901, 11.825, 16.7905, 22.4391, 28.8284, 0.679883, 1.02229, 1.13083, 1.26389, 1.89833, 2.38504, 2.5449, 2.56163, 0.0917946, 0.387916, 

Best:
(-0.00106247, -1.36699e-05, )

Fitness Evaluations:
2811

End Population
(2.195729e-02), (-1.567525e-02), (2.199089e-02), (-1.567347e-02), (6.599611e-02), (-5.602728e-02), (-8.610755e-02), (9.925115e-01), (2.365885e-01), (-1.010281e+00), (2.070425e+00), (7.720286e-01), (-6.656397e-01), (1.841668e+00), (-1.062471e-03), (-1.366995e-05), (1.015044e-04), (-2.428633e-03), (-1.042835e+00), (-2.055750e+00), (2.933384e+00), (9.996669e-01), (-2.094172e+00), (2.059335e-01), (2.347658e-01), (2.034894e+00), (-1.009770e+00), (1.449058e+00), (1.606176e-02), (2.296865e-02), (1.633904e-02), (-2.562549e-02), (4.301877e-02), (9.123286e-03), (-1.892537e-01), (8.972606e-03), (-1.814890e+00), (8.817090e-01), (-1.311876e+00), (9.201578e-01), (-1.275512e+00), (-1.908591e+00), (1.091189e-02), (-6.847536e-03), (1.092068e-02), (-6.864695e-03), (-3.576432e-03), (-7.537957e-02), (2.181481e+00), (-1.030112e+00), (-8.026229e-01), (1.813707e+00), (-3.114322e-02), (1.499136e+00), (-2.807916e+00), (-2.241689e+00), (5.886530e-02), (9.843649e-04), (1.006104e+00), (3.680331e-03), (9.700742e-01), (8.259066e-03), (8.219930e-03), (9.589416e-01), (-3.626656e-02), (1.052125e+00), (9.519242e-01), (-1.007490e+00), (1.021391e+00), (1.040879e+00), (5.866589e-02), (9.272483e-01), (1.969300e-02), (-8.682695e-03), (3.182194e-02), (-3.080516e-02), 