Iterations: 50
Function Evaluations Limit: 150000
Population: 50

Prides Length: 4

Percent Nomads: 0.2
Percent Roaming: 0.2
Percent Sex: 0.8

Mating Rate: 0.3
Mutation Probability: 0.2
Immigration Rate: 0.4

Percent Group Influence: 0.4
Annealing On: true
Ranked Selection Pressure: 2
Near To Best Random Pressure: 2

Dimensions: 2
N-Dimension Space: -6.28319:6.28319

Fitness Iterations:
2.34525 (Initial Best)

60.1446, 19.0378, 23.3175, 51.5924, 60.1555, 32.0992, 33.1436, 56.8638, 18.1252, 8.34739, 33.6126, 46.9475, 54.1319, 21.7513, 32.108, 43.901, 30.366, 24.7438, 64.0747, 66.9675, 27.4053, 49.9605, 49.3908, 28.2239, 45.8329, 36.6586, 79.9912, 2.34525, 64.6271, 50.6274, 63.1809, 6.8185, 89.3997, 33.9561, 54.1864, 35.3811, 38.2532, 70.2601, 42.507, 59.5851, 68.9111, 25.8097, 51.3419, 30.1489, 32.5129, 5.95448, 38.2349, 20.0284, 43.4034, 77.4511, 

5.95448, 20.0284, 8.34739, 32.0992, 33.1436, 51.5924, 28.3644, 26.5902, 36.4985, 23.3175, 12.0758, 15.3231, 18.4957, 21.7494, 29.9036, 30.366, 32.108, 2.62216, 21.0117, 35.3811, 19.747, 17.9686, 4.90105, 11.356, 28.2239, 41.6711, 58.5841, 2.34525, 32.2088, 24.6677, 6.8185, 16.1991, 31.9195, 33.9561, 53.6556, 54.1864, 59.5851, 32.704, 10.219, 12.799, 6.47561, 26.6356, 19.8149, 27.4053, 23.3941, 22.2223, 26.828, 29.7706, 38.4139, 41.0772, 

2.73493, 6.47561, 28.3644, 32.0992, 51.5924, 22.084, 21.6142, 2.62216, 21.7494, 19.7821, 12.0758, 15.3231, 21.0117, 29.9036, 32.108, 35.3811, 34.3271, 10.219, 4.90105, 18.4957, 12.2672, 17.9686, 17.8646, 28.2239, 32.2088, 41.6711, 58.5841, 8.34739, 23.3175, 1.65703, 6.8185, 16.1991, 12.799, 30.5999, 30.7789, 54.1864, 16.6283, 22.2393, 26.5902, 2.34525, 5.95448, 20.0284, 17.5613, 18.2289, 22.2223, 23.3941, 26.6356, 27.4053, 29.9821, 30.366, 

2.73493, 5.95448, 21.6142, 21.7494, 22.084, 32.0992, 11.8012, 19.7821, 1.65703, 21.0117, 10.491, 6.34661, 7.52012, 10.219, 18.4957, 28.109, 2.77406, 22.2393, 23.3175, 19.6033, 12.2672, 15.3231, 8.34739, 17.8646, 28.2239, 32.2088, 58.5841, 16.6283, 26.5902, 4.90105, 4.06977, 7.57332, 2.34525, 12.799, 19.275, 19.679, 14.4118, 2.62216, 16.1008, 13.3382, 6.47561, 12.0758, 14.1474, 17.9686, 15.8098, 16.0161, 16.1991, 17.5613, 28.3644, 29.9036, 

2.73493, 3.71141, 10.5734, 11.8012, 19.7821, 32.0992, 21.5262, 8.34739, 7.52012, 14.4118, 5.39507, 10.491, 17.4593, 18.4957, 22.2393, 23.3175, 28.109, 6.99867, 10.219, 12.3173, 6.47561, 6.73518, 22.7955, 28.2239, 32.2088, 58.5841, 42.7046, 2.77406, 13.3382, 1.65703, 4.06977, 4.69229, 2.62216, 12.799, 16.1008, 19.679, 24.6971, 4.90105, 2.34525, 16.6283, 5.83341, 5.26744, 12.2672, 15.3231, 7.57332, 12.0758, 14.1474, 15.8098, 17.4384, 17.8646, 

2.73493, 3.71141, 7.52012, 10.5734, 14.4118, 19.7821, 21.5262, 1.65703, 2.77406, 8.34739, 4.02274, 7.57332, 6.99867, 22.2393, 23.3175, 28.109, 41.9586, 10.219, 17.4593, 7.36439, 5.83341, 6.73518, 13.3382, 19.465, 22.7955, 42.7046, 33.1967, 13.9671, 17.4384, 7.55388, 4.06977, 4.69229, 2.62216, 4.90105, 11.3462, 16.1008, 24.1294, 12.3173, 12.1998, 2.34525, 5.39507, 5.26744, 6.47561, 10.491, 11.487, 12.0758, 12.1795, 12.2672, 17.8646, 18.4957, 

2.73493, 3.71141, 1.65703, 7.52012, 14.4118, 21.5262, 22.2622, 2.77406, 12.1998, 12.3173, 4.02274, 5.39507, 6.99867, 7.36439, 10.219, 10.4244, 28.109, 13.9671, 8.34739, 17.8646, 5.83341, 6.47561, 7.55388, 17.0239, 20.6646, 42.7046, 34.4426, 10.5734, 16.1008, 17.4593, 4.06977, 4.69229, 2.34525, 2.62216, 4.90105, 11.3462, 56.1821, 13.3382, 7.13314, 16.2105, 5.26744, 7.57332, 6.73518, 10.491, 10.5901, 11.487, 11.6794, 12.0758, 18.1499, 18.4957, 

2.73493, 3.71141, 1.65703, 12.3173, 21.5262, 19.7498, 27.3823, 10.4244, 7.52012, 5.79803, 1.06327, 5.26744, 6.99867, 8.34739, 10.219, 13.9671, 9.56049, 6.92858, 12.3471, 7.36439, 5.83341, 6.47561, 7.55388, 10.5734, 17.4593, 20.6646, 34.4426, 14.8317, 7.84888, 12.1998, 4.06977, 4.69229, 2.34525, 2.62216, 4.90105, 13.3382, 38.5069, 2.77406, 7.13314, 14.4118, 4.02274, 5.39507, 6.73518, 7.57332, 8.08486, 10.491, 10.5901, 11.487, 16.1008, 16.2105, 

1.41734, 3.71141, 1.65703, 7.52012, 10.4244, 19.7498, 52.4649, 13.6084, 9.56049, 7.55388, 1.06327, 5.26744, 6.99867, 7.36439, 10.219, 12.3471, 28.842, 5.79803, 7.13314, 6.92858, 5.83341, 6.47561, 9.2733, 10.5734, 12.1998, 14.8317, 34.4426, 8.34739, 2.62216, 13.4157, 4.06977, 4.69229, 2.34525, 2.77406, 4.90105, 27.4768, 15.8046, 12.3173, 13.3382, 7.84888, 2.73493, 5.39507, 6.73518, 7.57332, 8.08486, 10.491, 10.5901, 11.2392, 13.9671, 14.4118, 

1.41734, 3.71141, 1.65703, 7.55388, 10.4244, 12.9363, 52.4649, 7.36439, 2.62216, 2.34525, 1.06327, 2.73493, 5.79803, 6.92858, 12.3471, 11.5105, 21.4846, 7.13314, 6.99867, 7.52012, 5.39507, 6.47561, 9.2733, 12.1998, 14.8317, 29.3012, 8.08205, 3.55918, 4.82355, 10.5734, 4.06977, 4.69229, 2.77406, 4.3325, 12.3173, 15.8046, 27.4768, 6.76492, 13.3382, 9.56049, 5.26744, 5.83341, 6.73518, 7.57332, 7.64405, 8.08486, 10.491, 10.5901, 13.4157, 13.9671, 

1.41734, 3.71141, 2.62216, 7.36439, 7.55388, 17.6433, 21.0741, 10.4244, 6.92858, 1.65703, 1.06327, 2.33389, 4.95482, 5.79803, 7.13314, 11.5105, 21.4846, 2.77406, 8.16751, 7.46883, 5.39507, 6.47561, 3.55918, 4.82355, 9.2733, 10.5734, 23.0372, 9.56049, 2.34525, 4.3325, 4.06977, 4.69229, 6.76492, 12.3173, 15.8046, 20.7718, 25.3556, 7.52012, 12.3471, 12.1998, 5.26744, 5.83341, 6.73518, 7.57332, 7.64405, 8.08486, 10.491, 10.5901, 12.9363, 13.3382, 

1.41734, 1.47679, 7.55388, 10.4244, 21.0741, 8.29763, 1.481, 7.36439, 10.4904, 2.77406, 1.06327, 2.33389, 4.95482, 5.79803, 7.13314, 11.5105, 34.8173, 9.56049, 1.65703, 7.46883, 3.71141, 5.26744, 2.34525, 4.3325, 4.82355, 9.2733, 41.9156, 8.16751, 6.92858, 7.52012, 4.06977, 4.69229, 9.45866, 12.3471, 15.8046, 20.7718, 16.9799, 2.62216, 6.76492, 3.55918, 5.39507, 6.47561, 5.83341, 6.73518, 7.01785, 7.64405, 8.08486, 10.3185, 10.5734, 12.1998, 

1.41734, 1.46042, 7.36439, 7.55388, 8.29763, 10.4244, 10.4904, 1.14906, 7.46883, 8.16751, 1.06327, 2.33389, 1.65703, 4.95482, 5.79803, 7.13314, 11.5105, 2.34525, 12.1998, 1.481, 2.39982, 5.26744, 4.3325, 4.82355, 7.52012, 41.9156, 35.2735, 6.92858, 10.5734, 9.2733, 4.06977, 4.69229, 2.62216, 3.55918, 6.76492, 12.3471, 16.9799, 9.45866, 2.77406, 9.56049, 5.39507, 5.50039, 5.83341, 6.47561, 6.73518, 7.01785, 7.64405, 8.08486, 15.8046, 16.9649, 

1.41734, 1.46042, 7.36439, 7.55388, 8.29763, 10.4904, 21.1853, 4.3325, 2.34525, 5.79803, 1.06327, 2.33389, 4.95482, 7.13314, 12.1998, 22.2598, 36.284, 6.49855, 1.481, 1.14906, 2.39982, 5.26744, 6.92858, 7.52012, 9.2733, 31.0433, 53.571, 8.16751, 2.62216, 4.82355, 4.06977, 4.69229, 3.55918, 6.76492, 9.56049, 32.899, 23.4066, 7.46883, 1.65703, 2.77406, 5.39507, 5.50039, 5.83341, 6.47561, 6.73518, 7.01785, 7.64405, 8.08486, 9.45866, 10.4244, 

1.41734, 1.46042, 2.34525, 5.79803, 7.36439, 10.4904, 28.1628, 6.49855, 2.62216, 4.3325, 1.06327, 2.33389, 4.95482, 12.1998, 22.2598, 36.284, 23.4724, 6.0833, 1.481, 2.77406, 2.39982, 5.26744, 6.92858, 8.16751, 9.2733, 27.3038, 31.5293, 7.13314, 1.14906, 7.55388, 4.06977, 4.69229, 1.65703, 6.76492, 7.46883, 18.1755, 23.4066, 4.82355, 7.52012, 3.55918, 5.39507, 5.50039, 5.83341, 6.47561, 6.73518, 7.01785, 7.64405, 8.08486, 8.29763, 8.572, 

1.41734, 1.45612, 2.34525, 6.49855, 7.36439, 28.1628, 21.8987, 4.3325, 1.65703, 1.14906, 1.06327, 2.33389, 2.77406, 4.95482, 12.1998, 23.4724, 9.08424, 3.55918, 2.62216, 8.29763, 2.39982, 5.26744, 6.92858, 7.13314, 8.16751, 27.3038, 31.5293, 4.82355, 8.572, 6.0833, 4.06977, 4.69229, 6.76492, 7.46883, 7.52012, 18.1755, 21.2057, 1.481, 5.79803, 7.55388, 5.39507, 5.50039, 5.83341, 6.47561, 6.73518, 7.01785, 7.64405, 8.08486, 9.2733, 10.4904, 

1.41734, 1.45612, 1.14906, 2.04914, 4.3325, 7.36439, 28.1628, 4.82355, 1.481, 7.52012, 1.06327, 2.33389, 3.55918, 4.95482, 9.08424, 12.1998, 13.8301, 2.34525, 2.77406, 8.7812, 2.39982, 5.26744, 1.93243, 8.16751, 8.572, 27.3038, 39.2581, 8.29763, 7.13314, 6.0833, 4.06977, 4.69229, 5.79803, 6.76492, 7.46883, 7.55388, 49.7191, 1.65703, 2.62216, 6.92858, 5.39507, 5.50039, 5.83341, 6.47561, 6.73518, 7.01785, 7.18179, 7.64405, 9.2733, 10.4904, 

1.41734, 1.45612, 1.14906, 1.481, 2.37797, 4.82355, 30.3667, 2.04914, 8.29763, 3.55918, 1.06327, 2.33389, 2.77406, 4.95482, 7.39472, 8.7812, 30.6935, 8.572, 7.36439, 7.52012, 2.39982, 5.26744, 1.93243, 7.13314, 27.3038, 39.2581, 38.4728, 6.0833, 7.55388, 6.76492, 4.06977, 4.69229, 1.65703, 2.62216, 5.79803, 7.46883, 37.574, 6.92858, 2.34525, 8.16751, 5.39507, 5.50039, 5.83341, 6.47561, 6.73518, 7.01785, 7.18179, 7.64405, 9.2733, 10.4904, 

1.41734, 1.44357, 2.37797, 3.55918, 4.82355, 8.29763, 30.2501, 1.44729, 6.76492, 8.16751, 1.06327, 1.45612, 4.95482, 7.36439, 8.572, 8.7812, 23.5174, 6.0833, 1.93243, 1.481, 2.39982, 5.26744, 1.00908, 7.13314, 7.55388, 27.3038, 20.6703, 7.52012, 7.39472, 1.14906, 1.93286, 4.06977, 1.65703, 2.34525, 2.62216, 6.92858, 7.46883, 2.04914, 5.79803, 2.77406, 2.33389, 5.39507, 5.50039, 5.83341, 6.47561, 6.73518, 7.01785, 7.18179, 9.2733, 10.4904, 

1.41734, 1.44357, 3.55918, 4.82355, 6.76492, 8.16751, 8.29763, 1.481, 6.92858, 1.44729, 1.06327, 1.45612, 1.93243, 7.36439, 8.572, 41.064, 19.8072, 2.34525, 7.39472, 2.37797, 2.33389, 3.26946, 1.00908, 7.13314, 7.52012, 20.6703, 48.0083, 4.95482, 1.65703, 1.14906, 1.93286, 4.06977, 2.04914, 2.62216, 2.77406, 5.79803, 39.5624, 6.0833, 7.46883, 7.55388, 2.39982, 5.39507, 5.50039, 5.83341, 6.47561, 6.73518, 7.01785, 7.18179, 9.2733, 10.4904, 

1.41076, 1.41734, 1.44729, 3.55918, 4.82355, 8.16751, 8.29763, 6.76492, 1.14906, 2.77406, 1.06327, 1.45612, 1.93243, 2.34525, 41.064, 32.6987, 42.7957, 1.481, 6.92858, 7.36439, 2.33389, 3.26946, 1.00908, 4.95482, 7.52012, 17.3979, 40.4706, 2.33359, 2.62216, 1.65703, 1.93286, 4.06977, 5.79803, 6.0833, 7.46883, 12.7911, 39.7179, 2.37797, 7.13314, 2.04914, 1.49524, 4.98189, 5.39507, 5.50039, 5.83341, 6.18189, 6.47561, 6.73518, 7.39472, 7.55388, 

1.41076, 1.41734, 1.14906, 3.55918, 4.82355, 6.76492, 4.6851, 1.93243, 2.77406, 4.95482, 1.06327, 1.45612, 6.92858, 9.10071, 41.064, 23.198, 53.5057, 7.39472, 1.481, 2.33359, 1.49524, 3.26946, 1.00908, 1.65703, 2.62216, 7.52012, 39.1326, 2.34525, 2.04914, 7.36439, 1.93286, 4.06977, 5.79803, 6.0833, 7.13314, 7.46883, 39.7179, 2.37797, 1.44729, 5.21987, 2.33389, 4.98189, 5.39507, 5.50039, 5.83341, 6.18189, 6.47561, 6.73518, 7.55388, 

1.41076, 1.41734, 1.93243, 2.77406, 3.55918, 4.6851, 4.82355, 1.06327, 1.45612, 2.33359, 6.92858, 23.198, 13.1159, 37.9138, 1.49524, 3.26946, 1.00908, 1.65703, 2.34525, 7.52012, 39.1326, 1.93286, 4.06977, 1.44729, 5.21987, 6.0833, 7.46883, 21.0788, 2.33389, 4.98189, 5.39507, 5.50039, 5.83341, 6.18189, 6.47561, 6.73518, 1.14906, 1.481, 

1.41076, 1.41734, 1.93243, 3.55918, 4.6851, 4.82355, 34.1346, 1.06327, 1.14054, 2.33359, 5.95597, 13.1159, 23.198, 37.9138, 1.11972, 2.3196, 1.00908, 1.65703, 2.34525, 7.52012, 38.909, 1.93286, 4.06977, 1.44729, 5.21987, 7.46883, 21.0788, 28.8585, 3.26946, 2.33389, 4.98189, 5.39507, 5.50039, 5.7554, 5.83341, 6.18189, 1.14906, 1.481, 

1.41076, 1.41734, 1.93243, 3.55918, 4.6851, 4.82355, 34.1346, 1.04281, 1.06327, 2.33359, 13.1159, 20.2146, 37.9138, 25.8526, 1.03173, 2.3196, 1.65703, 2.34525, 7.52012, 38.909, 30.0709, 1.93286, 4.06977, 5.21987, 7.46883, 21.0788, 28.8585, 29.562, 2.33389, 3.26946, 4.98189, 5.39507, 5.50039, 5.7554, 5.83341, 6.18189, 1.00908, 1.14906, 

1.41076, 1.41734, 1.93243, 3.55918, 4.6851, 4.82355, 39.6912, 1.04281, 1.06327, 2.33359, 10.7651, 20.2146, 25.8526, 19.437, 1.03173, 1.20656, 1.4879, 2.34525, 30.0709, 38.909, 1.01915, 1.63324, 2.33389, 7.46883, 21.0788, 28.8585, 29.562, 27.3446, 1.93286, 4.06977, 3.26946, 4.98189, 5.39507, 5.50039, 5.7554, 5.83341, 1.00908, 1.14906, 

1.41076, 1.41734, 3.55918, 4.6851, 4.82355, 39.6912, 20.049, 1.04281, 1.06327, 8.47683, 10.7651, 19.437, 25.8526, 8.29105, 1.00048, 1.03173, 1.01915, 1.4879, 2.34525, 30.0709, 44.103, 1.63324, 1.93286, 7.46883, 10.7821, 21.0788, 27.3446, 9.513, 2.33389, 2.79909, 3.26946, 4.06977, 4.98189, 5.39507, 5.50039, 5.7554, 1.00908, 1.14906, 

1.41076, 1.41734, 4.6851, 4.82355, 20.049, 39.6912, 26.422, 1.04281, 1.06327, 8.29105, 10.7651, 19.437, 25.8526, 10.21, 1.00048, 1.03173, 1.01915, 1.4879, 2.34525, 30.0709, 44.103, 1.63324, 1.93286, 7.46883, 9.513, 10.7821, 27.3446, 31.8075, 1.36975, 2.33389, 2.79909, 3.26946, 4.06977, 5.39507, 5.50039, 5.7554, 1.00908, 1.14906, 

1.36975, 1.41734, 4.82355, 20.049, 26.422, 39.6912, 23.0941, 1.04281, 1.06327, 8.29105, 10.7651, 19.437, 25.8526, 41.1621, 1.00048, 1.03173, 1.01915, 1.4879, 2.34525, 30.0709, 33.8034, 1.63324, 1.93286, 7.46883, 9.513, 10.7821, 27.3446, 21.1898, 1.41076, 2.33389, 2.79909, 3.26946, 4.06977, 5.39507, 5.50039, 5.7554, 1.00908, 1.14906, 

1.36975, 1.41734, 4.82355, 23.0941, 26.422, 39.6912, 11.1603, 1.04281, 1.06327, 10.7651, 19.437, 21.4023, 41.1621, 32.2049, 1.00048, 1.00871, 1.01915, 1.4879, 2.34525, 33.8034, 22.9736, 1.41076, 1.93286, 3.69795, 7.46883, 9.513, 10.7821, 27.3446, 1.63324, 2.33389, 2.79909, 3.26946, 4.06977, 5.39507, 5.50039, 5.7554, 1.00908, 1.14906, 

1.36975, 1.41734, 4.82355, 18.2402, 20.4657, 39.6912, 10.4256, 1.02637, 1.04281, 19.437, 21.4023, 32.2049, 41.1621, 38.9221, 0.997634, 1.00048, 1.01915, 2.34525, 22.9736, 32.4052, 7.00121, 1.41076, 1.93286, 3.69795, 7.46883, 9.513, 27.3446, 68.4862, 1.63324, 2.33389, 2.79909, 3.26946, 4.06977, 5.39507, 5.50039, 5.7554, 1.00908, 1.14906, 

1.00663, 1.41734, 10.4256, 18.2402, 20.4657, 39.6912, 25.9391, 1.02637, 1.04281, 19.437, 21.4023, 32.2049, 38.9221, 27.8739, 0.997634, 1.00048, 1.01915, 2.34525, 6.55645, 20.4244, 1.00635, 1.14706, 1.38483, 3.69795, 7.46883, 9.513, 32.9408, 29.9909, 1.36975, 1.63324, 2.33389, 2.79909, 3.26946, 4.06977, 5.39507, 5.50039, 1.00908, 1.14906, 

1.00663, 1.41734, 10.4256, 18.2402, 20.4657, 25.9391, 39.6912, 1.02637, 1.03055, 13.9969, 14.7951, 25.7807, 38.9221, 23.9745, 0.997634, 1.00048, 1.00635, 2.34525, 6.55645, 20.4244, 28.1511, 1.14706, 1.38483, 7.46883, 9.513, 15.9453, 32.9408, 38.2452, 1.36975, 1.63324, 2.33389, 2.79909, 3.26946, 4.06977, 5.39507, 5.50039, 1.00908, 1.01915, 

1.00663, 1.41734, 10.4256, 10.818, 18.2402, 39.6912, 56.333, 1.02637, 1.02655, 8.85869, 14.7951, 16.3185, 32.3917, 25.6616, 0.995921, 0.997634, 1.00635, 2.34525, 20.4244, 28.1511, 22.3901, 1.14706, 1.36975, 7.46883, 9.513, 15.9453, 38.2452, 21.5658, 1.38483, 1.63324, 2.33389, 2.79909, 3.26946, 4.06977, 5.39507, 5.50039, 1.00908, 1.01915, 

1.00663, 1.41734, 6.07371, 10.4256, 18.2402, 39.9982, 31.0248, 1.02637, 1.02655, 8.85869, 14.7951, 16.3185, 25.6616, 16.8197, 0.995921, 0.997634, 1.00635, 1.21347, 2.34525, 20.4244, 24.069, 1.14706, 1.36975, 9.513, 15.9453, 21.5658, 32.615, 30.4004, 1.38483, 1.63324, 2.33389, 2.79909, 3.26946, 4.06977, 5.39507, 5.50039, 1.00908, 1.01915, 

1.00663, 1.38483, 10.4256, 18.2402, 31.0248, 39.9982, 24.2563, 1.02637, 1.02653, 8.85869, 14.7951, 16.3185, 16.8197, 29.288, 0.995921, 0.996455, 1.00635, 1.21347, 2.34525, 7.05114, 20.4244, 1.14706, 1.36975, 2.08537, 9.513, 21.5658, 32.615, 39.866, 1.41734, 1.63324, 2.33389, 2.79909, 3.26946, 4.06977, 5.39507, 5.50039, 1.00908, 1.01915, 

1.00663, 1.38483, 6.11792, 10.4256, 24.2563, 31.0248, 39.9982, 1.02637, 1.02652, 8.85869, 11.4312, 16.3185, 16.8197, 27.6444, 0.995921, 0.996455, 1.21347, 2.34525, 7.05114, 20.4244, 22.2333, 1.14706, 1.36975, 2.08537, 9.513, 21.5658, 32.615, 39.866, 1.41734, 1.63324, 2.33389, 2.79909, 3.26946, 4.06977, 5.39507, 5.50039, 1.00635, 1.00908, 

1.00663, 1.38483, 1.06251, 24.2563, 31.0248, 39.9982, 41.4822, 1.02637, 1.02646, 8.85869, 9.6785, 11.4312, 27.6444, 34.084, 0.995921, 0.996455, 1.21347, 2.34525, 7.05114, 22.2333, 20.7983, 1.14706, 1.36975, 2.08537, 12.3769, 13.8085, 28.1027, 32.0451, 1.41734, 1.63324, 2.33389, 2.79909, 3.26946, 4.06977, 5.39507, 5.50039, 1.00635, 1.00908, 

1.00663, 1.05646, 1.06251, 24.2563, 26.1154, 39.9982, 29.4618, 1.02637, 1.02646, 2.16693, 9.6785, 11.4312, 27.6444, 34.084, 0.995921, 0.996455, 1.21347, 2.34525, 7.05114, 20.7983, 48.2341, 1.05757, 1.36975, 10.3219, 13.8085, 28.1027, 32.0451, 30.5103, 1.41734, 1.63324, 2.33389, 2.79909, 3.26946, 4.06977, 5.39507, 5.50039, 1.00635, 1.00908, 

1.00663, 1.05646, 0.885846, 1.06251, 26.1154, 29.4618, 28.2745, 1.02637, 1.02646, 9.6785, 11.4312, 27.6444, 34.084, 43.7213, 0.995921, 0.996455, 1.21347, 2.34525, 7.05114, 20.7983, 48.2341, 1.05757, 1.26682, 9.27898, 13.8085, 30.5103, 32.0451, 5.1372, 1.41734, 1.63324, 2.33389, 2.79909, 3.26946, 4.06977, 5.39507, 5.50039, 1.00635, 1.00908, 

1.00663, 1.05646, 0.885846, 1.06251, 26.1154, 28.2745, 23.6785, 1.02637, 1.02646, 8.21774, 11.4312, 25.2173, 27.6444, 31.6877, 0.995921, 0.996455, 1.21347, 2.34525, 7.05114, 48.2341, 22.8987, 1.05757, 1.26682, 5.1372, 9.27898, 11.4615, 32.0451, 28.3845, 1.41734, 1.63324, 2.33389, 2.79909, 3.26946, 4.06977, 5.39507, 5.50039, 1.00635, 1.00908, 

1.00663, 1.05646, 0.885846, 1.06251, 23.6785, 26.1154, 28.2745, 1.02636, 1.02637, 11.4312, 25.2173, 27.6444, 31.6877, 25.0325, 0.995685, 0.995921, 1.21347, 2.34525, 7.05114, 14.9143, 9.54232, 1.05757, 1.26682, 5.1372, 9.27898, 11.4615, 32.0451, 12.1921, 1.41734, 1.63324, 2.33389, 2.79909, 3.26946, 4.06977, 5.39507, 5.50039, 1.00635, 1.00908, 

1.00663, 1.05646, 0.402779, 0.885846, 18.4334, 26.1154, 17.1504, 1.02636, 1.02637, 11.4312, 25.0325, 25.2173, 31.6877, 52.6011, 0.995685, 0.995919, 1.21347, 2.34525, 7.05114, 9.54232, 32.9118, 1.0198, 1.26682, 5.1372, 7.22811, 9.27898, 12.1921, 2.04762, 1.05757, 1.41734, 1.63324, 2.33389, 2.79909, 4.06977, 5.39507, 5.50039, 1.00635, 1.00908, 

1.00663, 1.05646, 0.402779, 0.885846, 4.58778, 26.1154, 37.1797, 1.02636, 1.02637, 11.4312, 25.0325, 25.2173, 31.6877, 52.6011, 0.995685, 0.995717, 1.21347, 2.34525, 7.05114, 32.9118, 18.0394, 1.0198, 1.05757, 2.04762, 5.1372, 7.22811, 9.27898, 12.1921, 1.26682, 1.41734, 1.63324, 2.33389, 2.79909, 4.06977, 5.39507, 5.50039, 1.00635, 1.00908, 

1.00663, 1.05646, 0.402779, 0.885846, 26.1154, 37.1797, 19.6418, 1.02635, 1.02636, 11.4312, 25.0325, 25.2173, 31.6877, 52.6011, 0.995685, 0.995717, 1.21347, 2.34525, 18.0394, 32.9118, 13.5504, 1.0198, 1.05757, 2.04762, 5.1372, 7.22811, 9.27898, 23.1941, 1.26682, 1.41734, 1.63324, 2.33389, 2.79909, 4.06977, 5.39507, 5.50039, 1.00635, 1.00908, 

1.00663, 1.05646, 0.402779, 0.885846, 6.6708, 37.1797, 65.9026, 1.02635, 1.02636, 11.4312, 25.0325, 31.6877, 52.6011, 62.3038, 0.995685, 0.995717, 2.34525, 13.5504, 18.0394, 32.9118, 5.1735, 1.0198, 1.05757, 5.1372, 7.22811, 9.27898, 23.1941, 32.4824, 1.26682, 1.41734, 1.63324, 2.33389, 2.79909, 4.06977, 5.39507, 5.50039, 1.00635, 1.00908, 

1.00663, 1.05646, 0.402779, 6.6708, 37.1797, 57.8274, 28.6853, 1.02635, 1.02636, 7.47117, 10.8978, 11.4312, 52.6011, 18.083, 0.995685, 0.995717, 5.1735, 8.45625, 18.0394, 32.114, 33.0926, 1.0198, 1.05757, 5.1372, 5.75474, 9.27898, 23.1941, 26.0561, 1.26682, 1.41734, 1.63324, 2.33389, 2.79909, 4.06977, 5.39507, 5.50039, 1.00635, 1.00908, 

1.00663, 1.05646, 0.402779, 6.6708, 20.0012, 37.1797, 15.3525, 1.02635, 1.02635, 5.14971, 7.47117, 11.4312, 18.083, 52.6011, 0.995685, 0.995717, 5.1735, 18.0394, 32.114, 33.0926, 20.6266, 1.0198, 1.05757, 5.75474, 7.823, 9.27898, 23.1941, 39.8835, 1.26682, 1.41734, 1.63324, 2.33389, 2.79909, 4.06977, 5.39507, 5.50039, 1.00635, 1.00908, 

1.00663, 1.05646, 0.402779, 6.6708, 8.49609, 15.3525, 37.1797, 1.02635, 1.02635, 7.47117, 11.4312, 18.083, 43.4877, 28.3806, 0.995685, 0.995717, 5.1735, 18.0394, 19.461, 33.0926, 24.0064, 1.0198, 1.05757, 5.75474, 7.71204, 23.1941, 39.8835, 46.9639, 1.26682, 1.41734, 1.63324, 2.33389, 2.79909, 4.06977, 5.39507, 5.50039, 1.00635, 1.00908, 

1.00663, 1.05646, 0.402779, 6.6708, 8.49609, 15.3525, 16.5828, 1.02635, 1.02635, 7.47117, 11.4312, 17.7017, 23.1029, 28.3806, 0.995685, 0.995717, 1.12948, 18.0394, 19.461, 24.0064, 33.0926, 1.0198, 1.05757, 5.75474, 7.71204, 23.1941, 46.9639, 21.1806, 1.26682, 1.41734, 1.63324, 2.33389, 2.79909, 3.80293, 4.06977, 5.39507, 1.00635, 1.00908, 

1.00663, 1.05646, 0.402779, 6.6708, 8.49609, 15.3525, 18.0879, 1.02635, 1.02635, 7.47117, 11.3355, 11.4312, 17.7017, 53.1189, 0.995673, 0.995685, 1.07121, 18.0394, 19.461, 24.0064, 33.0926, 1.0198, 1.05757, 5.75474, 7.71204, 21.1806, 30.5932, 1.94327, 1.26682, 1.41734, 1.63324, 2.33389, 2.79909, 3.80293, 4.06977, 5.39507, 1.00635, 1.00908, 

Best:
(0.0161989, -0.0421706, )

Fitness Evaluations:
2743

End Population
(9.949074e-01), (7.671744e-03), (1.000667e+00), (1.666425e-02), (1.619891e-02), (-4.217065e-02), (1.899603e+00), (-1.021804e+00), (2.053480e+00), (8.744042e-01), (3.358141e-01), (-2.306944e-02), (3.938406e-01), (-1.960159e-02), (9.829676e-01), (-3.834781e-03), (9.829667e-01), (-3.833179e-03), (-8.930166e-01), (-1.131385e+00), (2.901247e+00), (7.354666e-02), (-1.858445e+00), (-1.951036e+00), (7.102356e-01), (-1.610720e-01), (-2.341788e+00), (-3.543804e+00), (9.961135e-01), (1.505318e-03), (9.961242e-01), (1.516861e-03), (1.003242e+00), (1.777827e-02), (3.849180e-01), (4.468164e-02), (3.841641e+00), (2.733288e-02), (2.402806e+00), (1.427902e-02), (2.253486e+00), (1.666322e+00), (-1.003241e+00), (-7.525993e-03), (1.000352e+00), (-1.693476e-02), (-9.470896e-01), (1.532149e-01), (-6.947577e-02), (8.136336e-01), (-4.816921e-01), (7.212600e-02), (-4.725106e-01), (2.893808e+00), (6.560640e-02), (-1.018121e+00), (9.908472e-01), (-3.687104e-02), (1.008766e+00), (-4.416827e-02), (1.051628e+00), (-5.394391e-03), (1.022417e+00), (9.635511e-01), (-3.116433e-02), (-9.032599e-01), (8.826993e-01), (-4.664039e-02), (-1.151156e-02), (-1.971951e+00), (8.790433e-01), (-1.061757e+00), (9.948749e-01), (7.577467e-03), (9.865232e-01), (-3.263285e-04), 