Iterations: 50
Function Evaluations Limit: 150000
Population: 50

Prides Length: 4

Percent Nomads: 0.2
Percent Roaming: 0.2
Percent Sex: 0.8

Mating Rate: 0.3
Mutation Probability: 0.2
Immigration Rate: 0.4

Percent Group Influence: 0.4
Annealing On: true
Ranked Selection Pressure: 2
Near To Best Random Pressure: 2

Dimensions: 2
N-Dimension Space: -6.28319:6.28319

Fitness Iterations:
2.39727 (Initial Best)

48.7623, 37.9026, 53.5878, 31.8856, 58.7576, 51.0803, 35.3422, 46.1702, 46.6518, 28.9761, 67.4484, 2.39727, 30.3683, 36.2654, 37.6927, 73.8849, 75.5458, 19.8917, 29.8264, 58.1482, 53.5108, 68.1147, 31.943, 61.0226, 75.1479, 40.8606, 20.5436, 66.5143, 53.0489, 49.3356, 53.3951, 42.9464, 59.473, 16.1602, 26.3152, 73.4887, 38.0398, 38.9448, 47.4986, 32.6245, 43.1388, 57.6127, 36.0967, 25.144, 38.3251, 15.2532, 81.1287, 36.5322, 30.4496, 36.8208, 

12.6635, 15.2532, 31.8856, 46.1702, 48.1396, 53.5878, 36.6019, 17.2117, 29.2884, 37.6927, 2.39727, 15.4978, 7.21961, 19.8917, 30.3683, 36.2654, 21.1913, 21.0938, 19.6111, 38.9448, 33.9946, 36.0967, 20.5436, 31.7415, 40.8606, 61.735, 39.9239, 38.0398, 15.2377, 25.1923, 21.1224, 25.144, 15.3012, 32.6245, 51.6509, 55.9109, 143.403, 26.3152, 30.4496, 36.8208, 36.7157, 24.711, 32.139, 29.4481, 31.0096, 32.8376, 36.5322, 38.1874, 45.2574, 46.6518, 

8.67217, 6.57201, 23.453, 25.2022, 27.2073, 36.6019, 37.6927, 19.6111, 18.3141, 17.2117, 2.39727, 9.54438, 7.21961, 21.0938, 36.2654, 38.9448, 8.07322, 26.1939, 21.1913, 26.3152, 15.2532, 19.8812, 15.9233, 20.5436, 38.0398, 39.9239, 27.5863, 5.87233, 19.8917, 21.9873, 1.34381, 19.1942, 15.3012, 30.4496, 59.0608, 32.4107, 31.579, 28.2562, 15.2377, 12.4584, 12.6635, 15.4978, 9.86741, 25.8273, 20.6197, 24.711, 24.8673, 25.2753, 29.2718, 29.2884, 

6.57201, 8.67217, 17.2117, 18.044, 18.3141, 23.453, 20.0465, 12.2738, 22.1444, 25.8835, 2.39727, 9.54438, 7.21961, 26.1939, 26.3152, 18.3345, 41.6844, 21.9873, 15.2377, 15.3012, 4.25682, 9.86741, 5.26129, 20.5436, 27.5863, 38.0398, 16.3789, 5.87233, 23.0902, 8.07322, 1.34381, 19.1942, 12.4584, 16.7627, 55.012, 27.701, 45.8002, 19.6111, 14.8171, 21.0938, 15.2532, 11.7938, 12.6635, 15.4978, 20.5299, 20.6197, 21.1489, 23.9825, 28.2562, 29.2718, 

6.57201, 8.67217, 14.4031, 22.1444, 23.453, 37.8878, 14.4065, 7.21961, 16.3789, 14.8171, 2.39727, 9.54438, 15.2377, 18.3345, 24.6089, 26.1939, 13.3325, 12.2738, 15.3012, 12.719, 4.25682, 6.3084, 5.26129, 8.07322, 20.5436, 38.0398, 34.8059, 8.80522, 14.9638, 19.7302, 1.34381, 11.7938, 12.4584, 14.2383, 16.0718, 25.6355, 1.9455, 17.2117, 20.0465, 5.87233, 9.86741, 11.479, 11.6092, 19.1942, 13.201, 15.2532, 15.4978, 16.7897, 22.5216, 23.0902, 

6.57201, 8.67217, 7.21961, 11.9578, 14.8171, 23.453, 37.5832, 12.2738, 7.80462, 13.3325, 2.39727, 9.54438, 8.52876, 15.2377, 15.3012, 28.2841, 20.741, 14.4065, 14.4031, 5.87233, 4.25682, 6.3084, 5.26129, 8.07322, 8.75838, 14.9638, 34.8059, 14.9789, 12.719, 14.2383, 1.34381, 11.479, 2.00372, 12.4584, 20.0465, 25.5078, 2.85252, 8.19134, 1.9455, 16.0718, 9.86741, 11.7938, 11.6092, 13.201, 15.2532, 15.4978, 16.7897, 19.1143, 18.3345, 19.7302, 

5.98364, 6.57201, 2.68455, 13.3325, 14.8171, 37.5832, 29.7947, 14.9638, 6.5571, 6.5925, 2.39727, 7.82569, 5.87233, 8.52876, 14.4065, 16.2415, 16.7175, 2.85252, 7.21961, 7.80462, 4.25682, 6.3084, 5.26129, 8.07322, 8.75838, 12.719, 21.6754, 14.2383, 11.9578, 14.9789, 1.34381, 9.54438, 1.9455, 2.00372, 12.4584, 16.0718, 13.1988, 15.3012, 15.2377, 14.4031, 9.01599, 8.6416, 11.479, 9.83929, 9.86741, 11.6092, 11.7938, 13.201, 15.6864, 16.5439, 

1.80673, 5.98364, 2.68455, 6.5571, 14.9638, 29.7947, 29.8678, 8.75838, 6.5925, 13.3325, 2.39727, 7.82569, 2.85252, 5.87233, 8.52876, 16.7175, 34.1337, 7.80462, 8.82801, 7.21961, 4.25682, 6.3084, 5.26129, 8.07322, 12.719, 14.9789, 21.6754, 14.8171, 12.4584, 14.4065, 1.34381, 4.47061, 1.9455, 2.00372, 12.2829, 15.2377, 15.3012, 14.7794, 13.1988, 14.2383, 6.87171, 8.6416, 9.01599, 9.83929, 9.86741, 11.479, 11.6092, 11.7465, 15.6864, 16.0718, 

1.80673, 5.98364, 2.68455, 6.5571, 6.5925, 8.75838, 13.3325, 14.7794, 13.1988, 15.2377, 2.39727, 6.87171, 2.85252, 7.21961, 8.82801, 34.1337, 21.2848, 5.26129, 5.87233, 14.2383, 4.25682, 6.3084, 4.7623, 8.07322, 14.4065, 14.8171, 21.6754, 14.9638, 12.4584, 14.9789, 1.34381, 4.47061, 1.9455, 12.2829, 15.3012, 56.2172, 24.8946, 7.80462, 2.00372, 8.52876, 7.82569, 8.6416, 9.01599, 9.83929, 9.86741, 10.5669, 11.479, 11.6092, 15.6682, 15.6864, 

1.80673, 5.98364, 2.68455, 6.5925, 13.1988, 14.7794, 3.0899, 7.21961, 2.00372, 9.9267, 2.39727, 6.87171, 5.87233, 8.82801, 14.2383, 21.2848, 38.7353, 2.85252, 7.80462, 5.26129, 4.25682, 6.3084, 8.07322, 14.4065, 14.8171, 14.9789, 21.6754, 6.5571, 1.9455, 8.75838, 1.34381, 4.47061, 8.52876, 12.2829, 15.0761, 39.1805, 34.1359, 9.30687, 7.25261, 4.7623, 7.82569, 8.6416, 9.01599, 9.83929, 9.86741, 10.5669, 11.479, 11.6092, 10.8617, 12.4584, 

1.80673, 4.12339, 2.00372, 2.68455, 3.0899, 7.21961, 18.2916, 4.7623, 1.72581, 8.07322, 2.39727, 6.87171, 2.85252, 5.87233, 14.2383, 21.2848, 38.7353, 5.26129, 8.75838, 12.4584, 4.25682, 4.37233, 6.5571, 14.4065, 14.8171, 21.8474, 24.9578, 1.9455, 9.1006, 9.9267, 1.34381, 4.47061, 4.75603, 7.17725, 8.52876, 9.30687, 38.8512, 6.5925, 6.30538, 8.82801, 5.98364, 6.3084, 7.82569, 8.6416, 9.01599, 9.86741, 10.5669, 11.479, 13.1988, 14.7794, 

1.80673, 1.89477, 2.00372, 4.7623, 7.21961, 18.7144, 6.79889, 8.75838, 1.45461, 2.68455, 2.39727, 4.12339, 5.26129, 5.87233, 14.2383, 38.7353, 19.547, 12.4584, 3.0899, 8.07322, 4.25682, 4.37233, 6.5571, 9.1006, 14.4065, 14.8171, 24.9578, 6.30538, 9.9267, 9.30687, 1.34381, 4.47061, 4.75603, 6.5925, 8.52876, 8.82801, 38.8512, 7.17725, 1.72581, 1.9455, 6.87171, 5.98364, 6.3084, 7.82569, 8.6416, 9.01599, 9.86741, 10.5669, 13.1988, 14.7794, 

1.80673, 1.89477, 1.45461, 2.68455, 6.79889, 7.21961, 44.7527, 8.75838, 1.8227, 8.82801, 2.39727, 4.12339, 3.0899, 5.26129, 14.2383, 19.547, 38.7353, 4.7623, 8.52876, 6.30538, 1.75834, 4.37233, 6.5571, 9.9267, 14.4065, 24.9578, 42.1233, 8.07322, 3.32029, 2.00372, 1.34381, 4.47061, 1.9455, 6.5925, 38.8512, 21.0041, 34.7108, 1.72581, 5.87233, 4.75603, 4.25682, 5.98364, 6.3084, 7.82569, 8.6416, 9.01599, 9.86741, 10.5669, 9.1006, 9.30687, 

1.80673, 1.89477, 1.8227, 6.79889, 8.82801, 32.3196, 33.6968, 6.5571, 1.9455, 2.68455, 2.39727, 4.12339, 5.26129, 8.52876, 14.2383, 36.7572, 26.3872, 1.72581, 8.07322, 2.00372, 1.75834, 4.25682, 3.32029, 9.9267, 14.4065, 24.9578, 42.1233, 7.21961, 1.45461, 4.7623, 1.34381, 4.47061, 4.75603, 5.87233, 6.5925, 34.7108, 33.2703, 8.75838, 3.0899, 6.30538, 4.37233, 5.98364, 6.3084, 7.82569, 8.6416, 9.01599, 9.86741, 10.2087, 9.1006, 9.30687, 

1.80673, 1.89477, 1.8227, 1.9455, 8.82801, 32.3196, 8.41807, 6.79889, 8.07322, 8.52876, 2.39727, 4.12339, 1.72581, 2.00372, 14.2383, 36.7572, 34.409, 9.30687, 5.87233, 3.32029, 1.75834, 4.25682, 1.45461, 4.7623, 7.21961, 9.9267, 28.2916, 2.68455, 6.5571, 5.26129, 1.34381, 4.47061, 3.0899, 4.75603, 6.30538, 15.5523, 4.21185, 9.1006, 6.6705, 6.5925, 4.37233, 5.98364, 6.3084, 7.82569, 8.6416, 9.01599, 9.86741, 10.2087, 14.4065, 15.3941, 

1.07693, 1.89477, 1.8227, 6.79889, 7.17148, 15.7828, 0.34104, 8.41807, 3.0899, 5.26129, 2.39727, 4.12339, 1.72581, 2.00372, 3.32029, 46.7833, 27.1101, 8.52876, 5.87233, 1.9455, 1.75834, 4.25682, 1.45461, 2.68455, 6.5571, 28.2916, 16.6942, 4.84253, 8.07322, 4.75603, 1.34381, 3.40374, 2.47813, 4.21185, 6.6705, 15.5523, 104.721, 7.21961, 4.7623, 6.30538, 1.80673, 4.47061, 4.37233, 5.98364, 6.3084, 7.82569, 9.01599, 9.86741, 9.1006, 9.30687, 

1.07693, 1.80673, 0.34104, 3.0899, 6.79889, 7.17148, 14.2986, 8.41807, 2.47813, 5.26129, 2.39727, 3.12378, 1.9455, 2.00372, 2.6786, 3.32029, 46.7833, 4.7623, 4.21185, 6.5571, 1.75834, 4.25682, 1.45461, 2.68455, 16.6942, 28.2916, 27.6808, 1.8227, 4.84253, 1.72581, 1.34381, 3.40374, 6.30538, 6.6705, 96.0234, 19.8205, 25.6674, 4.75603, 7.21961, 8.07322, 1.89477, 4.12339, 4.37233, 4.47061, 6.3084, 7.82569, 9.01599, 9.86741, 8.52876, 9.1006, 

1.07693, 1.80673, 2.47813, 5.26129, 7.17148, 8.41807, 28.7515, 6.30538, 3.0899, 3.32029, 2.39727, 3.12378, 1.9455, 2.00372, 2.6786, 46.7833, 3.47736, 2.68455, 4.93731, 1.8227, 1.75834, 1.89477, 1.45461, 1.72581, 4.84253, 27.6808, 28.2916, 4.7623, 4.21185, 6.79889, 1.34381, 3.40374, 6.6705, 8.07322, 25.6674, 69.8719, 11.211, 0.34104, 4.75603, 6.5571, 3.82091, 4.12339, 4.25682, 4.37233, 4.47061, 6.3084, 7.82569, 9.01599, 7.21961, 7.26159, 

1.07693, 1.80673, 3.0899, 6.30538, 7.17148, 28.7515, 20.534, 2.6786, 6.5571, 4.75603, 2.25401, 3.12378, 1.8227, 1.9455, 3.47736, 4.93731, 16.8848, 5.26129, 2.00372, 2.47813, 1.75834, 1.89477, 1.45461, 4.21185, 4.7623, 4.84253, 12.4724, 3.32029, 7.21961, 0.34104, 1.34381, 3.40374, 6.6705, 11.211, 25.6674, 69.8719, 25.1041, 6.79889, 2.68455, 1.72581, 3.82091, 4.12339, 4.25682, 4.37233, 4.47061, 6.3084, 6.6761, 7.82569, 7.26159, 8.07322, 

1.07693, 1.80673, 2.6786, 4.75603, 6.30538, 20.534, 28.7515, 1.45461, 7.17148, 5.26129, 1.89477, 3.12378, 1.9455, 3.47736, 4.93731, 10.8466, 13.6167, 2.00372, 1.8227, 6.79889, 1.75834, 0.211242, 0.34104, 3.32029, 4.7623, 4.84253, 8.67732, 6.5571, 3.0899, 4.21185, 1.34381, 3.40374, 1.72581, 2.68455, 6.6705, 11.211, 32.1886, 7.21961, 2.47813, 0.382026, 2.25401, 3.82091, 4.12339, 4.25682, 4.37233, 4.47061, 6.3084, 6.6761, 7.26159, 8.07322, 

0.15134, 1.80673, 2.6786, 17.7957, 20.534, 42.0325, 90.5186, 5.26129, 4.75603, 2.47813, 1.89477, 1.95741, 1.9455, 6.79889, 13.6167, 20.2711, 45.4937, 3.47736, 1.45461, 1.72581, 0.211242, 1.75834, 3.0899, 3.32029, 4.7623, 6.5571, 35.3537, 0.34104, 4.21185, 4.93731, 1.34381, 3.40374, 0.382026, 2.68455, 7.21961, 32.1886, 17.6425, 1.8227, 2.00372, 4.84253, 1.07693, 2.25401, 3.82091, 4.07082, 4.12339, 4.37233, 6.3084, 6.6761, 6.30538, 6.6705, 

0.15134, 1.80673, 2.47813, 5.26129, 20.534, 48.5397, 9.97926, 1.9455, 0.34104, 6.5571, 1.89477, 1.95741, 1.45461, 3.47736, 13.2815, 13.6167, 17.9948, 0.382026, 4.75603, 2.6786, 0.211242, 1.07693, 3.0899, 4.21185, 4.93731, 57.5017, 8.61109, 5.7924, 6.30538, 4.7623, 1.34381, 1.86807, 2.00372, 2.68455, 4.84253, 7.21961, 10.4366, 3.32029, 1.72581, 1.8227, 1.75834, 2.25401, 3.82091, 4.07082, 4.12339, 4.37233, 6.3084, 6.6761, 6.6705, 6.79889, 

0.15134, 1.80673, 0.34104, 1.9455, 5.26129, 6.5571, 20.534, 1.89477, 1.95741, 2.6786, 3.47736, 4.75603, 13.6167, 17.4775, 0.211242, 0.54599, 3.0899, 4.93731, 5.7924, 24.9755, 44.3763, 1.34381, 1.75834, 1.8227, 3.32029, 4.84253, 20.9176, 2.89697, 1.86807, 2.25401, 3.82091, 4.07082, 4.12339, 4.37233, 6.3084, 6.6761, 0.382026, 1.45461, 

0.15134, 1.80673, 0.34104, 1.9455, 6.5571, 20.534, 22.1839, 1.86807, 1.95741, 2.6786, 3.47736, 4.75603, 13.6167, 17.4775, 0.211242, 0.54599, 0.517043, 4.93731, 24.9755, 44.3763, 12.3218, 1.34381, 1.75834, 1.8227, 2.89697, 3.32029, 18.0283, 31.2774, 1.89477, 2.25401, 3.82091, 4.07082, 4.12339, 4.37233, 6.3084, 6.6761, 0.382026, 1.45461, 

0.1483, 0.15134, 0.34104, 1.9455, 6.5571, 20.534, 0.0190828, 1.86807, 1.87594, 2.6786, 4.75603, 13.6167, 17.4775, 27.6761, 0.211242, 0.54599, 0.517043, 4.93731, 24.9755, 44.3763, 34.5625, 1.34381, 1.75834, 1.8227, 2.89697, 16.4791, 31.2774, 23.5346, 1.89477, 2.25401, 3.82091, 4.07082, 4.12339, 4.37233, 6.3084, 6.6761, 0.382026, 1.45461, 

0.00474537, 0.1483, 0.0190828, 0.34104, 1.9455, 4.427, 20.534, 1.86807, 1.87594, 2.6786, 4.75603, 13.6167, 27.6761, 44.327, 0.211242, 0.54599, 0.517043, 4.93731, 34.5625, 44.3763, 28.0285, 1.34381, 1.75834, 1.8227, 2.89697, 16.4791, 23.5346, 34.422, 1.89477, 2.25401, 3.82091, 4.07082, 4.12339, 4.37233, 6.3084, 6.6761, 0.382026, 1.45461, 

0.00474537, 0.1483, 0.0190828, 0.34104, 1.9455, 4.427, 20.534, 1.86807, 1.87594, 2.6786, 4.75603, 13.6167, 44.327, 30.1976, 0.211242, 0.54599, 0.517043, 28.0285, 34.5625, 35.6949, 51.2233, 1.34381, 1.75834, 1.8227, 12.1729, 16.4791, 23.5346, 41.4306, 1.89477, 2.25401, 3.82091, 4.07082, 4.12339, 4.37233, 6.3084, 6.6761, 0.382026, 1.45461, 

0.00474537, 0.0575655, 0.0190828, 1.9455, 3.30792, 20.534, 34.6221, 1.86807, 1.87594, 2.6786, 4.75603, 13.6167, 22.3069, 30.1976, 0.185904, 0.211242, 0.517043, 1.21542, 32.0486, 51.2233, 16.2137, 1.34381, 1.75834, 1.8227, 12.1729, 16.4791, 41.4306, 27.366, 1.89477, 2.25401, 3.82091, 4.07082, 4.12339, 4.37233, 6.3084, 6.6761, 0.382026, 1.45461, 

0.00474537, 0.0575655, 0.0190828, 1.9455, 3.30792, 20.534, 6.70982, 1.86807, 1.87594, 4.75603, 13.6167, 15.0974, 30.1976, 41.1608, 0.185904, 0.211242, 0.517043, 16.2137, 32.0486, 35.7918, 33.7917, 1.34381, 1.75834, 1.8227, 9.27971, 16.4791, 27.366, 8.26197, 1.89477, 2.25401, 2.86423, 3.82091, 4.12339, 4.37233, 6.3084, 6.6761, 0.382026, 1.45461, 

0.00474537, 0.0575655, 0.0190828, 1.9455, 6.70982, 20.534, 23.6032, 1.86807, 1.87594, 4.25603, 5.37443, 13.6167, 30.1976, 22.2359, 0.185904, 0.20697, 0.517043, 11.3901, 16.2137, 33.7917, 25.3891, 1.34381, 1.75834, 1.8227, 8.26197, 16.4791, 27.366, 30.7827, 1.89477, 2.25401, 2.86423, 3.82091, 4.12339, 4.37233, 6.3084, 6.6761, 0.382026, 1.45461, 

0.00474537, 0.0326142, 0.0190828, 6.10296, 6.70982, 23.6032, 18.1199, 1.86807, 1.87594, 4.25603, 5.37443, 14.7472, 30.1976, 19.8366, 0.185904, 0.197436, 0.517043, 5.88922, 11.3901, 25.3891, 33.7917, 1.34381, 1.75834, 8.26197, 16.4791, 19.835, 27.366, 20.3917, 1.89477, 2.25401, 2.86423, 3.82091, 4.12339, 4.37233, 6.3084, 6.6761, 0.382026, 1.45461, 

0.00474537, 0.0287396, 0.0190828, 5.90704, 6.70982, 18.1199, 27.6979, 1.86807, 1.87594, 1.27019, 4.25603, 14.7472, 30.1976, 6.18814, 0.185904, 0.197436, 0.517043, 5.88922, 11.3901, 25.3891, 29.0315, 1.34381, 1.75834, 8.26197, 16.4791, 19.835, 20.3917, 19.1103, 1.89477, 2.25401, 2.86423, 3.82091, 4.12339, 4.37233, 6.3084, 6.6761, 0.382026, 1.45461, 

0.00474537, 0.0287396, 0.0190828, 5.90704, 6.70982, 18.1199, 28.2792, 1.86807, 1.87594, 4.25603, 6.18814, 14.7472, 30.1976, 20.2758, 0.185904, 0.197436, 0.517043, 5.88922, 11.3901, 25.3891, 25.5439, 1.34381, 1.75834, 8.26197, 16.4791, 18.0997, 19.835, 37.9594, 1.89477, 2.25401, 2.86423, 3.82091, 4.12339, 4.37233, 6.3084, 6.6761, 0.382026, 1.45461, 

0.00474537, 0.0203255, 0.0190828, 5.90704, 6.70982, 18.1199, 28.2792, 1.86807, 1.87594, 4.25603, 6.18814, 20.2758, 30.1976, 14.8363, 0.185904, 0.110769, 0.517043, 11.3901, 25.3891, 25.5439, 5.52059, 1.34381, 1.75834, 8.26197, 16.4791, 18.0997, 19.064, 37.9594, 1.89477, 2.25401, 2.86423, 3.82091, 4.12339, 4.37233, 6.3084, 6.6761, 0.382026, 1.45461, 

0.00474537, 0.00935673, 0.0190828, 6.70982, 18.1199, 28.2792, 46.4374, 1.86807, 1.87594, 3.13521, 4.25603, 14.8363, 30.1976, 18.5985, 0.110769, 0.185904, 0.517043, 5.52059, 11.3901, 25.3891, 0.773654, 1.34381, 1.75834, 8.26197, 12.6403, 16.4791, 19.064, 47.6349, 1.89477, 2.25401, 2.80386, 2.86423, 4.12339, 4.37233, 6.3084, 6.6761, 0.382026, 1.45461, 

0.00474537, 0.00617325, 0.0190828, 6.70982, 28.2792, 46.4374, 18.5522, 1.86807, 1.87594, 3.13521, 4.25603, 18.5985, 30.1976, 38.63, 0.110769, 0.185904, 0.517043, 0.773654, 11.3901, 25.3891, 40.0621, 1.34381, 1.75834, 8.26197, 12.6403, 15.275, 16.4791, 19.064, 1.89477, 2.25401, 2.80386, 2.86423, 4.12339, 4.37233, 6.3084, 6.6761, 0.382026, 1.45461, 

0.00474537, 0.00617325, 0.0190828, 6.70982, 20.1529, 28.2792, 23.7561, 0.185904, 1.87594, 3.13521, 8.05682, 30.1976, 38.63, 11.9447, 0.110769, 0.152091, 0.773654, 11.3901, 13.0236, 25.3891, 0.295352, 1.34381, 1.75834, 8.26197, 12.6403, 15.275, 18.6607, 43.1943, 1.86807, 1.89477, 2.25401, 2.80386, 2.86423, 4.12339, 4.37233, 6.3084, 0.382026, 1.45461, 

0.00474537, 0.00617325, 0.0190828, 6.70982, 17.7374, 20.1529, 26.7521, 0.152091, 1.08537, 3.13521, 8.05682, 30.1976, 38.63, 8.19543, 0.110769, 0.0554266, 0.0547921, 0.773654, 11.3901, 25.3891, 0.0629719, 1.34381, 1.75834, 12.6403, 15.275, 18.6607, 43.1943, 2.64997, 0.185904, 1.86807, 1.89477, 2.25401, 2.80386, 2.86423, 4.12339, 4.37233, 0.382026, 1.45461, 

0.00474537, 0.00617325, 0.0190828, 6.70297, 17.7374, 20.1529, 80.37, 0.152091, 0.185904, 3.13521, 8.05682, 8.19543, 38.63, 29.8963, 0.0554266, 0.0739909, 0.0547921, 0.773654, 7.10204, 25.3891, 28.0333, 1.34381, 1.75834, 9.01863, 12.6403, 15.275, 18.6607, 24.5546, 0.575145, 1.86807, 1.89477, 2.25401, 2.80386, 2.86423, 4.12339, 4.37233, 0.0629719, 0.382026, 

0.00474537, 0.00533971, 0.0190828, 2.25371, 6.70297, 17.7374, 26.1878, 0.152091, 0.185904, 3.13521, 8.05682, 8.19543, 29.8963, 35.9361, 0.0554266, 0.0739484, 0.0547921, 0.773654, 7.10204, 25.3891, 36.3297, 1.34381, 1.75834, 9.01863, 12.6403, 15.275, 18.6607, 22.3129, 0.575145, 1.86807, 1.89477, 2.25401, 2.80386, 2.86423, 4.12339, 4.37233, 0.0629719, 0.382026, 

0.00474537, 0.00533971, 0.0190828, 6.70297, 17.7374, 26.1878, 30.0908, 0.152091, 0.185904, 3.13521, 8.05682, 8.19543, 35.9361, 24.9734, 0.00938518, 0.0506951, 0.0547921, 0.773654, 7.10204, 24.2873, 23.856, 1.34381, 1.75834, 9.01863, 12.6403, 18.6607, 18.6891, 7.6228, 0.0298046, 0.575145, 1.86807, 1.89477, 2.25401, 2.80386, 2.86423, 4.12339, 0.0629719, 0.382026, 

0.0016862, 0.00474537, 0.0190828, 7.80506, 17.7374, 26.1878, 39.9276, 0.133299, 0.152091, 3.13521, 8.05682, 8.19543, 35.9361, 21.0346, 0.00938518, 0.0298046, 0.0547921, 0.773654, 23.856, 24.2873, 13.398, 1.34381, 1.75834, 6.70654, 7.6228, 12.3713, 12.6403, 34.152, 0.0506951, 0.575145, 1.86807, 1.89477, 2.25401, 2.80386, 2.86423, 4.12339, 0.0629719, 0.382026, 

0.0016862, 0.00474537, 2.47833, 17.7374, 26.1878, 39.9276, 36.6436, 0.133299, 0.143418, 1.94923, 3.13521, 8.19543, 21.0346, 35.9361, 0.00938518, 0.0298046, 0.0547921, 13.398, 23.856, 24.2873, 25.4411, 0.575145, 1.67966, 7.6228, 12.3713, 12.6403, 34.152, 9.04503, 0.0506951, 1.34381, 1.75834, 1.86807, 1.89477, 2.25401, 2.80386, 4.12339, 0.0190828, 0.0629719, 

0.0016862, 0.00188253, 2.47833, 26.1878, 36.6436, 39.9276, 23.9837, 0.131637, 0.133299, 3.13521, 8.19543, 21.0346, 30.2269, 37.3913, 0.00938518, 0.0298046, 0.0547921, 13.398, 23.856, 24.2873, 25.4411, 0.346321, 0.575145, 7.6228, 9.04503, 12.3713, 12.6403, 43.6059, 0.0506951, 1.34381, 1.75834, 1.86807, 1.89477, 2.25401, 2.80386, 4.12339, 0.0190828, 0.0629719, 

0.0016862, 0.00186068, 2.47833, 23.9837, 36.6436, 39.9276, 6.5726, 0.0506951, 0.131637, 3.13521, 6.04097, 8.19543, 21.0346, 19.5805, 0.00938518, 0.0247409, 0.0547921, 13.398, 23.2363, 25.4411, 44.2268, 0.346321, 0.537067, 7.6228, 9.04503, 11.5497, 12.6403, 20.6264, 0.13095, 1.34381, 1.75834, 1.86807, 1.89477, 2.25401, 2.80386, 4.12339, 0.0190828, 0.0629719, 

0.0016862, 0.00186068, 2.47833, 18.4077, 23.9837, 39.9276, 52.1383, 0.0506951, 0.13095, 6.04097, 8.19543, 10.4789, 19.5805, 25.0282, 0.00938518, 0.0247409, 0.0547921, 2.78321, 25.4411, 44.2268, 29.209, 0.346321, 0.537067, 7.6228, 7.87808, 9.04503, 11.5497, 22.6622, 0.131637, 1.34381, 1.75834, 1.86807, 1.89477, 2.25401, 2.80386, 4.12339, 0.0190828, 0.0629719, 

0.0016862, 0.00186068, 0.473716, 17.2457, 39.9276, 46.9178, 26.1603, 0.0506951, 0.13095, 6.04097, 8.19543, 10.4789, 25.0282, 35.4136, 0.00938518, 0.0247409, 0.0547921, 1.66102, 25.4411, 29.209, 20.9214, 0.346321, 0.506306, 7.6228, 7.87808, 11.5497, 22.6622, 19.186, 0.131637, 1.34381, 1.75834, 1.86807, 1.89477, 2.25401, 2.80386, 4.12339, 0.0190828, 0.0629719, 

0.0016862, 0.00186068, 0.473716, 17.2457, 26.1603, 33.3337, 46.9178, 0.0506951, 0.13095, 6.04097, 8.19543, 10.4789, 25.0282, 35.4136, 0.00938518, 0.0247409, 0.0547921, 20.9214, 25.4411, 29.209, 23.7545, 0.346321, 0.45257, 7.6228, 7.87808, 11.5497, 22.6622, 3.31554, 0.131637, 1.34381, 1.75834, 1.86807, 1.89477, 2.25401, 2.54318, 2.80386, 0.0190828, 0.0629719, 

0.0016862, 0.00186068, 0.473716, 2.84677, 17.2457, 23.4875, 27.7874, 0.0506951, 0.0507034, 8.19543, 10.4789, 11.6634, 23.4254, 22.3501, 0.00938518, 0.0247409, 0.0547921, 20.9214, 23.7545, 29.209, 23.8196, 0.346321, 0.387587, 3.31554, 7.6228, 7.87808, 22.6622, 18.9515, 0.131637, 1.34381, 1.75834, 1.86807, 1.89477, 2.25401, 2.54318, 2.80386, 0.0190828, 0.0629719, 

0.0016862, 0.00186068, 0.473716, 2.6622, 17.2457, 23.4875, 32.3442, 0.0506951, 0.0507034, 3.95362, 10.4789, 11.6634, 22.3501, 0.929342, 0.00721817, 0.00938518, 9.09837, 20.9214, 23.8196, 29.209, 47.4729, 0.329496, 0.346321, 3.31554, 7.87808, 18.9515, 22.6622, 29.5974, 0.131637, 1.19071, 1.34381, 1.75834, 1.86807, 1.89477, 2.25401, 2.54318, 0.0190828, 0.0547921, 

0.0015992, 0.0016862, 2.6622, 17.2457, 23.4875, 32.3442, 22.3779, 0.0380715, 0.0506951, 0.929342, 3.95362, 10.4789, 11.6634, 0.742766, 0.00721817, 0.00828169, 20.9214, 23.8196, 29.209, 47.4729, 59.3298, 0.131637, 0.137469, 3.31554, 18.9515, 22.6622, 29.5974, 35.0542, 0.329496, 0.343856, 1.19071, 1.34381, 1.75834, 1.86807, 1.89477, 2.25401, 0.0190828, 0.0547921, 

Best:
(0.000816803, -0.00271915, )

Fitness Evaluations:
2767

End Population
(8.168034e-04), (-2.719153e-03), (7.369323e-04), (-2.820723e-03), (9.493182e-01), (1.031432e+00), (1.898536e+00), (2.863034e+00), (-1.084919e+00), (-1.424356e+00), (-7.280383e-01), (-1.606097e+00), (3.781066e+00), (1.029916e-02), (1.111942e-03), (-1.381242e-02), (7.665104e-03), (-1.403262e-02), (6.868231e-02), (-6.285281e-03), (1.461992e-01), (2.846529e-03), (-8.226233e-01), (2.023889e+00), (9.452226e-01), (-1.799401e+00), (5.639028e-02), (-2.445802e-02), (-4.697896e-03), (-3.783571e-03), (-4.147034e-03), (-4.954708e-03), (-1.915289e+00), (-1.701956e+00), (-4.911721e-01), (-1.389376e-01), (2.868262e+00), (-2.290252e+00), (8.892780e-01), (-5.724639e+00), (5.515234e+00), (-2.988839e+00), (2.577329e-02), (-8.371301e-04), (2.298629e-02), (1.286653e-02), (1.087157e+00), (-5.849514e-02), (5.959081e-01), (-4.259505e-02), (3.917034e+00), (-1.837577e-01), (1.274614e+00), (3.585507e-01), (-6.776137e-01), (5.183800e-01), (3.341325e-02), (-2.344029e-02), (3.476407e-02), (-2.302969e-02), (7.807466e-02), (-5.178823e-03), (1.033947e+00), (1.558455e-02), (-1.006846e+00), (-6.125709e-02), (9.478809e-01), (-4.716728e-02), (8.723357e-02), (4.629876e-02), (1.023506e+00), (7.507047e-02), (-7.078019e-04), (-9.783464e-03), (8.018214e-04), (-1.660683e-02), 