Iterations: 50
Function Evaluations Limit: 150000
Population: 50

Prides Length: 4

Percent Nomads: 0.2
Percent Roaming: 0.2
Percent Sex: 0.8

Mating Rate: 0.3
Mutation Probability: 0.2
Immigration Rate: 0.4

Percent Group Influence: 0.4
Annealing On: true
Ranked Selection Pressure: 2
Near To Best Random Pressure: 2

Dimensions: 2
N-Dimension Space: -6.28319:6.28319

Fitness Iterations:
7.61714 (Initial Best)

92.5417, 34.2022, 29.172, 34.345, 49.1197, 44.0409, 66.5598, 49.8575, 66.6285, 18.7419, 67.2303, 56.0092, 50.6166, 54.2917, 49.2332, 49.7061, 38.0855, 42.3737, 59.3775, 44.7196, 34.1136, 56.662, 35.0727, 47.1858, 67.1104, 32.7394, 63.4209, 37.296, 53.1454, 54.7982, 26.4984, 71.1142, 7.61714, 46.3873, 36.8882, 16.9553, 41.0566, 30.6989, 84.7811, 80.0146, 68.7375, 16.884, 39.092, 28.8275, 30.7672, 24.2846, 51.8693, 47.7454, 43.7373, 12.7278, 

5.6154, 24.2846, 19.4212, 23.9938, 26.156, 27.5099, 42.0779, 27.6768, 12.7278, 28.1008, 13.1884, 21.2457, 24.2314, 41.135, 49.2332, 59.3775, 49.2449, 5.88338, 32.7394, 18.0565, 18.9048, 9.92167, 16.1782, 16.3074, 67.1104, 29.9866, 49.8956, 22.1001, 30.6989, 3.67696, 23.9317, 15.4042, 7.61714, 16.9553, 41.0566, 59.3112, 36.1396, 6.34441, 9.38773, 14.7357, 20.0885, 28.0308, 26.4984, 32.4613, 27.2204, 28.8275, 29.4482, 30.7672, 35.0727, 40.5579, 

3.31461, 6.63437, 26.156, 27.6768, 42.0779, 25.0503, 29.2198, 2.22307, 22.8326, 18.0565, 13.1884, 20.0885, 17.3937, 23.9512, 31.1409, 33.7721, 15.9452, 6.34441, 16.3074, 19.4212, 9.92167, 18.9048, 3.67696, 16.1782, 22.1001, 30.6989, 51.9974, 4.66439, 23.1303, 19.7149, 11.7528, 7.25328, 9.38773, 14.7357, 16.9553, 29.6529, 36.1396, 6.13506, 12.7278, 23.9938, 5.6154, 15.0046, 21.2457, 20.1113, 20.914, 23.9317, 25.997, 26.4984, 25.8117, 27.5099, 

3.31461, 5.6154, 22.8326, 25.0503, 26.156, 29.2198, 17.3918, 16.9553, 19.4212, 16.8836, 13.1884, 15.0046, 6.34441, 15.7812, 15.9452, 17.3937, 28.8029, 12.6088, 19.7149, 22.1001, 8.79079, 11.7528, 3.67696, 4.66439, 16.1782, 30.6989, 35.9223, 20.4908, 9.38773, 9.96306, 4.311, 3.90105, 6.13506, 12.7278, 23.9938, 21.6131, 2.82941, 22.4533, 14.7357, 2.22307, 6.63437, 9.92167, 18.9048, 17.4925, 19.1363, 20.0885, 20.1113, 20.914, 23.1303, 23.9512, 

3.31461, 5.6154, 16.9553, 17.3918, 25.0503, 26.156, 33.0475, 16.8836, 2.82941, 19.4212, 13.1884, 15.0046, 13.1945, 15.7812, 19.7149, 28.8029, 4.07, 9.96306, 12.6088, 2.22307, 8.79079, 11.7528, 4.66439, 9.38773, 16.1782, 37.5444, 39.5759, 11.9665, 17.3937, 14.7357, 3.90105, 4.311, 6.13506, 11.5527, 22.4533, 23.9938, 26.7161, 6.34441, 15.9452, 3.67696, 6.63437, 9.92167, 12.871, 17.4925, 18.7473, 18.9048, 19.1363, 19.3669, 19.6867, 20.4453, 

2.14671, 2.74061, 11.2872, 26.156, 33.0475, 27.1742, 49.8747, 9.38773, 16.1782, 10.4839, 6.02926, 12.2741, 4.07, 9.41421, 9.96306, 15.7812, 14.8242, 16.7956, 16.9553, 6.13506, 8.79079, 11.7528, 11.9665, 14.7357, 17.3937, 20.1159, 39.5759, 2.22307, 2.82941, 4.66439, 3.90105, 4.311, 3.67696, 6.34441, 15.9452, 26.7161, 23.5557, 8.50555, 11.5527, 17.3918, 5.6154, 13.1884, 9.92167, 12.871, 15.0046, 15.2355, 16.8267, 17.4925, 19.4212, 19.6867, 

2.14671, 2.74061, 10.4839, 11.2872, 26.156, 27.1742, 11.6199, 4.07, 8.07218, 2.22307, 5.6154, 6.57659, 6.13506, 9.41421, 15.7812, 16.9553, 11.4435, 16.1782, 4.66439, 14.8242, 8.79079, 5.49235, 11.9665, 14.7357, 20.1159, 17.016, 21.5413, 15.9452, 11.5527, 2.82941, 3.66846, 3.90105, 3.67696, 8.50555, 26.7161, 31.5214, 8.47413, 6.34441, 9.96306, 9.38773, 6.02926, 9.92167, 11.7528, 12.2741, 12.871, 13.1884, 15.0046, 15.2355, 16.7956, 17.3937, 

2.14671, 2.74061, 2.22307, 10.4839, 11.6199, 27.1742, 14.3188, 11.2872, 11.4435, 3.67696, 5.6154, 6.57659, 4.66439, 6.13506, 9.41421, 13.3914, 16.1782, 14.7746, 10.9004, 9.38773, 5.49235, 6.02926, 2.82941, 11.9665, 15.2535, 20.1159, 9.90807, 6.34441, 14.7357, 8.07218, 3.66846, 3.90105, 1.65447, 8.47413, 8.50555, 26.7161, 31.5214, 15.6599, 14.8242, 4.07, 8.79079, 9.92167, 10.655, 11.7528, 12.2741, 12.871, 14.8014, 15.0046, 15.7812, 15.9452, 

2.14671, 2.74061, 10.4839, 11.4435, 27.1742, 13.7079, 43.0754, 6.13506, 8.47413, 11.6199, 5.55664, 6.02926, 4.66439, 9.38773, 14.4867, 14.7746, 34.3424, 2.22307, 5.06105, 11.9665, 5.49235, 5.42056, 2.82941, 8.07218, 9.90807, 14.7357, 14.4366, 4.07, 10.9004, 9.41421, 3.66846, 3.90105, 1.65447, 8.50555, 14.8242, 16.8424, 39.2393, 11.2872, 6.34441, 3.67696, 6.57659, 8.79079, 9.92167, 10.655, 11.7528, 12.2741, 12.8455, 12.871, 13.3914, 14.3188, 

2.14671, 2.74061, 6.13506, 8.47413, 10.4839, 11.4435, 43.0754, 3.65074, 9.90807, 10.8969, 5.55664, 6.02926, 4.66439, 5.06105, 11.9665, 14.4867, 22.4307, 6.3449, 11.6199, 9.38773, 5.42056, 5.49235, 4.07, 8.07218, 9.41421, 10.9004, 14.7357, 2.82941, 13.3914, 2.22307, 3.66846, 3.90105, 3.67696, 8.50555, 16.8424, 39.8066, 26.5275, 11.2872, 1.65447, 6.34441, 6.21089, 6.57659, 7.11098, 8.79079, 9.92167, 10.655, 11.7528, 12.2741, 13.7079, 14.3188, 

2.14671, 2.40444, 9.90807, 10.4839, 10.8969, 11.4435, 43.0754, 8.47413, 3.67696, 6.13506, 5.55664, 6.02926, 9.38773, 11.9665, 14.4867, 20.8084, 54.0794, 6.3449, 3.65074, 2.82941, 5.42056, 5.49235, 2.22307, 4.07, 9.41421, 10.9004, 14.7357, 4.66439, 11.2872, 8.07218, 3.66846, 3.90105, 1.65447, 6.34441, 8.50555, 16.8424, 22.2371, 13.3914, 5.06105, 11.6199, 2.74061, 6.21089, 6.57659, 7.11098, 8.79079, 9.92167, 10.655, 11.7528, 13.5377, 13.7079, 

2.14671, 2.40444, 6.13506, 9.90807, 10.8969, 11.4435, 21.8389, 5.06105, 10.1547, 4.66439, 5.55664, 0.755724, 6.3449, 6.85462, 11.9665, 20.8084, 13.1014, 3.65074, 8.47413, 4.07, 5.42056, 5.49235, 2.22307, 9.41421, 10.9004, 14.7357, 26.2695, 6.92094, 8.50555, 2.82941, 2.74061, 3.90105, 1.65447, 6.34441, 11.6199, 13.3914, 25.9564, 8.07218, 10.4839, 3.67696, 3.66846, 6.02926, 6.21089, 6.57659, 7.11098, 8.79079, 9.92167, 10.655, 13.5377, 13.7079, 

2.14671, 2.40444, 2.90039, 6.13506, 11.4435, 21.8389, 32.7071, 3.67696, 9.90807, 6.3449, 0.755724, 3.90105, 2.02941, 3.65074, 6.85462, 8.47413, 15.5445, 10.8969, 5.06105, 4.66439, 3.66846, 1.83356, 2.82941, 9.41421, 10.431, 26.2695, 2.52637, 6.92094, 6.10953, 8.50555, 2.74061, 3.77606, 1.65447, 6.34441, 10.4839, 11.6199, 34.4358, 8.07218, 10.9004, 2.22307, 4.40787, 5.55664, 5.49235, 6.02926, 6.21089, 6.57659, 7.11098, 8.79079, 11.9665, 13.3914, 

2.14671, 2.1721, 3.67696, 6.13506, 6.3449, 11.4435, 21.8389, 6.34441, 1.00766, 9.90807, 0.375604, 0.755724, 4.66439, 5.06105, 6.85462, 10.8969, 6.21473, 6.10953, 8.47413, 9.41421, 1.83356, 3.66846, 2.52637, 6.92094, 8.50555, 10.2235, 4.2051, 5.69531, 10.431, 3.65074, 2.74061, 3.77606, 1.65447, 2.22307, 11.6199, 29.6317, 2.74805, 2.02941, 8.32346, 2.90039, 4.40787, 4.43488, 4.73422, 5.49235, 5.55664, 6.02926, 6.21089, 6.57659, 10.4839, 10.9004, 

2.14671, 2.1721, 1.00766, 6.13506, 6.34441, 6.3449, 18.7765, 7.05549, 2.02941, 2.90039, 0.232569, 0.755724, 6.10953, 6.21473, 6.85462, 9.35769, 13.4149, 4.2051, 1.65447, 2.52637, 1.83356, 1.82471, 3.65074, 5.69531, 6.92094, 10.2235, 1.73517, 8.47413, 2.35872, 3.67696, 2.74061, 3.20602, 2.22307, 8.32346, 11.6199, 29.6317, 24.9266, 1.58383, 5.06105, 4.66439, 0.375604, 3.77606, 4.40787, 4.43488, 4.73422, 5.0159, 5.55664, 6.02926, 9.41421, 9.84223, 

2.14671, 2.1721, 6.13506, 6.34441, 6.3449, 7.05549, 20.9698, 8.32346, 6.85462, 6.92094, 0.232569, 0.755724, 1.65447, 2.52637, 4.2051, 24.4017, 2.0544, 6.10953, 5.69531, 2.02941, 1.68409, 1.83356, 1.73517, 3.65074, 8.47413, 10.8958, 36.3081, 1.00766, 1.58383, 2.35872, 2.74061, 3.04811, 2.22307, 4.66439, 5.06105, 32.1033, 5.08969, 2.90039, 3.67696, 6.21473, 0.375604, 3.77606, 4.40787, 4.43488, 4.73422, 5.0159, 5.55664, 6.02926, 9.35769, 9.41421, 

0.375604, 1.35086, 6.13506, 6.3449, 6.92094, 7.05549, 42.7572, 7.71787, 6.21473, 6.34441, 0.232569, 0.755724, 2.02941, 2.52637, 4.2051, 5.69531, 18.0753, 3.65074, 4.66439, 2.22307, 1.01141, 1.66548, 1.00766, 1.58383, 1.73517, 10.8958, 9.60289, 1.88195, 6.10953, 2.90039, 2.74061, 3.04811, 1.25184, 3.67696, 5.08969, 39.6528, 172.757, 6.85462, 2.35872, 1.65447, 2.14671, 2.1721, 3.77606, 4.0261, 4.40787, 4.43488, 4.73422, 5.55664, 8.32346, 8.47413, 

0.375604, 1.35086, 3.17897, 6.13506, 6.34441, 26.97, 35.9899, 1.65447, 6.10953, 1.88195, 0.232569, 0.755724, 2.02941, 2.22307, 4.2051, 4.66439, 18.0753, 6.21473, 6.85462, 3.65074, 1.01141, 1.13234, 1.58383, 2.90039, 10.8958, 61.5255, 21.1122, 1.73517, 6.3449, 1.00766, 2.14671, 3.04811, 1.25184, 3.67696, 5.08969, 8.04094, 17.9618, 5.69531, 2.35872, 2.52637, 2.74061, 2.1721, 3.77606, 4.0261, 4.40787, 4.43488, 4.73422, 5.55664, 6.92094, 7.05549, 

0.375604, 1.35086, 6.10953, 6.13506, 26.329, 26.97, 17.9266, 2.22307, 5.69531, 2.90039, 0.00533821, 0.232569, 3.65074, 4.66439, 18.0753, 59.1071, 36.472, 1.88195, 4.2051, 1.25184, 1.01141, 1.13234, 1.00766, 6.3449, 21.1122, 9.13976, 11.4684, 2.02941, 1.65447, 3.17897, 2.14671, 2.6405, 2.52637, 3.67696, 5.08969, 17.9618, 35.4928, 1.58383, 2.35872, 1.73517, 2.1721, 3.04811, 2.74061, 3.77606, 4.0261, 4.40787, 4.43488, 4.73422, 6.21473, 6.34441, 

0.375604, 1.35086, 2.22307, 6.10953, 17.9266, 69.0197, 13.6636, 3.65074, 1.73517, 6.21473, 0.00533821, 0.232569, 1.25184, 1.88195, 4.2051, 9.83881, 36.973, 2.52637, 3.67696, 1.58383, 1.01141, 1.13234, 1.65447, 2.02941, 3.17897, 9.13976, 20.9877, 2.90039, 5.08969, 6.13506, 2.14671, 2.1721, 2.35872, 17.9618, 35.4928, 20.7016, 14.0932, 5.69531, 4.66439, 1.00766, 2.6405, 2.68894, 2.74061, 3.04811, 3.77606, 4.40787, 4.43488, 4.73422, 6.34441, 6.3449, 

0.375604, 1.35086, 1.73517, 6.10953, 6.21473, 13.6636, 69.0197, 3.67696, 4.2051, 6.3449, 0.00533821, 0.232569, 1.25184, 1.58383, 1.88195, 36.973, 52.7205, 2.35872, 5.69531, 2.22307, 1.00163, 1.01141, 1.65447, 2.90039, 3.17897, 5.08969, 6.13506, 9.13976, 1.00766, 3.65074, 2.14671, 2.1721, 4.66439, 11.4043, 14.0932, 17.9618, 16.5485, 2.02941, 6.34441, 2.52637, 2.6405, 2.68894, 2.74061, 3.04811, 3.77606, 4.40787, 4.43488, 4.73422, 9.83881, 17.9266, 

0.375604, 0.950048, 1.73517, 3.67696, 6.21473, 6.3449, 21.5144, 9.83881, 5.69531, 2.02941, 0.00533821, 0.232569, 1.25184, 1.58383, 1.88195, 36.973, 19.3316, 6.10953, 2.90039, 4.2051, 1.00001, 1.00163, 1.65447, 3.17897, 3.65074, 9.13976, 25.9501, 1.00766, 5.08969, 2.35872, 2.14671, 2.1721, 4.66439, 6.34441, 14.0932, 16.5485, 17.9618, 6.13506, 2.22307, 2.52637, 1.35086, 2.6405, 2.68894, 3.04811, 3.77606, 4.40787, 4.43488, 4.73422, 11.4043, 13.6636, 

0.375604, 0.823614, 1.73517, 3.67696, 6.3449, 21.5144, 24.276, 6.13506, 9.83881, 3.17897, 0.00533821, 0.232569, 1.58383, 1.88195, 4.2051, 6.10953, 47.0856, 6.21473, 1.00766, 2.02941, 0.997358, 1.00001, 2.35872, 3.65074, 9.13976, 25.9501, 21.605, 1.25184, 6.34441, 5.69531, 1.35086, 2.1721, 2.22307, 2.52637, 4.66439, 33.0474, 44.1126, 5.08969, 2.90039, 1.65447, 1.32545, 2.14671, 2.22795, 2.6405, 2.68894, 3.77606, 4.40787, 4.43488, 11.4043, 13.6636, 

0.157606, 0.375604, 1.73517, 21.5144, 24.276, 24.5648, 34.2605, 5.08969, 3.17897, 1.65447, 0.00533821, 0.232569, 1.00766, 2.02941, 4.2051, 47.0856, 26.7899, 6.13506, 2.90039, 6.10953, 0.997358, 1.00001, 3.65074, 5.69531, 21.605, 25.9501, 16.6525, 2.22307, 1.25184, 1.88195, 1.35086, 2.1721, 2.52637, 4.66439, 16.4708, 33.0474, 22.5954, 2.35872, 1.58383, 3.67696, 1.32545, 2.14671, 2.22795, 2.6405, 2.68894, 3.77606, 4.40787, 4.43488, 6.21473, 6.34441, 

0.157606, 0.375604, 1.65447, 1.73517, 5.08969, 24.276, 24.5648, 4.66439, 2.22307, 6.10953, 0.00533821, 0.232569, 4.2051, 6.13506, 26.7899, 47.0856, 16.2232, 1.00766, 2.90039, 2.02941, 0.997358, 1.00001, 1.88195, 15.4768, 16.6525, 24.154, 13.942, 2.52637, 3.65074, 3.17897, 1.35086, 2.1721, 1.58383, 2.35872, 12.5386, 16.4708, 19.8989, 1.25184, 5.69531, 3.67696, 1.32545, 2.14671, 2.22795, 2.6405, 2.68894, 3.77606, 4.40787, 4.43488, 6.21473, 6.34441, 

0.0797498, 0.157606, 1.65447, 4.66439, 5.08969, 24.276, 9.94947, 1.00766, 4.2051, 2.22307, 0.00533821, 0.232569, 2.02941, 16.2232, 26.7899, 47.0856, 52.9543, 3.67696, 5.69531, 1.17905, 0.997358, 1.00001, 1.88195, 13.942, 15.4768, 24.154, 56.2266, 3.17897, 2.52637, 1.73517, 1.35086, 2.1721, 1.58383, 2.35872, 16.4459, 55.5117, 13.1283, 3.65074, 1.25184, 2.90039, 1.32545, 2.14671, 2.22795, 2.6405, 2.68894, 3.77606, 4.40787, 4.43488, 6.10953, 6.13506, 

0.0755816, 0.0797498, 4.2051, 4.66439, 9.94947, 24.276, 32.9509, 3.67696, 1.88195, 1.65447, 0.00533821, 0.0427637, 1.17905, 5.69531, 47.0856, 52.9543, 19.0331, 2.02941, 2.22307, 3.17897, 0.997358, 1.00001, 1.73517, 13.942, 15.4768, 56.2266, 41.2311, 1.00766, 5.08969, 2.52637, 1.32545, 2.14671, 2.35872, 2.90039, 16.4459, 55.5117, 37.824, 1.25184, 3.65074, 1.58383, 1.35086, 2.1721, 2.22795, 2.6405, 2.68894, 3.77606, 4.40787, 4.43488, 6.10953, 6.13506, 

0.0755816, 0.0797498, 4.66439, 9.94947, 24.276, 26.297, 33.4075, 4.2051, 1.25184, 6.13506, 0.00533821, 0.0418325, 1.17905, 3.17897, 5.69531, 8.2056, 15.7299, 2.52637, 2.02941, 1.88195, 0.997358, 1.00001, 1.00766, 1.73517, 13.942, 19.2532, 53.3216, 6.10953, 1.65447, 5.08969, 1.32545, 1.35086, 1.58383, 2.35872, 2.90039, 16.4459, 17.4511, 3.67696, 2.22307, 3.65074, 2.14671, 2.1721, 2.22795, 2.6405, 2.68894, 3.77606, 4.40787, 4.43488, 

0.0755816, 0.0797498, 4.66439, 6.13506, 24.276, 33.4075, 10.9383, 0.00533821, 0.0174947, 1.88195, 2.02941, 2.52637, 3.17897, 5.69531, 0.997358, 1.00001, 5.08969, 13.942, 19.2532, 53.3216, 1.13654, 1.32545, 1.35086, 2.22307, 2.90039, 9.98135, 2.36642, 26.0357, 1.2277, 2.14671, 2.1721, 2.22795, 2.6405, 2.68894, 3.77606, 4.40787, 1.00766, 1.17905, 

0.0755816, 0.0797498, 4.66439, 6.13506, 10.9383, 24.276, 33.4075, 0.00533821, 0.0174947, 1.88195, 2.52637, 3.17897, 5.69531, 23.8568, 0.997358, 1.00001, 1.13654, 13.942, 19.2532, 53.3216, 62.0872, 1.32545, 1.35086, 2.22307, 2.36642, 2.90039, 9.98135, 26.0357, 1.2277, 2.14671, 2.1721, 2.22795, 2.6405, 2.68894, 3.77606, 4.40787, 1.00766, 1.17905, 

0.0755816, 0.0797498, 4.66439, 6.13506, 24.276, 33.4075, 26.4404, 0.00533821, 0.0174947, 1.88195, 2.52637, 3.17897, 5.69531, 12.0273, 0.997358, 1.00001, 13.942, 19.2532, 53.3216, 54.6634, 18.5826, 1.2277, 1.35086, 2.36642, 2.90039, 9.98135, 24.9231, 24.75, 1.32545, 2.14671, 2.1721, 2.22795, 2.6405, 2.68894, 3.77606, 4.40787, 1.00766, 1.13654, 

0.072573, 0.0755816, 6.13506, 20.4146, 26.4404, 33.4075, 5.77978, 0.00472069, 0.00533821, 1.88195, 2.52637, 3.17897, 5.69531, 20.1765, 0.997358, 1.00001, 13.942, 16.6122, 19.2532, 54.6634, 30.8334, 1.2277, 1.32545, 2.36642, 2.90039, 24.75, 24.9231, 9.28055, 1.35086, 2.14671, 2.1721, 2.22795, 2.6405, 2.68894, 3.77606, 4.40787, 1.00766, 1.13654, 

0.072573, 0.0755816, 5.77978, 6.13506, 12.0864, 26.4404, 21.0607, 0.00472069, 0.00533821, 1.88195, 3.17897, 5.69531, 20.1765, 36.1707, 0.997358, 1.00001, 1.87912, 13.942, 16.6122, 19.2532, 44.5243, 1.2277, 1.25265, 2.36642, 2.90039, 9.28055, 24.75, 20.8704, 1.35086, 2.14671, 2.1721, 2.22795, 2.6405, 2.68894, 3.77606, 4.40787, 1.00766, 1.13654, 

0.072573, 0.0755816, 5.77978, 6.13506, 12.0864, 26.4404, 19.5848, 0.00284468, 0.00472069, 1.88195, 3.17897, 20.1765, 36.1707, 1.61589, 0.997358, 0.999342, 1.87912, 13.942, 16.2096, 16.6122, 23.3679, 0.975132, 1.25265, 2.36642, 2.90039, 8.05655, 20.8704, 32.9625, 1.2277, 1.35086, 2.14671, 2.1721, 2.22795, 2.6405, 2.68894, 3.77606, 1.00766, 1.13654, 

0.072573, 0.0755816, 5.77978, 6.13506, 12.0864, 19.5848, 11.4342, 0.00284468, 0.00472069, 1.88195, 3.17897, 20.1765, 36.1707, 38.9509, 0.997358, 0.999342, 1.87912, 16.2096, 16.6122, 23.3679, 19.4777, 0.975132, 1.2277, 2.36642, 2.90039, 8.05655, 20.8704, 29.7538, 1.25265, 1.35086, 2.14671, 2.1721, 2.22795, 2.6405, 2.68894, 3.77606, 1.00766, 1.13654, 

0.072573, 0.0755816, 6.13506, 11.4342, 12.0864, 19.5848, 14.1187, 0.00258774, 0.00284468, 0.104756, 3.17897, 20.1765, 36.1707, 0.0322697, 0.997358, 0.999342, 1.87912, 16.2096, 16.6122, 19.4777, 23.3679, 0.975132, 1.2277, 2.36642, 2.90039, 5.97791, 8.05655, 20.8704, 1.25265, 1.35086, 2.14671, 2.1721, 2.22795, 2.6405, 2.68894, 3.77606, 1.00766, 1.13654, 

0.072573, 0.0755816, 6.13506, 11.4342, 12.0864, 14.1187, 19.5848, 0.00149408, 0.00284468, 0.0322697, 0.0821521, 3.17897, 36.1707, 10.577, 0.997358, 0.999342, 1.87912, 16.2096, 19.4777, 23.3679, 8.67385, 0.975132, 1.2277, 2.36642, 2.90039, 8.05655, 11.86, 30.4088, 1.25265, 1.35086, 2.14671, 2.1721, 2.22795, 2.6405, 2.68894, 3.77606, 1.00766, 1.13654, 

0.072573, 0.0754718, 6.13506, 11.4342, 12.0864, 14.1187, 25.0122, 0.000339489, 0.00149408, 0.0821521, 3.17897, 10.577, 36.1707, 0.01304, 0.996342, 0.997358, 1.87912, 8.67385, 15.9485, 23.3679, 17.5944, 0.975132, 1.2277, 2.36642, 2.90039, 11.86, 30.4088, 26.5947, 1.25265, 1.35086, 2.14671, 2.1721, 2.22795, 2.6405, 2.68894, 3.77606, 1.00766, 1.13654, 

0.072573, 0.0754718, 6.13506, 11.4342, 12.0864, 14.1187, 18.1343, 0.000339489, 0.00149408, 0.01304, 0.0821521, 3.17897, 36.1707, 32.1049, 0.996342, 0.997358, 1.87912, 8.67385, 15.5062, 17.5944, 14.9685, 0.975132, 1.2277, 2.36642, 2.90039, 11.86, 26.5947, 30.4088, 1.25265, 1.35086, 2.14671, 2.1721, 2.22795, 2.6405, 2.68894, 3.77606, 1.00766, 1.13654, 

0.072573, 0.0754718, 6.13506, 11.4342, 12.0864, 14.1187, 28.6399, 0.000300161, 0.000339489, 0.01304, 0.0821521, 3.17897, 17.0733, 19.5242, 0.996342, 0.996461, 8.67385, 14.9685, 15.5062, 17.5944, 2.83065, 0.975132, 1.2277, 2.36642, 2.90039, 11.86, 26.5947, 35.1493, 1.25265, 1.35086, 2.14671, 2.1721, 2.22795, 2.6405, 2.68894, 3.77606, 1.00766, 1.13654, 

0.072573, 0.0754718, 6.13506, 11.4342, 12.0864, 28.6399, 8.8787, 0.000300161, 0.000339489, 0.01304, 0.0821521, 3.17897, 17.5894, 32.6502, 0.996342, 0.996461, 8.67385, 14.9685, 15.5062, 17.5944, 12.3122, 0.975132, 1.2277, 2.36642, 2.90039, 26.5947, 35.1493, 30.6404, 1.25265, 1.35086, 2.14671, 2.1721, 2.22795, 2.6405, 2.68894, 3.77606, 1.00766, 1.13654, 

0.072573, 0.0754718, 6.13506, 8.8787, 11.4342, 12.0864, 28.6399, 0.000300161, 0.000339489, 0.01304, 0.0821521, 17.5894, 32.6502, 42.3801, 0.996342, 0.996461, 8.67385, 12.3122, 14.9685, 15.5062, 17.5944, 0.975132, 1.2277, 2.36642, 2.90039, 26.5947, 30.6404, 39.0846, 1.25265, 1.35086, 2.14671, 2.1721, 2.22795, 2.6405, 2.68894, 3.77606, 1.00766, 1.13654, 

0.072573, 0.0754718, 6.13506, 8.8787, 11.4342, 12.0864, 18.6112, 0.000300161, 0.000339489, 0.01304, 0.0821521, 32.5812, 42.3801, 27.8338, 0.996342, 0.996461, 8.67385, 12.3122, 14.9685, 17.5944, 40.5548, 0.975132, 1.2277, 1.38648, 2.36642, 30.6404, 39.0846, 28.2096, 1.25265, 1.35086, 2.14671, 2.1721, 2.22795, 2.6405, 2.68894, 3.77606, 1.00766, 1.13654, 

0.072573, 0.0754718, 1.70982, 6.13506, 8.8787, 12.0864, 19.9876, 4.84949e-05, 0.000300161, 0.01304, 0.0821521, 24.4151, 32.1747, 32.5812, 0.996335, 0.996342, 8.67385, 12.3122, 14.9685, 17.5944, 24.656, 0.975132, 1.2277, 1.38648, 16.4734, 30.6404, 39.0846, 25.0391, 1.25265, 1.35086, 2.14671, 2.1721, 2.22795, 2.6405, 2.68894, 3.77606, 1.00766, 1.13654, 

0.0722806, 0.072573, 6.13506, 8.8787, 12.0864, 19.9876, 49.5815, 4.84949e-05, 5.09666e-05, 0.01304, 0.0821521, 11.6791, 32.1747, 30.097, 0.996335, 0.996342, 8.67385, 11.0445, 12.3122, 14.9685, 26.3684, 0.975132, 1.2277, 16.4734, 25.0391, 28.5382, 30.6404, 22.3434, 1.25265, 1.35086, 2.14671, 2.1721, 2.22795, 2.6405, 2.68894, 3.77606, 1.00766, 1.13654, 

0.0722806, 0.072573, 8.8787, 12.0864, 19.9876, 49.5815, 12.7983, 4.84949e-05, 5.09666e-05, 0.01304, 0.0821521, 30.097, 32.1747, 20.8106, 0.996318, 0.996335, 8.67385, 11.0445, 12.3122, 26.3684, 22.6135, 0.975132, 1.11358, 6.75819, 25.0391, 28.5382, 30.6404, 52.5166, 1.25265, 1.35086, 2.14671, 2.1721, 2.22795, 2.6405, 2.68894, 3.77606, 1.00766, 1.13654, 

0.071761, 0.0722806, 6.71247, 12.0864, 19.9876, 23.2653, 50.1848, 4.84949e-05, 5.09666e-05, 0.01304, 0.0821521, 20.8106, 30.9288, 27.0246, 0.996318, 0.996335, 8.67385, 11.0445, 22.6135, 26.3684, 17.146, 0.693825, 0.975132, 6.75819, 25.0391, 28.5382, 52.5166, 40.3318, 1.25265, 1.35086, 2.14671, 2.1721, 2.22795, 2.6405, 2.68894, 3.77606, 1.00766, 1.13654, 

0.071761, 0.0718906, 6.71247, 12.0864, 19.9876, 25.1306, 16.3113, 4.84949e-05, 5.09666e-05, 0.0821521, 3.68446, 27.0246, 30.9288, 0.00261093, 0.996318, 0.996335, 2.85707, 8.67385, 17.0516, 17.146, 22.6135, 0.265909, 0.892963, 3.75192, 25.0391, 28.5382, 52.5166, 37.0141, 1.25265, 1.35086, 2.14671, 2.1721, 2.22795, 2.6405, 2.68894, 3.77606, 1.00766, 1.13654, 

0.00901086, 0.0718906, 6.71247, 16.3113, 19.9876, 25.1306, 7.63801, 4.84949e-05, 5.09666e-05, 0.00113515, 0.0821521, 3.68446, 27.0246, 30.9288, 0.996318, 0.99633, 2.85707, 8.67385, 17.146, 22.6135, 43.282, 0.265909, 0.892963, 3.75192, 28.5382, 29.2792, 40.9314, 19.5593, 0.071761, 0.170847, 1.25265, 1.35086, 2.14671, 2.1721, 2.22795, 2.68894, 1.00766, 1.13654, 

0.00901086, 0.0718906, 6.71247, 16.3113, 19.9876, 25.1306, 27.1921, 3.12111e-05, 4.84949e-05, 0.00113515, 3.68446, 23.7097, 27.0246, 10.3761, 0.071761, 0.170847, 2.85707, 8.67385, 17.146, 22.6135, 25.4195, 0.265909, 0.892963, 3.75192, 19.5593, 28.5382, 40.9314, 44.3515, 0.996318, 0.99633, 1.25265, 1.35086, 2.14671, 2.1721, 2.22795, 2.68894, 1.00766, 1.13654, 

0.00901086, 0.0718906, 16.3113, 19.9876, 25.1306, 27.1921, 25.5201, 3.12021e-05, 4.84949e-05, 0.00113515, 10.3761, 18.248, 23.7097, 29.3598, 0.071761, 0.170847, 2.85707, 8.67385, 17.146, 25.4195, 7.7159, 0.265909, 0.745881, 1.40604, 19.5593, 28.5382, 29.196, 44.3515, 0.996318, 0.99633, 1.25265, 1.35086, 2.14671, 2.1721, 2.22795, 2.68894, 1.00766, 1.13654, 

Best:
(0.000192871, -0.000346519, )

Fitness Evaluations:
2894

End Population
(-6.723842e-03), (-4.648709e-04), (1.664724e-02), (-9.247218e-03), (8.169054e-03), (3.558552e-01), (-1.858100e-02), (5.438150e-01), (-3.780235e+00), (-8.997452e-01), (-6.902254e-01), (7.090459e-01), (-5.020047e-01), (1.146667e+00), (1.928709e-04), (-3.465194e-04), (-4.214938e-05), (-4.926089e-04), (2.389972e-03), (-9.951630e-05), (-2.109724e+00), (-1.399176e-01), (1.691678e+00), (-1.059097e+00), (-6.074082e-01), (2.079112e+00), (-4.357811e-01), (-1.225568e+00), (1.664453e-02), (-9.216697e-03), (-2.937709e-02), (-7.606675e-04), (7.448160e-02), (-9.606803e-02), (-8.541554e-02), (8.049998e-01), (-2.033745e+00), (-2.935092e-01), (1.694946e+00), (2.157350e+00), (-1.007630e+00), (8.150652e-01), (-3.425378e-02), (1.309948e-02), (-6.471648e-03), (6.135059e-02), (2.168304e-02), (8.225749e-02), (9.747943e-01), (-4.063686e-01), (-1.597794e+00), (-1.844354e+00), (3.077022e+00), (-2.732224e+00), (2.584645e+00), (-4.237056e-01), (9.950885e-01), (-2.614113e-03), (9.950649e-01), (-2.627001e-03), (1.015664e+00), (-2.954566e-02), (-9.609756e-01), (2.545565e-02), (9.715121e-01), (1.010540e+00), (9.895893e-01), (1.024804e+00), (9.707790e-01), (7.576028e-02), (9.802903e-01), (9.369934e-01), (1.001889e+00), (-3.996329e-03), (1.010266e+00), (-2.191224e-02), 