Iterations: 50
Function Evaluations Limit: 150000
Population: 50

Prides Length: 4

Percent Nomads: 0.2
Percent Roaming: 0.2
Percent Sex: 0.8

Mating Rate: 0.3
Mutation Probability: 0.2
Immigration Rate: 0.4

Dimensions: 2
N-Dimension Space: -6.28319:6.28319

Fitness Iterations:
7.61714
49.1197, 29.172, 66.6285, 18.7419, 24.2846, 49.8575, 34.345, 51.8693, 66.5598, 39.092, 54.2917, 68.7375, 42.3737, 47.7454, 34.2022, 38.0855, 59.3775, 50.6166, 30.7672, 67.2303, 49.7061, 12.7278, 37.296, 53.1454, 47.1858, 32.7394, 67.1104, 16.884, 34.1136, 63.4209, 16.9553, 28.8275, 30.6989, 84.7811, 36.8882, 46.3873, 80.0146, 26.4984, 71.1142, 43.7373, 54.7982, 41.0566, 56.0092, 92.5417, 7.61714, 56.662, 44.0409, 35.0727, 44.7196, 49.2332, 

7.61714, 25.4909, 66.6285, 14.2653, 24.2846, 43.4397, 38.9164, 38.1122, 16.884, 37.8654, 27.731, 44.3075, 47.7454, 34.2022, 36.6546, 59.3775, 30.7672, 25.9634, 18.1662, 18.733, 12.7278, 20.7184, 33.82, 13.0384, 33.8576, 20.9973, 16.9878, 35.1638, 34.345, 26.7673, 16.9553, 14.7914, 30.6989, 32.1506, 46.3873, 75.0706, 71.1142, 9.09544, 22.2343, 40.1289, 33.5576, 21.7189, 21.4714, 35.0727, 29.172, 28.0979, 29.8618, 28.4538, 40.1539, 41.5402, 

7.61714, 20.7184, 24.2846, 38.9164, 37.8654, 23.9251, 31.1279, 25.3487, 16.9878, 13.0384, 19.7852, 27.0523, 47.7454, 34.2022, 36.6546, 30.7672, 18.733, 21.6105, 3.6933, 16.884, 12.7278, 10.7353, 27.0751, 5.21271, 35.1638, 24.7898, 26.7673, 14.2653, 13.3304, 2.37865, 16.9553, 14.7914, 46.3873, 62.189, 9.09544, 51.7733, 26.9489, 25.4499, 18.1662, 23.7579, 24.9996, 21.7189, 21.4714, 29.172, 28.4538, 28.0979, 25.4909, 26.8698, 30.1692, 30.6989, 

7.61714, 16.2649, 19.2212, 23.9251, 31.1279, 16.9878, 13.0384, 13.5729, 13.9713, 13.3304, 19.7852, 10.0974, 30.7254, 18.733, 3.6933, 16.884, 43.6217, 21.6203, 21.1836, 18.1662, 12.7278, 10.7353, 5.21271, 27.2181, 26.7673, 2.37865, 10.4133, 25.3487, 24.2846, 25.9162, 14.7914, 11.3045, 46.3873, 30.8446, 51.7733, 20.952, 23.7579, 20.0868, 26.9489, 9.09544, 24.9996, 21.7189, 21.4714, 25.4909, 24.7648, 24.6184, 20.7184, 11.6476, 27.0751, 27.9914, 

7.61714, 11.6476, 19.2212, 31.1279, 10.3575, 13.0384, 23.6084, 23.9251, 20.8212, 13.5729, 17.1892, 10.0974, 3.6933, 16.884, 7.86443, 18.1662, 12.8944, 13.3304, 9.09544, 8.79584, 12.7278, 10.7353, 5.21271, 26.7673, 10.4133, 25.9162, 49.7076, 2.37865, 21.6203, 3.1529, 14.7914, 11.3045, 46.3873, 20.952, 18.7966, 35.8382, 19.7717, 23.8619, 16.0906, 13.9713, 21.7189, 21.4714, 20.7184, 16.2649, 21.9137, 21.2256, 20.6978, 19.7852, 23.9584, 25.3487, 

7.61714, 11.6476, 5.26476, 13.0384, 23.9251, 13.5729, 30.8931, 18.1662, 16.0906, 13.3304, 10.0974, 12.7379, 3.6933, 4.92993, 7.86443, 12.8944, 8.79584, 23.6084, 19.2212, 23.8619, 12.7278, 10.7353, 5.21271, 10.4133, 49.7076, 3.1529, 57.0733, 20.8212, 9.09544, 2.37865, 14.7914, 10.3501, 20.952, 18.2373, 19.7717, 13.9713, 15.0771, 14.0127, 21.6203, 21.2571, 20.7184, 16.2649, 21.2256, 20.6978, 19.7852, 14.7522, 17.1892, 16.666, 23.9584, 25.3487, 

7.61714, 11.6476, 13.5729, 18.1662, 16.0906, 13.3304, 17.3529, 10.4133, 5.26476, 14.0127, 10.0974, 12.7278, 4.92993, 12.8944, 8.79584, 9.52087, 23.8619, 2.37865, 15.8254, 3.6933, 10.7353, 4.92859, 5.21271, 42.0553, 37.5183, 20.8212, 9.09544, 14.9001, 13.9713, 7.86443, 10.3501, 5.58398, 20.952, 18.2373, 19.7717, 21.2571, 39.7457, 13.0384, 3.1529, 15.0771, 16.2649, 14.7522, 17.1892, 16.666, 15.0626, 12.7379, 14.7914, 14.545, 17.1353, 21.6203, 

7.61714, 11.6476, 13.3304, 5.26476, 14.0127, 42.018, 32.5291, 15.8254, 7.26986, 10.4133, 8.55535, 12.7278, 12.8944, 8.79584, 23.8619, 32.971, 51.8338, 4.92993, 5.21271, 3.6933, 10.7353, 4.92859, 37.5183, 9.09544, 14.9001, 13.9713, 7.86443, 2.37865, 3.1529, 9.52087, 10.3501, 5.58398, 19.7717, 39.7457, 13.0384, 15.0771, 20.2261, 16.0906, 17.1353, 13.5729, 16.2649, 14.7522, 16.666, 15.0626, 12.7379, 14.7914, 14.545, 10.0974, 17.3529, 18.1662, 

7.61714, 10.0974, 14.0127, 42.018, 7.26986, 20.9248, 36.6955, 3.1529, 10.6028, 8.79584, 8.55535, 12.7278, 32.971, 51.8338, 2.65009, 5.21271, 35.2097, 13.0384, 13.3304, 13.5729, 10.7353, 4.92859, 32.134, 9.09544, 13.9713, 7.86443, 9.52087, 5.26476, 12.8944, 2.37865, 10.3501, 5.58398, 15.0771, 20.2261, 17.1353, 42.851, 32.2042, 3.6933, 3.36557, 10.4133, 16.2649, 14.7522, 16.666, 15.0626, 12.7379, 14.7914, 14.545, 11.6476, 15.8254, 16.0906, 

7.61714, 9.96987, 14.0127, 42.018, 7.26986, 3.1529, 1.33941, 15.8254, 3.36557, 13.3304, 8.55535, 12.7278, 2.65009, 35.2097, 13.0384, 9.61788, 16.6967, 12.8944, 5.21271, 3.6933, 4.92859, 4.57161, 32.134, 9.52087, 5.26476, 6.2847, 24.5366, 6.82413, 2.37865, 7.86443, 10.3501, 5.58398, 15.0771, 17.1353, 32.2042, 6.45307, 39.3632, 10.6028, 8.79584, 9.09544, 14.7522, 12.7379, 14.7914, 14.545, 11.6476, 11.5747, 10.7353, 10.0974, 16.0906, 20.2261, 

7.61714, 9.96987, 42.018, 7.26986, 15.8254, 13.3304, 64.1898, 2.65009, 10.6028, 6.45307, 8.55535, 6.83634, 35.2097, 13.0384, 9.61788, 3.6933, 10.1907, 3.1529, 6.82413, 14.0127, 4.92859, 4.57161, 9.52087, 5.26476, 24.5366, 7.86443, 12.5424, 5.21271, 5.41491, 1.33941, 10.3501, 5.58398, 17.1353, 32.2042, 8.79584, 9.09544, 4.11348, 12.8944, 3.36557, 2.37865, 14.7522, 12.7379, 14.545, 11.6476, 11.5747, 10.7353, 10.0974, 12.7278, 15.0771, 16.0906, 

7.61714, 9.96987, 7.26986, 15.8254, 13.3304, 6.45307, 22.1334, 3.36557, 1.33941, 9.52087, 8.55535, 6.83634, 35.2097, 3.6933, 10.1907, 3.1529, 34.2635, 8.79584, 2.65009, 5.41491, 4.92859, 4.57161, 5.26476, 24.5366, 5.21271, 36.387, 29.1902, 9.09544, 10.6028, 9.61788, 10.3501, 5.58398, 17.1353, 32.2042, 4.11348, 2.37865, 17.634, 12.5424, 5.49592, 6.82413, 14.7522, 12.7379, 14.545, 11.6476, 11.5747, 10.7353, 10.0974, 12.7278, 12.8944, 13.0384, 

7.61714, 9.96987, 15.8254, 13.3304, 6.45307, 20.5284, 24.5488, 9.52087, 5.26476, 2.37865, 8.55535, 6.83634, 35.2097, 34.2635, 8.79584, 5.41491, 21.3829, 3.6933, 7.26986, 2.65009, 4.92859, 4.57161, 24.5366, 36.387, 9.09544, 9.61788, 28.5708, 6.82413, 5.21271, 3.1529, 10.3501, 5.58398, 17.1353, 4.11348, 5.49592, 29.1564, 20.5263, 3.36557, 10.1907, 1.33941, 12.7379, 14.545, 11.6476, 11.5747, 10.7353, 10.0974, 12.7278, 12.2252, 10.6028, 12.5424, 

6.15773, 9.96987, 15.8254, 13.3304, 24.5488, 2.37865, 20.1884, 9.09544, 3.36557, 2.65009, 8.55535, 6.83634, 35.2097, 34.2635, 5.41491, 37.1505, 52.6271, 6.45307, 7.26986, 5.26476, 4.92859, 4.57161, 36.387, 9.61788, 13.3654, 6.82413, 5.21271, 8.79584, 3.1529, 10.6028, 10.0974, 5.58398, 4.11348, 20.5263, 10.1907, 1.33941, 17.5046, 5.49592, 9.52087, 3.6933, 12.7379, 11.6476, 11.5747, 10.7353, 10.3501, 7.61714, 12.2252, 12.6245, 12.5424, 17.1353, 

6.15773, 7.61714, 13.3304, 24.5488, 8.19175, 2.65009, 28.8829, 9.09544, 4.11348, 6.82413, 6.83634, 6.88393, 14.8764, 5.41491, 7.26986, 5.26476, 8.29694, 3.1529, 5.49592, 9.53562, 4.92859, 4.57161, 9.61788, 13.3654, 5.21271, 8.79584, 31.0708, 9.52087, 2.37865, 3.36557, 10.0974, 5.58398, 20.5263, 10.1907, 17.5046, 3.6933, 18.989, 1.33941, 1.17632, 10.1546, 11.6476, 11.5747, 10.7353, 10.3501, 9.96987, 12.2252, 8.55535, 6.4951, 10.6028, 12.5424, 

6.15773, 3.57208, 8.19175, 2.65009, 9.09544, 4.11348, 6.82413, 3.36557, 3.74211, 7.26986, 6.83634, 6.88393, 14.8764, 8.29694, 3.1529, 9.53562, 31.383, 1.33941, 5.41491, 5.26476, 4.92859, 4.57161, 13.3654, 8.79584, 31.0708, 9.52087, 39.1443, 5.49592, 2.37865, 3.6933, 8.55535, 5.58398, 20.5263, 17.5046, 18.989, 10.1546, 72.6302, 1.17632, 4.85792, 8.94631, 11.6476, 11.5747, 10.7353, 10.3501, 10.0974, 9.96987, 6.4951, 7.61714, 10.1907, 10.5805, 

2.73263, 3.57208, 8.19175, 9.09544, 6.82413, 7.26986, 23.2345, 2.75779, 7.54094, 1.33941, 6.4951, 6.88393, 14.8764, 3.1529, 31.383, 5.41491, 43.0026, 8.29694, 9.53562, 2.65009, 4.92859, 4.0309, 13.3654, 31.0708, 9.52087, 2.37865, 46.3397, 4.11348, 8.79584, 3.74211, 8.55535, 5.58398, 10.1546, 1.17632, 4.85792, 8.94631, 20.5963, 3.36557, 5.49592, 3.6933, 11.5747, 10.7353, 10.3501, 10.0974, 9.96987, 6.83634, 7.61714, 4.0919, 10.1907, 10.5805, 

2.73263, 3.57208, 4.83305, 7.26986, 23.2345, 2.75779, 7.54094, 10.1907, 8.19175, 3.74211, 4.0919, 4.92859, 5.74286, 3.1529, 31.383, 5.41491, 22.104, 10.1546, 8.29694, 2.65009, 4.0309, 3.32261, 2.37865, 19.0398, 4.11348, 8.79584, 36.9985, 9.53562, 5.49592, 6.82413, 6.83634, 5.58398, 4.85792, 8.94631, 20.5963, 3.36557, 3.6933, 1.17632, 1.33941, 9.52087, 10.0974, 9.96987, 8.55535, 7.61714, 6.4951, 9.81058, 6.88393, 5.34228, 10.5805, 12.4148, 

2.73263, 3.57208, 4.83305, 23.2345, 5.26354, 3.74211, 43.6738, 2.75779, 8.19175, 7.26986, 4.0919, 4.92859, 31.383, 10.1546, 8.29694, 2.65009, 53.3933, 3.36557, 5.41491, 5.74286, 4.0309, 3.32261, 4.11348, 36.9985, 9.53562, 6.82413, 25.0282, 7.54094, 5.49592, 1.15767, 6.4951, 5.58398, 20.5963, 3.6933, 1.17632, 1.33941, 13.0767, 4.85792, 3.1529, 2.37865, 10.0974, 9.96987, 8.55535, 7.61714, 6.83634, 9.81058, 6.88393, 5.34228, 8.79584, 8.94631, 

2.73263, 3.57208, 22.4819, 5.26354, 3.74211, 8.19175, 35.9636, 6.82413, 5.74286, 3.36557, 4.0919, 4.92859, 10.1546, 8.29694, 53.3933, 5.41491, 38.0119, 4.83305, 1.15767, 2.75779, 4.0309, 3.32261, 9.53562, 25.0282, 7.54094, 5.49592, 40.3584, 1.17632, 7.26986, 2.65009, 6.4951, 5.58398, 2.88339, 1.33941, 4.85792, 2.37865, 41.1928, 3.1529, 8.79584, 4.11348, 10.0974, 9.96987, 8.55535, 7.61714, 6.83634, 9.81058, 6.88393, 5.34228, 8.94631, 13.0767, 

2.73263, 0.722334, 22.4819, 35.9636, 5.74286, 3.36557, 63.2535, 1.17632, 2.37865, 3.74211, 4.0919, 4.92859, 10.1546, 8.29694, 5.41491, 1.15767, 24.0077, 4.85792, 5.26354, 2.65009, 4.0309, 3.32261, 25.0282, 5.49592, 40.3584, 33.8245, 40.3112, 3.1529, 4.83305, 2.75779, 5.34228, 5.58398, 2.88339, 1.33941, 41.1928, 4.11348, 22.0997, 7.26986, 6.82413, 2.21593, 10.0974, 9.96987, 8.55535, 7.61714, 6.83634, 9.81058, 6.88393, 6.4951, 7.54094, 8.19175, 

2.73263, 0.722334, 5.74286, 3.36557, 63.2535, 2.37865, 37.9652, 13.6152, 5.26354, 6.82413, 4.0919, 4.92859, 10.1546, 5.41491, 1.15767, 6.06087, 4.85792, 7.54094, 2.21593, 8.19175, 4.0309, 3.32261, 25.0282, 5.49592, 4.83305, 2.75779, 8.08046, 3.74211, 2.65009, 1.17632, 5.34228, 5.58398, 2.88339, 1.33941, 4.11348, 22.0997, 23.0936, 3.1529, 8.29694, 7.26986, 9.96987, 8.55535, 7.61714, 6.83634, 9.81058, 6.88393, 6.4951, 7.76805, 17.3009, 21.9465, 

0.637605, 0.722334, 3.36557, 27.4527, 20.651, 6.82413, 0.305481, 2.65009, 1.17632, 2.88339, 4.0919, 4.92859, 10.1546, 1.15767, 7.54094, 8.19175, 27.4883, 4.83305, 5.13009, 5.26354, 4.0309, 3.32261, 25.0282, 5.49592, 3.1007, 19.7659, 34.3761, 2.37865, 2.21593, 2.75779, 5.34228, 5.58398, 4.11348, 22.0997, 3.1529, 8.29694, 7.13109, 4.85792, 3.74211, 1.33941, 8.55535, 7.61714, 6.83634, 6.88393, 6.4951, 7.76805, 9.53048, 8.13882, 5.41491, 5.74286, 

0.637605, 0.722334, 3.36557, 20.651, 6.82413, 0.305481, 2.65009, 4.83305, 4.11348, 1.17632, 4.0919, 4.67406, 10.1546, 8.19175, 27.4883, 5.26354, 30.9809, 1.15767, 2.88339, 3.1529, 4.0309, 3.32261, 25.0282, 34.3761, 2.37865, 2.21593, 21.9791, 5.74286, 5.49592, 5.41491, 5.34228, 5.58398, 8.29694, 4.85792, 3.74211, 1.33941, 34.1145, 3.1007, 5.13009, 2.75779, 5.33426, 7.61714, 6.83634, 6.88393, 6.4951, 7.76805, 8.13882, 4.92859, 6.97454, 7.13109, 

0.637605, 0.722334, 6.82413, 0.305481, 4.11348, 1.17632, 42.6445, 5.74286, 6.97454, 2.88339, 4.0919, 4.67406, 8.19175, 27.4883, 5.26354, 3.1529, 29.2998, 3.36557, 4.83305, 4.85792, 4.0309, 3.32261, 25.0282, 34.3761, 2.37865, 5.49592, 29.6047, 1.15767, 2.36444, 5.41491, 5.33426, 5.58398, 3.74211, 1.33941, 3.1007, 2.75779, 27.2366, 2.21593, 2.65009, 5.13009, 5.34228, 7.61714, 6.83634, 6.88393, 6.4951, 7.76805, 8.13882, 4.92859, 7.13109, 8.29694, 

0.637605, 0.722334, 0.305481, 42.6445, 5.74286, 6.97454, 34.2879, 5.13009, 4.85792, 4.11348, 4.0919, 4.67406, 8.19175, 27.4883, 4.83305, 13.5345, 24.2683, 1.17632, 3.1007, 2.75779, 4.0309, 3.32261, 25.0282, 5.49592, 1.15767, 5.41491, 13.7284, 2.88339, 2.37865, 1.33941, 4.92859, 5.34228, 3.74211, 2.21593, 2.65009, 21.3696, 38.8792, 3.36557, 3.1529, 2.36444, 5.58398, 7.61714, 6.83634, 6.88393, 6.4951, 7.76805, 8.13882, 5.33426, 5.26354, 6.82413, 

0.637605, 0.722334, 0.305481, 5.74286, 6.97454, 4.85792, 43.2569, 1.17632, 4.11348, 3.1007, 4.0919, 4.67406, 8.19175, 27.4883, 4.83305, 13.5345, 26.4609, 2.75779, 3.36557, 2.36444, 4.0309, 3.32261, 22.4088, 5.49592, 1.15767, 2.37865, 4.03625, 5.13009, 2.21593, 0.434509, 0.988106, 4.57583, 3.74211, 2.65009, 38.8792, 29.3419, 58.3058, 3.1529, 2.88339, 1.33941, 5.58398, 7.61714, 6.83634, 6.88393, 6.4951, 7.76805, 5.33426, 4.92859, 5.26354, 5.41491, 

0.637605, 0.722334, 0.305481, 5.74286, 6.97454, 1.17632, 3.1007, 4.83305, 2.88339, 3.1529, 4.0919, 4.28796, 13.5345, 26.4609, 2.75779, 3.36557, 25.7362, 5.26354, 2.65009, 4.85792, 2.13585, 3.32261, 22.4088, 5.49592, 2.37865, 2.21593, 0.434509, 1.15767, 3.74211, 4.03625, 0.988106, 4.57583, 26.4889, 58.3058, 1.33941, 33.4617, 18.2822, 5.13009, 2.36444, 4.11348, 5.58398, 7.61714, 6.83634, 6.88393, 6.4951, 5.33426, 4.92859, 4.67406, 5.27951, 5.41491, 

0.637605, 0.722334, 5.74286, 1.17632, 4.83305, 2.88339, 3.1529, 3.1007, 4.11348, 5.27951, 4.0919, 4.28796, 25.7362, 5.26354, 2.65009, 4.85792, 23.2872, 0.434509, 5.49592, 3.36557, 2.13585, 2.89809, 22.4088, 2.37865, 1.15767, 3.74211, 37.0535, 4.03625, 2.21593, 5.41491, 0.988106, 4.57583, 26.4889, 58.3058, 5.13009, 2.36444, 30.2108, 1.33941, 2.75779, 0.305481, 5.58398, 6.83634, 6.88393, 6.4951, 5.33426, 4.92859, 4.67406, 3.32261, 6.97454, 13.5345, 

0.637605, 0.722334, 5.74286, 4.83305, 3.1529, 46.5161, 40.5498, 5.13009, 5.27951, 3.74211, 4.0919, 4.28796, 5.26354, 4.85792, 0.434509, 3.36557, 38.3641, 2.88339, 2.65009, 3.1007, 2.13585, 2.89809, 22.4088, 2.37865, 30.5395, 4.03625, 5.41491, 1.17632, 1.15767, 2.75779, 0.988106, 3.32261, 10.4151, 1.33941, 0.305481, 27.4822, 35.2545, 2.21593, 2.36444, 4.11348, 5.58398, 6.83634, 6.88393, 6.4951, 5.33426, 4.92859, 4.67406, 4.57583, 5.49592, 6.97454, 

0.637605, 0.722334, 5.74286, 3.1529, 15.1216, 17.3838, 29.0507, 4.83305, 3.74211, 5.26354, 4.0919, 1.30674, 0.434509, 3.36557, 2.65009, 3.1007, 41.9276, 4.85792, 2.75779, 4.11348, 2.13585, 2.89809, 22.4088, 30.5395, 4.03625, 1.17632, 1.15767, 2.36444, 5.13009, 5.27951, 0.988106, 3.32261, 1.33941, 23.9477, 2.21593, 23.548, 27.6424, 2.88339, 2.37865, 0.305481, 5.58398, 6.83634, 6.88393, 6.4951, 5.33426, 4.92859, 4.67406, 4.57583, 5.41491, 5.49592, 

0.637605, 0.722334, 3.1529, 15.1216, 17.3838, 29.0507, 3.74211, 2.65009, 4.11348, 3.36557, 4.0919, 1.30674, 0.434509, 3.1007, 41.9276, 2.75779, 30.2876, 2.36444, 0.305481, 5.26354, 2.13585, 2.89809, 22.4088, 30.5395, 4.03625, 5.13009, 5.27951, 5.41491, 4.85792, 4.83305, 0.988106, 3.32261, 1.33941, 23.9477, 23.548, 2.88339, 2.37865, 1.17632, 1.15767, 2.21593, 5.58398, 6.83634, 6.88393, 6.4951, 5.33426, 4.92859, 4.67406, 4.57583, 5.49592, 5.74286, 

0.637605, 0.722334, 29.0507, 3.74211, 2.65009, 4.11348, 3.36557, 5.26354, 0.305481, 5.74286, 4.0919, 1.30674, 3.1007, 41.9276, 30.2876, 2.36444, 23.6743, 15.1216, 5.49592, 1.17632, 2.13585, 2.89809, 30.5395, 4.03625, 5.13009, 5.41491, 4.83305, 5.27951, 1.33941, 0.434509, 0.988106, 3.32261, 2.88339, 2.37865, 1.15767, 2.21593, 21.255, 4.85792, 3.1529, 2.75779, 5.58398, 6.83634, 6.88393, 6.4951, 5.33426, 4.92859, 4.67406, 4.57583, 17.3838, 19.289, 

0.637605, 0.617583, 3.74211, 4.11348, 5.26354, 34.6797, 21.8102, 1.15767, 1.33941, 3.36557, 4.0919, 1.30674, 3.1007, 23.6743, 15.1216, 5.49592, 35.111, 0.434509, 2.21593, 4.03625, 2.13585, 2.89809, 5.13009, 5.41491, 5.27951, 11.5245, 21.3511, 2.37865, 2.36444, 1.17632, 0.988106, 3.32261, 21.255, 3.1529, 2.75779, 16.8483, 22.0941, 2.88339, 0.305481, 2.65009, 5.58398, 6.83634, 6.88393, 6.4951, 5.33426, 4.92859, 4.67406, 4.57583, 4.83305, 4.85792, 

0.637605, 0.617583, 3.74211, 5.26354, 34.6797, 1.15767, 3.36557, 2.36444, 5.49592, 4.85792, 4.0919, 1.30674, 3.1007, 15.1216, 4.03625, 34.7517, 25.7568, 1.33941, 4.11348, 0.434509, 2.13585, 2.89809, 5.27951, 11.5245, 2.37865, 1.17632, 24.1181, 4.83305, 5.41491, 2.88339, 0.988106, 1.13169, 21.255, 3.1529, 2.75779, 16.8483, 2.65009, 0.305481, 2.21593, 5.13009, 5.58398, 6.83634, 6.88393, 6.4951, 5.33426, 4.92859, 4.67406, 4.57583, 18.9467, 19.7558, 

0.637605, 0.617583, 34.6797, 2.36444, 3.04392, 4.85792, 51.8879, 2.37865, 4.11348, 3.36557, 3.967, 1.30674, 3.1007, 15.1216, 34.7517, 0.434509, 35.5868, 2.21593, 2.88339, 4.03625, 2.13585, 1.50208, 11.5245, 1.79164, 5.41491, 61.8244, 35.3227, 3.1529, 2.75779, 3.74211, 0.988106, 1.13169, 21.255, 16.8483, 2.65009, 0.305481, 5.13009, 1.33941, 1.17632, 1.15767, 5.58398, 6.4951, 5.33426, 4.92859, 4.67406, 4.57583, 6.24302, 2.89809, 4.83305, 5.26354, 

0.637605, 0.617583, 51.8879, 2.37865, 4.11348, 3.36557, 31.8065, 2.77921, 5.13009, 2.36444, 2.89809, 1.30674, 15.1216, 0.434509, 2.88339, 4.03625, 7.34182, 4.83305, 2.75779, 5.26354, 2.13585, 1.50208, 11.5245, 5.41491, 21.8726, 3.1529, 3.74211, 4.85792, 16.8483, 1.79164, 0.988106, 1.13169, 2.65009, 0.305481, 1.33941, 1.17632, 1.15767, 16.0708, 2.21593, 3.04392, 5.58398, 6.4951, 5.33426, 4.92859, 4.67406, 4.57583, 6.24302, 3.36782, 21.255, 28.9183, 

0.637605, 0.617583, 2.37865, 3.36557, 2.77921, 2.36444, 40.6433, 1.79164, 4.85792, 5.01918, 2.89809, 1.30674, 0.434509, 2.88339, 4.83305, 5.26354, 30.4276, 4.11348, 0.305481, 1.15767, 2.13585, 1.50208, 11.5245, 5.41491, 21.8726, 16.8483, 58.2081, 3.1529, 2.75779, 3.74211, 0.988106, 1.13169, 2.65009, 1.19141, 16.0708, 2.21593, 3.04392, 5.13009, 4.03625, 1.17632, 5.58398, 5.33426, 4.92859, 4.67406, 4.57583, 3.36782, 5.55566, 4.91681, 7.34182, 7.72493, 

0.637605, 0.617583, 2.37865, 3.36557, 1.79164, 5.01918, 9.26221, 4.03625, 2.75779, 1.15767, 1.50208, 1.30674, 0.434509, 2.88339, 30.4276, 0.305481, 10.7225, 1.95017, 4.83305, 1.19141, 1.41269, 1.44783, 11.5245, 5.41491, 21.8726, 58.2081, 3.1529, 4.85792, 2.36444, 4.11348, 0.988106, 1.13169, 2.21593, 3.04392, 1.17632, 61.5157, 37.6259, 3.74211, 1.22723, 2.77921, 5.33426, 4.92859, 4.67406, 4.57583, 3.36782, 5.55566, 4.91681, 2.89809, 5.13009, 5.26354, 

0.637605, 0.617583, 3.36557, 4.03625, 1.15767, 37.7697, 22.8525, 0.305481, 2.21593, 1.19141, 1.50208, 1.30674, 0.434509, 2.88339, 30.4276, 10.7225, 1.95017, 4.83305, 2.36444, 1.79164, 1.41269, 1.44783, 11.5245, 5.41491, 3.1529, 4.85792, 4.11348, 2.77921, 2.37865, 1.22723, 0.988106, 1.13169, 14.3289, 37.6259, 3.74211, 25.9367, 35.1234, 1.17632, 3.04392, 2.75779, 5.33426, 4.92859, 4.67406, 4.57583, 3.36782, 5.55566, 4.91681, 2.89809, 5.01918, 5.13009, 

0.625774, 0.617583, 1.15767, 14.1456, 2.21593, 1.19141, 23.1865, 2.88339, 5.13009, 2.37865, 1.50208, 1.30674, 1.95017, 2.36444, 1.79164, 38.731, 32.7341, 2.75779, 0.305481, 4.83305, 1.41269, 1.44783, 5.41491, 4.85792, 4.11348, 2.77921, 1.22723, 5.01918, 3.36557, 0.434509, 0.988106, 1.13169, 14.3289, 3.74211, 25.9367, 35.1234, 1.17632, 3.1529, 3.04392, 4.03625, 5.33426, 4.92859, 4.67406, 4.57583, 3.36782, 5.55566, 4.91681, 2.89809, 6.87141, 7.57503, 

0.625774, 0.617583, 1.15767, 2.88339, 5.13009, 2.37865, 34.5252, 2.75779, 2.21593, 1.19141, 1.50208, 1.30674, 1.95017, 1.79164, 38.731, 0.305481, 16.4834, 4.11348, 1.17632, 5.01918, 1.41269, 1.19941, 5.41491, 4.85792, 2.77921, 1.22723, 0.434509, 3.04392, 3.1529, 3.36557, 0.988106, 1.13169, 14.3289, 35.1234, 4.03625, 23.2038, 50.8891, 3.74211, 2.36444, 4.83305, 5.33426, 4.92859, 4.67406, 4.57583, 3.36782, 5.55566, 4.91681, 2.89809, 6.87141, 7.57503, 

0.625774, 0.617583, 1.15767, 2.88339, 1.19141, 23.7208, 20.2376, 2.37865, 3.04392, 1.22723, 1.50208, 1.30674, 1.79164, 0.305481, 16.4834, 4.11348, 21.5597, 1.95017, 3.74211, 4.83305, 1.41269, 1.19941, 5.41491, 2.77921, 0.434509, 3.1529, 14.5539, 4.85792, 2.36444, 2.75779, 0.988106, 1.13169, 35.1234, 4.03625, 13.3887, 20.9183, 27.16, 1.17632, 2.21593, 3.36557, 5.33426, 4.92859, 4.67406, 4.57583, 3.36782, 5.55566, 4.91681, 2.89809, 5.01918, 5.13009, 

0.625774, 0.617583, 1.15767, 23.7208, 20.2376, 2.37865, 37.0961, 4.11348, 2.88339, 5.01918, 1.50208, 1.30674, 0.305481, 21.5597, 1.95017, 2.06497, 23.5435, 3.04392, 3.74211, 0.434509, 1.41269, 1.19941, 5.41491, 3.1529, 2.36444, 2.75779, 37.6569, 4.83305, 4.85792, 1.19141, 0.988106, 1.13169, 4.03625, 1.17632, 2.21593, 3.36557, 28.0354, 1.22723, 2.77921, 1.79164, 5.33426, 4.92859, 4.67406, 4.57583, 3.36782, 4.91681, 2.89809, 5.14836, 5.13009, 7.27137, 

0.625774, 0.617583, 1.15767, 23.7208, 20.2376, 2.88339, 5.01918, 7.27137, 1.95017, 1.79164, 1.50208, 1.30674, 0.305481, 21.5597, 2.06497, 3.74211, 0.434509, 4.03625, 2.75779, 3.04392, 1.41269, 1.19941, 5.41491, 3.1529, 2.36444, 4.83305, 41.9316, 1.17632, 1.19141, 4.11348, 0.988106, 1.13169, 2.21593, 3.36557, 2.21047, 1.22723, 2.77921, 2.37865, 5.13009, 4.85792, 5.33426, 4.92859, 4.67406, 4.57583, 3.36782, 4.91681, 2.89809, 5.14836, 14.265, 18.953, 

0.625774, 0.617583, 1.15767, 2.88339, 5.01918, 1.95017, 1.79164, 2.36444, 3.04392, 1.22723, 1.50208, 1.30674, 12.7391, 2.06497, 3.74211, 2.01876, 10.4337, 7.27137, 2.37865, 5.41491, 1.41269, 1.19941, 3.1529, 4.83305, 1.19141, 4.11348, 13.2114, 2.21593, 2.75779, 0.434509, 0.988106, 1.13169, 3.36557, 2.21047, 2.77921, 4.85792, 13.1044, 1.17632, 0.305481, 5.13009, 4.92859, 4.67406, 4.57583, 3.36782, 4.91681, 2.89809, 5.14836, 2.12588, 14.265, 18.953, 

0.625774, 0.617583, 2.88339, 5.01918, 1.95017, 3.04392, 48.6078, 2.01876, 3.1529, 2.21593, 1.50208, 1.30674, 3.74211, 10.4337, 7.27137, 5.41491, 29.7408, 1.79164, 2.06497, 1.15767, 1.41269, 1.19941, 1.19141, 13.2114, 2.75779, 14.0309, 6.56003, 1.22723, 2.37865, 2.77921, 0.988106, 1.13169, 2.21047, 1.17632, 0.305481, 5.13009, 10.7652, 3.09261, 2.36444, 0.434509, 4.92859, 4.67406, 4.57583, 3.36782, 4.91681, 2.89809, 5.14836, 2.12588, 3.36557, 4.11348, 

0.625774, 0.617583, 5.01918, 1.95017, 3.1529, 2.21593, 8.54601, 4.11348, 2.77921, 0.434509, 1.50208, 1.30674, 3.74211, 5.41491, 1.79164, 1.15767, 19.6711, 2.36444, 2.88339, 1.19141, 1.41269, 1.19941, 6.56003, 1.22723, 2.37865, 19.8567, 23.8122, 2.21047, 2.75779, 3.04392, 0.988106, 0.738696, 1.17632, 0.305481, 5.13009, 3.09261, 4.28501, 3.36557, 2.06497, 2.01876, 4.67406, 4.57583, 3.36782, 4.91681, 2.89809, 2.12588, 2.06297, 1.13169, 7.27137, 10.4337, 

0.625774, 0.617583, 5.01918, 1.95017, 8.54601, 0.434509, 30.015, 2.21047, 2.01876, 1.79164, 1.50208, 1.30674, 3.74211, 2.36444, 2.88339, 1.19141, 43.6673, 3.04392, 3.1529, 3.09261, 1.13169, 1.19941, 6.56003, 1.22723, 2.37865, 19.8567, 2.75779, 4.28501, 0.305481, 4.11348, 0.988106, 0.365896, 1.17632, 3.36557, 2.06497, 38.8539, 27.1793, 1.15767, 2.21593, 2.77921, 4.67406, 4.57583, 3.36782, 4.91681, 2.89809, 2.12588, 2.06297, 1.41269, 5.13009, 5.41491, 

0.625774, 0.617583, 8.54601, 30.015, 2.01876, 1.79164, 33.4013, 3.04392, 1.19911, 2.37865, 1.41269, 1.30674, 2.36444, 2.88339, 1.19141, 3.1529, 3.09261, 3.74211, 0.305481, 5.01918, 1.13169, 1.19941, 2.75779, 4.28501, 4.11348, 17.5405, 40.1776, 2.21047, 0.434509, 1.95017, 0.988106, 0.365896, 1.17632, 27.1793, 2.21593, 2.77921, 34.9177, 2.06497, 1.22723, 1.15767, 4.67406, 4.57583, 3.36782, 2.89809, 2.12588, 2.06297, 1.50208, 3.33838, 5.13009, 5.41491, 

0.625774, 0.617583, 8.54601, 30.015, 33.4013, 3.04392, 1.19911, 2.21047, 3.74211, 4.11348, 1.41269, 1.30674, 2.88339, 1.19141, 0.305481, 5.01918, 31.3243, 1.15767, 2.21593, 1.79164, 1.13169, 1.19941, 2.75779, 4.28501, 0.434509, 1.95017, 14.5194, 3.09261, 3.1529, 2.01876, 0.988106, 0.365896, 1.17632, 2.77921, 34.9177, 1.22723, 11.1618, 2.37865, 2.36444, 2.06497, 4.67406, 4.57583, 3.36782, 2.89809, 2.12588, 2.06297, 1.50208, 3.33838, 5.13009, 5.41491, 

Best:
-0.0371522	0.0128768	

Fitness Evaluations:
3496

End Population
(5.381279e-02), (1.691221e-02), (5.349357e-02), (1.668347e-02), (8.587182e-01), (2.016559e+00), (-3.907830e+00), (7.079382e-01), (-1.291847e+00), (1.378678e+00), (-4.582312e-02), (-1.086753e+00), (9.637736e-01), (7.880526e-03), (9.791247e-01), (-1.024332e+00), (1.390753e-02), (-1.114121e+00), (1.980524e+00), (-2.422707e-02), (4.529646e-02), (-9.867347e-01), (8.041073e-02), (1.602108e-02), (-9.057001e-01), (-4.263864e-02), (1.000667e+00), (3.099480e-02), (-3.715220e-02), (1.287684e-02), (-1.977009e+00), (-1.002571e+00), (-1.146218e+00), (2.545089e+00), (9.967497e-01), (2.862097e-02), (-2.366659e-02), (-1.070290e+00), (9.639472e-02), (4.248001e-03), (-1.019773e+00), (8.599727e-03), (6.414610e-03), (-1.026440e+00), (1.090324e+00), (-2.614649e-03), (1.153308e-01), (-9.558546e-02), (-4.412172e-02), (1.600048e-02), (9.258686e-01), (1.180754e-02), (1.079816e-01), (-2.854922e-01), (-1.272962e-01), (1.502044e-02), (1.047869e+00), (9.390604e-01), (9.829477e-01), (9.937962e-01), (-6.934995e-02), (1.570322e-02), (2.640906e-02), (-3.395294e-02), (2.242505e-02), (-1.015264e+00), (1.046677e+00), (1.031325e+00), (6.763143e-01), (-4.662990e-01), (-1.118709e-02), (-1.027325e+00), (1.027988e+00), (-7.599815e-01), (9.593114e-01), (-1.021384e+00), (-2.813234e-02), (1.073761e+00), (-6.026401e-03), (1.068643e+00), (-1.994143e+00), (5.934472e-02), (-9.344734e-01), (-8.958893e-01), (1.100835e-01), (-7.366143e-02), (-4.157054e-02), (9.047328e-01), (4.393807e-02), (-1.056732e+00), (5.438847e-02), (-1.044625e+00), (-3.193594e-02), (-9.555591e-01), (-1.068360e+00), (8.147637e-02), (-1.677673e-01), (1.454358e-02), (8.624570e-01), (-1.024125e+00), 