Iterations: 50
Function Evaluations Limit: 150000
Population: 50

Prides Length: 4

Percent Nomads: 0.2
Percent Roaming: 0.2
Percent Sex: 0.8

Mating Rate: 0.3
Mutation Probability: 0.2
Immigration Rate: 0.4

Dimensions: 2
N-Dimension Space: -6.28319:6.28319

Fitness Iterations:
2.39727
48.7623, 51.0803, 31.8856, 36.0967, 46.6518, 35.3422, 28.9761, 36.8208, 37.9026, 53.5878, 29.8264, 75.5458, 73.8849, 67.4484, 58.1482, 25.144, 36.2654, 30.3683, 2.39727, 37.6927, 53.5108, 68.1147, 40.8606, 31.943, 20.5436, 61.0226, 53.0489, 49.3356, 30.4496, 66.5143, 38.0398, 43.1388, 42.9464, 26.3152, 47.4986, 16.1602, 57.6127, 53.3951, 32.6245, 38.9448, 75.1479, 46.1702, 81.1287, 19.8917, 38.3251, 59.473, 73.4887, 36.5322, 15.2532, 58.7576, 

16.673, 28.6887, 19.5725, 29.1219, 11.2671, 19.1156, 43.7996, 25.3516, 20.2332, 15.1693, 29.8264, 31.0767, 73.8849, 37.7981, 30.3683, 37.6927, 31.0117, 19.0399, 20.5436, 23.992, 34.9234, 23.0351, 24.4454, 61.0226, 49.3356, 30.4496, 66.5143, 3.37048, 31.5325, 21.2066, 36.5322, 38.3251, 26.3152, 16.1602, 57.6127, 53.3951, 32.6245, 25.0007, 15.2532, 2.39727, 46.1702, 43.1388, 34.9648, 39.8559, 38.0398, 43.8049, 45.4538, 42.8313, 36.2654, 38.9448, 

13.0909, 6.07556, 13.8681, 11.2671, 19.1156, 15.1693, 16.6476, 31.5325, 26.2156, 22.5324, 28.3216, 24.0458, 73.8849, 31.0117, 19.0399, 20.5436, 23.992, 21.2066, 18.0658, 29.1219, 23.0351, 26.3236, 24.0607, 49.3356, 25.0087, 31.9962, 26.019, 20.2332, 19.9249, 32.6245, 15.8039, 21.5653, 16.1602, 39.07, 7.42684, 15.2532, 2.39727, 25.3516, 3.37048, 30.3683, 27.4545, 35.7562, 19.0264, 31.0767, 34.9234, 24.165, 37.9508, 29.8264, 34.2021, 35.6872, 

10.0336, 6.07556, 11.2671, 15.1693, 31.5325, 26.2156, 26.1966, 3.37048, 6.72598, 16.6476, 19.0264, 18.123, 19.0399, 20.5436, 29.1219, 38.5795, 10.6098, 18.0658, 17.871, 21.2066, 11.6313, 18.3518, 49.3356, 31.9962, 19.9249, 37.8162, 22.1354, 2.39727, 20.2332, 22.3601, 15.8039, 13.8629, 16.1602, 7.42684, 15.2532, 31.5296, 36.0803, 13.8681, 19.1156, 18.4635, 24.0458, 24.165, 23.0351, 16.9548, 26.3236, 26.1294, 23.2642, 21.5653, 22.5324, 23.992, 

6.07556, 9.92037, 11.2671, 3.37048, 6.72598, 36.1867, 22.8828, 15.1693, 20.2332, 8.1836, 15.8469, 17.3718, 19.0399, 29.1219, 10.6098, 18.0658, 34.043, 12.9632, 8.43341, 19.9249, 11.6313, 9.68373, 49.3356, 23.5448, 2.39727, 22.3601, 46.308, 18.4635, 14.4754, 20.5436, 15.8039, 13.8629, 16.1602, 31.5296, 36.0803, 13.8681, 18.7562, 17.6046, 7.42684, 7.75957, 18.123, 21.5653, 22.573, 10.0336, 19.0264, 18.3518, 16.9548, 15.9585, 21.2066, 22.1354, 

6.07556, 9.92037, 3.37048, 6.72598, 36.1867, 15.1693, 20.2332, 8.1836, 2.39727, 14.4754, 6.47661, 9.39945, 10.6993, 27.7305, 18.0658, 24.4354, 32.3825, 6.20219, 10.6098, 11.2671, 11.6313, 9.68373, 49.3356, 22.3601, 46.308, 18.4635, 20.4938, 16.1602, 9.95594, 8.33034, 9.20202, 10.0336, 13.8681, 18.7562, 7.42684, 7.75957, 12.7402, 8.43341, 12.9632, 16.967, 18.123, 21.5653, 13.8629, 19.0264, 18.3518, 16.9548, 15.9585, 12.1011, 17.6046, 21.2066, 

6.07556, 9.92037, 6.72598, 15.1693, 20.2332, 8.1836, 22.2547, 3.37048, 12.9632, 5.36068, 6.47661, 9.39945, 18.0658, 24.4354, 32.3825, 10.6098, 22.2599, 9.95594, 6.20219, 7.75957, 9.68373, 6.73147, 24.2159, 46.308, 18.4635, 16.1602, 8.33034, 13.8681, 7.42684, 2.39727, 6.90779, 10.0336, 18.7562, 12.7402, 8.43341, 26.1655, 28.7598, 10.6993, 14.4754, 11.2671, 18.123, 13.8629, 19.0264, 18.3518, 16.9548, 15.9585, 12.1011, 11.6313, 16.967, 17.6046, 

2.06852, 0.997777, 15.1693, 0.0221985, 12.9632, 22.3375, 19.7094, 10.6098, 8.43341, 5.36068, 6.47661, 1.74197, 18.0658, 24.4354, 6.20219, 7.75957, 29.2002, 3.37048, 9.95594, 8.33034, 6.73147, 5.43223, 32.5038, 16.1602, 13.8681, 7.42684, 18.2121, 10.39, 6.72598, 15.3392, 6.90779, 9.68373, 12.7402, 26.1655, 28.7598, 10.6993, 11.2671, 8.1836, 14.4754, 2.39727, 6.07556, 13.8629, 15.9585, 12.1011, 11.6313, 9.39945, 10.0336, 8.19394, 16.967, 17.6046, 

2.06852, 0.997777, 19.7094, 10.6098, 8.43341, 7.5812, 24.1492, 6.72598, 8.5046, 5.36068, 1.44381, 1.74197, 18.0658, 24.4354, 6.20219, 7.75957, 16.5725, 14.4754, 8.33034, 3.37048, 6.07556, 5.43223, 7.40556, 16.1602, 7.42684, 10.39, 28.0031, 8.1836, 13.8681, 0.0221985, 6.90779, 8.79322, 12.7402, 10.6993, 2.39727, 18.4374, 17.8249, 9.95594, 11.2671, 12.9632, 6.73147, 11.6313, 9.39945, 10.0336, 8.19394, 6.35589, 9.99059, 9.68373, 15.1693, 15.1877, 

2.06852, 0.997777, 8.43341, 3.0327, 6.72598, 8.5046, 20.3708, 10.6993, 8.1836, 7.5812, 1.44381, 1.74197, 7.75957, 16.5725, 14.4754, 14.8936, 18.2479, 7.42684, 12.7402, 8.33034, 6.07556, 5.43223, 7.40556, 10.39, 0.0221985, 38.5973, 18.3935, 13.1251, 3.37048, 5.36068, 6.35589, 8.79322, 17.8249, 9.95594, 11.2671, 12.9632, 21.5737, 2.39727, 10.6098, 6.20219, 6.73147, 9.39945, 8.19394, 6.90779, 9.99059, 9.68373, 8.65651, 9.38011, 15.1693, 15.1877, 

2.06852, 0.997777, 8.43341, 3.0327, 6.72598, 20.3708, 7.5812, 10.6098, 8.5046, 10.39, 1.44381, 1.74197, 16.5725, 14.4754, 14.8936, 18.2479, 38.7551, 10.6993, 8.33034, 7.42684, 6.07556, 5.43223, 7.40556, 0.0221985, 18.3935, 3.37048, 26.9839, 8.1836, 5.36068, 1.61431, 6.35589, 8.19394, 9.95594, 11.2671, 12.9632, 21.5737, 42.5356, 12.7402, 2.39727, 6.20219, 6.73147, 9.39945, 8.79322, 6.90779, 9.68373, 8.65651, 9.38011, 6.31427, 13.1251, 15.1693, 

2.06852, 0.997777, 6.72598, 7.5812, 8.5046, 35.2659, 13.6165, 3.0327, 10.2737, 6.20219, 1.44381, 1.74197, 6.95828, 27.6704, 10.6993, 8.33034, 24.1446, 12.9632, 4.30933, 2.39727, 6.07556, 5.43223, 0.0221985, 3.37048, 26.9839, 8.1836, 5.36068, 1.61431, 7.38229, 12.7402, 6.35589, 6.73147, 9.95594, 11.2671, 21.5737, 42.5356, 14.5636, 8.43341, 10.39, 7.42684, 8.19394, 9.39945, 8.79322, 6.90779, 9.68373, 8.65651, 9.38011, 6.31427, 13.1251, 14.8936, 

1.40936, 0.997777, 6.72598, 7.5812, 6.20219, 36.3064, 61.5924, 5.36068, 10.39, 9.7982, 1.44381, 1.74197, 6.95828, 10.6993, 5.87717, 2.39727, 39.4981, 8.1836, 10.2737, 7.42684, 6.07556, 5.43223, 0.0221985, 3.37048, 7.38229, 12.7402, 19.1956, 4.30933, 8.33034, 8.43341, 6.31427, 6.73147, 9.95594, 11.2671, 21.5737, 42.5356, 14.5636, 1.61431, 3.0327, 8.5046, 8.19394, 9.39945, 8.79322, 6.90779, 9.68373, 8.65651, 9.38011, 6.35589, 12.9632, 13.1251, 

1.40936, 0.997777, 7.5812, 6.20219, 10.39, 9.7982, 7.13136, 3.37048, 10.2737, 12.7944, 1.44381, 1.55489, 6.95828, 10.6993, 5.87717, 30.3454, 8.1836, 1.61431, 5.36068, 11.2671, 6.07556, 5.43223, 0.0221985, 19.1956, 4.30933, 8.43341, 26.1565, 7.42684, 7.38229, 2.39727, 6.24115, 6.35589, 9.95594, 42.5356, 3.0327, 8.5046, 34.3655, 12.7402, 8.33034, 6.72598, 8.19394, 9.39945, 8.79322, 6.90779, 8.65651, 9.38011, 6.73147, 6.31427, 12.9553, 12.9632, 

0.858426, 0.997777, 7.5812, 6.20219, 3.37048, 10.2737, 4.45186, 8.43341, 8.5046, 6.95828, 1.44381, 1.20277, 30.3454, 8.1836, 5.36068, 11.2671, 36.7727, 10.39, 10.6993, 7.13136, 5.43223, 2.68884, 0.0221985, 4.30933, 7.42684, 2.39727, 51.4386, 5.76364, 9.7982, 6.72598, 6.24115, 6.35589, 42.5356, 3.0327, 34.3655, 9.60771, 8.33034, 5.87717, 9.95594, 1.61431, 8.19394, 8.79322, 6.90779, 8.65651, 6.73147, 6.31427, 1.4905, 6.07556, 12.7944, 12.9553, 

0.858426, 0.997777, 6.20219, 3.37048, 4.45186, 8.43341, 8.5046, 3.0327, 4.30933, 10.2737, 1.44381, 1.20277, 5.36068, 10.39, 10.6993, 7.13136, 27.8173, 8.1836, 11.2671, 0.0221985, 1.4905, 2.68884, 7.42684, 2.39727, 51.4386, 9.7982, 6.72598, 6.95828, 5.76364, 1.61431, 6.24115, 6.35589, 34.3655, 9.60771, 8.33034, 5.87717, 37.2972, 9.57208, 7.5812, 9.95594, 8.19394, 8.79322, 6.90779, 8.65651, 6.73147, 6.31427, 5.43223, 6.07556, 12.7944, 12.9553, 

0.858426, 0.997777, 4.45186, 8.43341, 10.2737, 10.4905, 22.1624, 6.95828, 1.61431, 5.36068, 1.44381, 1.20277, 10.39, 10.6993, 11.2671, 0.0221985, 32.3416, 3.0327, 7.13136, 7.69449, 1.4905, 2.68884, 7.42684, 2.39727, 6.72598, 5.76364, 30.0169, 8.1836, 5.87717, 4.30933, 6.24115, 6.31427, 34.3655, 9.60771, 8.33034, 9.95594, 11.7131, 3.37048, 7.5812, 6.20219, 8.19394, 8.79322, 6.90779, 8.65651, 6.73147, 6.35589, 5.43223, 6.07556, 8.5046, 9.56307, 

0.858426, 0.997777, 4.45186, 8.43341, 22.1624, 19.0379, 24.9205, 4.30933, 5.36068, 3.0327, 1.44381, 1.20277, 10.6993, 32.3416, 7.13136, 34.0817, 29.3138, 7.5812, 6.95828, 2.39727, 1.4905, 2.68884, 6.29835, 30.0169, 8.1836, 5.87717, 1.25504, 0.0221985, 5.76364, 7.69449, 6.07556, 6.31427, 9.60771, 8.33034, 7.28632, 3.37048, 51.9155, 6.20219, 1.61431, 7.42684, 8.19394, 8.79322, 6.90779, 8.65651, 6.73147, 6.35589, 5.43223, 6.24115, 8.5046, 9.56307, 

0.858426, 0.997777, 8.43341, 24.9205, 5.36068, 3.0327, 51.1451, 1.61431, 6.20219, 5.87717, 1.44381, 1.20277, 7.13136, 34.0817, 6.95828, 16.1825, 38.0996, 4.30933, 7.5812, 3.37048, 1.4905, 2.29053, 6.29835, 30.0169, 5.76364, 5.39426, 18.4772, 4.45186, 2.01142, 7.69449, 5.43223, 6.03673, 9.60771, 7.28632, 51.9155, 7.42684, 42.0954, 0.0221985, 1.25504, 8.1836, 8.19394, 6.90779, 6.73147, 6.35589, 6.07556, 6.31427, 2.68884, 6.24115, 8.33034, 8.5046, 

0.858426, 0.997777, 8.43341, 5.36068, 3.0327, 14.4607, 6.20219, 8.5046, 6.29835, 5.87717, 1.44381, 1.20277, 6.95828, 16.1825, 4.30933, 7.5812, 3.37048, 9.60771, 7.28632, 7.42684, 1.4905, 2.29053, 5.76364, 1.48765, 4.45186, 2.01142, 34.705, 4.42093, 1.61431, 3.01881, 5.43223, 6.03673, 51.9155, 42.0954, 0.0221985, 8.1836, 48.5713, 7.69449, 1.25504, 7.13136, 8.19394, 6.90779, 6.73147, 6.35589, 6.07556, 6.31427, 2.68884, 6.24115, 10.9625, 11.4487, 

0.858426, 0.997777, 8.43341, 3.0327, 6.20219, 6.29835, 23.9634, 3.37048, 5.87717, 5.76364, 1.44381, 1.20277, 6.95828, 4.30933, 7.5812, 9.60771, 23.8265, 1.48765, 7.13136, 4.45186, 1.4905, 0.303856, 2.01142, 4.42093, 1.61431, 26.7106, 20.7109, 7.42684, 3.01881, 1.25504, 2.29053, 6.03673, 51.9155, 0.0221985, 33.6808, 32.818, 38.3041, 7.69449, 7.28632, 5.36068, 6.90779, 6.73147, 6.35589, 6.07556, 6.31427, 2.68884, 6.24115, 5.43223, 8.1836, 8.5046, 

0.858426, 0.997777, 5.30216, 3.0327, 6.29835, 3.37048, 1.52234, 9.60771, 5.36068, 8.5046, 1.44381, 1.20277, 4.30933, 7.5812, 1.48765, 7.13136, 4.45186, 6.95828, 0.0221985, 7.69449, 1.4905, 0.0564866, 2.01142, 1.61431, 16.4863, 1.25504, 45.0393, 7.42684, 6.20219, 4.42093, 2.29053, 3.86939, 42.4121, 37.4074, 7.28632, 26.6449, 42.249, 8.1836, 5.87717, 3.01881, 6.73147, 6.35589, 6.07556, 6.31427, 2.68884, 6.24115, 6.03673, 5.43223, 9.80129, 11.7683, 

0.858426, 0.997777, 5.30216, 1.52234, 5.36068, 8.5046, 32.5457, 4.42093, 6.29835, 4.30933, 1.44381, 1.20277, 7.5812, 1.48765, 7.13136, 4.45186, 11.1601, 5.53216, 3.37048, 1.61431, 1.4905, 0.0564866, 2.01142, 7.42684, 6.20219, 40.2868, 4.25501, 5.87717, 0.0221985, 1.25504, 2.21753, 2.68884, 37.4074, 7.28632, 13.8957, 42.249, 8.1836, 3.0327, 3.01881, 6.55108, 6.35589, 6.07556, 6.31427, 3.86939, 6.24115, 6.03673, 5.43223, 2.29053, 6.95828, 7.69449, 

0.858426, 0.997777, 5.30216, 8.5046, 32.5457, 4.42093, 4.30933, 5.87717, 5.53216, 3.37048, 1.0687, 1.20277, 1.48765, 11.1601, 1.61431, 52.7456, 23.8569, 4.25501, 5.36068, 0.0221985, 1.4905, 0.0564866, 2.01142, 6.57738, 38.1375, 1.25504, 17.1925, 6.95828, 3.01881, 1.52234, 2.21753, 2.29053, 13.8957, 8.1836, 3.0327, 6.55108, 49.0335, 6.29835, 6.20219, 4.45186, 6.35589, 6.07556, 6.31427, 3.86939, 6.24115, 6.03673, 5.43223, 2.68884, 7.13136, 7.28632, 

0.858426, 0.997777, 0.586636, 8.5046, 4.42093, 28.4824, 56.8133, 3.01881, 4.30933, 5.53216, 1.0687, 1.20277, 1.48765, 11.1601, 5.36068, 0.0221985, 18.1216, 6.57738, 4.25501, 1.61431, 1.26882, 0.0564866, 2.01142, 1.25504, 17.1925, 6.95828, 22.5249, 3.37048, 3.0327, 1.52234, 2.21753, 2.29053, 6.55108, 49.0335, 6.29835, 3.72793, 18.5891, 5.87717, 4.45186, 7.13136, 6.35589, 6.07556, 6.31427, 3.86939, 6.24115, 6.03673, 5.43223, 2.68884, 7.28632, 8.1836, 

0.858426, 0.997777, 0.586636, 4.42093, 56.8133, 3.01881, 4.30933, 6.95828, 0.0221985, 7.28632, 1.0687, 1.20277, 1.48765, 6.57738, 1.61431, 37.3195, 29.1648, 2.01142, 5.36068, 5.87717, 1.26882, 0.0564866, 1.25504, 17.1925, 22.5249, 1.52234, 31.2571, 1.19582, 5.53216, 7.13136, 2.21753, 2.29053, 6.55108, 6.29835, 3.72793, 4.45186, 38.3639, 4.25501, 3.37048, 8.1836, 6.35589, 6.07556, 6.31427, 3.86939, 6.24115, 2.88469, 5.43223, 2.68884, 8.5046, 11.1601, 

0.858426, 0.997777, 0.586636, 3.01881, 4.30933, 0.0221985, 7.28632, 6.55108, 4.42093, 5.53216, 1.0687, 1.20277, 1.48765, 6.57738, 1.61431, 37.3195, 28.2592, 5.87717, 1.40416, 2.01142, 1.26882, 0.0564866, 17.1925, 22.5249, 1.19582, 7.13136, 23.9031, 4.45186, 1.52234, 1.25504, 2.21753, 2.29053, 3.72793, 38.3639, 4.25501, 3.37048, 8.1836, 6.29835, 6.56883, 5.36068, 6.07556, 6.31427, 3.86939, 6.24115, 2.88469, 5.43223, 2.68884, 2.72032, 6.95828, 8.5046, 

0.858426, 0.997777, 0.586636, 3.01881, 7.28632, 6.55108, 20.1648, 1.25504, 6.3519, 4.42093, 1.0687, 1.20277, 1.48765, 37.3195, 28.2592, 5.87717, 24.6699, 4.30933, 2.01142, 3.37048, 1.26882, 0.0564866, 17.1925, 1.19582, 4.45186, 1.52234, 44.6576, 1.40416, 0.0221985, 6.56883, 2.21753, 2.29053, 3.72793, 4.25501, 6.29835, 5.36068, 42.0616, 5.53216, 1.61431, 6.57738, 6.07556, 6.31427, 3.86939, 6.24115, 2.88469, 5.43223, 2.68884, 2.72032, 6.95828, 7.13136, 

0.072515, 0.997777, 0.586636, 3.01881, 7.28632, 6.55108, 1.25504, 4.30933, 5.53216, 4.45186, 1.0687, 1.20277, 37.3195, 5.87717, 10.7463, 2.01142, 3.37048, 6.56883, 1.48765, 1.40416, 1.26882, 0.0564866, 1.52234, 44.6576, 0.0221985, 16.8454, 18.6389, 1.19582, 6.29835, 6.3519, 2.21753, 2.29053, 3.72793, 5.36068, 42.0616, 42.3643, 23.8828, 1.61431, 4.25501, 4.42093, 6.07556, 6.31427, 3.86939, 6.24115, 2.88469, 5.43223, 2.68884, 2.72032, 6.57738, 6.95828, 

0.072515, 0.997777, 0.586636, 4.30933, 5.53216, 4.45186, 49.7106, 1.61431, 0.0221985, 3.72793, 1.0687, 1.20277, 37.3195, 10.7463, 1.48765, 1.40416, 29.8343, 6.55108, 6.3519, 1.25504, 1.26882, 0.0564866, 1.52234, 1.19582, 6.29835, 37.0155, 43.8027, 3.01881, 5.36068, 4.25501, 2.21753, 2.29053, 41.632, 23.8828, 4.42093, 26.1438, 7.87772, 3.37048, 5.87717, 2.01142, 6.07556, 6.31427, 3.86939, 6.24115, 2.88469, 5.43223, 2.68884, 2.72032, 6.56883, 6.57738, 

0.072515, 0.997777, 49.7106, 1.61431, 0.0221985, 3.72793, 26.384, 5.53216, 2.01142, 3.01881, 1.0687, 1.20277, 37.3195, 1.40416, 6.55108, 6.3519, 1.25504, 4.30933, 4.42093, 3.37048, 1.26882, 0.0564866, 1.52234, 1.19582, 6.29835, 37.0155, 63.0731, 4.25501, 5.36068, 4.45186, 2.21753, 2.29053, 41.632, 23.8828, 26.1438, 29.3893, 48.4711, 0.586636, 5.87717, 1.48765, 6.07556, 6.31427, 3.86939, 6.24115, 2.88469, 5.43223, 2.68884, 2.72032, 6.56883, 6.57738, 

0.072515, 0.997777, 37.0458, 0.0221985, 26.384, 5.53216, 20.8685, 1.40416, 2.01142, 1.61431, 1.0687, 1.20277, 6.3519, 1.25504, 4.30933, 4.42093, 34.2664, 9.62984, 5.87717, 3.01881, 1.26882, 0.0564866, 1.52234, 1.19582, 6.29835, 4.25501, 5.36068, 6.55108, 6.56883, 3.37048, 1.86213, 2.29053, 23.8828, 26.1438, 48.4711, 0.586636, 1.48765, 4.45186, 3.72793, 6.57738, 6.07556, 3.86939, 6.24115, 2.88469, 5.43223, 2.68884, 2.72032, 2.21753, 13.079, 25.058, 

0.072515, 0.997777, 4.94034, 20.8685, 1.40416, 1.61431, 36.1389, 1.48765, 5.53216, 1.25504, 1.0687, 1.20277, 6.3519, 9.62984, 5.87717, 3.01881, 22.6072, 4.45186, 0.0221985, 4.42093, 1.26882, 0.0564866, 1.19582, 4.25501, 5.36068, 3.37048, 29.315, 2.01142, 6.55108, 1.6668, 1.86213, 2.29053, 23.8828, 26.1438, 48.4711, 0.586636, 9.08069, 1.52234, 6.29835, 3.72793, 6.07556, 3.86939, 6.24115, 2.88469, 5.43223, 2.68884, 2.72032, 2.21753, 6.56883, 6.57738, 

0.072515, 0.997777, 4.94034, 1.61431, 36.1389, 1.25504, 21.7329, 4.45186, 1.48765, 0.586636, 1.0687, 1.01619, 9.62984, 22.6072, 0.0221985, 24.1906, 29.1404, 5.87717, 2.01142, 1.40416, 1.26882, 0.0564866, 4.25501, 5.36068, 3.37048, 20.3947, 6.55108, 1.52234, 1.19582, 5.53216, 1.86213, 1.05923, 26.1438, 48.4711, 6.29835, 3.72793, 1.0151, 4.42093, 3.01881, 1.6668, 6.07556, 3.86939, 2.88469, 5.43223, 2.68884, 2.72032, 2.21753, 2.29053, 6.3519, 6.56883, 

0.072515, 0.997777, 1.61431, 36.1389, 1.25504, 0.586636, 18.802, 3.72793, 1.40416, 4.45186, 1.0687, 1.01619, 9.62984, 22.6072, 24.1906, 5.87717, 2.01142, 6.3519, 5.53216, 4.94034, 1.26882, 0.0564866, 5.36068, 3.37048, 2.92025, 1.52234, 1.19582, 3.01881, 4.25501, 1.48765, 1.86213, 1.05923, 2.58477, 6.29835, 4.42093, 1.13867, 28.866, 6.26896, 0.0221985, 1.0151, 6.07556, 3.86939, 2.88469, 5.43223, 2.68884, 2.72032, 2.21753, 2.29053, 6.55108, 6.56883, 

0.072515, 0.997777, 1.25504, 18.802, 4.45186, 14.0016, 5.17011, 1.40416, 1.13867, 2.58477, 1.06287, 1.01619, 22.6072, 5.87717, 2.01142, 6.3519, 9.12993, 2.92025, 0.586636, 1.61431, 1.26882, 0.0564866, 3.37048, 3.01881, 1.48765, 18.2877, 35.7032, 4.94034, 3.72793, 4.25501, 1.86213, 1.05923, 6.29835, 28.866, 0.0221985, 1.0151, 0.650081, 4.42093, 1.19582, 1.52234, 6.07556, 3.86939, 2.88469, 5.43223, 2.68884, 2.72032, 2.21753, 2.29053, 5.36068, 5.53216, 

0.072515, 0.997777, 1.25504, 18.802, 14.0016, 1.13867, 20.3613, 3.37048, 1.40416, 2.92025, 1.06287, 1.01619, 5.87717, 6.3519, 9.12993, 0.586636, 41.212, 5.17011, 2.01142, 3.01881, 1.26882, 0.0564866, 1.48765, 18.2877, 4.94034, 4.25501, 33.4936, 4.42093, 1.61431, 0.0221985, 1.86213, 1.05923, 6.29835, 1.0151, 0.650081, 1.19582, 1.52234, 4.45186, 3.72793, 2.58477, 6.07556, 3.86939, 2.88469, 5.43223, 2.68884, 2.72032, 2.21753, 2.29053, 5.36068, 5.53216, 

0.072515, 0.997777, 18.802, 1.13867, 3.37048, 2.92025, 64.6212, 1.19582, 2.58477, 4.42093, 1.00914, 1.01619, 6.3519, 41.212, 5.17011, 69.8693, 21.5794, 0.586636, 1.25504, 1.61431, 1.26882, 0.0564866, 1.48765, 18.2877, 1.70193, 0.0221985, 29.0218, 4.45186, 3.01881, 3.44253, 1.86213, 1.05923, 6.29835, 1.0151, 0.650081, 1.52234, 3.72793, 1.40416, 2.01142, 4.94034, 6.07556, 3.86939, 2.88469, 5.43223, 2.68884, 2.72032, 2.21753, 2.29053, 5.36068, 5.53216, 

0.072515, 0.997777, 18.802, 1.13867, 1.19582, 4.42093, 42.5196, 2.92025, 3.37048, 0.0221985, 1.00914, 1.01619, 6.3519, 0.586636, 1.61431, 18.7425, 45.5939, 1.48765, 1.70193, 1.25504, 1.26882, 0.0564866, 9.73993, 29.0218, 3.01881, 18.3273, 25.0232, 4.45186, 1.52234, 0.650081, 1.86213, 1.05923, 6.29835, 3.72793, 1.40416, 2.01142, 29.6514, 3.44253, 2.58477, 1.0151, 3.86939, 2.88469, 5.43223, 2.68884, 2.72032, 2.21753, 2.29053, 3.8209, 4.94034, 5.17011, 

0.072515, 0.997777, 1.13867, 1.19582, 4.42093, 24.6636, 25.6879, 0.586636, 0.0221985, 1.0151, 1.00914, 1.01619, 1.61431, 18.7425, 1.48765, 1.25504, 37.0123, 2.58477, 4.10341, 1.70193, 1.26882, 0.0564866, 29.0218, 25.0232, 4.45186, 1.52234, 45.8609, 2.92025, 3.01881, 0.650081, 1.86213, 1.05923, 6.29835, 3.72793, 1.40416, 2.01142, 29.6514, 4.94034, 3.44253, 3.37048, 3.86939, 2.88469, 5.43223, 2.68884, 2.72032, 2.21753, 2.29053, 3.8209, 5.17011, 5.77724, 

0.072515, 0.997777, 1.13867, 1.19582, 4.42093, 19.0855, 0.586636, 2.58477, 4.10341, 2.01142, 1.00914, 1.01619, 1.61431, 18.7425, 1.48765, 1.25504, 37.0123, 1.0151, 1.70193, 0.0221985, 1.26882, 0.0564866, 29.0218, 25.0232, 2.92025, 32.7195, 43.0679, 3.01881, 0.650081, 1.52234, 1.86213, 1.05923, 3.72793, 1.40416, 4.94034, 3.44253, 32.4822, 3.37048, 4.45186, 1.314, 3.86939, 2.88469, 2.68884, 2.72032, 2.21753, 2.29053, 3.8209, 3.83859, 5.17011, 5.77724, 

0.072515, 0.997777, 1.13867, 3.60114, 4.10341, 18.5115, 11.0193, 1.0151, 1.25504, 4.94034, 1.00914, 1.01619, 1.61431, 18.7425, 1.48765, 0.0221985, 17.8042, 4.45186, 5.17011, 2.01142, 1.26882, 0.0564866, 32.7195, 43.0679, 3.01881, 0.650081, 1.52234, 1.314, 2.58477, 0.586636, 1.05923, 1.16985, 3.72793, 1.40416, 3.44253, 3.37048, 5.07307, 1.70193, 2.92025, 1.19582, 2.88469, 2.68884, 2.72032, 2.21753, 2.29053, 3.8209, 3.83859, 1.86213, 5.77724, 19.0855, 

0.072515, 0.997777, 1.13867, 1.03503, 11.0193, 1.25504, 31.3744, 1.70193, 3.60114, 0.650081, 1.00914, 1.01619, 1.48765, 0.0221985, 4.45186, 2.01142, 23.8859, 1.14857, 1.0151, 1.314, 1.18195, 0.0564866, 16.6174, 1.52234, 2.58477, 0.586636, 28.9823, 4.10341, 1.40416, 3.01881, 1.05923, 1.16985, 3.72793, 3.37048, 5.07307, 2.92025, 19.9897, 1.61431, 1.19582, 3.44253, 2.88469, 2.68884, 2.72032, 2.21753, 2.29053, 3.8209, 1.86213, 1.26882, 4.94034, 5.17011, 

0.072515, 0.997777, 1.13867, 1.25504, 31.3744, 11.8141, 31.1641, 2.50716, 2.58477, 3.37048, 1.00914, 1.01387, 0.0221985, 23.8859, 1.0151, 1.314, 14.8343, 1.03503, 1.48765, 1.52234, 1.18195, 0.0564866, 28.9823, 4.10341, 1.40416, 29.8978, 21.9778, 3.01881, 0.586636, 0.650081, 1.05923, 1.16985, 2.92025, 19.9897, 1.61431, 1.19582, 39.1293, 1.14857, 1.70193, 2.01142, 2.88469, 2.68884, 2.72032, 2.21753, 2.29053, 3.8209, 1.86213, 1.26882, 3.44253, 3.60114, 

0.072515, 0.997777, 31.3744, 9.77262, 31.1641, 2.50716, 3.37048, 2.58477, 2.01142, 1.13867, 1.00914, 1.01387, 0.0221985, 1.0151, 1.314, 1.48765, 16.1895, 3.60114, 0.650081, 1.40416, 1.18195, 0.0564866, 4.10341, 21.9778, 3.01881, 0.586636, 18.7676, 1.25504, 1.03503, 1.61431, 1.05923, 1.16985, 2.92025, 1.19582, 28.7332, 1.70193, 20.7259, 3.44253, 1.14857, 1.52234, 2.88469, 2.68884, 2.72032, 2.21753, 2.29053, 3.8209, 1.86213, 1.26882, 4.35169, 8.62063, 

0.072515, 0.997777, 31.3744, 31.1641, 2.58477, 1.13867, 22.0466, 1.48765, 0.0221985, 3.60114, 1.00914, 1.01387, 1.314, 16.1895, 0.650081, 1.40416, 40.3007, 4.35169, 1.0151, 2.92025, 1.18195, 0.0564866, 4.10341, 3.01881, 1.25504, 1.03503, 35.8419, 0.586636, 3.37048, 2.50716, 1.05923, 1.16985, 1.19582, 1.70193, 20.7259, 3.44253, 1.52234, 1.61431, 1.14857, 2.01142, 2.88469, 2.68884, 2.72032, 2.21753, 2.29053, 3.8209, 1.86213, 1.26882, 8.62063, 9.28841, 

0.072515, 0.997777, 31.3744, 2.58477, 1.13867, 0.0221985, 59.855, 1.03503, 3.01881, 2.01142, 1.00914, 1.01387, 1.314, 0.650081, 1.40416, 40.3007, 28.7952, 1.49411, 2.92025, 1.61431, 0.0564866, 0.353604, 1.25504, 0.586636, 3.37048, 2.50716, 16.5412, 4.10341, 3.44253, 1.70193, 1.05923, 1.16985, 1.19582, 20.7259, 1.52234, 1.14857, 29.4605, 1.0151, 3.60114, 1.48765, 2.88469, 2.68884, 2.72032, 2.21753, 2.29053, 1.86213, 1.26882, 1.18195, 4.35169, 8.62063, 

0.072515, 0.997777, 31.3744, 0.0221985, 59.855, 3.01881, 2.01142, 1.19582, 2.58477, 1.14857, 1.00914, 1.01387, 1.314, 28.3794, 1.49411, 2.92025, 38.7665, 1.40416, 1.03503, 0.586636, 0.0564866, 0.353604, 2.50716, 16.5412, 3.44253, 1.70193, 36.022, 1.61431, 0.650081, 1.13867, 1.05923, 1.16985, 1.52234, 3.60114, 1.48765, 39.98, 48.341, 1.0151, 3.37048, 1.25504, 2.88469, 2.68884, 2.72032, 2.21753, 2.29053, 1.86213, 1.26882, 1.18195, 4.10341, 4.35169, 

0.072515, 0.997777, 31.3744, 56.9909, 1.14857, 24.4451, 21.9478, 1.314, 0.586636, 1.19582, 1.00914, 1.01387, 28.3794, 1.49411, 2.92025, 1.03503, 58.5131, 3.44253, 1.40416, 3.01881, 0.0564866, 0.188756, 16.5412, 1.70193, 1.61431, 0.650081, 1.13867, 2.50716, 2.01142, 1.52234, 1.05923, 1.16985, 1.48765, 48.341, 1.0151, 3.37048, 1.25504, 0.0221985, 2.58477, 3.60114, 2.88469, 2.68884, 2.72032, 2.21753, 2.29053, 1.86213, 1.26882, 1.18195, 4.10341, 4.35169, 

0.072515, 0.997777, 31.3744, 1.81138, 1.314, 1.19582, 18.2734, 3.37048, 1.48765, 1.14857, 1.00914, 1.01387, 1.49411, 2.92025, 1.03503, 3.44253, 20.6611, 0.0221985, 1.40416, 1.61431, 0.0564866, 0.188756, 16.5412, 1.70193, 1.13867, 2.50716, 39.5687, 0.650081, 1.52234, 4.10341, 1.05923, 1.16985, 1.0151, 1.25504, 2.58477, 3.60114, 35.454, 2.01142, 3.01881, 0.586636, 2.88469, 2.68884, 2.72032, 2.21753, 2.29053, 1.86213, 1.26882, 1.18195, 4.35169, 10.3391, 

0.072515, 0.997777, 1.81138, 1.314, 1.48765, 1.14857, 19.5349, 4.10341, 1.19582, 2.01142, 1.00914, 1.01387, 1.49411, 2.92025, 1.03503, 0.0221985, 45.4594, 1.61431, 1.70193, 2.58477, 0.0564866, 0.188756, 2.50716, 9.79348, 0.650081, 1.52234, 28.5652, 1.25504, 3.37048, 3.01881, 1.05923, 1.16985, 1.0151, 3.60114, 35.454, 0.586636, 12.8141, 3.44253, 1.40416, 1.13867, 2.88469, 2.68884, 2.72032, 2.21753, 2.29053, 1.86213, 1.26882, 1.18195, 4.35169, 4.96546, 

Best:
0.0049051	0.00937333	

Fitness Evaluations:
3513

End Population
(-1.891346e-02), (-2.865914e-03), (-9.950888e-01), (3.766958e-03), (-1.401728e-02), (9.595915e-02), (-1.033362e+00), (1.172527e-02), (9.448588e-01), (-1.861464e-03), (1.140988e-02), (-9.695238e-01), (7.488832e-01), (-7.771897e-01), (-1.970910e+00), (1.625039e-02), (-2.988164e-02), (-1.006012e+00), (1.066034e+00), (-1.156826e-02), (7.992389e-03), (-9.977205e-01), (9.554191e-03), (-9.929394e-01), (-1.629920e-02), (8.628646e-02), (-3.871701e-03), (-1.094708e+00), (-1.007470e+00), (6.746358e-03), (4.905095e-03), (9.373328e-03), (4.943322e-01), (-4.209772e+00), (1.398174e-02), (-9.404858e-01), (-1.867307e-05), (-1.054902e+00), (9.505928e-01), (7.866941e-02), (-1.687848e-02), (-3.234520e-04), (-1.688726e-02), (-2.584517e-02), (6.306960e-02), (1.056018e+00), (-1.021914e-01), (2.138123e-01), (3.845668e-02), (-4.261156e-02), (5.033678e-02), (-9.828882e-01), (-3.199848e-01), (-3.152805e+00), (9.991891e-01), (3.603559e-02), (-5.558050e-02), (8.987560e-01), (-1.603679e-02), (1.255200e-01), (-1.530452e-02), (-9.854707e-01), (-1.011483e+00), (2.469373e-02), (-5.202006e-04), (-9.848890e-01), (1.324710e-02), (-8.780346e-01), (-2.435942e+00), (2.900017e+00), (-5.321943e-02), (1.228334e-02), (-2.135368e-02), (-2.924914e-01), (-1.347182e-01), (-1.600426e-02), (1.031712e+00), (-2.677374e-02), (-2.541871e-02), (-9.860287e-01), (-4.619565e-02), (-1.081860e+00), (1.077851e+00), (-4.238864e-02), (-7.378544e-02), (1.053051e+00), (9.623123e-01), (-1.004342e+00), (-9.562905e-01), (9.893101e-01), (-6.616149e-02), (-9.874715e-01), (-1.307224e-02), (-1.029776e+00), (1.167832e-02), (-9.664930e-01), (1.443427e-01), (5.002907e-02), (-9.449657e-01), (1.365853e-01), 