Iterations: 50
Function Evaluations Limit: 150000
Population: 50

Prides Length: 4

Percent Nomads: 0.2
Percent Roaming: 0.2
Percent Sex: 0.8

Mating Rate: 0.3
Mutation Probability: 0.2
Immigration Rate: 0.4

Dimensions: 2
N-Dimension Space: -6.28319:6.28319

Fitness Iterations:
2.34525
60.1555, 20.0284, 51.3419, 51.5924, 23.3175, 33.1436, 60.1446, 18.1252, 56.8638, 8.34739, 30.366, 50.6274, 21.7513, 24.7438, 66.9675, 32.108, 43.901, 79.9912, 54.1319, 64.0747, 49.9605, 25.8097, 49.3908, 54.1864, 64.6271, 36.6586, 28.2239, 38.2349, 77.4511, 27.4053, 33.9561, 6.8185, 63.1809, 35.3811, 68.9111, 30.1489, 38.2532, 70.2601, 59.5851, 32.5129, 43.4034, 42.507, 5.95448, 89.3997, 32.0992, 46.9475, 45.8329, 19.0378, 33.6126, 2.34525, 

11.0685, 5.94477, 20.3548, 19.7103, 9.33903, 18.8473, 6.81007, 2.34525, 28.1268, 16.2638, 20.0284, 12.057, 20.048, 56.3061, 29.3455, 0.877529, 15.2277, 8.34739, 18.843, 30.0306, 5.95448, 19.0378, 14.0124, 31.9322, 28.2239, 27.4053, 23.0489, 15.9772, 11.2438, 21.7513, 6.8185, 21.5447, 28.5818, 68.9111, 38.2532, 35.8613, 49.9098, 26.6086, 29.1049, 15.5907, 25.8097, 30.366, 32.0992, 29.3711, 28.971, 33.869, 27.8703, 28.0012, 30.3489, 31.9824, 

11.0685, 5.94477, 15.354, 18.8473, 6.81007, 46.9233, 41.113, 8.34739, 19.7103, 15.9772, 12.057, 19.1392, 20.048, 55.2199, 29.3455, 18.843, 12.2464, 15.1707, 2.34525, 8.10472, 5.95448, 19.0378, 15.7132, 27.4053, 21.7513, 17.5549, 24.2646, 11.2438, 9.74082, 16.2638, 6.8185, 9.51403, 55.7765, 16.4287, 35.8613, 49.9098, 29.1049, 0.877529, 15.5907, 9.33903, 25.8097, 28.971, 27.8703, 28.0012, 20.0284, 23.3957, 21.5447, 15.6949, 21.7913, 22.4392, 

5.94477, 8.21836, 15.354, 41.113, 19.7103, 15.9772, 33.1174, 8.34739, 21.7913, 20.048, 5.19802, 13.3706, 29.3455, 12.2464, 2.34525, 2.15266, 41.4589, 15.1707, 17.5549, 21.7513, 5.95448, 11.0685, 15.7132, 27.4053, 11.2438, 16.2638, 25.1872, 8.10472, 13.4043, 9.74082, 6.8185, 9.51403, 10.1411, 0.877529, 15.5907, 57.3194, 32.5558, 9.33903, 6.81007, 18.8473, 20.0284, 23.3957, 21.5447, 9.01941, 18.468, 19.1716, 22.287, 19.0378, 22.4392, 22.9261, 

5.94477, 8.21836, 11.1003, 33.1174, 8.34739, 10.2233, 11.61, 12.2464, 18.432, 18.8473, 5.19802, 9.01941, 2.34525, 2.15266, 15.1707, 44.9122, 16.742, 13.0994, 19.7103, 6.81007, 5.95448, 9.56284, 11.2438, 25.1872, 8.10472, 9.74082, 32.9537, 2.40914, 13.4043, 13.5098, 6.8185, 9.51403, 10.1411, 0.877529, 15.5907, 32.5558, 44.2806, 17.5549, 9.33903, 6.17849, 20.0284, 21.5447, 13.3706, 16.4137, 19.1716, 11.6607, 16.7687, 11.0685, 21.7513, 22.4392, 

5.94477, 8.21836, 11.1003, 33.1174, 10.2233, 12.2464, 20.2947, 9.74082, 8.10472, 7.70385, 5.19802, 9.01941, 2.34525, 2.15266, 24.0075, 9.86038, 12.0751, 6.81007, 13.5098, 8.34739, 5.95448, 4.38583, 11.2438, 2.40914, 10.2564, 18.4027, 5.62079, 16.742, 10.1411, 13.0994, 6.8185, 9.51403, 0.877529, 24.1715, 44.2806, 9.33903, 29.1235, 15.5907, 11.61, 6.17849, 13.3706, 16.4137, 19.1716, 11.6607, 16.7687, 11.0685, 17.3119, 12.5295, 17.5549, 18.0529, 

5.94477, 8.21836, 33.1174, 9.74082, 8.10472, 20.9485, 15.8349, 10.2233, 7.70385, 12.2464, 5.19802, 9.01941, 2.15266, 5.07931, 12.0751, 6.81007, 8.34739, 4.53402, 4.66835, 13.5098, 5.95448, 4.38583, 2.40914, 18.4027, 10.1411, 13.0994, 39.9592, 11.1003, 11.2438, 2.34525, 6.8185, 7.45501, 9.33903, 11.8129, 11.61, 6.17849, 30.1786, 10.2564, 5.62079, 0.877529, 13.3706, 16.4137, 11.6607, 11.0685, 12.5295, 10.2078, 12.1638, 9.51403, 17.5549, 18.0529, 

5.94477, 8.21836, 33.1174, 8.10472, 20.9485, 15.8349, 7.70385, 2.40914, 10.1411, 10.2564, 5.19802, 9.01941, 8.34739, 4.53402, 4.66835, 13.5098, 19.383, 10.2233, 6.81007, 0.877529, 5.95448, 4.38583, 39.9592, 11.1003, 11.2438, 2.34525, 26.0829, 12.0751, 2.15266, 5.07931, 6.8185, 7.45501, 9.33903, 8.09689, 30.1786, 5.62079, 30.6971, 6.17849, 11.61, 9.74082, 11.6607, 11.0685, 12.5295, 10.2078, 12.1638, 9.51403, 10.9746, 12.4906, 12.2464, 13.0994, 

5.94477, 8.21836, 8.10472, 15.8349, 2.40914, 10.2564, 9.07424, 8.34739, 4.66835, 10.1411, 5.19802, 9.01941, 4.53402, 13.5098, 9.34741, 6.81007, 33.9319, 11.2438, 7.70385, 5.62079, 5.95448, 4.38583, 11.1003, 21.6381, 12.0751, 2.15266, 21.1046, 12.2464, 2.34525, 0.877529, 6.8185, 7.45501, 9.33903, 30.1786, 11.61, 9.74082, 31.9061, 6.17849, 8.09689, 5.07931, 11.6607, 11.0685, 12.5295, 10.2078, 12.1638, 9.51403, 10.9746, 12.4906, 13.0994, 17.2954, 

5.94477, 8.21836, 15.8349, 10.2564, 9.07424, 10.1411, 36.5102, 0.877529, 8.10472, 11.61, 5.19802, 9.01941, 4.53402, 13.5098, 33.9319, 7.24352, 2.84259, 4.66835, 6.29159, 9.34741, 5.95448, 4.38583, 21.6381, 2.15266, 21.1046, 2.34525, 21.6088, 8.34739, 6.81007, 2.40914, 6.8185, 5.94262, 30.1786, 9.74082, 8.09689, 5.07931, 22.0819, 7.70385, 6.17849, 9.33903, 11.6607, 11.0685, 10.2078, 12.1638, 9.51403, 10.9746, 12.4906, 12.0211, 12.0751, 12.2464, 

5.94477, 7.94534, 15.8349, 9.07424, 10.1411, 8.10472, 35.8146, 10.0219, 9.34741, 2.34525, 5.19802, 5.18029, 13.5098, 33.9319, 7.24352, 2.84259, 17.7824, 0.877529, 8.34739, 4.66835, 5.95448, 4.38583, 2.15266, 21.6088, 6.81007, 44.9281, 34.4281, 6.17849, 2.40914, 5.07931, 6.8185, 5.94262, 30.1786, 9.74082, 7.70385, 9.33903, 20.3208, 4.53402, 8.09689, 6.29159, 11.6607, 11.0685, 10.2078, 12.1638, 9.51403, 10.9746, 12.0211, 8.21836, 10.2564, 11.61, 

5.94477, 7.94534, 15.8349, 10.0219, 2.34525, 30.3333, 30.5812, 2.84259, 6.17849, 9.34741, 5.19802, 5.18029, 13.5098, 33.9319, 7.24352, 0.877529, 4.66835, 10.2564, 6.81007, 2.40914, 5.95448, 4.38583, 2.15266, 21.6088, 34.4281, 5.07931, 43.816, 4.76252, 8.34739, 9.07424, 6.8185, 5.94262, 7.70385, 9.33903, 4.53402, 8.09689, 22.0823, 10.1411, 6.29159, 9.74082, 11.6607, 11.0685, 10.2078, 12.1638, 9.51403, 10.9746, 12.0211, 8.21836, 11.61, 17.1178, 

5.94477, 7.94534, 30.3333, 30.5812, 9.34741, 25.8768, 27.5258, 10.0219, 4.53402, 2.34525, 5.19802, 5.18029, 33.9319, 7.24352, 0.877529, 10.2564, 24.6477, 4.76252, 6.17849, 9.33903, 5.95448, 4.17208, 2.15266, 8.34739, 9.07424, 17.7045, 26.2297, 3.33261, 10.1411, 2.40914, 6.8185, 5.94262, 7.70385, 8.09689, 6.29159, 9.74082, 37.9254, 4.66835, 2.84259, 5.07931, 11.6607, 11.0685, 10.2078, 9.51403, 10.9746, 12.0211, 8.21836, 11.3105, 10.3865, 13.5098, 

5.94477, 6.8185, 30.3333, 10.0219, 2.34525, 17.0933, 40.3442, 6.17849, 10.3865, 4.53402, 5.19802, 5.18029, 33.9319, 0.877529, 10.2564, 21.5887, 34.5372, 6.29159, 7.24352, 3.33261, 5.95448, 4.17208, 2.15266, 8.34739, 9.07424, 17.7045, 2.40914, 10.1411, 9.33903, 13.5098, 5.94262, 4.36886, 7.70385, 8.09689, 9.74082, 4.66835, 1.52726, 2.84259, 4.76252, 9.34741, 11.6607, 11.0685, 10.2078, 9.51403, 10.9746, 8.21836, 11.3105, 7.94534, 23.3731, 24.6477, 

5.94477, 6.8185, 10.0219, 17.0933, 40.3442, 6.17849, 4.53402, 4.66835, 3.33261, 2.84259, 5.19802, 5.18029, 0.877529, 10.2564, 21.5887, 6.29159, 21.6952, 2.34525, 1.52726, 7.24352, 5.95448, 4.17208, 2.15266, 8.34739, 2.40914, 13.5098, 26.3517, 10.3865, 9.33903, 8.20146, 5.94262, 4.36886, 7.70385, 9.74082, 4.76252, 9.34741, 21.1537, 8.09689, 9.09741, 9.07424, 11.0685, 10.2078, 9.51403, 10.9746, 8.21836, 11.3105, 7.94534, 11.6155, 10.6373, 17.7045, 

5.94477, 6.8185, 10.0219, 40.3442, 4.66835, 2.84259, 25.9174, 8.34739, 8.20146, 1.52726, 5.19802, 5.18029, 0.877529, 10.2564, 2.34525, 7.24352, 36.4577, 9.09741, 4.53402, 8.09689, 5.95448, 1.25856, 2.15266, 13.5098, 26.3517, 10.3865, 38.1627, 2.40914, 9.07424, 6.17849, 5.94262, 4.36886, 7.70385, 9.74082, 4.76252, 21.1537, 26.7692, 6.29159, 4.0226, 3.33261, 11.0685, 10.2078, 9.51403, 10.9746, 8.21836, 11.3105, 7.94534, 11.6155, 9.33903, 9.34741, 

5.94477, 6.8185, 4.66835, 2.84259, 8.34739, 15.6929, 43.3141, 4.0226, 6.17849, 9.09741, 5.19802, 5.18029, 0.877529, 4.26316, 2.34525, 7.24352, 52.5345, 2.15266, 8.09689, 4.53402, 5.722, 1.25856, 13.5098, 26.3517, 21.1072, 0.551998, 13.7522, 1.52726, 6.29159, 8.20146, 5.94262, 4.36886, 8.96959, 4.76252, 26.7692, 3.33261, 20.6734, 2.40914, 9.07424, 7.70385, 11.0685, 10.2078, 9.51403, 10.9746, 8.21836, 11.3105, 7.94534, 11.6155, 9.33903, 9.34741, 

5.94477, 6.32154, 8.34739, 8.19621, 15.3818, 6.17849, 23.0249, 4.66835, 2.40914, 8.96959, 5.19802, 5.18029, 4.26316, 2.34525, 4.53402, 20.0559, 32.0805, 0.551998, 0.877529, 9.09741, 5.722, 1.25856, 13.7522, 1.52726, 6.29159, 8.20146, 39.6486, 2.84259, 7.24352, 4.0226, 5.94262, 4.36886, 4.76252, 22.8981, 3.33261, 2.73659, 48.9342, 2.15266, 7.70385, 8.09689, 11.0685, 10.2078, 9.51403, 10.9746, 8.21836, 11.3105, 7.94534, 6.8185, 9.33903, 9.34741, 

5.94477, 6.32154, 15.3818, 6.17849, 4.66835, 2.40914, 2.87136, 4.53402, 8.19621, 0.551998, 5.19802, 5.18029, 20.0559, 30.3241, 0.877529, 9.09741, 19.7295, 4.76252, 8.20146, 1.52726, 5.722, 1.25856, 6.29159, 2.84259, 7.24352, 55.0477, 22.0842, 4.26316, 3.33261, 4.0226, 5.94262, 4.36886, 2.73659, 2.15266, 8.09689, 32.4644, 42.9056, 2.34525, 8.34739, 7.70385, 11.0685, 10.2078, 7.42911, 10.9746, 8.21836, 7.94534, 6.8185, 9.43699, 9.33903, 9.34741, 

5.94477, 3.65695, 15.3818, 4.66835, 2.40914, 2.87136, 9.48346, 4.53402, 7.24352, 0.551998, 5.19802, 5.18029, 20.0559, 0.877529, 4.76252, 1.52726, 14.0742, 9.33903, 8.19621, 9.09741, 5.722, 1.25856, 4.44625, 2.84259, 55.0477, 4.26316, 27.0226, 6.17849, 4.0226, 8.34739, 5.94262, 4.36886, 2.73659, 2.15266, 42.9056, 2.34525, 7.70385, 8.20146, 3.33261, 8.09689, 10.2078, 7.42911, 10.9746, 8.21836, 7.94534, 6.8185, 9.43699, 6.32154, 9.34741, 14.9356, 

5.94477, 3.51723, 15.3818, 2.40914, 2.87136, 4.53402, 40.0247, 9.48346, 4.66835, 2.34525, 5.19802, 5.18029, 20.0559, 0.877529, 4.76252, 1.52726, 8.19621, 5.90476, 2.15266, 7.24352, 5.722, 1.25856, 4.44625, 2.84259, 4.26316, 6.17849, 8.34739, 4.0226, 8.20146, 9.09741, 5.94262, 4.36886, 2.73659, 42.9056, 7.70385, 3.33261, 1.97793, 9.33903, 0.551998, 9.34741, 10.2078, 7.42911, 8.21836, 7.94534, 6.8185, 9.43699, 6.32154, 5.75055, 14.0742, 14.9356, 

5.75055, 3.51723, 2.87136, 4.53402, 9.48346, 2.34525, 24.8869, 9.09741, 9.33903, 8.62214, 5.19802, 5.18029, 20.0559, 0.877529, 4.76252, 1.52726, 8.19621, 4.44625, 7.70385, 5.90476, 5.722, 1.25856, 4.26316, 6.17849, 8.34739, 8.20146, 3.14403, 4.0226, 2.15266, 2.84259, 5.94262, 4.36886, 2.73659, 3.33261, 1.97793, 0.551998, 15.9772, 2.40914, 7.24352, 4.66835, 10.2078, 7.42911, 8.21836, 7.94534, 6.8185, 9.43699, 6.32154, 5.94477, 9.34741, 14.0742, 

5.75055, 3.51723, 2.87136, 24.8869, 9.33903, 8.62214, 11.6915, 4.44625, 4.0226, 1.97793, 5.19802, 5.18029, 20.0559, 0.877529, 1.52726, 7.70385, 21.5086, 1.89397, 4.66835, 3.33261, 5.722, 1.25856, 6.17849, 8.34739, 8.20146, 2.15266, 41.8362, 4.53402, 2.34525, 0.551998, 5.94262, 4.36886, 2.73659, 15.9772, 7.24352, 29.1105, 34.3032, 2.40914, 3.14403, 2.84259, 7.42911, 8.21836, 7.94534, 6.8185, 9.43699, 6.32154, 5.94477, 8.87447, 4.76252, 5.90476, 

5.75055, 3.51723, 8.62214, 11.6915, 4.44625, 4.0226, 21.656, 1.52726, 2.87136, 3.31055, 5.19802, 1.95799, 20.0559, 7.70385, 4.66835, 21.3556, 30.0563, 1.97793, 1.89397, 3.33261, 5.722, 1.25856, 6.17849, 8.34739, 4.53402, 0.551998, 46.4749, 4.76252, 2.34525, 0.877529, 5.94262, 3.80719, 2.73659, 5.69472, 34.3032, 2.40914, 3.14403, 5.90476, 2.15266, 2.84259, 7.42911, 8.21836, 7.94534, 6.8185, 9.43699, 6.32154, 5.94477, 8.87447, 8.20146, 12.2735, 

5.75055, 3.51723, 8.62214, 4.44625, 4.0226, 3.31055, 12.8767, 5.69472, 0.877529, 0.551998, 5.19802, 1.95799, 20.0559, 7.70385, 9.48393, 1.89397, 39.9594, 2.15266, 4.66835, 2.73659, 5.722, 1.25856, 6.17849, 8.34739, 4.53402, 4.76252, 2.34525, 1.97793, 3.33261, 2.40914, 5.94262, 3.80719, 17.354, 5.90476, 2.84259, 27.7252, 33.2191, 2.87136, 1.52726, 3.14403, 7.42911, 8.21836, 7.94534, 6.8185, 6.32154, 5.94477, 8.87447, 6.61864, 8.20146, 11.6915, 

5.75055, 3.51723, 4.44625, 4.0226, 12.8767, 5.2813, 0.877529, 1.52726, 3.33261, 1.89397, 4.16485, 1.95799, 7.70385, 9.48393, 4.66835, 2.73659, 15.6829, 3.14403, 3.42616, 3.31055, 5.722, 1.25856, 6.17849, 8.34739, 4.53402, 4.76252, 25.1977, 2.87136, 0.551998, 2.34525, 5.94262, 3.80719, 17.354, 5.90476, 2.84259, 8.36886, 16.2268, 1.97793, 2.40914, 2.15266, 7.42911, 8.21836, 7.94534, 6.8185, 6.32154, 5.94477, 6.61864, 6.94539, 8.20146, 8.62214, 

5.75055, 3.51723, 4.44625, 4.0226, 1.52726, 1.89397, 33.9981, 3.33261, 2.40914, 2.84259, 4.16485, 1.39107, 7.70385, 9.48393, 15.6829, 3.14403, 5.5048, 0.551998, 2.34525, 2.15266, 5.722, 1.25856, 6.17849, 4.53402, 2.87136, 9.08817, 18.3811, 4.76252, 4.66835, 2.73659, 5.78817, 3.80719, 17.354, 5.90476, 8.36886, 16.2268, 1.97793, 3.31055, 3.42616, 0.877529, 7.42911, 7.94534, 6.8185, 6.32154, 5.94477, 6.61864, 6.94539, 5.94262, 5.2813, 6.50363, 

5.75055, 2.79784, 1.52726, 1.89397, 2.40914, 2.84259, 40.071, 2.87136, 2.15266, 2.34525, 4.16485, 1.39107, 7.70385, 15.6829, 3.14403, 5.5048, 0.551998, 3.33261, 6.50363, 5.2813, 5.722, 1.25856, 6.17849, 4.53402, 4.76252, 2.73659, 12.1327, 4.0226, 4.66835, 1.97793, 5.78817, 3.80719, 5.90476, 16.2268, 3.42616, 0.877529, 18.6704, 3.31055, 4.44625, 8.36886, 7.42911, 7.94534, 6.8185, 6.32154, 5.94477, 6.61864, 6.94539, 5.94262, 9.08817, 9.48393, 

5.75055, 2.79784, 1.52726, 1.89397, 2.84259, 2.34525, 24.9664, 2.15266, 4.0226, 3.33261, 1.39107, 3.01155, 7.70385, 5.5048, 0.551998, 6.50363, 3.42692, 2.40914, 3.42616, 0.877529, 5.722, 1.25856, 6.17849, 4.53402, 1.97793, 14.0388, 28.1097, 2.73659, 3.14403, 4.44625, 5.78817, 3.80719, 16.2268, 18.6704, 3.31055, 18.3025, 23.7053, 4.66835, 4.76252, 2.87136, 7.42911, 6.8185, 6.32154, 5.94477, 6.61864, 6.94539, 5.94262, 4.16485, 5.2813, 5.90476, 

5.75055, 2.79784, 1.52726, 2.34525, 24.9664, 4.0226, 13.2605, 2.87136, 0.877529, 0.551998, 1.39107, 3.01155, 7.70385, 5.5048, 0.67015, 3.42616, 18.363, 4.66835, 2.84259, 4.02567, 5.722, 1.25856, 14.0388, 2.73659, 3.14403, 4.44625, 22.1533, 3.33261, 2.15266, 2.40914, 5.78817, 3.80719, 3.31055, 18.3025, 23.7053, 19.2604, 12.2702, 4.53402, 1.89397, 1.97793, 7.42911, 6.8185, 6.32154, 5.94477, 6.61864, 6.94539, 5.94262, 4.16485, 4.76252, 5.2813, 

4.16485, 2.79784, 24.9664, 4.0226, 13.2605, 0.877529, 0.551998, 0.67015, 4.66835, 4.76252, 1.39107, 0.682221, 5.5048, 3.42616, 2.84259, 4.02567, 37.8169, 5.2813, 2.73659, 2.34525, 5.722, 1.25856, 3.14403, 22.1533, 3.33261, 2.15266, 2.40914, 7.70385, 4.44625, 1.52726, 5.78817, 3.80719, 3.31055, 12.2702, 4.53402, 1.97793, 33.7289, 7.17124, 2.87136, 1.89397, 7.42911, 6.8185, 6.32154, 5.94477, 6.61864, 6.94539, 5.94262, 5.75055, 14.0388, 16.261, 

4.16485, 2.79784, 24.9664, 4.0226, 4.66835, 4.76252, 20.3276, 0.877529, 3.42616, 3.31055, 0.00154959, 0.682221, 2.84259, 5.2813, 2.73659, 51.7083, 26.2922, 1.89397, 3.14403, 0.67015, 3.36711, 1.25856, 20.0466, 2.15266, 7.70385, 4.44625, 26.7654, 0.551998, 1.52726, 2.34525, 5.78817, 3.80719, 4.53402, 33.7289, 7.17124, 2.87136, 52.6864, 3.33261, 1.97793, 2.40914, 7.42911, 6.8185, 6.32154, 5.94477, 6.61864, 6.94539, 5.94262, 5.75055, 4.02567, 5.5048, 

4.16485, 2.79784, 24.9664, 4.0226, 4.66835, 4.76252, 0.877529, 3.42616, 0.67015, 2.34525, 0.00154959, 0.682221, 5.2813, 1.89397, 3.14403, 26.7527, 14.5834, 0.551998, 4.44625, 2.15266, 3.36711, 1.25856, 7.70385, 26.7654, 1.52726, 16.6242, 57.8783, 2.87136, 4.02567, 4.53402, 3.80719, 5.1995, 7.17124, 3.33261, 1.97793, 2.40914, 14.4074, 3.31055, 2.84259, 2.73659, 6.8185, 6.32154, 5.94477, 6.61864, 6.94539, 5.94262, 5.75055, 5.78817, 5.5048, 16.299, 

4.16485, 2.79784, 12.5106, 4.66835, 4.76252, 0.877529, 0.67015, 4.02372, 2.15266, 3.33261, 0.00154959, 0.682221, 1.89397, 26.7527, 14.5834, 0.551998, 21.2668, 3.42616, 1.52726, 3.14403, 3.36711, 1.25856, 7.70385, 2.87136, 4.02567, 4.53402, 23.3077, 4.44625, 2.73659, 2.34525, 3.80719, 5.1995, 7.17124, 1.97793, 2.40914, 14.4074, 3.31055, 4.0226, 5.2813, 2.84259, 6.8185, 6.32154, 5.94477, 6.61864, 5.94262, 5.75055, 5.78817, 6.05237, 5.5048, 12.3999, 

2.79784, 2.57675, 4.66835, 4.76252, 0.67015, 3.33261, 2.98083, 2.34525, 0.877529, 3.14403, 0.00154959, 0.682221, 1.89397, 14.5834, 21.2668, 3.42616, 21.3335, 2.40914, 2.15266, 4.0226, 3.36711, 1.25856, 2.87136, 4.02567, 4.44625, 2.73659, 25.6384, 3.31055, 4.02372, 1.52726, 3.80719, 5.1995, 7.17124, 1.97793, 5.2813, 2.84259, 15.8964, 0.551998, 4.53402, 4.19047, 6.32154, 5.94477, 6.61864, 5.94262, 5.75055, 5.78817, 6.05237, 4.16485, 5.5048, 7.70385, 

2.79784, 2.57675, 0.67015, 3.33261, 2.98083, 2.34525, 0.877529, 1.89397, 4.76252, 3.14403, 0.00154959, 0.682221, 21.2668, 3.42616, 12.36, 2.208, 24.1057, 4.53402, 4.44625, 4.02567, 3.36711, 1.25856, 2.87136, 2.73659, 25.6384, 4.02372, 1.52726, 0.551998, 4.0226, 3.31055, 3.80719, 4.16485, 1.97793, 2.84259, 15.8964, 25.6251, 23.2544, 4.66835, 4.19047, 2.15266, 6.32154, 5.94477, 5.94262, 5.75055, 5.78817, 6.05237, 5.1995, 5.86492, 5.2813, 5.5048, 

2.79784, 2.57675, 3.33261, 2.98083, 0.877529, 4.76252, 15.7984, 4.0226, 2.87136, 1.89397, 0.00154959, 0.117915, 12.36, 24.1057, 4.53402, 4.02567, 38.8268, 3.42616, 1.97793, 1.58682, 3.36711, 1.25856, 2.73659, 4.02372, 1.52726, 3.31055, 44.4141, 3.14403, 2.34525, 2.87975, 3.80719, 4.16485, 2.84259, 25.6251, 23.2544, 2.15266, 24.8387, 0.551998, 2.208, 0.67015, 6.32154, 5.94477, 5.94262, 5.75055, 5.78817, 6.05237, 5.1995, 5.86492, 4.19047, 4.44625, 

2.79784, 2.57675, 3.33261, 4.76252, 15.7984, 1.89397, 37.6661, 2.87136, 2.73659, 2.98083, 0.00154959, 0.117915, 12.36, 4.53402, 1.97793, 1.58682, 22.0704, 4.02567, 2.34525, 4.0226, 3.36711, 1.25856, 1.52726, 3.31055, 44.4141, 3.14403, 24.6517, 3.42616, 0.877529, 4.19047, 3.80719, 4.16485, 2.84259, 2.15266, 24.8387, 2.208, 0.67015, 4.02372, 2.87975, 0.551998, 6.32154, 5.94477, 5.94262, 5.75055, 5.78817, 6.05237, 5.1995, 5.86492, 4.44625, 12.8555, 

2.79784, 2.57675, 3.33261, 1.89397, 2.87136, 2.73659, 9.20595, 2.84259, 2.98083, 4.0226, 0.00154959, 0.117915, 12.36, 1.97793, 1.58682, 4.02567, 34.8065, 0.67015, 1.52726, 3.14403, 3.36711, 1.25856, 44.4141, 3.42616, 4.19047, 33.1089, 30.4299, 2.34525, 0.877529, 3.31055, 3.80719, 4.16485, 7.15577, 2.208, 4.02372, 16.2658, 3.04463, 2.15266, 2.87975, 0.551998, 6.32154, 5.94477, 5.94262, 5.75055, 5.78817, 6.05237, 5.1995, 5.86492, 4.44625, 4.53402, 

2.79784, 1.45467, 3.33261, 1.89397, 2.87136, 2.98083, 13.8119, 0.551998, 2.87975, 0.877529, 0.00154959, 0.117915, 1.97793, 4.02567, 34.8065, 3.14403, 34.9599, 4.44625, 2.34525, 1.52726, 3.36711, 1.25856, 42.9446, 3.42616, 4.19047, 30.4299, 3.31055, 1.58682, 2.73659, 0.67015, 3.80719, 4.16485, 7.15577, 2.208, 4.02372, 2.15266, 36.4282, 3.04463, 4.0226, 2.84259, 6.32154, 5.94477, 5.94262, 5.75055, 5.78817, 6.05237, 5.1995, 5.86492, 4.53402, 5.26852, 

2.79784, 0.811533, 3.33261, 2.98083, 2.87975, 0.877529, 32.427, 4.44625, 2.87136, 2.73659, 0.00154959, 0.117915, 4.02567, 34.8065, 34.9599, 75.431, 56.1509, 0.551998, 4.0226, 3.42616, 3.36711, 1.25856, 4.19047, 30.4299, 3.31055, 1.58682, 0.67015, 1.89397, 3.14403, 2.34525, 3.80719, 4.16485, 7.15577, 2.208, 4.02372, 2.15266, 3.04463, 1.52726, 1.97793, 2.84259, 6.32154, 5.94477, 5.94262, 5.75055, 5.78817, 6.05237, 5.1995, 5.86492, 4.53402, 5.26852, 

2.79784, 0.811533, 3.33261, 4.44625, 2.73659, 34.6771, 23.4278, 2.84259, 4.0226, 2.87136, 0.00154959, 0.117915, 4.02567, 15.4601, 34.9599, 0.551998, 62.2521, 2.98083, 0.67015, 1.58682, 3.36711, 1.25856, 27.9868, 3.31055, 1.89397, 22.4874, 4.8144, 2.34525, 2.15266, 3.42616, 3.80719, 4.16485, 2.208, 3.04463, 1.52726, 1.97793, 19.6437, 3.14403, 0.877529, 2.87975, 6.32154, 5.94477, 5.94262, 5.75055, 5.78817, 6.05237, 5.1995, 5.86492, 4.02372, 4.19047, 

2.79784, 0.811533, 4.44625, 2.73659, 23.3726, 4.0226, 2.87136, 2.84259, 1.89397, 2.34525, 0.00154959, 0.117915, 4.02567, 34.9599, 62.2521, 1.58682, 43.0305, 1.52726, 1.97793, 3.33261, 3.36711, 1.25856, 20.3357, 22.4874, 4.8144, 2.15266, 3.42616, 4.02372, 3.31055, 0.551998, 3.80719, 4.16485, 2.208, 3.14403, 0.877529, 2.87975, 17.9445, 2.98083, 3.04463, 0.67015, 5.94477, 5.94262, 5.75055, 5.78817, 6.05237, 5.1995, 5.86492, 3.60603, 4.19047, 5.30521, 

2.79784, 0.811533, 4.44625, 2.73659, 2.87136, 2.34525, 42.241, 2.87975, 3.42616, 3.31055, 0.00154959, 0.117915, 4.02567, 29.9734, 43.2332, 1.58682, 1.97793, 4.02372, 1.89397, 2.208, 0.494709, 1.21799, 15.704, 4.8144, 2.15266, 0.551998, 30.754, 4.19047, 4.0226, 3.14403, 3.60603, 4.16485, 0.877529, 2.98083, 3.04463, 0.67015, 16.7346, 2.84259, 1.52726, 3.33261, 5.94477, 5.94262, 5.75055, 5.78817, 5.1995, 5.86492, 3.80719, 4.43021, 5.30521, 15.3602, 

2.79784, 0.811533, 2.73659, 2.87136, 2.34525, 6.06071, 10.797, 2.15266, 3.31055, 2.208, 0.00154959, 0.117915, 29.9734, 1.58682, 4.02372, 1.89397, 2.44854, 3.14403, 1.52726, 0.551998, 0.494709, 1.21799, 15.704, 4.8144, 4.19047, 4.0226, 28.3172, 0.877529, 1.97793, 2.84259, 3.60603, 4.16485, 3.04463, 8.24995, 3.33261, 21.8291, 33.3308, 2.98083, 0.67015, 2.87975, 5.94477, 5.94262, 5.75055, 5.78817, 5.1995, 5.86492, 3.80719, 4.43021, 3.42616, 4.02567, 

2.79784, 0.811533, 2.73659, 6.06071, 10.797, 2.208, 11.4535, 2.34525, 3.14403, 2.98083, 0.00154959, 0.0468825, 1.58682, 1.89397, 2.44854, 1.52726, 0.551998, 2.87136, 4.02567, 2.15266, 0.494709, 1.21799, 4.8144, 3.70368, 0.877529, 31.1504, 19.3721, 4.19047, 2.84259, 3.31055, 3.60603, 1.61715, 3.04463, 8.24995, 3.33261, 0.67015, 2.87975, 1.97793, 3.42616, 4.02372, 5.94477, 5.94262, 5.75055, 5.78817, 5.1995, 5.86492, 3.80719, 4.43021, 15.704, 18.2979, 

2.79784, 0.811533, 2.208, 11.4535, 2.34525, 3.14403, 2.98083, 0.67015, 2.87136, 2.15266, 0.00154959, 0.0468825, 1.58682, 1.89397, 1.52726, 22.1874, 1.90041, 2.73659, 3.42616, 0.551998, 0.494709, 1.21799, 0.877529, 19.3721, 4.19047, 24.2836, 30.8537, 3.70368, 2.44854, 2.84259, 3.60603, 1.61715, 3.04463, 8.24995, 2.87975, 4.02372, 24.0105, 3.31055, 3.33261, 1.97793, 5.94477, 5.94262, 5.75055, 5.78817, 5.1995, 5.86492, 3.80719, 4.43021, 4.02567, 4.23839, 

2.79784, 0.811533, 11.4535, 3.14403, 2.98083, 2.87136, 2.15266, 1.89397, 4.02567, 3.42616, 0.00154959, 0.0468825, 1.90041, 2.73659, 0.551998, 23.0071, 11.0319, 2.208, 0.877529, 1.58682, 0.494709, 1.21799, 24.2836, 3.70368, 2.44854, 2.84259, 30.1884, 3.04463, 2.34525, 4.19047, 3.60603, 1.61715, 2.87975, 3.31055, 3.33261, 1.97793, 41.7916, 1.52726, 0.67015, 4.02372, 5.94477, 5.94262, 5.75055, 5.78817, 5.1995, 5.86492, 3.80719, 4.43021, 4.23839, 8.24995, 

2.79784, 0.811533, 3.14403, 2.98083, 1.89397, 3.42616, 21.8179, 4.02372, 0.560762, 3.31055, 0.00154959, 0.0468825, 1.90041, 2.73659, 0.551998, 0.877529, 1.0743, 4.02567, 2.15266, 0.67015, 0.494709, 1.21799, 24.2836, 2.44854, 3.04463, 2.34525, 4.19047, 2.208, 2.87975, 3.70368, 1.9207, 1.61715, 3.33261, 1.97793, 41.7916, 1.52726, 17.5544, 2.87136, 1.58682, 2.84259, 5.94262, 5.75055, 5.78817, 5.1995, 5.86492, 3.80719, 4.43021, 1.17298, 4.23839, 6.25051, 

1.17298, 0.811533, 3.14403, 3.42616, 0.560762, 3.31055, 17.0889, 1.89397, 1.58682, 2.15266, 0.00154959, 0.00997847, 1.90041, 0.551998, 0.877529, 4.02567, 38.8175, 2.87975, 1.97793, 1.52726, 0.494709, 1.21799, 24.2836, 2.44854, 2.208, 3.70368, 10.2434, 2.34525, 0.407262, 1.0743, 1.61715, 1.19993, 41.7916, 17.5544, 2.87136, 21.5854, 1.21023, 2.84259, 2.73659, 2.98083, 5.75055, 5.78817, 5.1995, 5.86492, 3.80719, 4.43021, 2.79784, 1.9207, 3.04463, 3.33261, 

1.17298, 0.811533, 3.14403, 3.42616, 17.0889, 0.44305, 2.15266, 3.31055, 2.98083, 2.84259, 0.00154959, 0.00997847, 1.90041, 0.551998, 0.877529, 1.52726, 36.1143, 3.04463, 1.58682, 2.34525, 0.494709, 1.21799, 2.44854, 3.70368, 10.2434, 0.407262, 1.0743, 2.87975, 0.560762, 2.208, 1.61715, 1.19993, 5.33356, 2.87136, 21.5854, 1.21023, 2.73659, 4.02567, 1.97793, 3.33261, 5.75055, 5.78817, 5.1995, 5.86492, 3.80719, 4.43021, 2.79784, 1.9207, 12.4352, 17.5544, 

Best:
-6.36108e-06	-0.0027948	

Fitness Evaluations:
3536

End Population
(-3.716138e-02), (6.787285e-02), (2.433047e-02), (5.950265e-02), (9.652592e-01), (9.239038e-01), (-1.114400e-01), (9.767043e-01), (2.582299e-01), (-1.925518e-01), (4.731055e-02), (3.356515e-03), (-1.046960e+00), (-5.639374e-02), (-5.822555e-02), (9.021399e-01), (1.140772e-01), (5.077368e-02), (9.387910e-02), (1.022380e+00), (-6.361083e-06), (-2.794799e-03), (1.366293e-03), (-6.959715e-03), (4.397551e-02), (-8.864223e-02), (4.807072e-03), (-5.276872e-02), (9.184099e-03), (6.634711e-02), (9.432199e-01), (-6.321492e-03), (1.535387e+00), (1.287673e+00), (-9.901858e-01), (-1.033274e-01), (-6.919626e-03), (-9.404021e-01), (1.025032e+00), (9.650789e-01), (-4.890520e-02), (-1.098111e-02), (9.762934e-01), (-2.790633e-02), (-7.721288e-02), (-9.563291e-01), (-1.117728e-01), (-1.035802e+00), (-1.029955e+00), (1.210454e+00), (-5.178570e-03), (-4.516168e-02), (-3.566860e-02), (6.485089e-02), (-6.207599e-02), (-1.070971e+00), (4.428971e-03), (-5.322681e-02), (7.328053e-02), (7.725841e-02), (-9.653734e-01), (-4.777564e-02), (-1.026088e+00), (-8.105438e-03), (-2.024422e+00), (-1.019851e+00), (-1.087786e+00), (3.220699e-02), (-8.517186e-01), (3.666480e-01), (-1.027071e+00), (-7.463213e-03), (-2.112413e-02), (-1.087269e+00), (-8.683423e-01), (-1.435037e-02), (1.007722e-01), (-1.216181e-02), (-9.121272e-01), (9.849588e-01), (1.935265e+00), (9.635575e-01), (-8.745765e-01), (-9.202756e-01), (-2.009297e+00), (-9.673766e-01), (1.943152e+00), (1.043386e+00), (-9.633629e-01), (1.086324e+00), (-1.003770e+00), (-1.107442e+00), (9.833997e-01), (-9.316346e-01), (1.036926e+00), (-5.421521e-02), (-1.247898e+00), (-1.003663e+00), (-6.979605e-02), (-6.437941e-01), 