Iterations: 50
Function Evaluations Limit: 150000
Population: 50

Prides Length: 4

Percent Nomads: 0.2
Percent Roaming: 0.2
Percent Sex: 0.8

Mating Rate: 0.3
Mutation Probability: 0.2
Immigration Rate: 0.4

Dimensions: 2
N-Dimension Space: -6.28319:6.28319

Fitness Iterations:
8.18586
47.2644, 13.0335, 39.2334, 42.4855, 80.828, 81.0336, 21.2683, 27.6345, 79.626, 29.9684, 59.3297, 49.1406, 53.8813, 66.6045, 47.1241, 72.7285, 38.9804, 69.4293, 60.3856, 74.8587, 8.18586, 26.2066, 23.6411, 40.1402, 31.7095, 67.4369, 36.7922, 62.9277, 17.8417, 82.5415, 52.8345, 36.0434, 42.8646, 54.3009, 10.3451, 47.602, 54.3797, 43.2767, 37.8452, 80.7521, 31.3318, 18.0331, 52.0212, 52.7612, 22.5869, 68.0139, 16.2035, 45.2482, 55.4401, 40.5887, 

22.5869, 13.0335, 42.4855, 27.6345, 58.2486, 29.9684, 25.3817, 40.1402, 21.2683, 22.9428, 18.0331, 12.3745, 42.7192, 66.6045, 38.9804, 69.4293, 70.2226, 24.7244, 40.5887, 26.5213, 8.18586, 13.3737, 23.6411, 54.6814, 17.8417, 16.7761, 25.5443, 41.111, 31.299, 10.5059, 16.2035, 28.8784, 30.807, 47.4135, 10.3451, 47.602, 37.8452, 34.7213, 36.7922, 43.2767, 35.1435, 31.3318, 28.9292, 35.7386, 37.6298, 26.2066, 36.0434, 37.7083, 47.1241, 50.6368, 

13.0335, 17.7743, 38.352, 58.2486, 25.3817, 9.58293, 17.62, 7.75722, 10.2205, 21.2683, 18.0331, 12.3745, 32.3863, 24.7244, 26.5213, 22.3268, 12.1209, 10.3451, 23.6326, 18.4494, 7.61635, 13.3737, 23.6411, 17.8417, 25.5443, 41.111, 31.299, 16.7761, 21.2851, 28.8797, 16.2035, 17.0093, 30.807, 47.602, 34.7213, 36.7922, 42.6878, 25.8146, 27.2626, 10.5059, 31.3318, 28.9292, 26.2066, 24.5588, 22.5869, 18.6293, 29.9207, 28.8784, 32.6326, 37.8452, 

13.0335, 13.6089, 58.2486, 9.58293, 7.75722, 50.2503, 39.0701, 22.3268, 21.082, 17.7904, 18.0331, 6.66752, 32.3863, 15.8018, 10.3451, 23.6326, 18.4494, 22.7953, 10.2205, 13.5576, 7.61635, 13.3737, 17.6709, 41.111, 16.7761, 21.2851, 28.8797, 17.62, 22.2069, 14.1301, 16.2035, 17.0093, 30.807, 36.7922, 25.8146, 11.2671, 35.9626, 21.2683, 10.5059, 12.1209, 26.2066, 24.5588, 22.5869, 18.6293, 22.5677, 17.7743, 22.4786, 23.6665, 23.6411, 23.8065, 

13.0335, 13.6089, 55.58, 4.99674, 7.75722, 39.0701, 18.6395, 10.5594, 12.3611, 17.7244, 18.0331, 6.66752, 32.3863, 10.3451, 22.7629, 22.7953, 52.7087, 18.4494, 17.7904, 17.527, 7.61635, 13.3737, 17.6709, 16.7761, 17.62, 30.2466, 65.1341, 13.5576, 14.1301, 10.2205, 16.2035, 17.0093, 36.7922, 11.2671, 10.5059, 21.3296, 10.871, 19.6806, 12.4252, 12.1209, 22.5869, 18.6293, 22.5677, 17.7743, 22.4786, 21.7343, 20.2371, 20.957, 21.082, 21.2683, 

10.0817, 13.2966, 55.58, 7.75722, 39.0701, 17.7244, 40.2855, 9.53866, 10.3451, 17.62, 7.63747, 6.66752, 32.3863, 17.7904, 17.527, 11.3246, 71.8623, 12.4252, 10.5594, 4.99674, 7.61635, 13.3737, 65.1341, 13.5576, 14.1301, 23.4872, 13.4698, 17.747, 6.78146, 12.3611, 16.2035, 11.0218, 36.7922, 11.2671, 10.5059, 21.3296, 19.6806, 12.1209, 16.7761, 10.871, 18.6293, 17.7743, 20.2371, 20.957, 13.6089, 13.0335, 17.2918, 17.0093, 18.4494, 18.6395, 

9.94913, 5.82827, 17.7244, 40.2855, 10.3451, 47.064, 24.4097, 4.99674, 2.91337, 9.53866, 5.66388, 6.66752, 17.7904, 69.3629, 10.5594, 58.0095, 17.351, 10.5059, 12.4252, 11.2671, 7.61635, 11.3308, 17.747, 6.78146, 12.3611, 34.8445, 17.8795, 9.01566, 12.1209, 9.38431, 13.6089, 11.0218, 25.2029, 21.3296, 16.555, 19.2965, 38.6693, 11.3246, 10.871, 7.75722, 16.2035, 15.87, 13.0335, 17.2918, 17.0093, 13.3737, 16.6206, 10.0817, 13.4698, 13.5576, 

5.82827, 3.07721, 17.7244, 24.4097, 4.99674, 9.53866, 46.275, 10.3451, 10.5594, 13.5576, 5.66388, 6.66752, 17.351, 10.5059, 12.4252, 18.9965, 34.9499, 6.33857, 13.4698, 9.38431, 7.61635, 11.3308, 6.78146, 12.3611, 34.8445, 12.1209, 37.8912, 11.3246, 2.91337, 11.17, 9.94913, 11.0349, 16.555, 25.6875, 10.871, 7.75722, 21.8093, 17.747, 11.2671, 9.01566, 16.2035, 15.87, 13.0335, 13.3737, 16.6206, 10.0817, 11.0218, 13.6089, 17.7904, 17.8795, 

5.82827, 3.07721, 17.7244, 4.99674, 9.53866, 10.5594, 43.016, 6.33857, 10.3451, 7.75722, 5.66388, 6.66752, 17.351, 18.9965, 13.4698, 9.38431, 22.6385, 17.7904, 12.1209, 12.4252, 6.26469, 11.2688, 12.3611, 34.8445, 11.3246, 2.91337, 11.17, 11.2671, 10.3251, 2.57322, 9.94913, 11.0218, 16.555, 25.6875, 10.871, 17.747, 9.01566, 10.5059, 6.78146, 13.5576, 16.2035, 15.87, 13.0335, 13.3737, 10.0817, 11.0349, 13.6089, 15.5039, 17.8795, 21.4793, 

5.82827, 1.66906, 17.7244, 4.99674, 10.5594, 31.1493, 22.9593, 6.33857, 12.3611, 6.33142, 5.66388, 6.66752, 18.9965, 9.38431, 17.7904, 12.1209, 12.4252, 10.871, 2.57322, 7.75722, 6.26469, 8.59553, 34.8445, 11.3246, 11.17, 15.7421, 34.7486, 10.3251, 13.4698, 10.3451, 9.94913, 11.0218, 16.555, 9.01566, 10.5059, 6.78146, 21.8221, 11.2671, 2.91337, 8.21993, 16.2035, 15.87, 13.0335, 13.3737, 10.0817, 11.0349, 13.6089, 15.5039, 13.5576, 17.351, 

5.82827, 1.66906, 17.7244, 10.5594, 31.1493, 12.3611, 39.1999, 12.4252, 6.33857, 7.58019, 5.66388, 6.66752, 18.9965, 9.38431, 12.1209, 7.75722, 43.6566, 9.01566, 8.21993, 6.33142, 6.26469, 8.59553, 11.17, 10.3251, 10.3451, 48.3457, 33.056, 2.57322, 10.871, 6.78146, 9.94913, 10.0817, 16.555, 10.5059, 11.2671, 2.91337, 9.08291, 11.3246, 4.99674, 13.4698, 13.0335, 13.3737, 11.0218, 11.0349, 13.6089, 15.5039, 10.5366, 13.8619, 13.5576, 15.7421, 

5.82827, 1.66906, 17.7244, 39.1999, 12.4252, 6.33857, 23.5784, 8.21993, 9.01566, 10.5594, 5.66388, 6.66752, 18.4881, 9.38431, 7.75722, 6.33142, 70.0118, 10.9558, 4.99674, 12.1209, 6.26469, 8.59553, 11.17, 10.3451, 33.056, 2.57322, 10.871, 7.58019, 6.78146, 11.2671, 9.94913, 10.0817, 10.5059, 2.91337, 8.93545, 13.4698, 22.8344, 11.3246, 10.3251, 5.95258, 13.0335, 13.3737, 11.0218, 11.0349, 13.6089, 15.5039, 10.5366, 13.8619, 12.3611, 13.5576, 

4.85286, 1.66906, 39.1999, 6.33857, 23.5784, 8.21993, 10.1354, 11.17, 10.3251, 10.7388, 5.66388, 6.66752, 18.4881, 9.38431, 7.75722, 6.33142, 70.0118, 9.98243, 7.58019, 11.2671, 6.26469, 8.59553, 10.3451, 11.4053, 2.57322, 6.78146, 54.8324, 4.21616, 8.93545, 4.99674, 9.94913, 10.0817, 10.5059, 2.91337, 13.4698, 22.8344, 5.95258, 9.01566, 10.9558, 10.871, 13.0335, 13.3737, 11.0218, 11.0349, 13.6089, 10.5366, 13.8619, 12.2302, 11.3246, 12.1209, 

1.32097, 1.66906, 39.1999, 6.33857, 23.5784, 10.3251, 10.7388, 11.17, 11.2671, 10.1354, 5.66388, 6.66752, 9.38431, 9.98243, 7.58019, 40.203, 15.0557, 8.93545, 4.21616, 4.99674, 6.26469, 8.59553, 10.3451, 11.4053, 2.57322, 6.78146, 35.0151, 10.871, 7.75722, 8.21993, 9.94913, 8.68861, 10.5059, 2.91337, 22.8344, 5.95258, 10.9558, 6.33142, 9.01566, 2.0946, 13.0335, 13.3737, 11.0218, 11.0349, 13.6089, 10.5366, 12.2302, 10.0817, 11.3246, 12.1209, 

1.32097, 1.15966, 39.1999, 6.33857, 10.7388, 11.17, 8.71014, 7.58019, 11.4053, 9.01566, 5.66388, 6.66752, 5.90997, 40.203, 8.93545, 4.21616, 4.99674, 10.3251, 15.0557, 11.3246, 6.26469, 8.59553, 10.3451, 2.57322, 6.78146, 10.871, 7.75722, 12.1209, 8.21993, 11.2671, 9.86278, 8.68861, 10.5059, 2.91337, 5.95258, 10.9558, 2.0946, 14.9106, 9.98243, 6.33142, 13.0335, 13.3737, 11.0218, 11.0349, 10.5366, 12.2302, 10.0817, 9.94913, 19.6204, 19.7328, 

1.32097, 1.15966, 6.33857, 10.7388, 7.58019, 9.01566, 22.7597, 2.91337, 8.21993, 5.90997, 4.79163, 5.46935, 29.6792, 8.93545, 10.3251, 11.3246, 31.4465, 4.99674, 2.57322, 4.21616, 6.26469, 2.05906, 6.78146, 12.1209, 11.2671, 14.0023, 14.4109, 7.75722, 10.3451, 10.871, 5.66388, 8.59553, 10.5059, 5.95258, 10.9558, 2.0946, 14.9106, 9.98243, 6.33142, 8.71014, 11.0218, 11.0349, 10.5366, 10.0817, 9.94913, 9.86278, 8.68861, 7.13373, 11.17, 11.4053, 

1.32097, 1.15966, 6.33857, 7.58019, 22.7597, 8.21993, 39.1203, 1.62252, 6.22411, 2.0946, 3.70838, 2.25796, 29.6792, 8.93545, 11.3246, 31.4465, 4.99674, 6.78146, 2.57322, 9.01566, 4.79163, 2.05906, 12.1209, 14.4109, 10.3451, 10.871, 19.3034, 2.91337, 4.21616, 5.90997, 5.66388, 8.59553, 5.95258, 10.9558, 14.9106, 6.33142, 27.3864, 9.98243, 8.71014, 7.75722, 11.0218, 10.5366, 10.0817, 9.94913, 9.86278, 8.68861, 7.13373, 6.26469, 10.3251, 10.5059, 

1.32097, 1.15966, 6.33857, 22.7597, 1.62252, 6.22411, 18.6391, 8.21993, 2.0946, 10.3251, 3.70838, 2.25796, 18.5487, 8.93545, 4.99674, 9.01566, 14.0428, 5.90997, 5.95258, 2.57322, 4.79163, 2.05906, 12.1209, 14.4109, 4.21616, 62.4478, 21.8184, 7.58019, 2.91337, 9.98243, 5.66388, 6.26469, 10.9558, 14.9106, 8.71014, 7.75722, 22.6341, 6.78146, 6.33142, 10.3451, 11.0218, 10.5366, 10.0817, 9.94913, 9.86278, 8.68861, 8.59553, 7.13373, 10.5059, 10.871, 

1.32097, 1.15966, 3.90023, 18.6391, 2.0946, 10.3251, 38.7066, 5.90997, 4.99674, 1.62252, 2.82348, 2.25796, 8.93545, 9.01566, 5.95258, 2.57322, 29.829, 6.78146, 6.22411, 3.23972, 4.79163, 2.05906, 12.1209, 14.4109, 4.21616, 21.8184, 9.98243, 10.9558, 10.5059, 2.91337, 5.66388, 6.26469, 14.9106, 8.71014, 7.75722, 22.6341, 6.33142, 7.58019, 10.871, 10.3451, 11.0218, 10.5366, 10.0817, 9.94913, 9.86278, 8.68861, 8.59553, 7.13373, 11.7717, 13.9341, 

1.32097, 1.15966, 2.0946, 5.90997, 4.99674, 1.62252, 33.8911, 7.06276, 3.23972, 2.57322, 2.82348, 2.25796, 5.95258, 27.2821, 6.78146, 6.22411, 4.75816, 2.91337, 8.93545, 10.3251, 4.79163, 2.05906, 5.91221, 4.21616, 10.9558, 10.5059, 25.4807, 11.1253, 9.98243, 9.01566, 5.66388, 3.26014, 7.75722, 22.6341, 6.33142, 7.58019, 10.3451, 3.90023, 2.77019, 8.71014, 10.5366, 10.0817, 9.94913, 9.86278, 8.68861, 8.59553, 7.13373, 6.26469, 11.7717, 12.1934, 

1.32097, 1.15966, 5.90997, 14.7416, 7.06276, 3.23972, 2.57322, 4.21616, 2.0946, 1.62252, 2.82348, 2.25796, 27.2821, 6.78146, 6.22411, 4.75816, 10.3251, 6.33102, 8.57471, 7.75722, 4.79163, 2.05906, 5.91221, 25.4807, 9.98243, 9.01566, 29.8819, 10.2181, 2.77019, 4.99674, 5.66388, 3.26014, 6.33142, 7.58019, 3.90023, 32.5975, 33.5274, 5.95258, 2.91337, 7.80651, 10.0817, 9.94913, 9.86278, 8.68861, 8.59553, 7.13373, 6.26469, 8.69164, 10.5059, 10.9558, 

1.32097, 1.15966, 14.7416, 7.06276, 3.23972, 2.57322, 2.0946, 6.78146, 1.62252, 7.58019, 2.82348, 2.25796, 27.2821, 4.75816, 6.33102, 7.75722, 14.5268, 5.90997, 4.21616, 5.91221, 4.79163, 2.05906, 22.9483, 9.01566, 8.90801, 10.2181, 4.99674, 8.57471, 3.90023, 2.77019, 5.66388, 3.26014, 6.33142, 7.83486, 5.95258, 2.91337, 7.80651, 6.22411, 10.3251, 9.98243, 9.94913, 9.86278, 8.68861, 8.59553, 7.13373, 6.26469, 8.69164, 8.79377, 10.5059, 10.9558, 

1.32097, 1.15966, 3.23972, 2.0946, 6.78146, 34.8216, 24.3953, 7.58019, 7.06276, 7.80651, 0.314499, 2.25796, 4.99569, 4.75816, 5.90997, 4.21616, 41.3081, 3.90023, 5.91221, 1.62252, 4.79163, 2.05906, 12.9418, 8.57471, 2.77019, 16.3089, 19.7964, 6.33102, 5.95, 4.99674, 5.66388, 3.26014, 6.33142, 5.95258, 6.22411, 9.98243, 38.5763, 7.75722, 2.57322, 2.91337, 8.68861, 8.59553, 7.13373, 6.26469, 8.69164, 8.79377, 2.82348, 7.55604, 7.83486, 8.90801, 

1.32097, 1.15966, 6.78146, 24.3953, 1.34421, 26.0232, 22.6314, 3.23972, 7.06276, 2.57322, 0.314499, 2.25796, 4.99569, 5.90997, 4.21616, 30.5402, 36.0157, 5.91221, 1.62252, 3.90023, 4.79163, 2.05906, 12.9418, 2.77019, 6.33102, 5.95, 4.99674, 4.75816, 2.0946, 6.22411, 5.66388, 3.26014, 9.98243, 38.5763, 7.75722, 38.347, 40.4553, 5.95258, 2.91337, 6.33142, 8.68861, 8.59553, 7.13373, 6.26469, 8.69164, 8.79377, 2.82348, 7.55604, 7.58019, 7.83486, 

1.32097, 1.15966, 6.78146, 1.34421, 8.24224, 3.23972, 2.57322, 7.06276, 1.62252, 4.99569, 0.314499, 2.25796, 5.90997, 4.21616, 30.5402, 36.0157, 15.403, 7.83486, 4.99674, 3.90023, 2.82348, 2.05906, 12.9418, 2.77019, 5.95, 2.0946, 31.3335, 5.91221, 6.33142, 6.22411, 5.66388, 3.26014, 7.75722, 38.347, 5.95258, 2.91337, 25.8663, 7.58019, 6.33102, 4.75816, 8.68861, 8.59553, 7.13373, 6.26469, 8.69164, 8.79377, 4.79163, 7.55604, 9.98243, 15.3185, 

1.32097, 1.15966, 6.78146, 8.24224, 3.23972, 7.06276, 1.62252, 9.29341, 4.99569, 5.95258, 0.314499, 2.25796, 5.90997, 3.63348, 15.403, 7.83486, 12.8278, 1.34421, 4.99674, 5.95, 2.82348, 2.05906, 31.3335, 5.91221, 6.33142, 6.22411, 28.8949, 2.77019, 4.75816, 9.98243, 4.79163, 3.26014, 7.75722, 2.91337, 7.58019, 6.33102, 23.5067, 2.57322, 3.90023, 2.0946, 8.68861, 8.59553, 7.13373, 6.26469, 8.69164, 5.66388, 7.55604, 5.68262, 12.9418, 15.3185, 

1.32097, 1.15966, 8.24224, 3.23972, 7.06276, 4.99569, 5.95258, 1.34421, 5.91221, 2.77019, 0.314499, 2.25796, 5.90997, 3.63348, 12.8278, 5.95, 29.7477, 4.99674, 2.91337, 6.33142, 0.581119, 2.05906, 31.3335, 6.22411, 28.8949, 4.75816, 9.98243, 7.83486, 2.0946, 7.58019, 4.79163, 3.26014, 6.47236, 6.33102, 3.90023, 12.9, 4.12862, 1.62252, 6.78146, 2.57322, 8.68861, 8.59553, 7.13373, 6.26469, 8.69164, 5.66388, 7.55604, 5.68262, 9.29341, 12.4809, 

1.32097, 1.15966, 4.99569, 5.95258, 2.77019, 15.5206, 27.7223, 7.06276, 3.63348, 5.91221, 0.314499, 2.25796, 12.8278, 5.95, 29.7477, 6.33142, 55.3046, 5.90997, 6.22411, 2.57322, 0.581119, 2.05906, 28.8949, 4.75816, 2.0946, 7.58019, 39.1669, 3.23972, 2.91337, 6.33102, 4.79163, 3.26014, 3.90023, 12.9, 4.12862, 1.62252, 6.78146, 6.47236, 1.34421, 4.99674, 8.68861, 8.59553, 7.13373, 6.26469, 5.66388, 7.55604, 5.68262, 5.23506, 7.83486, 8.24224, 

1.32097, 1.15966, 5.95258, 15.5206, 3.63348, 5.91221, 36.59, 6.33102, 5.90997, 2.77019, 0.314499, 2.25796, 12.8278, 29.7477, 55.3046, 2.57322, 17.7805, 3.23972, 5.95, 6.22411, 0.581119, 2.05906, 4.75816, 2.0946, 7.58019, 2.91337, 28.2793, 6.33142, 4.12862, 7.06276, 1.83851, 3.26014, 3.90023, 1.62252, 6.78146, 1.34421, 4.99674, 7.83486, 4.99569, 6.47236, 8.68861, 8.59553, 7.13373, 6.26469, 5.47044, 7.55604, 5.68262, 5.23506, 8.24224, 12.9, 

1.32097, 1.15966, 3.63348, 5.90997, 2.77019, 38.4922, 21.7771, 6.33102, 6.22411, 2.91337, 0.314499, 2.25796, 12.8278, 29.7477, 3.23972, 5.95, 49.3371, 6.78146, 8.24224, 2.57322, 0.581119, 2.05906, 2.0946, 7.58019, 6.33142, 7.06276, 42.4355, 1.34421, 5.91221, 4.12862, 1.83851, 3.26014, 3.90023, 1.62252, 4.99674, 7.83486, 1.33474, 5.95258, 4.75816, 4.99569, 7.13373, 6.26469, 5.47044, 7.55604, 5.68262, 5.23506, 5.15018, 7.30611, 11.567, 12.9, 

0.161968, 1.15966, 3.63348, 2.77019, 21.7771, 6.33102, 2.91337, 5.90997, 1.33474, 8.64064, 0.314499, 2.25796, 5.95, 6.78146, 8.24224, 2.57322, 40.9708, 4.99674, 6.47852, 1.34421, 0.581119, 2.05906, 6.33142, 42.4355, 4.12862, 36.6434, 22.5719, 2.0946, 7.06276, 5.91221, 1.83851, 3.26014, 3.90023, 7.83486, 5.95258, 4.75816, 4.99569, 1.62252, 3.23972, 6.22411, 7.13373, 6.26469, 5.47044, 5.68262, 5.23506, 5.15018, 7.30611, 5.39974, 10.6354, 11.567, 

0.161968, 1.15966, 3.63348, 21.7771, 6.33102, 1.33474, 8.64064, 2.77019, 2.91337, 4.12862, 0.314499, 2.25796, 5.95, 6.78146, 6.47852, 1.34421, 50.5077, 2.57322, 3.23972, 4.99674, 0.581119, 2.05906, 36.6434, 22.5719, 2.0946, 7.06276, 31.7973, 5.95258, 5.90997, 7.83486, 1.83851, 3.26014, 3.90023, 4.75816, 4.99569, 1.62252, 6.22411, 5.91221, 0.894848, 8.24224, 7.13373, 6.26469, 5.47044, 5.68262, 5.23506, 5.15018, 5.39974, 5.61364, 10.6354, 11.567, 

0.161968, 1.15966, 3.63348, 1.33474, 2.91337, 52.485, 2.29102, 6.33102, 6.78146, 0.59441, 0.314499, 0.297398, 5.95, 6.47852, 2.57322, 3.23972, 4.99674, 7.96999, 4.75816, 5.90997, 0.581119, 2.05906, 36.6434, 2.0946, 7.06276, 7.83486, 17.3387, 3.90023, 5.95258, 1.62252, 1.83851, 3.26014, 6.22411, 5.91221, 0.894848, 8.24224, 40.8006, 4.99569, 4.12862, 2.77019, 5.47044, 5.68262, 5.23506, 5.15018, 5.39974, 5.61364, 5.03856, 5.26181, 8.64064, 11.567, 

0.161968, 1.15966, 1.33474, 52.485, 2.29102, 0.59441, 16.089, 3.90023, 2.91337, 0.894848, 0.314499, 0.297398, 5.95, 6.47852, 2.57322, 5.90997, 28.1069, 5.95258, 2.77019, 1.62252, 0.581119, 0.998387, 36.6434, 7.06276, 17.3387, 1.06755, 9.37633, 2.0946, 3.63348, 4.99674, 1.83851, 3.00806, 6.22411, 5.91221, 8.24224, 40.8006, 4.12862, 4.75816, 3.23972, 4.99569, 5.47044, 5.23506, 5.15018, 5.39974, 5.61364, 5.03856, 5.26181, 2.05906, 6.33102, 6.78146, 

0.161968, 1.15966, 1.33474, 35.485, 2.29102, 16.089, 4.21214, 0.137662, 4.12862, 5.91221, 0.314499, 0.297398, 5.95, 5.90997, 5.95258, 2.77019, 1.62252, 0.894848, 6.33102, 3.90023, 0.581119, 0.313993, 36.6434, 17.3387, 2.0946, 3.63348, 0.775965, 4.99674, 0.643115, 2.00314, 1.83851, 2.05906, 8.24224, 40.726, 4.75816, 3.23972, 4.99569, 2.57322, 2.91337, 1.06755, 5.47044, 5.23506, 5.15018, 5.39974, 5.03856, 5.26181, 3.00806, 0.327687, 6.47852, 6.78146, 

0.161968, 0.327687, 2.29102, 4.21214, 0.137662, 4.12862, 5.91221, 3.90023, 0.894848, 0.643115, 0.250548, 0.297398, 5.95, 5.90997, 5.95258, 2.36063, 27.8294, 4.99674, 4.75816, 1.33474, 0.581119, 0.313993, 2.0946, 3.63348, 0.775965, 2.00314, 22.5664, 4.00504, 6.47852, 1.06755, 1.83851, 2.05906, 8.24224, 4.99569, 2.57322, 2.91337, 21.5513, 2.77019, 1.62252, 3.23972, 5.23506, 5.15018, 5.39974, 5.03856, 5.26181, 3.00806, 1.15966, 4.34393, 6.78146, 8.76405, 

0.0915828, 0.327687, 2.29102, 4.21214, 0.894848, 0.643115, 29.618, 3.90023, 0.137662, 1.06755, 0.250548, 0.297398, 5.95, 2.36063, 27.8294, 11.1594, 38.2897, 2.0946, 4.88703, 1.33474, 0.581119, 0.313993, 3.63348, 4.00504, 6.47852, 37.7184, 21.6375, 2.91337, 2.00314, 4.75816, 1.15966, 2.05906, 4.99569, 2.57322, 2.77019, 3.23972, 3.4083, 4.12862, 0.775965, 1.62252, 5.23506, 5.15018, 5.39974, 5.03856, 5.26181, 3.00806, 1.83851, 4.34393, 4.99674, 5.90997, 

0.0914789, 0.327687, 0.643115, 18.4314, 3.90023, 0.137662, 0.249406, 2.91337, 3.63348, 0.894848, 0.250548, 0.297398, 11.1594, 38.2897, 2.0946, 4.88703, 34.7828, 2.36063, 1.08568, 1.06755, 0.327826, 0.313993, 37.7184, 2.00314, 4.75816, 38.2264, 64.5373, 1.09117, 3.4083, 2.77019, 1.15966, 2.05906, 4.99569, 2.57322, 3.23972, 29.7084, 19.1543, 1.62252, 1.33474, 0.775965, 5.23506, 5.15018, 5.03856, 5.26181, 3.00806, 1.83851, 4.34393, 0.581119, 4.00504, 4.21214, 

0.0914789, 0.213039, 0.643115, 3.90023, 0.137662, 38.9173, 27.7884, 4.00504, 2.36063, 3.23972, 0.250548, 0.297398, 11.1594, 2.0946, 4.88703, 34.7828, 1.08568, 1.06755, 0.894848, 2.00314, 0.327826, 0.313993, 38.2264, 64.5373, 1.09117, 3.4083, 33.2634, 1.33474, 3.63348, 0.249406, 0.581119, 1.83851, 2.57322, 29.7084, 19.1543, 0.775965, 44.238, 1.62252, 2.77019, 2.91337, 5.23506, 5.15018, 5.03856, 5.26181, 3.00806, 2.05906, 4.34393, 1.15966, 4.21214, 4.75816, 

0.0914789, 0.213039, 3.90023, 0.137662, 27.7884, 3.23972, 20.2226, 1.09117, 0.643115, 4.88703, 0.250548, 0.197285, 11.1594, 2.0946, 34.7828, 1.08568, 0.894848, 2.00314, 2.36063, 4.21214, 0.327826, 0.313993, 18.7467, 3.4083, 0.249406, 33.0389, 17.136, 4.00504, 4.75816, 2.91337, 0.581119, 1.15966, 2.57322, 0.775965, 1.62252, 2.77019, 15.5131, 1.06755, 3.63348, 1.33474, 5.23506, 5.15018, 5.03856, 5.26181, 3.00806, 2.05906, 4.34393, 1.83851, 19.1543, 19.4617, 

0.0914789, 0.213039, 3.90023, 0.137662, 4.88703, 21.4729, 44.5264, 1.33474, 0.249406, 0.643115, 0.250548, 0.197285, 11.1594, 34.7828, 2.36063, 4.21214, 40.7671, 1.06755, 3.23972, 2.00314, 0.327826, 0.313993, 18.7467, 17.136, 4.00504, 4.75816, 2.91337, 0.894848, 2.0946, 3.4083, 0.581119, 1.15966, 2.57322, 0.775965, 2.77019, 3.63348, 19.1616, 1.62252, 1.08568, 1.09117, 5.23506, 5.15018, 5.03856, 5.26181, 3.00806, 2.05906, 4.34393, 1.83851, 6.16013, 15.5131, 

0.0914789, 0.213039, 0.137662, 4.88703, 21.4729, 0.249406, 0.643115, 2.91337, 6.16013, 1.08568, 0.167105, 0.197285, 4.21214, 29.8582, 3.23972, 2.00314, 54.7061, 2.0946, 0.775965, 1.06755, 0.327826, 0.288446, 18.7467, 4.00504, 0.894848, 3.4083, 22.2174, 1.33474, 3.90023, 2.36063, 0.581119, 1.15966, 2.57322, 19.1616, 1.62252, 1.09117, 15.336, 3.63348, 2.77019, 4.75816, 5.23506, 5.15018, 5.03856, 5.26181, 3.00806, 2.05906, 4.34393, 1.83851, 11.1594, 15.5131, 

0.0914789, 0.213039, 0.137662, 4.88703, 0.249406, 0.643115, 1.08568, 1.33474, 1.62252, 6.16013, 0.167105, 0.197285, 29.8582, 2.00314, 2.0946, 0.775965, 26.6953, 1.06755, 2.91337, 2.36063, 0.327826, 0.288446, 18.7467, 0.894848, 3.4083, 22.2174, 30.213, 4.00504, 3.90023, 4.21214, 0.581119, 1.15966, 2.57322, 1.09117, 0.996265, 2.77019, 27.2901, 4.75816, 3.63348, 3.23972, 5.23506, 5.15018, 5.03856, 5.26181, 3.00806, 2.05906, 4.34393, 1.83851, 7.82628, 11.1594, 

0.0914789, 0.213039, 0.137662, 0.643115, 1.08568, 1.33474, 6.16013, 0.249406, 2.36063, 3.4083, 0.167105, 0.197285, 29.8582, 2.00314, 1.06755, 2.91337, 40.5551, 0.775965, 3.23972, 0.894848, 0.327826, 0.288446, 18.7467, 22.2174, 3.90023, 4.21214, 40.7197, 1.62252, 4.88703, 4.00504, 0.581119, 1.15966, 1.09117, 0.996265, 27.2901, 4.75816, 3.63348, 2.57322, 2.0946, 2.77019, 5.23506, 5.15018, 5.03856, 5.26181, 3.00806, 2.05906, 4.34393, 1.83851, 7.82628, 11.1594, 

0.0914789, 0.213039, 0.643115, 1.08568, 1.33474, 0.249406, 5.53495, 3.63348, 4.75816, 3.4083, 0.167105, 0.197285, 2.00314, 2.91337, 0.775965, 3.23972, 0.0340241, 1.09117, 6.16013, 2.77019, 0.327826, 0.288446, 18.7467, 1.58423, 4.21214, 1.62252, 4.00504, 2.57322, 0.137662, 7.82628, 0.163606, 1.15966, 0.996265, 27.2901, 2.0946, 27.4483, 41.4237, 1.06755, 2.36063, 1.8792, 5.23506, 5.15018, 5.03856, 5.26181, 3.00806, 2.05906, 4.34393, 1.83851, 11.1594, 12.5884, 

0.0299731, 0.213039, 0.249406, 4.75816, 3.4083, 26.5202, 54.3417, 3.63348, 2.77019, 2.0946, 0.167105, 0.197285, 2.00314, 2.91337, 1.09117, 6.16013, 35.1932, 1.08568, 0.0340241, 2.36063, 0.327826, 0.288446, 1.58423, 1.62252, 2.57322, 0.137662, 7.82628, 0.996265, 0.775965, 1.33474, 0.163606, 1.15966, 27.2901, 27.4483, 1.8792, 33.0117, 6.15238, 3.23972, 1.06755, 0.643115, 5.23506, 5.15018, 5.03856, 5.26181, 3.00806, 2.05906, 4.34393, 1.83851, 4.00504, 4.21214, 

0.0299731, 0.213039, 0.249406, 4.75816, 2.77019, 27.2874, 9.87094, 1.09117, 2.0946, 1.62252, 0.167105, 0.197285, 35.1932, 1.08568, 0.0340241, 22.953, 57.1466, 1.58423, 2.91337, 0.996265, 0.125256, 0.288446, 7.82628, 0.775965, 1.33474, 40.0347, 27.2894, 0.137662, 2.00314, 0.643115, 0.163606, 1.15966, 27.4483, 1.8792, 6.15238, 3.23972, 28.7245, 2.57322, 1.06755, 2.36063, 5.23506, 5.15018, 5.03856, 3.00806, 2.05906, 4.34393, 1.83851, 4.80121, 3.4083, 3.63348, 

0.0299731, 0.213039, 4.75816, 2.77019, 9.87094, 2.0946, 24.2626, 0.249406, 1.8792, 1.06755, 0.167105, 0.154728, 0.0340241, 22.953, 54.8167, 1.58423, 16.5831, 1.09117, 0.996265, 1.08568, 0.125256, 0.288446, 0.775965, 1.33474, 0.137662, 0.643115, 15.4536, 3.4083, 2.91337, 1.62252, 0.163606, 1.15966, 6.15238, 20.6941, 2.57322, 2.36063, 5.17101, 3.23972, 3.63348, 2.00314, 5.23506, 5.15018, 5.03856, 3.00806, 2.05906, 4.34393, 1.83851, 4.80121, 6.82987, 7.82628, 

0.0299731, 0.213039, 4.75816, 9.87094, 1.8792, 1.06755, 27.0529, 6.82987, 3.63348, 3.4083, 0.167105, 0.154728, 0.0340241, 22.953, 1.58423, 0.996265, 1.08568, 3.23972, 2.0946, 0.775965, 0.125256, 0.288446, 1.33474, 0.137662, 2.91337, 1.62252, 39.4193, 2.77019, 1.09117, 0.643115, 0.163606, 1.15966, 6.15238, 5.17101, 2.00314, 7.52262, 8.90839, 0.249406, 2.36063, 2.27753, 5.15018, 5.03856, 3.00806, 2.05906, 4.34393, 1.83851, 4.80121, 5.12058, 7.82628, 11.3388, 

0.0299731, 0.167105, 1.8792, 3.63348, 3.4083, 14.5298, 23.2602, 1.06755, 0.996265, 2.27753, 0.154728, 0.00194296, 0.0340241, 1.58423, 3.23972, 0.775965, 15.8712, 0.643115, 2.0946, 1.33474, 0.125256, 0.180312, 1.62252, 39.4193, 2.77019, 12.6166, 47.6597, 0.137662, 1.08568, 0.0703899, 0.163606, 1.15966, 6.15238, 2.00314, 7.52262, 0.249406, 40.0049, 2.36063, 2.91337, 1.09117, 5.03856, 3.00806, 2.05906, 4.34393, 1.83851, 4.80121, 5.12058, 0.213039, 4.75816, 5.17101, 

0.0299731, 0.167105, 1.8792, 3.4083, 14.5298, 2.27753, 30.8528, 1.62252, 2.1122, 1.09117, 0.154728, 0.00194296, 0.0340241, 1.58423, 0.775965, 0.643115, 1.83217, 2.36063, 1.06755, 3.23972, 0.125256, 0.121052, 39.4193, 12.6166, 0.137662, 1.08568, 0.0703899, 1.33474, 0.126139, 2.91337, 0.163606, 1.15966, 6.15238, 2.00314, 7.52262, 0.249406, 32.9493, 3.63348, 0.996265, 2.77019, 3.00806, 2.05906, 4.34393, 1.83851, 4.80121, 0.213039, 2.44379, 0.180312, 4.75816, 5.17101, 

Best:
0.00280398	0.00138977	

Fitness Evaluations:
3443

End Population
(-1.048159e-03), (-1.224970e-02), (2.881564e-02), (3.769488e-03), (9.384959e-01), (-3.634845e-02), (9.091457e-01), (9.925066e-01), (2.239035e+00), (3.219320e-02), (-1.970900e-03), (1.092477e-01), (-3.878766e-01), (-2.983924e-01), (2.455172e-02), (8.816170e-02), (3.434993e-02), (9.275375e-01), (4.736918e-02), (-5.751828e-02), (2.769168e-02), (3.873731e-03), (2.803976e-03), (1.389770e-03), (-1.309881e-02), (-1.298177e-04), (5.398604e-02), (7.201390e-02), (-2.791325e-02), (5.627428e-02), (2.906301e-02), (4.917716e-02), (3.093950e-02), (-9.227985e-02), (8.142417e-02), (1.014874e+00), (1.585028e-02), (7.223928e-02), (-5.934536e-02), (-1.158808e-01), (2.483219e-02), (-3.995665e-03), (1.564375e-02), (1.913308e-02), (1.640159e+00), (1.408132e+00), (1.822015e+00), (-8.756033e-01), (-6.823036e-04), (-2.636287e-02), (2.298339e-02), (-7.090303e-02), (1.235087e-02), (1.422913e-02), (6.180840e-02), (5.462661e-02), (1.527798e-02), (2.007736e-02), (9.169318e-01), (6.150244e-02), (2.141099e-02), (1.916655e-02), (-9.879374e-01), (2.798077e-02), (1.861123e-01), (-1.122417e-02), (9.869129e-01), (-9.963688e-01), (-1.861405e+00), (5.040238e-02), (1.679415e-02), (-3.128076e-02), (-1.516703e-01), (-3.380097e+00), (-9.496832e-01), (1.082252e-01), (6.313658e-02), (-3.303184e-02), (-7.723559e-02), (9.388904e-01), (-8.702022e-02), (9.420721e-01), (-7.136615e-02), (9.760936e-01), (1.024360e+00), (-1.101470e+00), (-3.689489e-02), (9.014256e-02), (1.113626e+00), (1.019972e+00), (2.618118e-02), (1.975882e-02), (1.030354e+00), (-1.027201e+00), (2.757579e-02), (-1.226415e-02), (9.345971e-01), (-8.909130e-01), (9.158638e-01), (-8.931721e-01), 