Iterations: 50
Function Evaluations Limit: 150000
Population: 50

Prides Length: 4

Percent Nomads: 0.2
Percent Roaming: 0.2
Percent Sex: 0.8

Mating Rate: 0.3
Mutation Probability: 0.2
Immigration Rate: 0.4

Dimensions: 2
N-Dimension Space: -6.28319:6.28319

Fitness Iterations:
12.9511
67.4961, 51.9862, 56.4106, 46.3434, 22.0959, 34.604, 31.311, 36.0312, 21.2544, 41.7334, 55.6779, 39.0479, 31.9958, 46.3576, 75.029, 46.5389, 55.9722, 18.7955, 47.2014, 38.1444, 41.6932, 61.4432, 44.8856, 49.2246, 43.2589, 12.9511, 39.4207, 45.8252, 28.4863, 17.1355, 38.5134, 25.213, 52.1742, 28.9423, 64.8026, 47.4669, 18.5879, 44.0713, 77.6211, 33.9166, 38.0543, 17.7782, 58.9602, 50.8596, 18.9969, 72.6298, 63.9352, 43.4121, 28.6799, 27.2135, 

5.93618, 17.7782, 56.4106, 16.8446, 22.0959, 36.0312, 41.7334, 27.2135, 28.4863, 31.9958, 12.7199, 17.8838, 75.029, 30.0788, 38.1444, 8.32864, 34.9469, 17.1355, 32.9254, 21.2544, 18.9969, 28.8974, 44.8856, 49.2246, 45.8252, 75.4381, 25.5695, 32.5308, 18.7955, 27.6486, 6.68326, 25.3851, 28.9423, 47.4669, 17.8825, 44.0713, 32.5636, 28.6799, 31.311, 12.9511, 38.0543, 36.0778, 27.48, 43.4121, 31.1801, 37.0561, 17.4075, 29.2734, 33.9166, 34.604, 

5.93618, 7.74707, 56.4106, 22.0959, 36.0312, 28.4863, 16.256, 18.8304, 21.2544, 17.1355, 12.7199, 16.8788, 38.1444, 8.32864, 34.9469, 32.9254, 34.6911, 16.8446, 18.7955, 12.9511, 17.4075, 13.8629, 44.8856, 49.2246, 45.8252, 27.6486, 27.0398, 25.5695, 28.9216, 17.8825, 6.68326, 17.5152, 44.0713, 32.5636, 18.8153, 31.311, 28.5952, 10.6466, 28.9423, 25.5487, 11.798, 17.8838, 23.2477, 18.9969, 17.7782, 29.2416, 28.8974, 25.3851, 30.0788, 31.9958, 

5.93618, 7.74707, 56.4106, 28.4863, 16.256, 18.8304, 34.6084, 6.88835, 13.3699, 7.99347, 7.79809, 15.4718, 34.9469, 28.1891, 18.7955, 12.9511, 42.919, 8.32864, 22.0959, 17.1355, 13.8629, 9.19905, 37.4217, 27.0398, 28.9216, 17.8825, 17.5906, 27.6486, 16.8446, 21.2544, 5.67344, 8.24768, 20.88, 18.8153, 31.311, 11.2626, 40.9924, 10.6466, 25.5695, 25.5487, 11.798, 17.8838, 16.8788, 18.9969, 17.7782, 14.6038, 17.4075, 17.5152, 28.5952, 30.0788, 

5.46338, 5.69443, 56.4106, 16.256, 6.88835, 7.99347, 44.9644, 18.8304, 18.8153, 18.7955, 5.26266, 3.02603, 34.9469, 12.9511, 35.8889, 8.32864, 17.1355, 6.54031, 14.0796, 19.6468, 11.0452, 9.19905, 37.4217, 17.5906, 27.6486, 21.2544, 25.3679, 20.7037, 17.8825, 11.1205, 5.67344, 8.24768, 20.88, 11.2626, 40.9924, 10.6466, 25.5695, 16.8446, 13.3699, 9.60422, 13.8629, 16.8788, 14.6038, 11.798, 7.74707, 9.54984, 5.93618, 16.7031, 22.0959, 23.2522, 

5.46338, 5.69443, 38.5587, 6.88835, 7.99347, 18.8153, 5.8679, 12.6933, 16.4044, 12.3132, 5.26266, 3.02603, 24.373, 8.32864, 17.1355, 6.54031, 19.6468, 13.1497, 10.6466, 16.256, 5.93618, 9.19905, 33.3849, 27.6486, 20.7037, 11.1205, 39.3902, 17.5906, 18.8304, 17.8825, 5.67344, 4.34737, 40.9924, 16.8361, 13.3699, 9.60422, 66.2685, 14.7849, 20.88, 11.2626, 13.8629, 14.6038, 11.798, 11.0452, 9.54984, 7.74707, 14.6183, 14.7916, 21.2544, 22.0959, 

5.46338, 5.69443, 38.5587, 6.88835, 18.8153, 5.8679, 34.8402, 12.6933, 10.6466, 7.99347, 5.23033, 3.02603, 24.373, 17.1355, 19.6468, 1.96176, 35.3484, 12.3132, 8.32864, 11.2626, 5.93618, 7.74707, 33.3849, 11.1205, 18.8304, 18.1172, 44.2531, 4.16545, 13.3699, 16.8361, 4.34737, 4.13657, 40.9924, 9.60422, 14.7849, 20.88, 5.12446, 16.256, 16.4044, 6.54031, 13.8629, 14.6038, 11.798, 11.0452, 9.54984, 9.19905, 7.16632, 5.67344, 17.5906, 17.8825, 

5.46338, 5.67344, 6.88835, 5.8679, 12.6933, 10.6466, 6.52611, 9.60422, 17.1355, 14.7849, 3.32016, 3.02603, 19.6468, 35.3484, 12.3132, 8.32864, 2.50943, 11.2626, 1.96176, 17.5906, 2.68677, 6.61632, 11.1205, 18.1172, 44.2531, 13.3699, 41.1558, 7.99347, 4.16545, 11.3886, 4.34737, 4.13657, 39.7033, 20.88, 5.12446, 16.4044, 6.54031, 13.4965, 16.8361, 9.98311, 11.798, 11.0452, 9.54984, 9.19905, 7.16632, 5.69443, 7.74707, 5.90068, 17.8825, 18.8153, 

4.0374, 5.67344, 6.88835, 5.8679, 10.6466, 6.52611, 9.60422, 9.12692, 6.54031, 12.6933, 3.32016, 3.02603, 8.32864, 2.50943, 11.2626, 1.96176, 22.0046, 16.4044, 4.51507, 5.12446, 2.68677, 3.39188, 24.6185, 13.3699, 41.1558, 7.99347, 4.16545, 17.5906, 14.7849, 16.8361, 4.34737, 4.13657, 39.7033, 11.3488, 13.4965, 9.98311, 33.8719, 12.3132, 11.1205, 11.3886, 9.54984, 6.31909, 7.16632, 5.69443, 7.74707, 5.90068, 5.085, 6.61632, 17.6712, 17.8825, 

4.0374, 5.67344, 6.88835, 6.52611, 6.54031, 34.9791, 17.3175, 1.96176, 4.51507, 10.6466, 3.32016, 3.02603, 8.32864, 2.50943, 16.4044, 5.12446, 45.1291, 11.2626, 9.98311, 8.60655, 2.68677, 3.39188, 41.1558, 7.99347, 17.5906, 14.7849, 30.2321, 9.12692, 12.6933, 9.60422, 4.34737, 4.13657, 11.3488, 33.8719, 12.3132, 11.1205, 19.0031, 11.3886, 5.8679, 4.16545, 9.54984, 6.31909, 7.16632, 5.69443, 7.74707, 5.90068, 5.085, 6.61632, 13.3699, 13.4965, 

4.0374, 4.97853, 6.88835, 9.08754, 1.96176, 10.6466, 22.0718, 11.1205, 5.12446, 6.92754, 3.32016, 1.88679, 8.32864, 2.50943, 11.2626, 8.60655, 40.9557, 11.3488, 9.60422, 4.51507, 2.68677, 3.39188, 7.99347, 8.43789, 12.6933, 28.7254, 11.145, 5.8679, 6.8172, 6.54031, 4.34737, 4.13657, 30.7012, 12.3132, 19.0031, 8.50825, 4.16545, 9.98311, 6.52611, 9.12692, 6.31909, 7.16632, 5.69443, 7.74707, 5.90068, 5.085, 6.61632, 5.67344, 13.3699, 13.4965, 

4.0374, 4.34737, 1.96176, 10.0248, 11.1205, 6.92754, 32.3971, 9.98311, 6.54031, 9.08754, 1.88679, 1.41959, 11.2626, 40.9557, 11.3488, 4.51507, 33.0245, 5.12446, 6.52611, 9.60422, 2.68677, 3.32016, 7.99347, 7.81, 5.8679, 6.8172, 38.895, 4.16545, 8.60655, 2.50943, 4.13657, 2.41868, 2.36875, 8.50825, 7.36228, 38.7997, 26.2202, 8.32864, 8.43789, 6.88835, 6.31909, 5.69443, 5.90068, 5.085, 6.61632, 5.67344, 3.39188, 4.97853, 10.6466, 11.145, 

4.0374, 4.19446, 1.96176, 10.0248, 11.1205, 6.92754, 6.54031, 6.88835, 8.50825, 11.145, 1.88679, 1.41959, 40.9557, 5.12446, 6.52611, 9.60422, 6.02205, 9.08754, 4.51507, 8.43789, 2.68677, 3.32016, 7.99347, 5.8679, 8.60655, 2.50943, 24.3122, 7.36228, 4.16545, 6.8172, 4.13657, 2.41868, 2.36875, 38.7997, 26.2202, 8.32864, 45.9283, 10.6466, 9.98311, 7.81, 6.31909, 5.69443, 5.90068, 5.085, 5.67344, 3.39188, 4.97853, 4.34737, 11.2626, 11.3488, 

3.39188, 4.19446, 1.96176, 6.54031, 6.88835, 11.145, 17.9619, 7.81, 8.50825, 7.99347, 1.88679, 1.41959, 5.12446, 9.60422, 9.08754, 4.51507, 28.7664, 4.16545, 6.02205, 6.92754, 2.68677, 3.32016, 5.8679, 8.60655, 24.3122, 7.36228, 25.4454, 9.98311, 2.50943, 8.43789, 4.13657, 2.41868, 38.7997, 8.32864, 45.9283, 24.3568, 20.4925, 6.52611, 2.36875, 6.8172, 6.31909, 5.69443, 5.90068, 5.085, 5.67344, 4.0374, 4.97853, 4.34737, 10.0248, 10.6466, 

3.39188, 4.0374, 1.96176, 6.54031, 17.9619, 7.81, 7.99347, 2.36875, 5.8679, 6.88835, 1.88679, 1.41959, 9.60422, 28.7664, 4.16545, 6.02205, 15.2572, 9.08754, 7.36228, 8.50825, 2.68677, 3.32016, 8.60655, 25.4454, 9.98311, 2.50943, 8.43789, 10.0248, 5.12446, 4.51507, 4.13657, 2.41868, 8.32864, 24.3568, 20.4925, 6.52611, 7.56462, 6.92754, 8.55899, 6.29757, 6.31909, 5.69443, 5.90068, 5.085, 5.67344, 4.19446, 4.97853, 4.34737, 10.6466, 11.145, 

3.39188, 4.0374, 1.96176, 17.9619, 7.81, 7.99347, 21.7823, 8.32864, 6.52611, 2.36875, 1.88679, 1.41959, 4.16545, 6.02205, 9.08754, 7.36228, 17.2935, 8.43789, 5.8679, 8.50825, 2.68677, 3.32016, 25.4454, 9.98311, 2.50943, 10.0248, 5.12446, 6.54031, 4.51507, 8.60655, 4.13657, 2.41868, 24.3568, 7.56462, 6.92754, 8.55899, 42.2027, 9.60422, 6.29757, 6.88835, 6.31909, 5.69443, 5.90068, 5.085, 5.67344, 4.19446, 4.97853, 4.34737, 10.6466, 11.145, 

3.39188, 4.0374, 7.81, 7.99347, 21.7823, 8.32864, 2.36875, 9.98311, 5.8679, 8.50825, 1.88679, 1.41959, 6.02205, 9.08754, 7.36228, 26.493, 27.7711, 5.12446, 2.58904, 1.96176, 2.68677, 3.32016, 6.54031, 4.51507, 8.60655, 41.2691, 25.7712, 6.88835, 2.50943, 4.16545, 4.13657, 2.41868, 24.3568, 7.56462, 8.55899, 1.55817, 22.1584, 8.43789, 6.92754, 6.27501, 6.31909, 5.69443, 5.90068, 5.085, 5.67344, 4.19446, 4.97853, 4.34737, 10.0248, 10.6466, 

3.39188, 4.0374, 7.99347, 2.36875, 9.98311, 8.50825, 20.8522, 7.56462, 7.81, 4.16545, 1.70014, 1.41959, 9.08754, 7.36228, 26.493, 18.6686, 5.12446, 6.27501, 6.02205, 1.96176, 2.68677, 3.32016, 6.54031, 4.51507, 8.60655, 25.7712, 16.6522, 8.32864, 2.50943, 5.8679, 4.13657, 2.41868, 24.3568, 8.43789, 6.92754, 22.3381, 46.2952, 6.88835, 1.55817, 2.58904, 6.31909, 5.69443, 5.90068, 5.085, 5.67344, 4.19446, 4.97853, 4.34737, 8.55899, 10.0248, 

3.39188, 4.0374, 2.36875, 9.98311, 20.8522, 7.56462, 7.81, 6.54031, 4.16545, 8.50825, 1.70014, 1.41959, 9.08754, 7.36228, 6.27501, 1.96176, 32.8255, 2.58904, 8.55899, 5.12446, 2.68677, 3.32016, 4.51507, 8.60655, 25.7712, 5.8679, 32.7395, 7.99347, 1.55817, 6.02205, 4.13657, 2.41868, 8.43789, 22.3381, 46.2952, 6.88835, 30.7136, 8.32864, 6.92754, 2.50943, 6.31909, 5.69443, 5.90068, 5.085, 5.67344, 4.19446, 4.97853, 4.34737, 10.0248, 15.8612, 

3.39188, 4.0374, 2.36875, 7.56462, 4.16545, 24.551, 22.5109, 7.99347, 8.60655, 6.88835, 1.70014, 1.41959, 7.36228, 1.96176, 32.8255, 8.55899, 19.8209, 6.27501, 7.81, 2.58904, 2.68677, 3.32016, 4.51507, 25.7712, 1.55817, 46.8266, 31.8511, 8.32864, 6.54031, 5.8679, 4.13657, 2.41868, 8.43789, 29.1171, 6.92754, 2.50943, 34.784, 8.50825, 5.12446, 6.02205, 5.69443, 5.90068, 5.085, 5.67344, 4.19446, 4.97853, 4.34737, 5.50261, 9.08754, 9.98311, 

3.39188, 4.0374, 7.56462, 4.16545, 24.551, 22.5109, 6.88835, 1.55817, 6.02205, 4.51507, 1.70014, 1.41959, 7.36228, 8.55899, 6.27501, 2.58904, 36.1554, 2.36875, 1.96176, 6.92754, 2.68677, 3.32016, 5.65602, 31.8511, 6.54031, 5.8679, 29.5543, 9.08754, 8.32864, 8.60655, 4.13657, 2.41868, 8.43789, 29.1171, 2.50943, 18.7169, 5.12446, 7.99347, 7.81, 8.50825, 5.69443, 5.90068, 5.085, 5.67344, 4.19446, 4.97853, 4.34737, 5.50261, 9.98311, 13.7681, 

2.98716, 4.0374, 6.38029, 4.16545, 24.551, 1.55817, 6.02205, 6.92754, 5.65602, 2.36875, 1.70014, 1.41959, 7.36228, 8.55899, 36.1554, 1.96176, 24.6267, 2.50943, 6.54031, 9.08754, 2.68677, 3.32016, 31.8511, 5.8679, 29.5543, 8.32864, 20.4917, 4.51507, 6.88835, 6.27501, 4.13657, 2.41868, 8.43789, 5.12446, 7.81, 8.50825, 3.76712, 7.99347, 8.60655, 2.58904, 5.085, 5.67344, 4.19446, 4.97853, 4.34737, 5.50261, 3.39188, 4.55784, 9.98311, 13.7681, 

2.98716, 3.39188, 4.16545, 6.02205, 6.92754, 35.3955, 30.74, 2.36875, 7.99347, 8.55899, 1.70014, 1.41959, 7.36228, 27.7656, 6.54031, 22.1855, 18.5646, 2.50943, 6.38029, 5.65602, 2.68677, 3.32016, 31.8511, 5.8679, 20.4917, 4.51507, 6.27501, 8.43789, 3.76712, 6.88835, 4.13657, 2.41868, 5.12446, 7.81, 8.50825, 2.58904, 21.1756, 1.96176, 8.32864, 1.55817, 5.085, 5.67344, 4.19446, 4.97853, 4.34737, 5.50261, 4.0374, 4.55784, 8.60655, 9.08754, 

2.98716, 3.39188, 4.16545, 6.92754, 8.55899, 69.3196, 18.0946, 3.76712, 6.54031, 7.36228, 1.70014, 1.41959, 22.1855, 18.5646, 2.50943, 5.65602, 42.2556, 6.02205, 2.36875, 2.58904, 2.68677, 3.32016, 20.4917, 4.51507, 6.88835, 29.1696, 43.6811, 7.99347, 1.96176, 6.38029, 4.13657, 2.41868, 7.81, 8.50825, 8.32864, 1.55817, 21.4931, 5.8679, 5.12446, 6.27501, 5.085, 5.67344, 4.19446, 4.97853, 4.34737, 5.50261, 4.0374, 4.55784, 8.43789, 8.60655, 

2.98716, 3.39188, 4.16545, 6.92754, 18.0946, 6.54031, 7.36228, 8.60655, 5.65602, 1.96176, 1.64286, 1.41959, 22.1855, 2.50943, 6.02205, 2.36875, 39.4047, 8.22255, 2.58904, 7.24054, 2.68677, 2.839, 20.4917, 6.88835, 29.1696, 7.99347, 6.38029, 4.51507, 8.50825, 3.76712, 4.13657, 2.41868, 7.81, 8.32864, 5.8679, 5.12446, 6.27501, 1.55817, 8.55899, 8.43789, 5.085, 5.67344, 4.19446, 4.97853, 4.34737, 5.50261, 4.0374, 4.55784, 9.27235, 14.882, 

2.98716, 3.39188, 4.16545, 18.0946, 6.54031, 8.60655, 1.96176, 7.99347, 7.24054, 1.55817, 1.64286, 1.41959, 22.1855, 2.50943, 6.02205, 2.58904, 69.0263, 5.65602, 2.36875, 4.24373, 2.68677, 2.839, 29.1696, 6.38029, 4.51507, 3.76712, 25.4356, 6.92754, 7.19323, 5.8679, 4.0374, 2.41868, 8.32864, 5.12446, 6.27501, 8.55899, 48.6302, 6.88835, 8.22255, 7.36228, 5.085, 5.67344, 4.19446, 4.97853, 4.34737, 5.50261, 4.13657, 4.55784, 8.43789, 8.50825, 

2.98716, 2.95646, 3.73494, 1.96176, 7.24054, 36.2795, 3.02957, 4.51507, 1.55817, 2.50943, 1.64286, 1.41959, 22.1855, 6.02205, 5.65602, 4.24373, 14.3724, 5.12446, 6.54031, 2.58904, 2.68677, 2.839, 29.1696, 6.92754, 7.19323, 5.8679, 3.00735, 7.99347, 6.27501, 6.38029, 4.0374, 2.41868, 8.55899, 48.6302, 6.88835, 8.22255, 8.77055, 3.76712, 2.36875, 7.36228, 5.085, 4.19446, 4.97853, 4.34737, 5.50261, 4.13657, 4.55784, 3.39188, 8.32864, 8.43789, 

2.98716, 2.95646, 1.96176, 4.51507, 2.50943, 40.1717, 3.1782, 6.38029, 6.27501, 1.55817, 1.64286, 1.41959, 4.24373, 14.3724, 5.12446, 20.9789, 60.0657, 6.02205, 3.73494, 3.76712, 2.68677, 2.839, 29.1696, 7.19323, 3.00735, 7.99347, 13.5064, 5.8679, 5.65602, 6.92754, 4.0374, 2.41868, 6.88835, 8.77055, 2.36875, 30.0204, 35.8744, 6.54031, 2.58904, 3.02957, 5.085, 4.19446, 4.97853, 4.34737, 4.13657, 4.55784, 3.39188, 3.30358, 7.24054, 7.36228, 

2.98716, 2.95646, 4.51507, 2.50943, 11.5604, 1.55817, 20.6614, 3.00735, 5.38563, 6.27501, 1.64286, 1.41959, 5.12446, 6.02205, 3.73494, 14.8524, 33.6739, 6.38029, 1.96176, 3.1782, 2.68677, 2.839, 7.99347, 5.8679, 5.65602, 3.6871, 29.4027, 6.92754, 6.88835, 4.24373, 3.30358, 2.41868, 8.77055, 2.36875, 6.54031, 3.02957, 15.6283, 3.76712, 2.58904, 7.19323, 5.085, 4.19446, 4.97853, 4.34737, 4.13657, 4.55784, 4.0374, 3.39188, 7.24054, 7.36228, 

2.98716, 2.95646, 2.50943, 11.5604, 1.55817, 3.00735, 48.9635, 4.51507, 6.27501, 4.77307, 1.64286, 1.41959, 5.12446, 6.02205, 3.73494, 21.9845, 6.38029, 5.38563, 3.76712, 2.58904, 2.68677, 1.53861, 7.99347, 6.92754, 6.88835, 4.24373, 37.0249, 5.65602, 6.54031, 5.8679, 3.30358, 2.41868, 8.77055, 2.36875, 3.02957, 7.19323, 32.955, 1.96176, 3.1782, 3.6871, 5.085, 4.19446, 4.97853, 4.34737, 4.13657, 4.55784, 4.0374, 3.39188, 7.24054, 7.36228, 

2.98716, 2.95646, 2.50943, 11.5604, 5.86201, 4.51507, 5.54517, 3.6871, 4.77307, 6.92754, 1.64286, 1.41959, 6.02205, 3.76712, 2.58904, 14.6923, 14.2027, 5.12446, 6.38029, 5.38563, 2.68677, 1.53861, 6.88835, 5.65602, 6.54031, 5.8679, 39.2175, 7.19323, 1.55817, 3.73494, 3.30358, 2.41868, 8.77055, 3.02957, 1.96176, 3.1782, 50.3197, 4.24373, 3.00735, 2.36875, 5.085, 4.19446, 4.97853, 4.34737, 4.13657, 4.55784, 4.0374, 3.39188, 7.24054, 7.36228, 

2.98716, 2.95646, 2.50943, 4.51507, 5.54517, 3.6871, 4.77307, 5.12446, 3.73494, 6.92754, 1.41959, 0.0832958, 3.76712, 2.58904, 12.9844, 12.9686, 8.96828, 3.02957, 6.38029, 6.88835, 1.64286, 1.53861, 5.65602, 6.54031, 5.8679, 39.2175, 1.55817, 5.38563, 5.86201, 6.02205, 3.09914, 2.41868, 1.96176, 3.1782, 50.3197, 2.36875, 31.5365, 4.24373, 3.00735, 4.31879, 4.19446, 4.97853, 4.34737, 4.13657, 4.55784, 4.0374, 3.39188, 2.68677, 7.19323, 7.24054, 

2.68677, 2.91623, 2.50943, 4.51507, 3.6871, 5.12446, 20.1394, 3.02957, 1.96176, 4.77307, 1.41959, 0.0832958, 3.76712, 2.58904, 8.96828, 6.38029, 6.88835, 3.73494, 5.54517, 6.02205, 1.64286, 1.53861, 5.65602, 6.54031, 1.55817, 5.38563, 5.86201, 2.36875, 4.31879, 4.24373, 3.09914, 2.41868, 50.3197, 31.5365, 3.00735, 21.7189, 38.4041, 6.92754, 5.8679, 3.1782, 4.19446, 4.97853, 4.34737, 4.13657, 4.55784, 4.0374, 3.39188, 2.98716, 7.19323, 7.24054, 

2.68677, 2.91623, 2.50943, 4.51507, 20.1394, 1.96176, 6.43117, 2.36875, 5.65602, 6.88835, 1.41959, 0.0832958, 3.76712, 8.96828, 3.73494, 5.54517, 6.02205, 4.77307, 6.38029, 3.02957, 1.64286, 1.53861, 1.55817, 5.86201, 4.31879, 4.24373, 32.1032, 5.12446, 2.58904, 3.1782, 2.98716, 2.41868, 31.5365, 3.00735, 6.92754, 5.8679, 20.2784, 6.54031, 5.38563, 3.6871, 4.19446, 4.97853, 4.34737, 4.13657, 4.55784, 4.0374, 3.39188, 3.09914, 7.19323, 7.24054, 

1.64286, 2.39649, 2.50943, 4.51507, 6.43117, 2.36875, 5.65602, 3.76712, 6.92754, 3.02957, 1.41959, 0.0832958, 5.54517, 6.02205, 4.77307, 6.08029, 6.58648, 4.31879, 3.1782, 3.6871, 1.53861, 0.415865, 1.55817, 4.24373, 5.12446, 2.58904, 0.826961, 5.86201, 1.96176, 6.15762, 2.98716, 2.41868, 31.5365, 5.8679, 6.54031, 5.38563, 55.8249, 3.00735, 3.73494, 6.88835, 4.19446, 4.34737, 4.13657, 4.0374, 3.39188, 3.09914, 2.91623, 2.36063, 7.19323, 7.24054, 

1.64286, 2.36063, 2.50943, 6.43117, 2.36875, 6.92754, 3.02957, 4.31879, 3.76712, 6.54031, 1.41959, 0.0832958, 5.54517, 6.02205, 4.77307, 3.6871, 46.2453, 2.58904, 4.51507, 6.08029, 1.53861, 0.415865, 1.55817, 0.826961, 5.86201, 6.15762, 8.7961, 5.8679, 1.96176, 3.1782, 2.41049, 2.41868, 5.38563, 3.00735, 3.73494, 2.03823, 26.0871, 5.65602, 4.24373, 5.12446, 4.19446, 4.13657, 4.0374, 3.39188, 3.09914, 2.91623, 2.39649, 2.98716, 6.58648, 6.88835, 

1.64286, 2.36063, 6.43117, 6.92754, 3.02957, 3.76712, 26.7424, 0.826961, 1.96176, 3.6871, 1.41959, 0.0832958, 5.54517, 4.77307, 46.2453, 4.51507, 22.4023, 5.8679, 3.73494, 2.36875, 1.53861, 0.415865, 1.55817, 5.86201, 8.7961, 3.1782, 23.8954, 5.38563, 3.00735, 2.58904, 2.39649, 2.41868, 2.03823, 26.0871, 4.24373, 5.12446, 47.9962, 5.65602, 4.31879, 2.50943, 4.19446, 4.13657, 4.0374, 3.39188, 3.09914, 2.91623, 2.41049, 2.98716, 6.02205, 6.08029, 

1.63388, 2.36063, 6.43117, 6.92754, 1.96176, 3.6871, 9.69333, 3.02957, 3.76712, 5.86201, 1.41959, 0.0832958, 4.77307, 4.51507, 22.4023, 35.1602, 40.5329, 5.8679, 3.73494, 2.36875, 1.53861, 0.415865, 1.55817, 8.7961, 5.38563, 3.00735, 21.9155, 0.826961, 5.54517, 2.03823, 2.39649, 2.41868, 26.0871, 5.12446, 5.65602, 4.31879, 2.50943, 2.58904, 4.24373, 3.1782, 4.19446, 4.13657, 4.0374, 3.39188, 3.09914, 2.91623, 2.41049, 2.98716, 6.02205, 6.08029, 

1.63388, 2.36063, 4.93631, 9.69333, 3.76712, 5.86201, 10.5917, 4.51507, 2.03823, 4.31879, 1.41959, 0.0832958, 4.46252, 40.5329, 5.8679, 3.73494, 12.2805, 2.50943, 3.6871, 5.54517, 1.53861, 0.415865, 1.55817, 8.7961, 3.00735, 21.9155, 10.6289, 2.36875, 0.826961, 3.02957, 2.39649, 2.41049, 5.12446, 4.24373, 3.1782, 24.4569, 40.1422, 5.38563, 2.58904, 1.96176, 4.19446, 4.13657, 4.0374, 3.39188, 3.09914, 2.91623, 2.41868, 2.98716, 5.65602, 6.02205, 

1.63388, 2.36063, 4.93631, 5.86201, 10.5917, 2.03823, 37.3049, 4.31879, 2.36875, 5.38563, 1.41959, 0.0832958, 5.8679, 3.73494, 2.50943, 5.54517, 8.73763, 3.76712, 6.02205, 3.02957, 1.53861, 0.415865, 1.55817, 3.00735, 17.2226, 0.826961, 29.3355, 3.6871, 5.12446, 2.58904, 2.39649, 2.41049, 4.24373, 3.1782, 24.4569, 1.96176, 29.9456, 5.65602, 4.46252, 4.51507, 4.13657, 4.0374, 3.39188, 3.09914, 2.91623, 2.41868, 2.98716, 3.1023, 8.7961, 9.69333, 

1.63388, 2.36063, 10.5917, 2.03823, 37.3049, 5.38563, 30.3457, 4.93631, 5.65602, 4.31879, 1.41959, 0.0832958, 5.8679, 3.73494, 2.50943, 5.54517, 3.02957, 2.58904, 4.99283, 3.6871, 1.4304, 0.415865, 1.55817, 3.00735, 0.826961, 29.3355, 5.12446, 2.36875, 4.46252, 2.35603, 2.39649, 2.41049, 4.24373, 3.1782, 24.4569, 1.96176, 4.51507, 6.02205, 5.86201, 8.73763, 4.13657, 4.0374, 3.39188, 3.09914, 2.91623, 2.41868, 2.98716, 3.1023, 8.7961, 9.69333, 

1.63388, 1.46396, 10.5917, 37.3049, 18.7836, 4.93631, 4.31879, 3.6871, 4.46252, 2.03823, 1.41959, 0.0832958, 5.8679, 3.73494, 2.50943, 5.54517, 30.2642, 2.58904, 5.12446, 0.826961, 1.4304, 0.415865, 1.55817, 3.00735, 23.0406, 2.36875, 25.3615, 3.1782, 1.96176, 2.35603, 2.39649, 2.41049, 4.24373, 24.4569, 4.51507, 8.73763, 16.5941, 4.99283, 3.02957, 5.38563, 4.13657, 4.0374, 3.39188, 3.09914, 2.91623, 2.41868, 2.98716, 3.1023, 5.65602, 5.86201, 

1.63388, 1.41267, 37.3049, 4.93631, 4.31879, 4.46252, 13.4, 4.99283, 4.24373, 3.73494, 1.41959, 0.0832958, 5.8679, 16.651, 2.58904, 5.12446, 0.826961, 1.96176, 1.55817, 2.50943, 1.4304, 0.415865, 3.00735, 23.0406, 3.1782, 18.7812, 58.2889, 3.6871, 2.03823, 5.38563, 1.77894, 2.41049, 4.51507, 16.5941, 3.02957, 27.0264, 19.7793, 2.97656, 2.36875, 2.35603, 4.13657, 4.0374, 3.39188, 3.09914, 2.91623, 2.41868, 2.98716, 3.1023, 5.54517, 5.65602, 

1.63388, 1.41267, 10.4291, 4.31879, 4.46252, 30.2204, 38.5811, 5.12446, 5.54517, 3.1782, 1.41959, 0.0832958, 5.8679, 2.58904, 0.826961, 1.96176, 2.50943, 4.51507, 3.02957, 4.99283, 1.4304, 0.415865, 3.00735, 3.6871, 2.03823, 5.38563, 16.1255, 4.93631, 3.73494, 1.55817, 1.77894, 1.77808, 10.5423, 27.0264, 19.7793, 2.97656, 2.35603, 4.24373, 5.65602, 2.36875, 4.13657, 4.0374, 3.39188, 3.09914, 2.91623, 2.41868, 2.98716, 3.1023, 13.4, 16.651, 

1.63388, 1.41267, 10.4291, 4.31879, 4.46252, 38.5811, 3.1782, 4.51507, 1.55817, 2.36875, 1.41959, 0.0832958, 5.8679, 2.50943, 3.02957, 4.99283, 26.5549, 1.96176, 5.12446, 2.03823, 1.4304, 0.415865, 3.00735, 5.38563, 16.1255, 4.93631, 40.2953, 5.54517, 3.73494, 2.58904, 1.77894, 1.77808, 27.0264, 2.97656, 2.35603, 5.65602, 27.2867, 3.6871, 4.24373, 0.826961, 4.13657, 4.0374, 3.39188, 3.09914, 2.91623, 2.41868, 2.98716, 3.1023, 7.9681, 10.5423, 

1.63388, 0.221262, 10.4291, 4.46252, 4.51507, 2.36875, 38.7668, 3.73494, 2.03823, 2.50943, 1.41959, 0.0832958, 3.02957, 4.99283, 1.96176, 5.12446, 25.6105, 4.31879, 1.55817, 5.54517, 1.4304, 0.415865, 5.38563, 4.93631, 40.2953, 29.6477, 17.3808, 4.24373, 2.97656, 2.58904, 1.77894, 1.77808, 17.5514, 27.2867, 3.6871, 0.826961, 15.9044, 2.35603, 3.00735, 3.1782, 4.13657, 4.0374, 3.39188, 3.09914, 2.91623, 2.41868, 2.98716, 3.1023, 5.65602, 5.8679, 

0.221262, 1.26508, 4.46252, 2.36875, 2.03823, 3.61123, 19.3923, 5.65602, 2.97656, 4.93631, 1.41959, 0.0832958, 3.02957, 4.99283, 5.54517, 13.2942, 29.6496, 2.50943, 3.73494, 3.6871, 1.4304, 0.415865, 5.38563, 17.3808, 4.24373, 2.58904, 21.5875, 4.31879, 5.12446, 4.51507, 1.63388, 1.77808, 27.2867, 0.826961, 3.00735, 2.26994, 69.3179, 1.96176, 2.35603, 1.55817, 4.0374, 3.39188, 3.09914, 2.91623, 2.41868, 2.98716, 3.1023, 1.77894, 5.8679, 10.4291, 

0.221262, 1.26508, 2.36875, 2.03823, 2.97656, 3.91254, 79.5782, 5.65602, 1.96176, 4.51507, 1.41959, 0.0832958, 4.99283, 5.54517, 3.73494, 25.5853, 24.2371, 3.02957, 4.31879, 4.46252, 1.4304, 0.415865, 5.38563, 17.3808, 4.24373, 2.58904, 5.12446, 3.6871, 3.61123, 2.26994, 1.63388, 1.77808, 3.00735, 2.35603, 1.55817, 36.2516, 32.9249, 0.826961, 4.93631, 2.50943, 3.39188, 3.09914, 2.91623, 2.41868, 2.98716, 3.1023, 1.77894, 3.15288, 5.8679, 10.4291, 

0.119725, 1.05216, 2.36875, 2.03823, 3.91254, 27.4525, 45.8217, 3.00735, 2.97656, 4.51507, 1.41959, 0.0832958, 5.54517, 3.73494, 24.2371, 3.02957, 4.31879, 1.96176, 4.99283, 0.826961, 1.4304, 0.415865, 17.3808, 4.24373, 2.58904, 5.12446, 2.26994, 1.55817, 5.38563, 2.50943, 1.63388, 1.77808, 2.35603, 36.2516, 4.93631, 42.9574, 3.00258, 4.46252, 3.6871, 3.61123, 3.39188, 3.09914, 2.91623, 2.41868, 2.98716, 3.1023, 1.77894, 3.15288, 5.65602, 5.8679, 

0.119725, 1.05216, 2.36875, 2.03823, 45.8217, 2.97656, 4.51507, 3.6871, 5.12446, 3.61123, 1.41959, 0.0832958, 3.73494, 3.02957, 4.31879, 1.96176, 22.9635, 0.826961, 5.8679, 3.91254, 1.4304, 0.415865, 17.3808, 4.24373, 2.26994, 1.55817, 2.50943, 5.38563, 2.58904, 4.99283, 1.63388, 1.77808, 2.35603, 4.93631, 3.00258, 4.46252, 26.6142, 3.00735, 5.65602, 5.54517, 3.39188, 3.09914, 2.91623, 2.41868, 2.98716, 3.1023, 1.77894, 3.15288, 9.05542, 14.6582, 

0.119725, 1.05216, 2.36875, 45.8217, 2.97656, 5.12446, 56.3028, 3.61123, 5.38563, 4.51507, 1.41959, 0.0832958, 3.02957, 1.96176, 22.9635, 5.8679, 3.91254, 0.826961, 2.80917, 4.46252, 1.4304, 0.415865, 4.24373, 1.55817, 2.50943, 4.99283, 1.31794, 3.6871, 2.03823, 3.73494, 1.63388, 1.77808, 2.35603, 4.93631, 26.6142, 3.00735, 31.3286, 2.58904, 4.31879, 2.26994, 3.39188, 3.09914, 2.91623, 2.41868, 2.98716, 3.1023, 1.77894, 3.15288, 5.54517, 5.65602, 

Best:
0.0189587	0.00780115	

Fitness Evaluations:
3314

End Population
(5.489858e-03), (2.396703e-02), (9.963049e-01), (1.693446e-02), (-3.223788e-02), (1.072274e+00), (4.199531e+00), (1.578347e+00), (9.224395e-01), (-7.018242e-02), (1.963054e+00), (-9.887304e-01), (4.081657e+00), (-4.421437e+00), (1.283149e-01), (-5.127044e-02), (8.957684e-02), (-1.117109e+00), (1.009858e+00), (-8.802095e-01), (-4.174200e-02), (9.747308e-01), (1.895868e-02), (7.801149e-03), (9.181188e-01), (-6.756208e-02), (-9.272776e-01), (1.958993e-02), (4.939451e-01), (1.089495e+00), (1.137090e+00), (-1.016734e+00), (1.445269e-01), (1.492851e-02), (-4.845816e-03), (-6.482533e-02), (8.977531e-01), (6.955999e-03), (1.037361e+00), (-8.893443e-01), (-5.248056e-04), (-1.041913e+00), (2.188874e-02), (-4.032931e-02), (9.517927e-01), (1.236069e-01), (9.414377e-01), (3.556565e-03), (-9.289104e-01), (5.823877e-02), (7.162646e-02), (1.982072e+00), (1.002637e+00), (-3.971389e-02), (-1.069359e+00), (-9.389239e-01), (-1.009814e+00), (9.901715e-01), (9.367846e-01), (-1.042073e-01), (-9.381940e-01), (-6.761076e-03), (4.839200e-02), (9.544942e-01), (9.652301e-01), (-1.026069e+00), (9.074185e-01), (9.074180e-01), (-1.630871e+00), (-8.069469e-01), (2.580267e-02), (-1.093587e+00), (1.420832e+00), (1.793423e+00), (9.982942e-01), (9.397165e-01), (2.887616e-02), (-1.501792e-01), (6.940707e-02), (-9.537323e-01), (9.970308e-01), (1.079776e+00), (9.244872e-01), (-7.653030e-02), (9.105479e-01), (-5.283648e-02), (-1.038165e+00), (-9.775753e-01), (8.955102e-01), (-2.317634e-02), (8.932511e-01), (2.641604e-02), (6.250530e-02), (1.004680e+00), (1.284587e-01), (1.621519e-02), (1.125789e+00), (9.547051e-01), (1.034526e+00), (1.540072e-01), 