Iterations: 50
Function Evaluations Limit: 150000
Population: 50

Prides Length: 4

Percent Nomads: 0.2
Percent Roaming: 0.2
Percent Sex: 0.8

Mating Rate: 0.3
Mutation Probability: 0.2
Immigration Rate: 0.4

Percent Group Influence: 0.4
Annealing On: true
Ranked Selection Pressure: 2
Near To Best Random Pressure: 2

Dimensions: 2
N-Dimension Space: -5:5

Fitness Iterations:
3.1846 (Initial Best)

0.0532953, 23.5668, 977.641, 1202.78, 14447.7, 40802.3, 397.534, 27.255, 4.15368, 342.902, 1.08358, 29.0268, 443.303, 760.616, 1062.85, 15987.5, 33932.3, 132.998, 110.213, 431.671, 83.9003, 97.6538, 2061.86, 2491.15, 6958.8, 1397.41, 699.11, 516.409, 276.417, 3.1846, 169.157, 126.065, 104.359, 2504.41, 3322.69, 14315.2, 34270, 385.355, 3.38984, 39.3518, 52.5709, 73.5799, 33.8368, 762.536, 574.161, 291.816, 764.811, 989.832, 979.098, 1135.45, 

0.0532953, 23.5668, 27.255, 144.027, 342.902, 397.534, 3975.47, 3.1846, 2.73215, 10.7901, 1.08358, 29.0268, 47.8551, 110.213, 431.671, 443.303, 1062.85, 129.417, 70.8332, 272.618, 0.540562, 1.56215, 43.5324, 45.773, 202.845, 926.557, 18455.6, 78.6122, 4.15368, 44.021, 37.6867, 152.815, 23.7276, 39.3518, 715.099, 2504.41, 7640.36, 3.66783, 75.6926, 3.38984, 26.4769, 33.8368, 126.065, 52.5709, 73.5799, 97.6538, 169.157, 291.816, 682.902, 760.616, 

0.0532953, 4.92293, 2.73215, 27.255, 131.884, 6073.78, 32.4881, 3.54814, 3.99726, 16.6745, 1.08358, 1.56215, 12.6437, 110.213, 431.671, 13.9943, 3.31761, 10.7901, 129.417, 45.773, 0.540562, 0.130154, 3.60464, 78.6122, 202.845, 18455.6, 112.858, 8.40339, 3.1846, 23.7276, 0.481116, 6.49505, 3.38984, 3.66783, 39.3518, 2504.41, 10.6522, 2.18203, 4.15368, 43.5324, 3.5574, 8.46971, 11.0509, 17.2598, 26.4769, 32.2322, 33.8368, 37.6867, 341.723, 342.902, 

0.0532953, 3.5574, 2.73215, 3.54814, 32.4881, 131.884, 6.46889, 45.773, 3.99726, 2.18203, 1.08358, 1.56215, 10.7901, 13.9943, 129.417, 431.671, 10.8245, 12.6437, 4.15368, 10.6522, 0.130154, 0.540562, 3.1846, 3.60464, 23.7276, 78.6122, 6937.6, 8.40339, 27.255, 3.31761, 0.481116, 6.49505, 3.38984, 39.3518, 43.5324, 11.3779, 61.044, 3.66783, 110.213, 0.48493, 2.43363, 4.92293, 8.46971, 11.0509, 13.362, 13.6542, 16.4288, 17.2598, 112.858, 202.845, 

0.0532953, 0.412722, 2.73215, 3.54814, 7.57425, 32.3043, 1659.05, 27.255, 3.99726, 32.4881, 1.08358, 1.56215, 3.24405, 4.15368, 10.7901, 10.8245, 13.9943, 2.18203, 2.1049, 3.1846, 0.130154, 0.526521, 1.81724, 3.31761, 3.60464, 8.17494, 0.340874, 23.7276, 6.46889, 12.6437, 0.481116, 1.47027, 0.48493, 3.38984, 3.66783, 11.3779, 110.213, 8.40339, 43.5324, 39.3518, 3.5574, 0.540562, 2.43363, 2.48603, 4.92293, 8.46971, 11.0509, 13.362, 61.044, 112.858, 

0.0532953, 0.412722, 3.54814, 7.57425, 27.255, 1659.05, 77.8236, 9.09494, 3.66783, 3.60464, 1.08358, 1.56215, 3.1846, 3.24405, 9.63441, 13.9943, 125.993, 4.15368, 2.1049, 2.18203, 0.130154, 0.492597, 0.340874, 6.46889, 12.6437, 0.707286, 200.396, 3.31761, 8.17494, 1.81724, 0.481116, 0.526521, 0.48493, 3.38984, 8.40339, 204.829, 9.02303, 2.73215, 10.7901, 3.99726, 1.47027, 0.540562, 0.685478, 2.43363, 2.48603, 3.5574, 4.92293, 6.16757, 11.3779, 19.5531, 

0.0532953, 0.397181, 3.60464, 3.66783, 7.57425, 77.8236, 105.979, 10.7901, 2.18203, 3.31761, 0.897984, 1.08358, 2.1049, 3.1846, 3.24405, 4.15368, 1449.95, 9.63441, 9.02303, 2.05393, 0.0610415, 0.492597, 0.340874, 0.707286, 1.81724, 8.17494, 12.6437, 3.38984, 11.3779, 9.09494, 0.481116, 0.526521, 0.48493, 2.73215, 3.99726, 967.346, 573.888, 3.54814, 6.46889, 8.40339, 0.540562, 0.685478, 1.47027, 1.63098, 2.43363, 2.48603, 3.5574, 4.92293, 11.6205, 13.9943, 

0.0532953, 0.16946, 3.31761, 3.66783, 10.7901, 77.8236, 40.359, 1.72555, 3.38984, 3.1846, 0.540562, 0.123863, 2.05393, 2.1049, 9.02303, 1449.95, 2.69305, 4.15368, 4.45499, 3.24405, 0.0610415, 0.113133, 0.340874, 8.17494, 9.09494, 11.3779, 125.511, 1.81724, 0.707286, 3.99726, 0.481116, 0.526521, 0.48493, 2.73215, 3.54814, 6.46889, 150.885, 3.60464, 2.18203, 7.57425, 0.397181, 0.897984, 0.685478, 1.08358, 1.47027, 1.63098, 2.43363, 2.48603, 8.40339, 9.63441, 

0.0532953, 0.0877937, 1.72555, 3.1846, 3.38984, 3.66783, 0.110919, 2.1049, 3.81448, 1.81724, 0.123863, 0.16946, 2.05393, 2.69305, 3.24405, 4.15368, 4.45499, 0.214238, 1.08068, 7.57425, 0.0610415, 0.113133, 1.73601, 8.17494, 9.09494, 11.3779, 1286.69, 0.707286, 2.73215, 3.60464, 0.481116, 0.526521, 0.48493, 3.54814, 6.46889, 150.885, 0.643055, 1.47747, 3.31761, 0.340874, 0.449462, 0.350177, 0.397181, 0.685478, 0.897984, 1.08358, 1.30794, 1.47027, 8.40339, 9.02303, 

0.0532953, 0.0835369, 1.72555, 1.81724, 2.1049, 1.91817, 110.462, 3.38984, 3.60464, 2.69305, 0.123863, 0.16946, 0.214238, 1.08068, 4.15368, 4.45499, 209.98, 0.340874, 0.110919, 2.05393, 0.0610415, 0.113133, 0.707286, 1.73601, 2.73215, 11.3779, 1286.69, 3.66783, 3.1846, 3.24405, 0.22988, 0.397181, 0.48493, 1.20242, 3.31761, 3.54814, 337.625, 3.81448, 6.46889, 0.643055, 0.350177, 0.481116, 0.449462, 0.685478, 0.897984, 1.08358, 1.30794, 1.47027, 7.57425, 8.17494, 

0.0532953, 0.0835369, 1.91817, 3.38984, 110.462, 122.123, 584.566, 0.340874, 0.214238, 2.69305, 0.123863, 0.16946, 0.110919, 1.08068, 2.05393, 4.45499, 329.455, 0.48493, 3.81448, 3.54814, 0.0454627, 0.0610415, 0.707286, 1.73601, 2.73215, 3.1846, 3.24405, 3.60464, 1.81724, 1.72555, 0.22988, 0.397181, 0.643055, 1.20242, 6.46889, 557.881, 6.12796, 2.1049, 3.66783, 3.31761, 0.350177, 0.449462, 0.481116, 0.685478, 0.897984, 1.08358, 1.30794, 1.47027, 4.15368, 7.57425, 

0.0532953, 0.0805703, 0.214238, 1.91817, 2.69305, 3.38984, 122.123, 3.24405, 0.340874, 3.60464, 0.123863, 0.16946, 0.110919, 0.48493, 3.81448, 1.85149, 235.936, 2.73215, 1.73601, 1.20242, 0.0454627, 0.0610415, 0.707286, 1.72555, 1.81724, 3.1846, 17.5784, 3.31761, 1.69031, 2.05393, 0.22988, 0.397181, 0.643055, 2.1049, 6.46889, 129.549, 5.42179, 3.54814, 3.66783, 1.08068, 0.350177, 0.449462, 0.481116, 0.533933, 0.685478, 0.897984, 1.08358, 1.30794, 4.15368, 4.45499, 

0.0532953, 0.0805703, 0.214238, 1.91817, 3.38984, 3.60464, 122.123, 3.66783, 3.24405, 0.643055, 0.123863, 0.16946, 0.110919, 0.48493, 1.20242, 21.3539, 2.79413, 2.73215, 2.69305, 1.81724, 0.0454627, 0.0610415, 0.707286, 1.69031, 1.72555, 3.1846, 3.31761, 0.340874, 2.05393, 1.08068, 0.22988, 0.397181, 3.54814, 5.42179, 6.46889, 229.524, 1.49298, 1.73601, 1.85149, 2.1049, 0.350177, 0.449462, 0.481116, 0.533933, 0.612124, 0.685478, 0.897984, 1.08358, 3.81448, 4.15368, 

0.0454627, 0.0805703, 0.0996063, 1.91817, 3.66783, 122.123, 1115.41, 0.340874, 1.72555, 8.2184e-05, 0.106584, 0.16946, 1.20242, 1.81724, 2.69305, 2.73215, 2.79413, 0.214238, 2.05393, 0.48493, 0.000539817, 6.06858e-05, 0.000134596, 0.707286, 1.08068, 1.69031, 3.31761, 3.24405, 1.73601, 3.38984, 0.22988, 0.196664, 1.49298, 1.85149, 5.42179, 6.46889, 229.524, 1.28532, 0.140036, 0.110919, 0.0532953, 0.272331, 0.350177, 0.397181, 0.449462, 0.533933, 0.612124, 0.685478, 3.54814, 3.60464, 

0.0454627, 0.0805703, 8.2184e-05, 0.0996063, 0.340874, 1.91817, 3.66783, 3.38984, 2.05393, 1.73601, 0.106584, 0.16946, 0.214238, 0.558759, 2.79413, 1.37774, 2.8047, 1.72555, 2.69305, 0.000134596, 6.06858e-05, 0.000539817, 1.08068, 1.69031, 3.24405, 783.926, 101.225, 1.81724, 1.28532, 3.31761, 0.196664, 0.22988, 0.110919, 0.140036, 1.49298, 1.85149, 229.524, 0.48493, 0.707286, 2.73215, 0.0532953, 0.272331, 0.350177, 0.397181, 0.449462, 0.533933, 0.612124, 0.685478, 3.54814, 3.60464, 

7.37874e-05, 0.0532953, 0.0996063, 0.1955, 1.73601, 1.91817, 2.05393, 0.140036, 8.2184e-05, 2.69305, 0.106584, 0.16946, 0.214238, 0.558759, 2.8047, 167.355, 1804.77, 1.69031, 0.48493, 0.175866, 6.06858e-05, 0.000154794, 1.28532, 3.24405, 3.31761, 297.104, 56.9965, 1.37774, 1.85149, 0.000134596, 0.152409, 0.22988, 0.110919, 1.49298, 2.73215, 229.524, 1302.97, 0.0260543, 0.707286, 1.72555, 0.0805703, 0.272331, 0.350177, 0.397181, 0.449462, 0.533933, 0.612124, 0.685478, 2.79413, 3.38984, 

7.37874e-05, 0.0532953, 0.0996063, 0.140036, 0.1955, 1.73601, 1.91817, 1.49298, 2.05393, 2.73215, 0.106584, 0.152408, 0.175866, 0.214238, 0.48493, 1804.77, 3.44389, 1.69031, 0.178971, 0.925335, 6.06858e-05, 0.000154794, 0.000134596, 1.28532, 56.9965, 297.104, 688.693, 8.2184e-05, 0.0260543, 2.69305, 0.0805703, 0.22988, 0.110919, 229.524, 1302.97, 524.695, 31036, 0.707286, 0.701858, 1.85149, 0.152409, 0.16946, 0.26819, 0.272331, 0.350177, 0.397181, 0.449462, 0.612124, 2.79413, 2.8047, 

7.37874e-05, 0.0532953, 0.0996063, 0.140036, 0.1955, 1.49298, 2.73215, 0.369211, 1.28532, 2.05393, 0.106584, 0.152408, 0.175866, 0.178971, 0.214238, 1.69031, 14.0093, 0.925335, 2.8047, 2.55995, 5.46671e-05, 6.06858e-05, 8.2184e-05, 0.000134596, 2.69305, 56.9965, 159.247, 1.73601, 0.0260543, 1.91817, 0.0805703, 0.16946, 0.110919, 0.707286, 1.85149, 1302.97, 31036, 0.48493, 0.701858, 2.79413, 0.152409, 0.22988, 0.26819, 0.272331, 0.350177, 0.397181, 0.449462, 0.612124, 3.44389, 6.45296, 

7.37874e-05, 0.0532953, 0.0996063, 0.107956, 2.05393, 3.27575, 6.13398, 1.69031, 0.701858, 2.55995, 0.106584, 0.152408, 0.175866, 0.178971, 0.1993, 0.925335, 5642.46, 1.73601, 0.369211, 1.28532, 3.71509e-05, 5.46671e-05, 8.2184e-05, 0.000134596, 0.0260543, 1.91817, 2.69305, 0.1955, 1.49298, 0.214238, 0.0805703, 0.152409, 0.110919, 0.48493, 1.85149, 1302.97, 547.589, 2.79413, 0.140036, 0.707286, 0.16946, 0.22988, 0.26819, 0.272331, 0.29511, 0.350177, 0.397181, 0.449462, 2.8047, 3.44389, 

7.37874e-05, 0.0532953, 0.701858, 1.65692, 2.05393, 3.27575, 6.13398, 0.925335, 0.110919, 0.178971, 0.106584, 0.152408, 0.175866, 0.1993, 0.369211, 1.28532, 1.73601, 0.0996063, 0.214238, 0.1955, 3.71509e-05, 5.46671e-05, 8.2184e-05, 1.49298, 1.91817, 2330.91, 337.498, 2.69305, 0.000134596, 0.707286, 0.0805703, 0.152409, 0.140036, 0.48493, 1.85149, 89.2861, 2902.58, 1.69031, 0.107956, 0.0260543, 0.16946, 0.22988, 0.26819, 0.272331, 0.29511, 0.350177, 0.397181, 0.449462, 2.79413, 2.8047, 

7.37874e-05, 0.0532953, 0.110919, 1.65692, 3.27575, 6.13398, 2.17757, 0.925335, 1.73601, 1.49298, 0.0886586, 0.152408, 0.0996063, 0.1955, 0.369211, 1.28532, 627.829, 0.178971, 1.52922, 1.69031, 3.71509e-05, 4.09906e-05, 8.2184e-05, 0.707286, 1.91817, 2330.91, 766.084, 0.214238, 0.701858, 0.1993, 0.0805703, 0.152409, 0.0260543, 0.107956, 0.140036, 2715.41, 103.777, 0.48493, 0.175866, 0.000134596, 0.16946, 0.22988, 0.26819, 0.272331, 0.29511, 0.350177, 0.397181, 0.449462, 1.85149, 2.05393, 

7.37874e-05, 0.0532953, 0.925335, 1.49298, 2.17757, 3.27575, 6.13398, 1.85149, 0.178971, 0.701858, 0.0123419, 0.0886586, 0.1955, 0.369211, 1.28532, 1.52922, 0.0683776, 1.69031, 1.73601, 1.65692, 3.71509e-05, 4.09906e-05, 8.2184e-05, 0.1993, 0.214238, 0.707286, 47.278, 0.110919, 0.0260543, 0.000134596, 0.0805703, 0.152409, 0.107956, 0.175866, 0.48493, 2715.41, 7679.1, 0.0996063, 1.91817, 0.140036, 0.16946, 0.22988, 0.26819, 0.272331, 0.29511, 0.350177, 0.397181, 0.449462, 2.05393, 

7.37874e-05, 0.0532344, 0.178971, 0.701858, 1.49298, 6.13398, 558.962, 1.69031, 0.175866, 1.28532, 0.0123419, 0.0532953, 0.0683776, 0.369211, 1.52922, 757.949, 6.53005, 1.85149, 0.925335, 0.214238, 3.71509e-05, 4.09906e-05, 8.2184e-05, 0.000134596, 0.0260543, 0.110919, 0.707286, 0.1993, 1.73601, 0.0198196, 0.0805703, 0.09895, 0.0996063, 0.107956, 0.48493, 1.91817, 7679.1, 0.140036, 0.1955, 1.65692, 0.0749629, 0.16946, 0.22988, 0.26819, 0.272331, 0.29511, 0.350177, 0.397181, 2.05393, 

7.37874e-05, 0.0522517, 0.178971, 1.49298, 1.69031, 6.13398, 58.1558, 0.0260543, 0.110919, 1.28532, 0.0123419, 0.0532953, 0.369211, 0.925335, 757.949, 20.8112, 19.6221, 0.0996063, 1.52922, 0.0198196, 3.45715e-05, 3.71509e-05, 8.2184e-05, 0.20439, 0.707286, 15.7291, 166.773, 0.1993, 0.701858, 0.000134596, 0.0749629, 0.09895, 0.107956, 0.140036, 0.1955, 0.48493, 1.91817, 0.214238, 0.0683776, 0.175866, 0.0805703, 0.101014, 0.16946, 0.22988, 0.26819, 0.272331, 0.29511, 0.350177, 1.65692, 1.85149, 

7.37874e-05, 0.0522517, 0.0260543, 0.476475, 1.69031, 6.13398, 34.4145, 0.0682324, 0.178971, 8.2184e-05, 0.000928663, 0.0532953, 0.0198196, 0.369211, 19.6221, 20.8112, 757.949, 0.107956, 0.658711, 0.707286, 3.45715e-05, 3.71509e-05, 0.000134596, 0.20439, 0.701858, 166.773, 41.0024, 0.110919, 0.925335, 0.140036, 0.0749629, 0.0805703, 0.0683776, 0.1955, 0.48493, 1.91817, 1.1647, 0.0996063, 0.175866, 0.214238, 0.09895, 0.101014, 0.16946, 0.22988, 0.26819, 0.272331, 0.29511, 0.350177, 1.28532, 1.49298, 

7.37874e-05, 0.000111656, 8.2184e-05, 0.0260543, 0.0682324, 0.476475, 13.1797, 1.1647, 1.28532, 0.925335, 0.000928663, 0.0532953, 0.107956, 0.658711, 19.6221, 20.8112, 628.74, 0.1955, 0.0198196, 0.734024, 3.45715e-05, 3.71509e-05, 0.000134596, 0.110919, 0.140036, 0.20439, 6741.96, 0.701858, 0.178971, 1.49298, 0.0250857, 0.0805703, 0.0683776, 0.0996063, 0.175866, 0.48493, 165.836, 0.214238, 0.369211, 0.707286, 0.0369642, 0.09895, 0.101014, 0.16946, 0.22988, 0.26819, 0.272331, 0.350177, 

1.86908e-05, 7.37874e-05, 0.0260543, 0.0682324, 1.1647, 13.1797, 184.606, 0.701858, 0.369211, 0.477385, 0.000928663, 0.0532953, 0.107956, 20.8112, 628.74, 501.11, 3.73935, 0.214238, 0.20439, 0.658711, 3.45715e-05, 3.71509e-05, 0.110919, 0.140036, 0.178971, 789.038, 0.118419, 0.000134596, 0.476475, 0.175866, 0.0250857, 0.0369642, 0.0683776, 0.0996063, 0.48493, 165.836, 0.103986, 8.2184e-05, 0.0198196, 0.1955, 0.0391859, 0.0691243, 0.09895, 0.101014, 0.151585, 0.16946, 0.22988, 0.26819, 0.707286, 0.734024, 

1.86908e-05, 7.37874e-05, 0.0682324, 0.369211, 1.1647, 13.1797, 1033.76, 0.118419, 0.20439, 0.140036, 0.000928663, 0.0391859, 0.107956, 0.658711, 3.73935, 501.11, 190.522, 0.175866, 8.2184e-05, 0.110919, 3.45715e-05, 3.60917e-05, 0.000134596, 0.178971, 0.476475, 357.457, 0.0249733, 0.0260543, 0.0996063, 0.214238, 0.0250857, 0.0369642, 0.103986, 0.1955, 0.48493, 440.636, 3304.31, 0.0198196, 0.0683776, 0.477385, 0.0532953, 0.0396233, 0.0691243, 0.09895, 0.101014, 0.151585, 0.16946, 0.22988, 0.701858, 0.707286, 

1.86908e-05, 7.37874e-05, 0.0682324, 0.118419, 0.140036, 0.698505, 13.1797, 0.0249733, 0.175866, 8.2184e-05, 0.000928663, 0.0391859, 0.107956, 0.110919, 3.73935, 56.6744, 0.377109, 0.0683776, 0.658711, 0.477385, 3.45715e-05, 3.50264e-05, 0.000134596, 0.0996063, 0.214238, 0.476475, 141.4, 0.103986, 0.701858, 0.20439, 0.0250857, 0.0369642, 0.0198196, 0.1955, 0.48493, 440.636, 140.589, 0.178971, 0.369211, 0.0260543, 0.0396233, 0.0532953, 0.0691243, 0.09895, 0.101014, 0.151585, 0.16946, 0.22988, 0.707286, 

1.86908e-05, 3.10454e-05, 0.0249733, 0.0682324, 0.118419, 0.140036, 0.175866, 3.05974e-05, 0.178971, 0.0683776, 0.000928663, 0.0369642, 0.107956, 0.477385, 0.658711, 3.73935, 22.2583, 0.110919, 0.000134596, 0.1955, 3.45715e-05, 3.50264e-05, 0.0996063, 0.20439, 0.476475, 0.701858, 972.016, 8.2184e-05, 0.103986, 0.214238, 7.37874e-05, 0.00795219, 0.0198196, 0.369211, 0.48493, 0.000946769, 105.948, 0.377109, 0.707286, 0.0260543, 0.0250857, 0.0391859, 0.0396233, 0.0532953, 0.0691243, 0.09895, 0.101014, 0.151585, 

1.86908e-05, 2.18004e-05, 0.0682324, 0.118419, 0.140036, 0.175866, 86.0629, 0.107956, 0.145215, 1.8583e-05, 3.00037e-05, 0.0026348, 0.000134596, 0.1955, 0.658711, 2533.33, 460.255, 0.0198196, 3.05974e-05, 0.178971, 3.45715e-05, 3.47488e-05, 8.2184e-05, 0.103986, 0.20439, 31.2495, 6.11047, 0.214238, 0.0996063, 0.000946769, 7.37874e-05, 0.000502854, 0.0260543, 0.369211, 0.707286, 59316.2, 1427.04, 0.0683776, 0.0249733, 0.110919, 0.000928663, 0.00795219, 0.0250857, 0.0391859, 0.0396233, 0.0532953, 0.0691243, 0.09895, 0.377109, 

1.86908e-05, 2.18004e-05, 1.8583e-05, 0.0682324, 0.107956, 0.140036, 86.0629, 0.0198196, 0.0260543, 0.000946769, 3.00037e-05, 0.0026348, 0.000134596, 0.178971, 0.658711, 23.4753, 2533.33, 0.0996063, 0.1955, 8.2184e-05, 3.45715e-05, 3.47488e-05, 0.20439, 0.214238, 6.11047, 4143.13, 1984.62, 0.110919, 0.145215, 0.0666977, 7.37874e-05, 0.000502854, 0.0249733, 0.0683776, 0.369211, 4191.27, 1034.89, 3.05974e-05, 0.103986, 0.118419, 0.000928663, 0.00795219, 0.0250857, 0.0391859, 0.0396233, 0.0532953, 0.0691243, 0.09895, 0.377109, 

1.86908e-05, 2.18004e-05, 1.8583e-05, 0.000946769, 0.107956, 0.140036, 246.454, 3.00037e-05, 0.0026348, 0.178971, 0.1955, 23.4753, 2533.33, 0.0653609, 3.45715e-05, 3.47488e-05, 0.0666977, 0.110919, 0.20439, 6.11047, 109.858, 7.37874e-05, 3.94536e-05, 0.0249733, 0.0683776, 0.103986, 2352.31, 510.605, 0.000502854, 0.000928663, 0.00795219, 0.0250857, 0.0391859, 0.0396233, 0.0532953, 0.0691243, 3.05974e-05, 3.63713e-05, 

1.86908e-05, 2.18004e-05, 1.8583e-05, 0.000946769, 0.107956, 246.454, 392.243, 3.00037e-05, 0.000502854, 0.0653609, 0.178971, 23.4753, 2533.33, 547.606, 3.45715e-05, 3.47488e-05, 0.110919, 0.20439, 6.11047, 109.858, 221.997, 3.57672e-05, 7.17508e-05, 0.0249733, 0.103986, 3.57884, 510.605, 1.13705, 0.0026348, 0.000928663, 0.00795219, 0.0250857, 0.0391859, 0.0396233, 0.0532953, 0.0691243, 3.05974e-05, 3.63713e-05, 

1.83981e-05, 2.18004e-05, 1.8583e-05, 0.000946769, 0.107956, 246.454, 392.243, 3.00037e-05, 0.000502854, 0.0484694, 0.178971, 4.07166, 8.43143, 547.606, 3.45715e-05, 3.47488e-05, 0.110919, 0.20439, 6.11047, 109.858, 1709.19, 3.47741e-05, 3.57672e-05, 0.0249733, 1.13705, 3.57884, 510.605, 17.5095, 0.000928663, 0.0026348, 0.00795219, 0.0250857, 0.0391859, 0.0396233, 0.0532953, 0.0691243, 3.05974e-05, 3.63713e-05, 

1.83981e-05, 2.18004e-05, 0.000946769, 0.107956, 246.454, 392.243, 0.0427013, 3.00037e-05, 0.000147788, 0.0484694, 0.178971, 1.96919, 547.606, 0.589825, 3.45715e-05, 3.47488e-05, 0.110919, 0.20439, 6.11047, 140.273, 4.69181, 3.47741e-05, 3.57672e-05, 1.13705, 3.57884, 17.5095, 510.605, 7.88281, 0.000928663, 0.0026348, 0.00795219, 0.0250857, 0.0391859, 0.0396233, 0.0532953, 0.0570845, 1.8583e-05, 3.05974e-05, 

1.83981e-05, 2.18004e-05, 0.000946769, 0.0427013, 246.454, 392.243, 2522.47, 3.00037e-05, 0.000147788, 0.0484694, 0.178971, 0.589825, 1.96919, 547.606, 3.45715e-05, 3.46473e-05, 0.110919, 0.20439, 6.11047, 140.273, 8.43952, 3.47741e-05, 3.57672e-05, 1.13705, 3.11157, 3.57884, 7.88281, 17.5095, 0.000928663, 0.0026348, 0.00795219, 0.0250857, 0.0391859, 0.0396233, 0.0532953, 0.0570845, 1.8583e-05, 3.05974e-05, 

1.83981e-05, 2.18004e-05, 0.000946769, 66.0097, 392.243, 1135.37, 12.1883, 3.00037e-05, 6.68546e-05, 0.0484694, 0.178971, 0.589825, 1.96919, 47.5568, 3.45626e-05, 3.45715e-05, 0.110919, 0.131827, 0.20439, 8.43952, 2026.61, 3.47741e-05, 3.57672e-05, 1.13705, 3.11157, 3.57884, 7.88281, 2.78266, 0.000928663, 0.0026348, 0.00795219, 0.0250857, 0.0391859, 0.0396233, 0.0532953, 0.0570845, 1.8583e-05, 3.05974e-05, 

1.83981e-05, 2.18004e-05, 0.000946769, 16.5053, 66.0097, 392.243, 375.386, 3.00037e-05, 6.68546e-05, 0.178971, 0.589825, 1.96919, 47.5568, 6298.07, 3.45626e-05, 3.45715e-05, 0.110919, 0.131827, 0.20439, 8.43952, 595.49, 3.47741e-05, 3.57672e-05, 1.13705, 2.78266, 3.57884, 4.67442, 50.3227, 0.000928663, 0.0026348, 0.00795219, 0.0250857, 0.0391859, 0.0396233, 0.0532953, 0.0570845, 1.8583e-05, 3.05974e-05, 

1.83981e-05, 2.18004e-05, 0.000946769, 16.5053, 66.0097, 212.466, 302.984, 3.00037e-05, 6.68546e-05, 0.220557, 1.96919, 47.5568, 251.504, 431.447, 3.45626e-05, 3.45715e-05, 0.110919, 0.131827, 0.20439, 281.208, 162.8, 3.47741e-05, 3.57672e-05, 1.13705, 2.30784, 3.57884, 4.67442, 142.35, 0.000928663, 0.0026348, 0.00795219, 0.0250857, 0.0391859, 0.0396233, 0.0532953, 0.0570845, 1.8583e-05, 3.05974e-05, 

1.83981e-05, 2.02006e-05, 0.000946769, 16.5053, 66.0097, 212.466, 13531, 3.00037e-05, 6.68546e-05, 0.220557, 1.96919, 47.5568, 431.447, 46.9896, 3.45616e-05, 3.45626e-05, 0.110919, 0.131827, 0.20439, 39.7221, 162.8, 2.8464e-05, 3.47741e-05, 0.121156, 1.13705, 3.57884, 4.67442, 142.35, 0.000928663, 0.0026348, 0.00795219, 0.0250857, 0.0391859, 0.0396233, 0.0532953, 0.0570845, 1.8583e-05, 3.05974e-05, 

1.83981e-05, 1.90164e-05, 0.000946769, 16.5053, 66.0097, 2445.18, 3558.02, 3.00037e-05, 6.68546e-05, 0.220557, 1.96919, 7.16563, 111.36, 5.68718, 3.45616e-05, 3.45626e-05, 0.110919, 0.20439, 39.7221, 162.8, 106.482, 2.8464e-05, 3.47741e-05, 0.121156, 3.57884, 4.67442, 142.35, 0.0264522, 0.000928663, 0.0026348, 0.00795219, 0.0250857, 0.0391859, 0.0396233, 0.0532953, 0.0570845, 1.8583e-05, 3.05974e-05, 

1.83981e-05, 1.90164e-05, 1.54718, 16.5053, 66.0097, 2445.18, 5.6091, 3.00037e-05, 6.68546e-05, 0.220557, 1.96919, 5.68718, 111.36, 5.07193, 3.45616e-05, 3.45623e-05, 0.110919, 0.20439, 99.5736, 106.482, 62.5502, 2.8464e-05, 3.47741e-05, 0.0264522, 0.121156, 2.72915, 4.67442, 9.82462, 0.000928663, 0.0026348, 0.00795219, 0.0250857, 0.0391859, 0.0396233, 0.0532953, 0.0570845, 1.8583e-05, 3.05974e-05, 

1.83981e-05, 1.90164e-05, 5.6091, 16.5053, 66.0097, 2445.18, 2573.23, 3.00037e-05, 6.07187e-05, 0.220557, 0.810575, 5.07193, 5.68718, 111.36, 3.45616e-05, 3.45623e-05, 0.110919, 62.5502, 99.5736, 106.482, 124.576, 2.8464e-05, 3.47741e-05, 0.121156, 2.72915, 3.22516, 4.67442, 6.13612, 0.000928663, 0.0026348, 0.00795219, 0.0250857, 0.0391859, 0.0396233, 0.0532953, 0.0570845, 1.8583e-05, 3.05974e-05, 

1.83981e-05, 1.90164e-05, 5.6091, 16.5053, 66.0097, 2573.23, 23156.4, 3.00037e-05, 6.07187e-05, 0.0267698, 5.07193, 5.68718, 111.36, 1743.79, 3.45616e-05, 3.45623e-05, 0.110919, 30.0586, 62.5502, 99.5736, 106.482, 2.8464e-05, 3.06228e-05, 0.121156, 2.72915, 4.67442, 6.13612, 1.38042, 0.000928663, 0.0026348, 0.00795219, 0.0250857, 0.0391859, 0.0396233, 0.0532953, 0.0570845, 1.8583e-05, 3.05974e-05, 

1.39417e-05, 1.83981e-05, 5.6091, 13.1011, 16.5053, 66.0097, 3.13011, 3.00037e-05, 6.07187e-05, 0.0267698, 0.877666, 5.07193, 111.36, 129.059, 3.45616e-05, 3.45623e-05, 0.110919, 4.81332, 62.5502, 106.482, 210.484, 2.8464e-05, 3.06228e-05, 0.121156, 0.24345, 1.38042, 4.67442, 6.13612, 0.000928663, 0.0026348, 0.00795219, 0.0250857, 0.0391859, 0.0396233, 0.0532953, 0.0570845, 1.8583e-05, 3.05974e-05, 

1.39417e-05, 1.82857e-05, 0.787823, 4.10077, 5.6091, 13.1011, 2178.27, 3.00037e-05, 6.07187e-05, 0.0267698, 0.877666, 5.07193, 129.059, 26.1287, 3.45616e-05, 3.45623e-05, 0.110919, 62.5502, 106.482, 210.484, 160.728, 2.8464e-05, 2.97047e-05, 0.121156, 0.24345, 1.38042, 4.67442, 6.13612, 0.000928663, 0.0026348, 0.00795219, 0.0250857, 0.0391859, 0.0396233, 0.0532953, 0.0570845, 1.8583e-05, 3.05974e-05, 

1.39417e-05, 1.82857e-05, 0.787823, 4.10077, 13.1011, 2178.27, 1312.13, 3.00037e-05, 6.07187e-05, 0.0267698, 0.877666, 5.07193, 26.1287, 9.99915, 3.45616e-05, 3.45623e-05, 0.110919, 26.5955, 62.5502, 160.728, 210.484, 2.8464e-05, 2.97047e-05, 0.121156, 1.38042, 4.67442, 6.13612, 240.006, 0.000928663, 0.0026348, 0.00795219, 0.0250857, 0.0391859, 0.0396233, 0.0532953, 0.0570845, 1.8583e-05, 3.05974e-05, 

1.39417e-05, 1.82857e-05, 0.787823, 13.1011, 228.735, 1312.13, 22.684, 3.00037e-05, 6.07187e-05, 0.0267698, 0.877666, 9.99915, 26.1287, 445.561, 3.45613e-05, 3.45616e-05, 0.526255, 26.5955, 160.728, 210.484, 0.0408311, 2.8464e-05, 2.9444e-05, 1.38042, 4.67442, 6.13612, 240.006, 20137.3, 0.000928663, 0.0026348, 0.00795219, 0.0250857, 0.0391859, 0.0396233, 0.0532953, 0.0570845, 1.8583e-05, 3.05974e-05, 

1.39417e-05, 1.82857e-05, 3.80516, 13.1011, 228.735, 365.341, 15807.4, 3.00037e-05, 6.07187e-05, 0.0267698, 9.99915, 26.1287, 445.561, 8.26978, 3.45612e-05, 3.45613e-05, 0.0408311, 0.526255, 26.5955, 160.728, 3279.76, 2.8464e-05, 2.9444e-05, 4.67442, 6.13612, 212.067, 240.006, 1.7629, 0.000928663, 0.0026348, 0.00795219, 0.0250857, 0.0391859, 0.0396233, 0.0532953, 0.0570845, 1.8583e-05, 3.05974e-05, 

Best:
(0.996301, 0.992565, )

Fitness Evaluations:
2957

End Population
(9.963009e-01), (9.925647e-01), (9.960588e-01), (9.922990e-01), (9.224124e-01), (6.559310e-01), (-2.270481e+00), (), (1.409861e+00), (4.758657e-01), (-1.984737e+00), (2.051241e+00), (-3.789478e+00), (1.796519e+00), (9.950694e-01), (9.899245e-01), (9.928133e-01), (9.853770e-01), (1.000682e+00), (1.017725e+00), (-3.007989e-01), (-1.977400e-01), (9.980439e-01), (4.849291e-01), (1.335838e+00), (-3.261003e-01), (5.240504e-01), (5.582352e-01), (9.945877e-01), (9.889751e-01), (9.945877e-01), (9.889751e-01), (8.460635e-01), (7.289134e-01), (6.350658e-01), (4.660046e-01), (1.268449e+00), (1.093955e+00), (9.425610e-02), (1.273430e+00), (1.006004e+00), (-4.714873e+00), (9.947143e-01), (9.893840e-01), (9.947417e-01), (9.893772e-01), (2.252200e+00), (4.896155e+00), (1.037688e+00), (1.324480e+00), (4.316976e-02), (-1.451241e+00), (5.420502e-01), (1.842353e+00), (1.671941e+00), (2.909904e+00), (9.891217e-01), (9.812084e-01), (9.933449e-01), (9.918238e-01), (9.482379e-01), (9.064165e-01), (8.608100e-01), (7.485515e-01), (8.386742e-01), (6.919028e-01), (9.290962e-01), (8.446197e-01), (7.692298e-01), (5.910792e-01), (8.065706e-01), (6.645810e-01), (9.956937e-01), (9.914256e-01), (9.950763e-01), (9.899247e-01), 