Iterations: 50
Function Evaluations Limit: 150000
Population: 50

Prides Length: 4

Percent Nomads: 0.2
Percent Roaming: 0.2
Percent Sex: 0.8

Mating Rate: 0.3
Mutation Probability: 0.2
Immigration Rate: 0.4

Percent Group Influence: 0.4
Annealing On: true
Ranked Selection Pressure: 2
Near To Best Random Pressure: 2

Dimensions: 2
N-Dimension Space: -5:5

Fitness Iterations:
16.0249 (Initial Best)

40.647, 54.5423, 46.9046, 80.5186, 2282.81, 10624, 256.983, 435.399, 48.1482, 231.871, 57.0165, 4.08583, 64.3252, 691.711, 8195.29, 16453.3, 464.533, 325.599, 60.9967, 23.5303, 403.534, 4567.41, 16.0249, 1044.23, 1260.66, 1856.68, 5347.47, 19.7284, 759.799, 520.781, 1.88393, 1.95064, 64.1179, 2181.43, 2300.39, 3253.06, 607.808, 423.269, 40.364, 198.286, 257.805, 110.361, 330.133, 230.871, 452.847, 1043.13, 1214.64, 1216.12, 2285.19, 2402.16, 

40.647, 54.5423, 37.331, 48.1482, 256.983, 435.399, 10624, 80.5186, 19.7284, 232.672, 3.70871, 0.172756, 4.83876, 23.5303, 691.711, 8195.29, 186.096, 370.2, 64.1179, 231.871, 57.0165, 110.361, 16.0249, 520.781, 759.799, 1044.23, 5347.47, 0.128758, 198.286, 325.599, 1.88393, 1.95064, 20.5116, 100.508, 423.269, 607.808, 222.561, 309.996, 64.3252, 60.9967, 179.463, 220.593, 230.871, 257.805, 298.887, 330.133, 345.323, 404.149, 1260.66, 1856.68, 

3.70871, 54.5423, 7.61908, 19.7284, 212.959, 404.962, 1247.01, 80.5186, 19.5346, 16.0249, 0.172756, 1.60225, 4.83876, 43.1825, 231.871, 370.2, 691.711, 0.128758, 0.724704, 12.3157, 57.0165, 18.4981, 520.781, 759.799, 5347.47, 235.949, 991.522, 48.1482, 64.1179, 198.286, 1.88393, 1.95064, 20.5116, 39.4131, 309.996, 423.269, 652.02, 60.9967, 23.5303, 64.3252, 29.042, 11.7914, 110.361, 120.64, 179.463, 195.419, 220.593, 230.871, 222.561, 232.672, 

0.126882, 8.22791, 7.61908, 80.5186, 212.959, 1247.01, 692.53, 39.4131, 19.5346, 52.492, 0.172756, 1.60225, 0.128758, 43.1825, 231.871, 370.2, 45.0011, 16.0249, 19.7284, 73.7184, 18.4981, 29.042, 13.1397, 13.3396, 64.1179, 198.286, 520.781, 23.5303, 3.89861, 12.3157, 1.88393, 1.95064, 1.14997, 60.9967, 309.996, 652.02, 92.91, 0.724704, 64.3252, 4.83876, 3.70871, 11.7914, 13.0268, 23.0773, 24.6143, 57.0165, 110.361, 120.64, 106.797, 134.86, 

0.126882, 3.70871, 7.61908, 19.5346, 39.4131, 52.492, 873.52, 16.0249, 0.860522, 38.2874, 0.128147, 1.60225, 19.7284, 43.1825, 73.7184, 231.871, 370.2, 13.1397, 0.128758, 45.0011, 1.91783, 14.5174, 3.89861, 13.3396, 64.1179, 520.781, 14.7994, 40.8312, 4.83876, 3.94199, 1.88393, 1.95064, 0.724704, 1.14997, 17.7445, 60.9967, 5.1066, 25.6854, 5.99659, 0.918622, 15.5297, 2.45573, 8.22791, 11.7914, 15.2294, 14.8835, 18.4981, 23.0773, 80.5186, 84.9711, 

0.126882, 0.376536, 0.860522, 7.61908, 39.4131, 52.492, 118.059, 5.99659, 13.3396, 17.3325, 0.128147, 1.60225, 0.128758, 45.0011, 73.7184, 202.788, 478.096, 1.14997, 9.06847, 4.83876, 0.458297, 8.22791, 3.89861, 3.94199, 520.781, 597.565, 21.8073, 0.918622, 19.5346, 0.724704, 1.88393, 1.95064, 5.1066, 17.7445, 60.9967, 741.452, 482.579, 14.7994, 16.0249, 1.78369, 3.70871, 1.91783, 2.45573, 2.78292, 14.5174, 11.7914, 12.8099, 14.8835, 19.7284, 25.6854, 

0.126882, 0.376536, 7.61908, 13.3396, 39.4131, 52.492, 7.28139, 0.724704, 2.96932, 19.7284, 0.128147, 1.45338, 1.14997, 4.83876, 73.7184, 478.096, 35.0379, 0.860522, 3.94199, 5.68771, 0.458297, 1.91783, 0.918622, 2.14607, 3.89861, 21.8073, 597.565, 17.7445, 0.128758, 9.06847, 1.649, 1.88393, 1.78369, 5.1066, 14.7994, 16.0249, 741.452, 0.206792, 0.914278, 5.99659, 8.22791, 2.25903, 2.45573, 2.78292, 3.70871, 5.45995, 8.97872, 10.6035, 25.6854, 45.0011, 

0.126882, 0.376536, 1.03817, 2.96932, 7.61908, 52.492, 293.281, 2.14607, 14.7994, 3.89861, 0.128147, 0.993743, 0.453513, 1.14997, 3.94199, 35.0379, 5632.87, 10.6363, 16.0249, 0.860522, 0.458297, 1.45338, 0.918622, 9.06847, 21.8073, 597.565, 3639.29, 0.206792, 0.128758, 5.68771, 1.649, 1.88393, 0.90551, 5.1066, 5.99659, 741.452, 46476.4, 7.28139, 0.724704, 1.78369, 1.5075, 1.91783, 2.25903, 2.45573, 2.78292, 3.70871, 5.45995, 8.22791, 17.7445, 25.6854, 

0.126882, 0.376536, 1.03817, 2.14607, 7.61908, 293.281, 3708.09, 0.724704, 5.99659, 0.918622, 0.0493594, 0.993743, 0.453513, 0.860522, 3.94199, 16.0249, 35.0379, 3.89861, 7.28139, 17.7445, 0.423876, 1.45338, 0.128758, 0.206792, 5.68771, 21.8073, 3639.29, 1.14997, 9.06847, 2.96932, 1.5075, 1.88393, 1.78369, 5.1066, 452.649, 2620.95, 797.724, 0.90551, 14.7994, 10.6363, 1.649, 1.91783, 2.25903, 2.45573, 2.78292, 3.70871, 5.45995, 8.22791, 20.9177, 25.6854, 

0.126882, 0.376536, 0.724704, 1.03817, 2.14607, 7.61908, 76.5306, 3.89861, 1.14997, 0.453513, 0.0493594, 0.102422, 0.860522, 3.94199, 7.28139, 35.0379, 100.47, 0.918622, 10.6363, 15.9164, 0.186534, 1.45338, 0.128758, 5.68771, 9.06847, 21.8073, 3639.29, 7.59282, 2.96932, 17.7445, 1.08057, 1.649, 0.90551, 5.1066, 14.7994, 452.649, 72.0149, 1.78369, 5.99659, 0.206792, 1.88393, 1.91783, 2.25903, 2.45573, 2.78292, 3.70871, 5.45995, 8.22791, 20.9177, 25.6854, 

0.126882, 0.376536, 0.724704, 1.14997, 2.96784, 3.89861, 41.3992, 0.932245, 5.99659, 1.03817, 0.0493594, 0.1001, 0.260359, 0.918622, 7.28139, 10.6363, 35.0379, 0.65008, 15.9164, 0.860522, 0.186534, 0.579622, 0.128758, 2.96932, 7.59282, 17.7445, 3639.29, 3.02502, 5.68771, 9.06847, 0.378359, 0.657241, 0.206792, 0.49154, 5.1066, 452.649, 932.66, 0.90551, 0.453513, 1.78369, 0.102422, 1.08057, 1.88393, 1.91783, 2.25903, 2.45573, 2.78292, 3.70871, 20.9177, 21.8073, 

0.126882, 0.0984688, 0.724704, 1.14997, 2.96784, 3.89861, 300.496, 0.206792, 0.141149, 0.260359, 0.0493594, 0.1001, 0.860522, 0.918622, 1.47931, 3.05209, 72.7972, 0.49154, 0.0773222, 0.65008, 0.186534, 0.14379, 2.96932, 5.68771, 9.06847, 17.7445, 3639.29, 3.02502, 0.0929465, 0.128758, 0.102422, 0.657241, 0.453513, 0.90551, 1.78369, 5.1066, 123.532, 3.86844, 1.89294, 1.03817, 0.378359, 0.376536, 0.579622, 1.08057, 1.88393, 1.91783, 2.25903, 2.45573, 5.99659, 7.28139, 

0.0984688, 0.126882, 2.96784, 3.89861, 300.496, 1.97778, 667.135, 0.724704, 1.89294, 0.0929465, 0.0493594, 0.1001, 0.0773222, 0.49154, 0.860522, 1.47931, 250.934, 0.260359, 1.03817, 0.65008, 0.14379, 0.186534, 2.96932, 3.02502, 9.06847, 17.7445, 11052.1, 1.14997, 0.128758, 0.206792, 0.102422, 0.376536, 0.453513, 0.90551, 1.14292, 5.1066, 327.476, 0.918622, 0.141149, 0.453598, 0.657241, 0.378359, 0.425128, 0.579622, 1.08057, 1.88393, 1.91783, 2.25903, 3.05209, 5.68771, 

0.0984688, 0.126882, 0.0929465, 1.89294, 2.96784, 667.135, 1479.3, 1.47931, 2.96932, 0.724704, 0.0493594, 0.1001, 0.0773222, 0.260359, 0.49154, 0.65008, 1411.96, 3.05209, 3.89861, 0.860522, 0.14379, 0.186534, 0.206792, 1.14997, 9.06847, 11052.1, 8562.72, 3.02502, 0.90551, 0.128758, 0.102422, 0.35591, 0.141149, 0.453513, 0.453598, 0.918622, 1.14292, 5.1066, 1.03817, 1.97778, 0.376536, 0.378359, 0.425128, 0.579622, 0.657241, 1.08057, 1.88393, 1.91783, 5.68771, 

0.0984688, 0.126882, 0.724704, 1.47931, 2.96784, 2.96932, 1479.3, 0.0929465, 0.0773222, 0.141149, 0.0493594, 0.1001, 0.65008, 0.860522, 3.89861, 1411.96, 1378.39, 0.918622, 0.260359, 3.02502, 0.14379, 0.186534, 0.128758, 1.14997, 2690.19, 158.364, 13.7415, 0.206792, 0.90551, 0.453598, 0.102422, 0.118399, 0.453513, 1.03817, 1.14292, 11.0689, 102.514, 0.49154, 1.89294, 1.97778, 0.376536, 0.378359, 0.425128, 0.579622, 0.657241, 1.08057, 1.88393, 1.91783, 3.05209, 5.1066, 

0.0916771, 0.126882, 0.0773222, 0.0929465, 0.141149, 2.96784, 590.827, 1.97778, 2.96932, 0.128758, 0.0493594, 0.1001, 0.65008, 0.860522, 0.918622, 16.3986, 1205.15, 0.453598, 0.453513, 3.02502, 0.14379, 0.186534, 0.206792, 0.90551, 158.364, 2690.19, 587.988, 1.14997, 0.49154, 0.724704, 0.102422, 0.118399, 1.14292, 1.89294, 11.0689, 478.071, 109.631, 1.47931, 0.260359, 1.03817, 0.376536, 0.378359, 0.425128, 0.579622, 0.657241, 1.08057, 1.88393, 1.91783, 3.05209, 3.89861, 

0.0916771, 0.0955491, 0.0929465, 0.814151, 1.97778, 590.827, 249.217, 0.141149, 0.724704, 0.90551, 0.0493594, 0.1001, 0.453513, 0.453598, 0.918622, 3.02502, 16.3986, 0.65008, 0.260359, 1.03817, 0.137214, 0.186534, 0.206792, 1.14997, 587.988, 2690.19, 266.717, 0.210039, 0.544998, 0.49154, 0.0217764, 0.118399, 1.14292, 1.47931, 478.071, 29.9307, 0.180477, 0.128758, 0.0773222, 0.860522, 0.14379, 0.376536, 0.378359, 0.425128, 0.579622, 0.652444, 0.657241, 1.08057, 1.89294, 2.96784, 

0.0916771, 0.0955491, 0.724704, 0.814151, 10.5104, 204.182, 83.3548, 0.0929465, 0.453598, 1.14292, 0.0493594, 0.00986847, 0.260359, 0.65008, 16.3986, 0.0467805, 33.6697, 0.90551, 0.206792, 0.141149, 0.1001, 0.186534, 0.49154, 0.544998, 1.14997, 587.988, 19.7599, 0.860522, 0.453513, 0.918622, 0.0217764, 0.118399, 0.0773222, 0.180477, 1.47931, 29.9307, 478.071, 0.807851, 0.128758, 0.210039, 0.137214, 0.14379, 0.376536, 0.378359, 0.425128, 0.579622, 0.652444, 0.657241, 1.89294, 1.97778, 

0.0916771, 0.0955491, 0.0929465, 0.814151, 83.3548, 5280.29, 1213.27, 0.0773222, 0.65008, 0.453598, 0.00986847, 0.0493594, 0.206792, 0.260359, 16.3986, 37003.2, 2.96203, 0.453513, 0.90551, 1.14292, 0.1001, 0.137214, 0.14733, 0.544998, 0.860522, 1.14997, 587.988, 0.141149, 0.807851, 0.210039, 0.0217764, 0.118399, 0.128758, 0.180477, 1.47931, 204.883, 2.98159, 0.0467805, 0.918622, 0.724704, 0.186534, 0.14379, 0.376536, 0.378359, 0.425128, 0.579622, 0.652444, 0.657241, 1.89294, 1.97778, 

0.0878276, 0.0955491, 0.0773222, 1213.27, 5280.29, 1.50006, 8.23971, 0.0929465, 0.65008, 0.210039, 0.000462909, 0.0068785, 0.206792, 0.90551, 1.14292, 2.96203, 620.764, 1.14997, 0.814151, 0.180477, 0.1001, 0.137214, 0.141149, 0.544998, 0.807851, 0.860522, 587.988, 0.453598, 1.89294, 0.260359, 0.0217764, 0.118399, 0.0467805, 0.128758, 0.724704, 0.918622, 1.22851, 0.14733, 0.453513, 1.30033, 0.14379, 0.186534, 0.376536, 0.378359, 0.425128, 0.579622, 0.652444, 0.657241, 1.97778, 

0.0878276, 0.082465, 0.0929465, 0.210039, 1213.27, 5280.29, 51473.8, 0.0773222, 0.807851, 1.10807, 0.000462909, 0.0068785, 0.814151, 0.90551, 1.14292, 28.9194, 2.6235, 0.180477, 1.22851, 0.0467805, 0.0223525, 0.0955491, 0.141149, 0.260359, 0.544998, 0.860522, 524.948, 0.206792, 0.453598, 1.14997, 0.0217764, 0.118399, 0.14733, 0.453513, 0.724704, 1.30033, 0.00231989, 0.65008, 0.918622, 0.128758, 0.137214, 0.14379, 0.186534, 0.376536, 0.378359, 0.425128, 0.579622, 0.652444, 1.97778, 

0.0810088, 0.0821403, 0.0929465, 0.807851, 1.10807, 2821.5, 1344.38, 0.0773222, 0.544998, 0.141149, 0.000462909, 0.0068785, 0.0467805, 0.814151, 1.14292, 28.9194, 84.7498, 0.210039, 0.00231989, 0.14733, 0.0223525, 0.0955491, 0.206792, 0.453598, 524.948, 0.554461, 264.724, 0.860522, 0.180477, 0.260359, 0.0217764, 0.118399, 0.453513, 0.65008, 0.918622, 1.30033, 2.97208, 0.724704, 0.128758, 0.590291, 0.137214, 0.14379, 0.186534, 0.376536, 0.378359, 0.425128, 0.579622, 0.652444, 0.90551, 1.14997, 

0.0810088, 0.0821403, 0.0773222, 0.0929465, 0.141149, 1.10807, 62.0602, 0.807851, 0.260359, 0.453598, 0.000462909, 0.0068785, 0.00231989, 0.0467805, 0.210039, 0.814151, 3.10922, 0.918622, 0.90551, 0.14733, 0.0223525, 0.0955491, 0.206792, 0.554461, 0.860522, 264.724, 5645.85, 0.544998, 0.180477, 0.240854, 0.0217764, 0.118399, 0.128758, 0.590291, 0.65008, 0.724704, 1.30033, 0.453513, 1.14997, 1.14292, 0.137214, 0.14379, 0.186534, 0.226688, 0.376536, 0.378359, 0.425128, 0.579622, 

0.0810088, 0.082137, 0.0929465, 0.141149, 0.260359, 0.453598, 1.10807, 0.128758, 0.0773222, 0.453513, 0.000462909, 0.00197989, 0.00231989, 0.0467805, 0.14733, 2.56533, 25.4205, 0.65008, 0.206792, 0.807851, 0.0223525, 0.0955491, 0.544998, 0.554461, 0.860522, 264.724, 6.35244, 0.240854, 0.210039, 0.180477, 0.0217764, 0.109484, 0.590291, 0.724704, 1.14292, 1.14997, 1.30033, 0.814151, 0.756056, 0.90551, 0.137214, 0.14379, 0.186534, 0.226688, 0.376536, 0.378359, 0.425128, 0.579622, 0.918622, 

0.0805707, 0.0817293, 0.0773222, 0.141149, 0.260359, 0.453513, 1.10807, 0.544998, 0.128758, 0.206792, 0.000155354, 0.00133335, 0.00231989, 0.0467805, 0.14733, 0.807851, 41.6953, 0.210039, 0.918622, 0.590291, 0.0223525, 0.0955491, 0.554461, 0.860522, 6.35244, 264.724, 0.84632, 0.65008, 0.814151, 0.180477, 0.0217764, 0.109484, 0.724704, 0.756056, 0.90551, 1.14292, 1.30033, 0.0929465, 0.453598, 0.240854, 0.137214, 0.14379, 0.186534, 0.226688, 0.376536, 0.378359, 0.425128, 0.579622, 

0.0761517, 0.0765514, 0.0773222, 0.206792, 0.260359, 0.453513, 816.922, 0.000155354, 0.00133335, 0.0467805, 0.14733, 0.210039, 0.590291, 0.807851, 0.0223525, 0.0955491, 0.180477, 0.65008, 0.814151, 0.860522, 3249.29, 0.0217764, 0.109484, 0.0929465, 0.453598, 0.724704, 1.14292, 373.4, 0.123526, 0.137214, 0.14379, 0.186534, 0.226688, 0.376536, 0.378359, 0.579622, 0.00231989, 0.128758, 

0.0761517, 0.0764184, 0.0773222, 0.206792, 0.238111, 0.453513, 0.115371, 0.000155354, 0.00133335, 0.0467805, 0.14733, 0.590291, 0.807851, 1.85499, 0.0223525, 0.0955491, 0.65008, 0.814151, 0.860522, 3249.29, 1144.55, 0.0217764, 0.109484, 0.0929465, 0.453598, 0.724704, 1.14292, 5.91713, 0.000129157, 0.102257, 0.123526, 0.137214, 0.14379, 0.226688, 0.376536, 0.378359, 0.00231989, 0.128758, 

0.0761517, 0.0764184, 0.0773222, 0.206792, 0.238111, 0.453513, 0.133585, 0.000155354, 0.00133335, 0.0467805, 0.14733, 0.590291, 0.807851, 97.3927, 0.000129157, 0.0740984, 0.65008, 0.814151, 1144.55, 3249.29, 109.978, 0.0217764, 0.102257, 0.0929465, 0.724704, 1.14292, 4.71288, 1.24926, 0.0223525, 0.109484, 0.119664, 0.123526, 0.137214, 0.14379, 0.226688, 0.376536, 0.00231989, 0.115371, 

0.0761517, 0.0764184, 0.0773222, 0.206792, 0.238111, 0.453513, 1.53602, 0.000155354, 0.00133335, 0.0467805, 0.14733, 0.807851, 49.2909, 98.3929, 0.000129157, 0.0223525, 0.65008, 0.814151, 1144.55, 3249.29, 672.007, 0.0217764, 0.102257, 0.0415282, 1.14292, 1.24926, 4.71288, 0.124039, 0.0671027, 0.109484, 0.119664, 0.123526, 0.137214, 0.14379, 0.226688, 0.376536, 0.00231989, 0.0929465, 

0.0671027, 0.0761517, 0.0773222, 0.206792, 0.238111, 0.453513, 2007.98, 0.000155354, 0.00133335, 0.0467805, 0.14733, 0.807851, 49.2909, 266.987, 0.000129157, 0.0223525, 0.65008, 0.814151, 672.007, 690.565, 1144.55, 0.0217764, 0.0308662, 0.124039, 0.502227, 1.24926, 4.71288, 0.316364, 0.0758653, 0.109484, 0.119664, 0.123526, 0.137214, 0.14379, 0.226688, 0.376536, 0.00231989, 0.0415282, 

0.00722279, 0.0730213, 0.0773222, 0.206792, 0.238111, 2007.98, 0.0709814, 0.00014198, 0.000155354, 0.0467805, 0.14733, 0.807851, 49.2909, 0.0170052, 0.000129157, 0.0223525, 0.65008, 1.18974, 672.007, 1144.55, 7.71156, 0.0217764, 0.0308662, 0.124039, 0.28416, 1.24926, 4.71288, 31.9881, 0.0671027, 0.0758653, 0.0761517, 0.109484, 0.119664, 0.123526, 0.137214, 0.14379, 0.00231989, 0.0415282, 

0.00722279, 0.0671027, 0.0709814, 0.0773222, 0.238111, 2007.98, 16.4039, 0.00014198, 0.000155354, 0.0170052, 0.14733, 0.807851, 49.2909, 1.91545, 0.000129157, 0.00196249, 0.65008, 1.18974, 7.71156, 672.007, 373.153, 0.0217764, 0.0308662, 0.162204, 1.24926, 4.71288, 31.9881, 1469.11, 0.0730213, 0.0758653, 0.0761517, 0.109484, 0.119664, 0.123526, 0.137214, 0.14379, 0.00231989, 0.0415282, 

0.00722279, 0.0671027, 0.0773222, 0.238111, 15.9304, 2007.98, 48.3064, 0.00014198, 0.000155354, 0.0170052, 0.14733, 0.807851, 49.2909, 0.00440166, 0.000129157, 0.00196249, 0.65008, 4.29472, 373.153, 672.007, 118.113, 0.0032566, 0.0308662, 0.162204, 1.24926, 4.71288, 31.9881, 1469.11, 0.0217764, 0.0730213, 0.0758653, 0.0761517, 0.109484, 0.119664, 0.123526, 0.137214, 0.00231989, 0.0415282, 

0.00722279, 0.0217764, 0.238111, 2.68334, 48.3064, 2007.98, 12.3128, 0.00014198, 0.000155354, 0.000898116, 0.14733, 0.807851, 49.2909, 6.81735, 0.000129157, 0.00196249, 0.65008, 4.29472, 118.113, 373.153, 2.49686, 0.0032566, 0.0308662, 0.162204, 1.24926, 31.9881, 67.3344, 3.91342, 0.0671027, 0.0730213, 0.0758653, 0.0761517, 0.109484, 0.119664, 0.123526, 0.137214, 0.00231989, 0.0170052, 

0.00722279, 0.0217764, 0.134511, 12.3128, 48.3064, 2007.98, 0.0094159, 0.00014198, 0.000155354, 0.14733, 0.807851, 6.81735, 49.2909, 26.4821, 0.000129157, 0.00196249, 0.65008, 2.08438, 4.29472, 373.153, 142.041, 0.0032566, 0.0308662, 0.0783752, 0.162204, 1.24926, 67.3344, 34.6116, 0.0671027, 0.0730213, 0.0758653, 0.0761517, 0.109484, 0.119664, 0.123526, 0.137214, 0.000898116, 0.00231989, 

0.00722279, 0.0217764, 0.0094159, 0.134511, 48.3064, 2007.98, 109.076, 9.65129e-05, 0.00014198, 0.0163697, 0.14733, 0.807851, 6.81735, 0.00571951, 0.000129157, 0.00196249, 0.65008, 2.08438, 86.352, 373.153, 3327.62, 0.0032566, 0.0308662, 0.0783752, 0.162204, 34.6116, 67.3344, 309.708, 0.00286517, 0.0671027, 0.0730213, 0.0758653, 0.0761517, 0.109484, 0.119664, 0.123526, 0.000898116, 0.00231989, 

0.00722279, 0.0217764, 0.0094159, 0.134511, 48.3064, 2007.98, 131.276, 9.65129e-05, 0.00014198, 0.00571951, 0.0163697, 0.14733, 6.81735, 4.86476, 0.000129157, 0.00196249, 0.65008, 2.08438, 86.352, 373.153, 10.3266, 0.00286517, 0.0308662, 0.0783752, 0.162204, 34.6116, 67.3344, 521.448, 0.0032566, 0.0671027, 0.0730213, 0.0758653, 0.0761517, 0.109484, 0.119664, 0.123526, 0.000898116, 0.00231989, 

0.0032566, 0.0217764, 0.134511, 23.3742, 131.276, 635.122, 99.6318, 9.65129e-05, 0.00014198, 0.00571951, 0.0163697, 4.86476, 6.81735, 10509.3, 0.000129157, 0.00196249, 0.65008, 2.08438, 26.5941, 86.352, 12509.4, 0.00286517, 0.0308662, 0.0783752, 0.162204, 19.3923, 521.448, 1295.18, 0.00722279, 0.0671027, 0.0730213, 0.0758653, 0.0761517, 0.109484, 0.119664, 0.123526, 0.000898116, 0.00231989, 

0.0032566, 0.0217764, 0.134511, 0.43975, 1.69544, 50.9462, 0.178891, 9.65129e-05, 0.00014198, 0.0163697, 4.86476, 6.81735, 9283.81, 45128.7, 0.000129157, 0.00196249, 0.65008, 2.08438, 26.5941, 86.352, 1987.28, 0.00286517, 0.0097089, 0.0783752, 19.3923, 521.448, 1295.18, 0.000276649, 0.00722279, 0.0671027, 0.0730213, 0.0758653, 0.0761517, 0.109484, 0.119664, 0.123526, 0.000898116, 0.00231989, 

0.0032566, 0.0217764, 0.0849869, 0.178891, 1.69544, 50.9462, 204.843, 9.65129e-05, 0.00014198, 4.86476, 6.81735, 190.528, 44281.5, 581.354, 0.000129157, 0.00196249, 0.65008, 2.08438, 26.5941, 86.352, 626.187, 0.00286517, 0.0097089, 0.000276649, 0.0783752, 14.6181, 1295.18, 117.651, 0.00722279, 0.0671027, 0.0730213, 0.0758653, 0.0761517, 0.109484, 0.119664, 0.123526, 0.000898116, 0.00231989, 

0.0032566, 0.00722279, 0.0849869, 1.69544, 50.9462, 192.798, 1.29184, 9.65129e-05, 0.000103939, 4.86476, 79.6127, 190.528, 303.548, 234.27, 0.000129157, 0.00196249, 0.0278218, 2.08438, 86.352, 626.187, 0.0110881, 0.000607141, 0.00245332, 0.000276649, 0.0783752, 14.6181, 1295.18, 0.138728, 0.0217764, 0.0671027, 0.0730213, 0.0758653, 0.0761517, 0.109484, 0.119664, 0.123526, 0.000898116, 0.00231989, 

0.0032566, 0.00722279, 0.0849869, 1.29184, 1.69544, 50.9462, 192.798, 9.65129e-05, 0.000103939, 4.86476, 72.0969, 234.27, 303.548, 190.872, 0.000129157, 0.000398255, 0.0110881, 2.08438, 86.352, 626.187, 50.8775, 0.000607141, 0.00245332, 0.000276649, 0.138728, 14.6181, 1295.18, 30.3308, 0.0217764, 0.0671027, 0.0730213, 0.0758653, 0.0761517, 0.109484, 0.119664, 0.123526, 0.000898116, 0.00231989, 

0.00314696, 0.0032566, 0.0849869, 1.29184, 1.69544, 50.9462, 49.0262, 9.65129e-05, 9.79267e-05, 4.86476, 72.0969, 190.872, 234.27, 303.548, 0.000129157, 0.000398255, 0.0110881, 2.08438, 50.8775, 86.352, 31.488, 0.000607141, 0.00243645, 0.138728, 14.6181, 30.3308, 1295.18, 45.3817, 0.0217764, 0.0671027, 0.0730213, 0.0758653, 0.0761517, 0.109484, 0.119664, 0.123526, 0.000898116, 0.00231989, 

0.00314696, 0.0032566, 0.0849869, 1.69544, 49.0262, 50.9462, 5.03168, 9.65129e-05, 9.79267e-05, 4.86476, 45.7701, 190.872, 303.548, 1340.88, 0.000129157, 0.000398255, 0.0110881, 2.08438, 26.5241, 50.8775, 239.801, 0.000607141, 0.00243645, 0.138728, 14.6181, 30.3308, 38.9008, 1295.18, 0.0217764, 0.0671027, 0.0730213, 0.0758653, 0.0761517, 0.109484, 0.119664, 0.123526, 0.000898116, 0.00231989, 

0.00314696, 0.0032566, 0.0849869, 5.03168, 49.0262, 50.9462, 10.8663, 9.65129e-05, 9.79267e-05, 4.86476, 10.5756, 38.2105, 45.7701, 130.688, 0.000129157, 0.000398255, 0.0110881, 2.08438, 12.3295, 239.801, 134.11, 0.000607141, 0.00243645, 0.138728, 30.3308, 38.9008, 1295.18, 21.0661, 0.0217764, 0.0671027, 0.0730213, 0.0758653, 0.0761517, 0.109484, 0.119664, 0.123526, 0.000898116, 0.00231989, 

0.00164741, 0.00314696, 0.0849869, 5.03168, 49.0262, 50.9462, 22271.6, 9.65129e-05, 9.79267e-05, 4.86476, 10.5756, 38.2105, 130.688, 319.661, 0.000129157, 0.000398255, 0.0110881, 2.08438, 2.75402, 239.801, 0.114394, 0.000607141, 0.00243645, 0.138728, 30.3308, 38.9008, 1295.18, 453.02, 0.0217764, 0.0671027, 0.0730213, 0.0758653, 0.0761517, 0.109484, 0.119664, 0.123526, 0.000898116, 0.00231989, 

0.00164741, 0.00314696, 0.0849869, 49.0262, 50.9462, 22271.6, 3084.22, 9.60192e-05, 9.65129e-05, 4.86476, 10.5353, 38.2105, 130.688, 494.708, 0.000129157, 0.000398255, 0.0110881, 2.08438, 2.75402, 239.801, 5.24584, 0.000550829, 0.00243645, 0.138728, 0.644695, 453.02, 1295.18, 2.61076, 0.0217764, 0.0671027, 0.0730213, 0.0758653, 0.0761517, 0.109484, 0.119664, 0.123526, 0.000898116, 0.00231989, 

0.00164741, 0.00314696, 0.0849869, 49.0262, 3084.22, 22271.6, 969.967, 9.586e-05, 9.60192e-05, 3.70547, 4.86476, 130.688, 494.708, 155.359, 0.000129157, 0.000398255, 2.08438, 2.75402, 5.24584, 45.5337, 4.49894, 0.000550829, 0.00243645, 0.644695, 2.61076, 139.496, 453.02, 4326.58, 0.0217764, 0.0671027, 0.0730213, 0.0758653, 0.0761517, 0.109484, 0.119664, 0.123526, 0.000898116, 0.00231989, 

0.00107622, 0.00164741, 0.0849869, 969.967, 3084.22, 14039.4, 3548.87, 9.586e-05, 9.60192e-05, 3.70547, 4.86476, 130.688, 155.359, 32.6786, 0.000129157, 0.000398255, 0.493556, 2.08438, 2.75402, 45.5337, 0.115619, 0.000550829, 0.00243645, 2.61076, 139.496, 453.02, 1257.83, 599.751, 0.0217764, 0.0671027, 0.0730213, 0.0758653, 0.0761517, 0.109484, 0.119664, 0.123526, 0.000898116, 0.00231989, 

0.00107622, 0.00108289, 0.0849869, 593.891, 969.967, 6393.84, 61.3271, 9.586e-05, 9.60192e-05, 3.70547, 4.86476, 36.5496, 155.359, 8.64646, 0.000129157, 0.000398255, 0.493556, 2.08438, 2.75402, 45.5337, 7934.23, 0.000550829, 0.00243645, 2.61076, 19.0194, 139.496, 599.751, 1257.83, 0.0217764, 0.0671027, 0.0730213, 0.0758653, 0.0761517, 0.109484, 0.119664, 0.123526, 0.000898116, 0.00231989, 

Best:
(1.00979, 1.01969, )

Fitness Evaluations:
2804

End Population
(1.002916e+00), (1.002572e+00), (1.002969e+00), (1.002670e+00), (1.091897e+00), (1.164574e+00), (5.468040e-01), (2.735562e+00), (8.763724e-01), (3.882433e+00), (3.547982e+00), (4.596088e+00), (1.168048e+00), (2.147272e+00), (1.009788e+00), (1.019694e+00), (1.009799e+00), (1.019694e+00), (7.111878e-01), (3.154710e-01), (-2.264834e-01), (2.346113e-01), (8.187841e-01), (6.611622e-02), (8.864615e-01), (-4.605666e-01), (1.663866e-01), (3.096694e-01), (1.009206e+00), (1.019164e+00), (1.017659e+00), (1.036560e+00), (1.002797e+00), (9.353484e-01), (7.454683e-01), (6.978355e-01), (8.650023e-01), (9.136313e-01), (9.695950e-01), (1.614894e+00), (-2.525952e+00), (-2.520016e+00), (1.007234e+00), (1.016752e+00), (9.632942e-01), (9.312358e-01), (5.572486e-01), (4.659200e-01), (-1.263682e+00), (1.224130e+00), (6.618538e-01), (1.618651e+00), (-1.576914e-02), (2.447123e+00), (-1.208426e+00), (), (1.136355e+00), (1.285660e+00), (7.459833e-01), (5.615686e-01), (7.321327e-01), (5.395797e-01), (7.245656e-01), (5.248871e-01), (7.240600e-01), (5.245589e-01), (9.775820e-01), (9.886790e-01), (6.860621e-01), (4.852093e-01), (1.020716e+00), (1.006777e+00), (1.007889e+00), (1.018731e+00), (1.002419e+00), (1.000033e+00), 