Iterations: 50
Function Evaluations Limit: 150000
Population: 50

Prides Length: 4

Percent Nomads: 0.2
Percent Roaming: 0.2
Percent Sex: 0.8

Mating Rate: 0.3
Mutation Probability: 0.2
Immigration Rate: 0.4

Percent Group Influence: 0.4
Annealing On: true
Ranked Selection Pressure: 2
Near To Best Random Pressure: 2

Dimensions: 2
N-Dimension Space: -5:5

Fitness Iterations:
0.0968307 (Initial Best)

326.408, 694.553, 1369.99, 3914.43, 13933.1, 36788.3, 40036, 33.2734, 1453.44, 46.3174, 188.607, 24.1999, 38.4073, 4775.48, 17306.2, 27037.3, 2023.12, 36.7094, 620.695, 73.83, 170.571, 0.791976, 55.8123, 63.7663, 4482.66, 10173.1, 2.60616, 3.01746, 2.39642, 64.4009, 347.676, 396.79, 0.0968307, 69.464, 5989.96, 30566.9, 206.915, 389.976, 4.22053, 242.385, 914.327, 396.83, 675.284, 739.675, 765.034, 941.653, 1298.38, 1308.15, 1486.33, 2159.52, 

3.51938, 58.023, 901.006, 1369.99, 13933.1, 17332, 26.1218, 2.39642, 55.8123, 36.7094, 6.14202, 67.7097, 467.368, 4775.48, 27037.3, 95.4943, 108.072, 33.2734, 73.83, 242.385, 0.791976, 39.7191, 2.60616, 3.01746, 12.4231, 63.7663, 22.5388, 2.82901, 0.153872, 63.4592, 92.0825, 29.4766, 0.0968307, 4.22053, 69.464, 4374.33, 685.317, 13.7633, 64.4009, 46.3174, 326.408, 10.7384, 205.248, 93.3703, 120.286, 150.362, 396.83, 581.691, 389.976, 1470.54, 

3.51938, 5.78362, 26.1218, 36.7094, 820.605, 901.006, 226.794, 30.8659, 22.5388, 1.30398, 3.88063, 9.27862, 6.31715, 54.7255, 108.072, 467.368, 601.836, 13.7633, 53.3652, 55.8123, 0.791976, 1.42997, 0.38928, 2.60616, 3.01746, 12.4231, 0.521524, 63.4592, 1.5867, 2.39642, 2.35463, 9.00533, 0.0968307, 4.22053, 69.464, 500.229, 650.102, 0.153872, 22.6144, 22.9753, 49.2164, 21.1869, 10.7384, 27.6828, 35.5897, 38.408, 41.8489, 58.023, 63.7663, 64.4009, 

3.51938, 5.78362, 1.30398, 22.5388, 30.8659, 674.034, 9787.66, 8.62253, 0.38928, 6.31715, 3.88063, 6.18644, 13.7633, 53.3652, 320.33, 467.368, 106.682, 0.521524, 0.0968307, 1.5867, 0.791976, 0.645462, 2.39642, 2.60616, 63.4592, 0.695476, 77.3006, 7.98096, 0.153872, 3.01746, 1.42997, 3.34107, 0.679178, 4.22053, 22.6144, 69.464, 16.9177, 12.4231, 2.85712, 1.70631, 1.67131, 9.27862, 10.3049, 10.7384, 11.5704, 18.6383, 27.6828, 35.5897, 22.9753, 26.1218, 

3.51938, 5.78362, 0.452938, 1.30398, 6.31715, 30.8659, 2409.29, 3.01746, 1.07288, 0.38928, 3.88063, 6.18644, 0.0968307, 1.5867, 467.368, 209.081, 75.0052, 8.62253, 7.1804, 6.64055, 0.645462, 0.791976, 0.293295, 0.695476, 2.39642, 77.3006, 194.18, 1.70631, 0.521524, 2.60616, 1.42997, 1.67131, 2.85712, 4.22053, 9.01893, 16.9177, 3880, 0.570294, 0.153872, 11.3689, 3.34107, 6.63427, 9.27862, 10.3049, 10.7384, 11.5704, 12.0567, 18.6383, 12.4231, 22.5388, 

0.00658892, 3.05245, 1.07288, 3.01746, 6.31715, 30.8659, 61.9456, 1.30398, 9.78555, 2.60616, 0.779829, 1.19954, 0.0968307, 1.5867, 8.62253, 30.9345, 2.44143, 3.3124, 0.452938, 7.1804, 0.404095, 0.791976, 0.521524, 0.695476, 1.70631, 2.39642, 0.242588, 6.64055, 0.293295, 4.22053, 1.42997, 1.67131, 0.153872, 0.570294, 2.85712, 9.01893, 82.4023, 0.38928, 4.07721, 2.55221, 1.00903, 3.51938, 3.34107, 3.88063, 6.63427, 7.11305, 9.27862, 9.72445, 11.3689, 22.5388, 

0.00658892, 2.35446, 1.07288, 1.30398, 3.01746, 30.8659, 188.59, 6.64055, 5.19744, 6.31715, 0.636311, 1.00903, 0.0968307, 2.44143, 3.3124, 8.62253, 361.981, 0.327796, 2.60616, 4.07721, 0.237217, 0.791976, 0.242588, 0.293295, 0.695476, 2.39642, 207.47, 1.5867, 1.70631, 2.85712, 1.42997, 1.67131, 0.38928, 0.570294, 2.55221, 9.01893, 40.3292, 0.153872, 4.22053, 0.521524, 1.19954, 3.05245, 3.34107, 3.51938, 3.88063, 6.63427, 7.11305, 9.27862, 7.1804, 9.78555, 

0.00658892, 0.559544, 3.01746, 5.76775, 30.8659, 2102.56, 595.511, 0.153872, 1.30398, 1.07288, 0.636311, 1.00903, 0.0968307, 3.3124, 4.07721, 8.62253, 234.284, 1.70631, 2.55221, 0.327796, 0.207967, 0.791976, 0.242588, 0.293295, 1.5867, 2.39642, 2.85712, 5.19744, 5.55105, 0.521524, 1.19954, 1.67131, 0.38928, 0.570294, 4.22053, 9.01893, 40.3292, 2.44143, 2.60616, 0.695476, 2.35446, 1.42997, 3.05245, 3.34107, 3.51938, 3.875, 3.88063, 5.73811, 6.31715, 6.64055, 

0.00658892, 0.559544, 1.30398, 3.01746, 5.76775, 595.511, 2102.56, 0.0968307, 0.38928, 0.94579, 0.636311, 1.00903, 0.327796, 1.70631, 2.55221, 234.284, 22.1144, 2.85712, 0.242588, 2.60616, 0.207967, 0.791976, 0.521524, 1.5867, 2.39642, 5.55105, 94.9552, 3.47757, 3.3124, 0.695476, 1.19954, 1.42997, 0.570294, 2.44143, 4.22053, 9.01893, 40.3292, 1.07288, 0.153872, 0.293295, 1.67131, 1.88255, 2.35446, 3.05245, 3.34107, 3.51938, 3.875, 3.88063, 4.07721, 5.19744, 

0.00658892, 0.175564, 0.0968307, 0.94579, 5.76775, 595.511, 2102.56, 1.30398, 2.60616, 1.47254, 0.635803, 0.636311, 0.327796, 0.367811, 1.70631, 2.55221, 2.85712, 0.293295, 0.242588, 4.07721, 0.207967, 0.791976, 0.695476, 1.5867, 3.3124, 3.47757, 94.9552, 0.153872, 2.39642, 4.22053, 1.19954, 1.42997, 0.570294, 1.07288, 2.44143, 9.01893, 74.7544, 3.01746, 0.38928, 0.521524, 1.36343, 1.67131, 1.88255, 2.35446, 3.05245, 3.34107, 3.51938, 3.875, 5.19744, 5.55105, 

0.00658892, 0.0850596, 0.0968307, 0.94579, 5.76775, 595.511, 0.641354, 1.47254, 1.86834, 0.156282, 0.635803, 0.492909, 0.242588, 0.293295, 0.327796, 0.367811, 2.55221, 1.07288, 1.70631, 0.153872, 0.207967, 0.237959, 0.695476, 1.35285, 3.3124, 94.9552, 3099.36, 1.30398, 2.60616, 0.521524, 0.636311, 1.14822, 0.570294, 2.44143, 3.01746, 9.01893, 74.7544, 1.5867, 2.39642, 0.38928, 1.19954, 0.889351, 1.26278, 1.36343, 1.67131, 1.88255, 2.35446, 3.05245, 2.85712, 3.4216, 

0.00658892, 0.0850596, 0.156282, 0.641354, 1.47254, 31778.1, 22.7179, 3.3124, 0.695476, 0.94579, 0.492909, 0.635803, 0.242588, 0.293295, 0.327796, 0.367811, 1.07288, 0.153872, 0.0968307, 1.36575, 0.207967, 0.237959, 0.521524, 1.30398, 1.35285, 2.60616, 94.9552, 3.4216, 2.85712, 2.55221, 0.636311, 0.889351, 0.38928, 1.5867, 2.39642, 3.01746, 9.01893, 2.44143, 1.70631, 0.570294, 1.14822, 1.19954, 1.26278, 1.36343, 1.67131, 1.88255, 2.35446, 3.05245, 5.76775, 28.4679, 

0.00467982, 0.00658892, 0.641354, 0.94579, 1.47254, 28842.5, 4.14162, 0.242588, 1.35285, 0.293295, 0.047377, 0.31588, 0.153872, 0.180636, 1.36575, 63.7156, 1.84251, 0.695476, 0.327796, 1.18291, 0.207967, 0.237959, 2.55221, 2.60616, 3.4216, 94.9552, 438.286, 1.07288, 0.0968307, 1.30398, 0.636311, 0.889351, 0.570294, 2.44143, 3.01746, 8.37247, 40.1296, 0.156282, 0.38928, 0.521524, 0.0778776, 1.14822, 1.19679, 1.19954, 1.36343, 1.67131, 1.88255, 2.35446, 1.5867, 1.70631, 

0.00467982, 0.0064555, 0.641354, 0.94579, 1.05616, 1.35285, 4.14162, 0.153872, 1.36575, 1.07288, 0.047377, 0.247045, 0.327796, 0.52265, 1.84251, 63.7156, 836.009, 0.293295, 1.4914, 0.180636, 0.207967, 0.237959, 0.0968307, 1.30398, 2.55221, 94.9552, 3673.92, 1.70631, 0.209002, 1.5867, 0.265726, 0.745184, 0.156282, 0.521524, 0.570294, 3.01746, 13.7575, 0.242588, 1.18291, 0.38928, 0.0778776, 0.31588, 1.0942, 1.14822, 1.19679, 1.19954, 1.36343, 1.67131, 2.44143, 2.60616, 

0.00467118, 0.00467982, 0.153872, 0.641354, 1.36575, 4.14162, 0.114834, 0.52265, 0.175885, 1.05382, 0.0087902, 0.0778776, 0.180636, 1.84251, 63.7156, 836.009, 2.40988, 0.521524, 0.327796, 1.07288, 0.140604, 0.237959, 0.0968307, 1.30398, 94.9552, 3673.92, 6109.95, 1.18291, 0.293295, 1.35285, 0.265726, 0.745184, 0.156282, 0.242588, 0.38928, 0.570294, 3.01746, 0.94579, 1.05616, 0.209002, 0.247045, 0.207967, 0.31588, 1.0942, 1.11118, 1.14822, 1.19679, 1.19954, 1.4914, 1.5867, 

0.00467118, 0.00467982, 0.114834, 0.153872, 0.52265, 183.426, 142.048, 0.327796, 1.07288, 0.175885, 0.0087902, 0.0778776, 0.180636, 0.521524, 2.40988, 63.7156, 6693.17, 1.18291, 1.36575, 1.05382, 0.140604, 0.237959, 0.0968307, 0.293295, 1.30398, 3.44584, 94.9552, 0.641354, 1.35285, 1.4914, 0.207967, 0.31588, 0.209002, 0.242588, 0.570294, 0.94579, 1.05616, 0.38928, 0.156282, 1.5867, 0.265726, 0.247045, 0.745184, 1.0942, 1.11118, 1.14822, 1.19679, 1.19954, 1.84251, 3.01746, 

0.00467118, 0.00467982, 0.153872, 0.175885, 0.52265, 1.07288, 681.153, 0.242588, 1.30398, 1.84251, 0.0087902, 0.0778776, 0.180636, 0.521524, 1.18291, 1.36575, 763.216, 1.5867, 1.05382, 0.94579, 0.0321125, 0.125406, 0.293295, 1.35285, 1.4914, 3.44584, 765.404, 0.38928, 0.641354, 0.0256851, 0.207967, 0.243799, 0.156282, 0.209002, 0.570294, 1.05616, 0.238408, 0.0968307, 0.327796, 0.114834, 0.140604, 0.247045, 0.265726, 0.31588, 0.745184, 1.0942, 1.11118, 1.14822, 2.40988, 3.01746, 

0.00467118, 0.00467173, 0.175885, 0.242588, 0.52265, 1.30398, 1.84251, 0.238408, 0.0256851, 1.07288, 0.0087902, 0.0778776, 0.94579, 1.05382, 1.18291, 1.5867, 763.216, 0.180636, 0.114834, 0.521524, 0.0235467, 0.0766468, 0.38928, 1.35285, 1.4914, 3.44584, 765.404, 0.293295, 0.641354, 0.153872, 0.168082, 0.243799, 0.0968307, 0.156282, 0.327796, 1.05616, 80.5985, 0.114611, 0.209002, 0.570294, 0.140604, 0.247045, 0.265726, 0.31588, 0.745184, 1.0942, 1.11118, 1.14822, 1.36575, 2.40988, 

0.00467118, 0.00467173, 0.242588, 1.07288, 1.30398, 1.84251, 7.37687, 0.114611, 0.0256851, 0.180636, 0.0087902, 0.0778776, 0.114834, 0.94579, 1.18291, 19.1814, 10.5724, 0.570294, 0.0267841, 0.190338, 0.0235467, 0.000823047, 0.153872, 0.293295, 0.836791, 3.44584, 30.952, 0.327796, 0.38928, 0.521524, 0.140604, 0.229486, 0.0968307, 0.156282, 0.209002, 1.05616, 80.5985, 0.175885, 0.52265, 0.238408, 0.0766468, 0.156576, 0.247045, 0.265726, 0.31588, 0.745184, 1.0942, 1.11118, 1.05382, 1.35285, 

0.00467118, 0.00467173, 0.114611, 0.180636, 0.242588, 1.07288, 7.37687, 0.114834, 1.11112, 1.05382, 0.0087902, 0.0116403, 0.94579, 1.18291, 10.5724, 19.1814, 0.0115756, 0.190338, 0.570294, 0.153872, 0.000823047, 0.0235467, 0.327796, 0.38928, 0.521524, 0.836791, 24.0642, 0.0117754, 0.156282, 0.293295, 0.0778776, 0.156576, 0.175885, 0.238408, 0.52265, 1.05616, 1.41296, 0.209002, 0.0968307, 0.0256851, 0.0766468, 0.140604, 0.229486, 0.247045, 0.265726, 0.31588, 0.745184, 1.0942, 1.30398, 1.35285, 

0.00467118, 0.00467173, 0.114611, 0.114834, 1.05382, 10.4099, 231.76, 1.07288, 0.0968307, 0.156282, 0.0087902, 0.0116403, 0.0115756, 0.190338, 0.570294, 19.1814, 801.883, 0.293295, 0.153872, 0.94579, 0.000823047, 0.0235467, 0.0117754, 0.38928, 0.521524, 1161.36, 18.9919, 0.242588, 1.05616, 0.836791, 0.0778776, 0.156576, 0.0256851, 0.175885, 0.209002, 0.238408, 0.52265, 0.327796, 1.11112, 0.180636, 0.0766468, 0.140604, 0.229486, 0.247045, 0.265726, 0.31588, 0.745184, 1.0942, 1.18291, 1.30398, 

0.00467118, 0.00467173, 0.114611, 0.114834, 0.156282, 1.05382, 620.041, 0.209002, 0.293295, 0.238408, 0.0087902, 0.0116403, 0.153872, 0.190338, 0.570294, 5.67448, 19.1814, 0.0115756, 0.0968307, 0.242588, 0.000823047, 0.0235467, 0.0117754, 0.38928, 0.836791, 18.9919, 98.9653, 1.07288, 0.521524, 0.0834103, 0.0766468, 0.0932269, 0.175885, 0.180636, 0.327796, 0.52265, 1.11112, 0.0256851, 0.94579, 1.05616, 0.0778776, 0.140604, 0.156576, 0.229486, 0.247045, 0.265726, 0.31588, 0.745184, 1.18291, 1.30398, 

0.00467118, 0.00467173, 0.114611, 0.209002, 0.238408, 84.6633, 117.62, 0.0115756, 0.0968307, 0.327796, 0.0087902, 0.0116403, 0.153872, 0.190338, 0.570294, 4.79958, 0.264938, 0.293295, 0.114834, 0.242588, 0.000823047, 0.00467047, 0.0834103, 0.38928, 0.836791, 1.07288, 228.171, 1.05382, 0.94579, 0.0117754, 0.0766468, 0.0851694, 0.175885, 0.180636, 0.52265, 1.11112, 6.35168, 0.521524, 0.0256851, 0.156282, 0.0778776, 0.140604, 0.156576, 0.222804, 0.229486, 0.247045, 0.265726, 0.31588, 1.05616, 1.18291, 

0.00467118, 0.00467173, 0.0115756, 0.114611, 84.6633, 8907.25, 7180.67, 0.0117754, 0.067477, 0.156282, 0.0087902, 0.0116403, 0.114834, 0.242588, 0.264938, 4.79958, 1.94935, 0.209002, 0.153872, 0.293295, 0.000807802, 0.00467047, 0.38928, 0.94579, 1.07288, 228.171, 4059.89, 0.521524, 0.0968307, 0.327796, 0.0766468, 0.0851694, 0.0256851, 0.175885, 0.180636, 10.5872, 0.22266, 0.238408, 0.52265, 0.190338, 0.0778776, 0.140604, 0.156576, 0.212477, 0.222804, 0.229486, 0.247045, 0.265726, 0.570294, 0.836791, 

0.00464283, 0.00467118, 0.0115756, 0.0117754, 0.067477, 47.2346, 6029.37, 0.238408, 0.114834, 0.190338, 0.0087902, 0.0116403, 0.153872, 0.242588, 0.264938, 1.94935, 4.79958, 0.0256851, 0.38928, 0.156282, 0.000807802, 0.00467047, 0.0968307, 0.521524, 1.07288, 296.939, 57.5494, 0.52265, 0.114611, 0.180636, 0.0157628, 0.0851694, 0.175885, 0.22266, 1.53987, 3.06315, 0.434699, 0.293295, 0.209002, 0.327796, 0.0778776, 0.140604, 0.156576, 0.212477, 0.222804, 0.229486, 0.247045, 0.265726, 0.570294, 0.836791, 

0.00464283, 0.00467118, 0.0115756, 0.114834, 47.2346, 6029.37, 0.715225, 0.067477, 0.570294, 0.293295, 0.0087902, 0.0116403, 0.0256851, 0.156282, 0.242588, 0.264938, 1.94935, 0.0445528, 0.52265, 0.153872, 0.000807802, 0.00333796, 0.0968307, 0.114611, 0.521524, 57.5494, 6.51732, 0.836791, 0.175885, 0.238408, 0.00354924, 0.0851694, 0.209002, 0.22266, 0.327796, 0.434699, 1.53987, 0.38928, 0.180636, 0.0117754, 0.0778776, 0.140604, 0.156576, 0.212477, 0.222804, 0.229486, 0.247045, 0.265726, 

0.00464283, 0.00467118, 0.067477, 0.570294, 6029.37, 5.12696, 404.751, 0.0117754, 0.180636, 0.0445528, 0.00357184, 0.0087902, 0.153872, 0.264938, 0.52265, 484.455, 102.427, 0.521524, 0.0256851, 0.22266, 0.000807802, 0.00333796, 0.114611, 0.175885, 0.238408, 6.51732, 1.65436, 0.242588, 0.156282, 0.0968307, 0.00354924, 0.0851694, 0.209002, 0.327796, 0.38928, 0.434699, 1.53987, 0.114834, 0.293295, 0.0115756, 0.0778776, 0.140604, 0.156576, 0.212477, 0.222804, 0.229486, 0.247045, 0.265726, 

0.00349218, 0.00467118, 0.067477, 0.180636, 5.12696, 12.0891, 5.63604, 0.00357184, 0.0087902, 0.153872, 0.22266, 0.264938, 0.52265, 102.427, 0.000807802, 0.00333796, 0.175885, 0.238408, 1.65436, 6.51732, 20.4724, 0.00354924, 0.0851694, 0.293295, 0.327796, 0.38928, 0.434699, 10.0546, 0.0778776, 0.140604, 0.156576, 0.212477, 0.222804, 0.229486, 0.247045, 0.265726, 0.0115756, 0.0117754, 

0.00349218, 0.00467118, 0.067477, 0.180636, 5.63604, 12.0891, 0.012936, 0.00357184, 0.0087902, 0.153872, 0.22266, 0.264938, 0.52265, 3019.44, 0.000807802, 0.00333796, 0.175885, 0.238408, 1.65436, 6.51732, 228.443, 0.00354924, 0.043316, 0.293295, 0.327796, 0.38928, 10.0546, 267.978, 0.0851694, 0.0778776, 0.140604, 0.156576, 0.212477, 0.222804, 0.229486, 0.247045, 0.0115756, 0.0117754, 

0.00349218, 0.00467118, 0.012936, 0.067477, 5.63604, 12.0891, 0.00709372, 0.00357184, 0.0087902, 0.153872, 0.22266, 0.52265, 3019.44, 367.113, 0.000807802, 0.00333796, 0.238408, 1.65436, 6.51732, 228.443, 2.92129, 0.00354924, 0.043316, 0.293295, 0.38928, 6.09785, 10.0546, 252.278, 0.0054924, 0.0778776, 0.0851694, 0.140604, 0.156576, 0.212477, 0.222804, 0.229486, 0.0115756, 0.0117754, 

0.00349218, 0.00467118, 0.00709372, 0.012936, 0.067477, 5.63604, 12.0891, 0.00357184, 0.0087902, 0.153872, 0.22266, 367.113, 3019.44, 86.3411, 0.000807802, 0.00333796, 0.238408, 1.65436, 2.92129, 228.443, 1.42384, 0.00354924, 0.0054924, 0.38928, 1.6201, 10.0546, 252.278, 6004.77, 0.043316, 0.0778776, 0.0851694, 0.140604, 0.156576, 0.212477, 0.222804, 0.229486, 0.0115756, 0.0117754, 

0.00155223, 0.00467118, 0.012936, 0.067477, 5.63604, 12.0891, 153.636, 0.00357184, 0.0087902, 0.153872, 86.3411, 367.113, 3019.44, 486.107, 0.000807802, 0.00333796, 0.238408, 1.42384, 1.65436, 2.92129, 228.443, 0.00354924, 0.0054924, 1.6201, 10.0546, 104.195, 4249.86, 310.529, 0.043316, 0.0778776, 0.0851694, 0.140604, 0.156576, 0.212477, 0.222804, 0.229486, 0.00709372, 0.0115756, 

0.00155223, 0.00467118, 0.012936, 0.067477, 5.63604, 12.0891, 92.5104, 0.00357184, 0.0087902, 0.153872, 86.3411, 96.6099, 367.113, 21.1779, 0.000807802, 0.00333796, 0.238408, 1.65436, 2.92129, 228.443, 60.7806, 0.00354924, 0.0054924, 1.6201, 10.0546, 104.195, 4249.86, 1.29988, 0.043316, 0.0778776, 0.0851694, 0.140604, 0.156576, 0.212477, 0.222804, 0.229486, 0.00709372, 0.0115756, 

0.00155223, 0.00467118, 0.012936, 0.0403844, 5.63604, 12.0891, 92.5104, 0.00357184, 0.0087902, 0.153872, 21.1779, 69.5636, 96.6099, 5.75787, 0.000807802, 0.00333796, 1.18349, 2.92129, 60.7806, 228.443, 3.06238, 0.00354924, 0.0054924, 1.6201, 10.0546, 104.195, 466.998, 359.806, 0.043316, 0.0778776, 0.0851694, 0.140604, 0.156576, 0.212477, 0.222804, 0.229486, 0.00709372, 0.0115756, 

0.00155223, 0.00467118, 0.012936, 5.63604, 12.0891, 92.5104, 7665.78, 0.00357184, 0.0087902, 0.153872, 5.75787, 21.1779, 25.3768, 74.471, 0.000807802, 0.00333796, 1.18349, 2.92129, 60.7806, 228.443, 12.6097, 0.00354924, 0.0054924, 1.6201, 2.48862, 104.195, 359.806, 0.713866, 0.043316, 0.0778776, 0.0851694, 0.140604, 0.156576, 0.212477, 0.222804, 0.229486, 0.00709372, 0.0115756, 

0.00155223, 0.00467118, 0.012936, 12.0891, 92.5104, 317.135, 10.8944, 0.00357184, 0.0087902, 0.153872, 0.214213, 21.1779, 25.3768, 178.995, 0.000807802, 0.00333796, 1.18349, 2.92129, 60.7806, 228.443, 8905.87, 0.00354924, 0.0054924, 0.713866, 1.6201, 2.48862, 37.5731, 359.806, 0.043316, 0.0778776, 0.0851694, 0.140604, 0.156576, 0.212477, 0.222804, 0.229486, 0.00709372, 0.0115756, 

0.00155223, 0.00467118, 0.012936, 10.8944, 12.0891, 77.1183, 16.2758, 0.00357184, 0.00814335, 0.153872, 21.1779, 25.3768, 178.995, 13774.9, 0.000807802, 0.00333796, 1.18349, 2.92129, 21.3155, 228.443, 8905.87, 0.00354924, 0.0054924, 1.36469, 1.6201, 2.48862, 359.806, 1076.61, 0.043316, 0.0778776, 0.0851694, 0.140604, 0.156576, 0.212477, 0.222804, 0.229486, 0.00709372, 0.0115756, 

0.00155223, 0.00467118, 0.012936, 10.8944, 12.0891, 77.1183, 35.7169, 0.00357184, 0.00652156, 0.153872, 10.0491, 11.9907, 178.995, 13774.9, 0.000807802, 0.00333796, 2.92129, 21.3155, 197.202, 8905.87, 7.19168, 0.00354924, 0.0054924, 1.6201, 2.48862, 9.93199, 259.098, 9.76783, 0.043316, 0.0778776, 0.0851694, 0.140604, 0.156576, 0.212477, 0.222804, 0.229486, 0.00709372, 0.0115756, 

0.00155223, 0.00467118, 0.012936, 12.0891, 35.7169, 77.1183, 21.869, 0.00302778, 0.00357184, 0.153872, 9.3661, 178.995, 13774.9, 1.98119, 0.000807802, 0.00333796, 2.92129, 7.19168, 197.202, 8905.87, 1.7725, 0.00354924, 0.0054924, 1.6201, 2.48862, 9.76783, 134.569, 1.04172, 0.043316, 0.0778776, 0.0851694, 0.140604, 0.156576, 0.212477, 0.222804, 0.229486, 0.00709372, 0.0115756, 

0.00155223, 0.00467118, 0.012936, 12.0891, 21.869, 77.1183, 30.6815, 0.00302778, 0.00357184, 0.153872, 1.98119, 3.58417, 178.995, 35.7409, 0.000807802, 0.00333796, 2.92129, 7.19168, 197.202, 8905.87, 17.013, 0.00354924, 0.0054924, 0.594709, 1.04172, 2.48862, 9.76783, 474.601, 0.043316, 0.0778776, 0.0851694, 0.140604, 0.156576, 0.212477, 0.222804, 0.229486, 0.00709372, 0.0115756, 

0.00155223, 0.00467118, 0.012936, 12.0891, 21.869, 30.6815, 77.1183, 0.00302778, 0.00357184, 1.98119, 3.58417, 13.9534, 35.7409, 5.7085, 0.000807802, 0.00333796, 2.92129, 7.19168, 197.202, 3347.22, 722.11, 0.00354924, 0.0054924, 0.594709, 1.04172, 2.48862, 9.76783, 2.87557, 0.043316, 0.0778776, 0.0851694, 0.140604, 0.156576, 0.212477, 0.222804, 0.229486, 0.00709372, 0.0115756, 

0.00155223, 0.00467118, 12.0891, 21.869, 30.6815, 77.1183, 129.767, 0.00229514, 0.00302778, 1.98119, 3.58417, 5.7085, 13.9534, 11.3759, 0.000807802, 0.00333796, 2.92129, 7.19168, 197.202, 722.11, 3347.22, 0.00354924, 0.0054924, 0.594709, 1.04172, 2.48862, 2.87557, 144.932, 0.043316, 0.0778776, 0.0851694, 0.140604, 0.156576, 0.212477, 0.222804, 0.229486, 0.00709372, 0.0115756, 

0.00155223, 0.00467118, 2.01237, 21.869, 30.6815, 129.767, 79.4093, 0.00229514, 0.00302778, 1.5254, 1.98119, 11.3759, 13.9534, 1.56849, 0.000807802, 0.00333796, 2.92129, 7.19168, 197.202, 722.11, 43.0951, 0.00354924, 0.0054924, 1.04172, 2.48862, 2.87557, 2.88788, 6.35696, 0.043316, 0.0778776, 0.0851694, 0.140604, 0.156576, 0.212477, 0.222804, 0.229486, 0.00709372, 0.0115756, 

0.00155223, 0.00467118, 2.01237, 21.869, 79.4093, 129.767, 6895.43, 0.00229514, 0.00301393, 0.833213, 1.98119, 11.3759, 13.9534, 0.178852, 0.000807802, 0.00333796, 7.19168, 29.2974, 197.202, 722.11, 347.505, 0.00354924, 0.0054924, 1.04172, 2.48862, 2.88788, 6.35696, 102.813, 0.043316, 0.0778776, 0.0851694, 0.140604, 0.156576, 0.212477, 0.222804, 0.229486, 0.00709372, 0.00872784, 

0.00155223, 0.00467118, 2.01237, 21.869, 79.4093, 129.767, 6895.43, 0.00229514, 0.00301393, 0.0721763, 0.833213, 11.3759, 13.9534, 0.0192009, 0.000807802, 0.00333796, 7.19168, 29.2974, 347.505, 722.11, 100.442, 0.000213772, 0.0054924, 1.04172, 2.48862, 2.88788, 6.35696, 126.729, 0.043316, 0.0778776, 0.0851694, 0.140604, 0.156576, 0.212477, 0.222804, 0.229486, 0.00709372, 0.00872784, 

0.00155223, 0.00467118, 2.01237, 21.869, 79.4093, 6895.43, 10243.6, 0.00229514, 0.00301393, 0.0192009, 0.0721763, 0.833213, 13.9534, 5812.41, 0.000807802, 0.00333796, 29.2974, 100.442, 188.127, 347.505, 3195.4, 0.000213772, 0.0054924, 2.48862, 2.88788, 6.35696, 126.729, 7.03387, 0.043316, 0.0778776, 0.0851694, 0.140604, 0.156576, 0.212477, 0.222804, 0.229486, 0.00709372, 0.00872784, 

0.00155223, 0.00467118, 0.949509, 2.01237, 21.869, 40.9086, 143.62, 0.00229514, 0.00301393, 0.0192009, 0.0721763, 0.833213, 6.94911, 13.9534, 0.000807802, 0.0018709, 29.2974, 100.442, 347.505, 3195.4, 16.9895, 0.000213772, 0.0054924, 2.48862, 2.88788, 6.35696, 7.03387, 497.319, 0.043316, 0.0778776, 0.0851694, 0.140604, 0.156576, 0.212477, 0.222804, 0.229486, 0.00709372, 0.00872784, 

0.00155223, 0.00467118, 0.949509, 2.01237, 21.869, 40.9086, 193.856, 0.00229514, 0.00301393, 0.0192009, 0.0721763, 0.833213, 6.94911, 13.9534, 0.000807802, 0.0018709, 3.94954, 7.67309, 29.2974, 100.442, 3195.4, 0.000213772, 0.00524608, 2.48862, 2.88788, 7.03387, 497.319, 5.19708, 0.043316, 0.0778776, 0.0851694, 0.140604, 0.156576, 0.212477, 0.222804, 0.229486, 0.00709372, 0.00872784, 

0.00155223, 0.00467118, 2.01237, 21.869, 40.9086, 193.856, 2697.77, 0.00229514, 0.00237296, 0.0192009, 0.0721763, 0.833213, 13.9534, 0.016117, 0.000716456, 0.000807802, 3.94954, 7.67309, 29.2974, 137.088, 109.017, 0.000213772, 0.00524608, 2.48862, 2.88788, 5.19708, 371.889, 105.909, 0.043316, 0.0778776, 0.0851694, 0.140604, 0.156576, 0.212477, 0.222804, 0.229486, 0.00709372, 0.00872784, 

0.00155223, 0.00467118, 2.01237, 21.869, 40.9086, 193.856, 2697.77, 0.00229514, 0.00237296, 0.016117, 0.0721763, 0.182907, 13.9534, 0.412676, 0.000716456, 0.000807802, 0.583354, 3.94954, 29.2974, 137.088, 57.0962, 0.000213772, 0.00524608, 2.48862, 2.88788, 5.19708, 33.5546, 56.3897, 0.043316, 0.0778776, 0.0851694, 0.140604, 0.156576, 0.212477, 0.222804, 0.229486, 0.00709372, 0.00872784, 

Best:
(0.986931, 0.974689, )

Fitness Evaluations:
2878

End Population
(1.024584e+00), (1.046694e+00), (1.067522e+00), (1.140662e+00), (1.256869e+00), (1.440206e+00), (-8.649134e-01), (1.176924e+00), (9.430601e-02), (6.420470e-01), (5.397871e-01), (1.682932e+00), (2.838117e+00), (2.864157e+00), (9.522278e-01), (9.063778e-01), (9.524627e-01), (9.061214e-01), (9.390380e-01), (8.706565e-01), (9.211767e-01), (8.228833e-01), (9.790758e-01), (9.158730e-01), (1.122293e+00), (8.861987e-01), (9.125230e-01), (8.963397e-01), (9.755547e-01), (9.506167e-01), (9.742212e-01), (9.479101e-01), (2.772287e-01), (1.015449e-01), (6.922063e-01), (6.754862e-01), (3.818758e-01), (6.835585e-01), (1.020251e+00), (-1.299328e-01), (1.227556e+00), (2.262172e+00), (9.869314e-01), (9.746891e-01), (1.051430e+00), (1.110605e+00), (4.868480e-01), (8.784687e-02), (7.135769e-01), (6.766985e-01), (-1.571273e-01), (-1.717324e-01), (2.105083e+00), (), (2.395382e+00), (), (9.914446e-01), (1.003757e+00), (1.037926e+00), (1.049643e+00), (1.021317e+00), (1.013983e+00), (1.256269e+00), (1.605586e+00), (6.057961e-01), (3.704237e-01), (7.923808e-01), (6.690220e-01), (1.069787e+00), (1.191127e+00), (6.997717e-01), (5.270100e-01), (1.046794e+00), (1.102780e+00), (9.281943e-01), (8.555682e-01), 