Iterations: 50
Function Evaluations Limit: 150000
Population: 50

Prides Length: 4

Percent Nomads: 0.2
Percent Roaming: 0.2
Percent Sex: 0.8

Mating Rate: 0.3
Mutation Probability: 0.2
Immigration Rate: 0.4

Percent Group Influence: 0.4
Annealing On: true
Ranked Selection Pressure: 2
Near To Best Random Pressure: 2

Dimensions: 2
N-Dimension Space: -5:5

Fitness Iterations:
98.8429 (Initial Best)

28.9171, 37.1485, 9.70595, 711.163, 1953.29, 8590.92, 27265.5, 1.47671, 804.73, 129.964, 139.006, 147.403, 0.295597, 146.384, 5098.62, 18972.6, 24424.2, 92.778, 10.9415, 6.77083, 86.7374, 150.221, 4.87447, 9.09293, 129.633, 199.368, 5817.79, 62.0315, 324.984, 304.95, 671.045, 6.79871, 637.39, 794.286, 4224.45, 5169.23, 899.085, 506.9, 636.249, 126.674, 874.271, 473.938, 250.635, 471.821, 688.189, 728.015, 816.501, 959.238, 1564.88, 1589.32, 

0.358643, 3.2677, 4.95612, 129.964, 27265.5, 203.687, 0.581573, 1.47671, 4.87447, 237.452, 28.9171, 139.006, 10.9415, 92.778, 146.384, 24424.2, 4808.56, 199.368, 362.663, 461.472, 86.7374, 150.221, 83.1915, 129.633, 304.95, 5817.79, 154.842, 148.747, 0.295597, 68.3487, 6.79871, 317.461, 50.9133, 126.674, 637.39, 5169.23, 787.366, 62.0315, 6.77083, 9.09293, 4.75483, 43.9952, 162.27, 250.635, 261.332, 327.638, 335.379, 471.821, 471.927, 579.044, 

0.141276, 2.56765, 4.87447, 4.95612, 129.964, 203.687, 237.452, 7.1526, 6.77083, 0.581573, 4.75483, 14.8746, 10.9415, 54.0185, 4808.56, 24424.2, 23341, 22.1462, 72.8336, 17.0852, 9.27498, 43.9952, 0.295597, 68.3487, 154.842, 5817.79, 1797.05, 1.47671, 148.747, 62.0315, 6.20622, 7.27375, 11.1855, 24.2764, 126.674, 147.088, 6.99272, 129.633, 3.806, 92.778, 0.358643, 28.9171, 13.68, 92.8195, 117.114, 79.4137, 146.104, 162.27, 199.368, 304.95, 

0.141276, 1.08334, 0.581573, 7.1526, 73.3808, 203.687, 237.452, 6.99272, 4.87447, 3.806, 4.75483, 7.27375, 17.0852, 22.1462, 72.8336, 201.222, 2.56313, 43.1057, 10.3291, 4.95612, 0.384666, 2.56765, 0.295597, 3.60446, 62.0315, 148.747, 1797.05, 1.47671, 0.546593, 6.77083, 0.358643, 5.99079, 11.1855, 90.9551, 126.674, 280.819, 509.205, 24.2764, 4.46755, 77.3098, 6.20622, 9.27498, 43.9952, 14.8746, 13.68, 14.0014, 28.9171, 40.2399, 129.633, 147.088, 

0.141276, 0.0564547, 0.581573, 3.806, 6.99272, 7.1526, 0.0988593, 22.1462, 0.295597, 1.47671, 2.27599, 6.20622, 6.43163, 17.0852, 43.1057, 201.222, 18916.7, 4.95612, 4.87447, 23.2768, 0.384666, 2.56765, 0.434721, 0.546593, 6.77083, 62.0315, 148.747, 10.183, 2.56313, 6.94546, 0.358643, 1.08334, 4.46755, 11.1855, 90.9551, 126.674, 120.761, 2.72752, 2.20527, 10.3291, 1.9685, 3.50808, 7.27375, 9.27498, 9.69592, 13.68, 14.0014, 22.2951, 28.4321, 137.166, 

0.0564547, 0.141276, 0.510217, 0.581573, 2.43397, 41.2434, 216.542, 2.72752, 0.0988593, 2.40909, 2.27599, 1.02722, 4.95612, 72.7917, 3687.21, 1.0975, 2321.1, 1.47671, 0.434721, 3.18277, 0.384666, 1.9685, 2.56313, 6.77083, 6.94546, 10.183, 2.31545, 0.295597, 4.46755, 10.3291, 0.358643, 1.08334, 2.20527, 90.9551, 120.761, 126.674, 396.845, 6.43163, 0.546593, 7.1526, 2.56765, 1.98244, 3.50808, 6.20622, 7.27375, 9.27498, 9.69592, 13.68, 10.6035, 11.1855, 

0.0564547, 0.141276, 0.0988593, 0.581573, 41.2434, 51.5182, 308.828, 2.72752, 2.20527, 6.77083, 1.02722, 1.19233, 0.434721, 3.18277, 72.7917, 2321.1, 7.73605, 2.43397, 3.64754, 0.546593, 0.384666, 1.9685, 0.295597, 2.31545, 2.56313, 4.46755, 6.94546, 1.47671, 1.0975, 0.510217, 0.358643, 0.654445, 6.43163, 16.1905, 126.674, 55.2622, 3744.25, 4.95612, 7.1526, 2.40909, 1.98244, 2.56765, 3.50808, 6.20622, 7.27375, 7.32347, 9.27498, 9.69592, 10.183, 10.6035, 

0.0564547, 0.141276, 0.0988593, 6.77083, 41.2434, 308.828, 66.7746, 2.72752, 0.551579, 3.64754, 1.02722, 1.19233, 0.434721, 3.18277, 72.7917, 5.54518, 1304.37, 0.295597, 0.581573, 0.546593, 0.384666, 1.79465, 0.510217, 2.31545, 2.56313, 4.46755, 6.94546, 1.0975, 0.538351, 1.47671, 0.358643, 0.654445, 3.58142, 4.95612, 7.1526, 102.061, 4.36305, 6.43163, 2.40909, 2.43397, 0.675339, 1.9685, 1.98244, 2.56765, 3.50808, 6.20622, 7.27375, 7.32347, 7.13314, 7.73605, 

0.0564547, 0.141276, 0.551579, 2.72752, 41.2434, 308.828, 3555.44, 1.0975, 2.56313, 0.510217, 1.02722, 1.19233, 0.295597, 0.434721, 0.546593, 0.581573, 5.80029, 2.40909, 3.64754, 5.54518, 0.384666, 0.654445, 0.538351, 1.47671, 2.31545, 6.94546, 692.094, 6.43163, 6.77083, 3.58142, 0.358643, 0.277194, 2.43397, 4.36305, 4.95612, 102.061, 0.270655, 0.0988593, 4.46755, 3.18277, 1.79465, 0.675339, 1.9685, 1.98244, 2.56765, 2.90224, 3.50808, 5.68418, 7.13314, 7.1526, 

0.0564547, 0.141276, 0.510217, 1.0975, 2.56313, 41.2434, 3555.44, 0.270655, 0.546593, 2.72752, 0.976319, 1.19233, 0.295597, 0.581573, 3.64754, 5.54518, 5.80029, 0.551579, 4.36305, 0.434721, 0.384666, 0.654445, 0.538351, 1.47671, 3.58142, 6.77083, 21423.9, 2.31545, 6.13196, 0.885029, 0.277194, 0.358643, 0.0988593, 2.43397, 4.08154, 4.95612, 91.2088, 3.59969, 2.40909, 3.18277, 0.675339, 1.02722, 1.79465, 1.9685, 1.98244, 2.56765, 2.90224, 3.50808, 6.43163, 6.94546, 

0.0564547, 0.141276, 0.270655, 0.510217, 1.0975, 2.72752, 434.85, 2.43397, 0.546593, 3.59969, 0.675339, 1.02722, 0.295597, 0.434721, 0.551579, 0.581573, 5.80029, 0.885029, 2.56313, 3.64754, 0.384666, 0.344136, 0.538351, 6.77083, 18583.3, 0.348512, 3.16185, 4.36305, 3.58142, 1.47671, 0.277194, 0.358643, 0.0988593, 2.40909, 3.18277, 4.95612, 91.2088, 2.69486, 4.08154, 2.31545, 0.654445, 0.976319, 1.19233, 1.79465, 1.91041, 1.9685, 1.98244, 2.56765, 5.54518, 6.13196, 

0.0564547, 0.141276, 0.270655, 1.0975, 2.43397, 2.72752, 50.8885, 3.18277, 0.295597, 0.434721, 0.675339, 0.107206, 0.581573, 0.885029, 3.64754, 5.80029, 0.388758, 2.56313, 3.16185, 3.59969, 0.344136, 0.384666, 0.348512, 1.47671, 3.58142, 20.1531, 58.0152, 0.334823, 0.546593, 0.551579, 0.277194, 0.358643, 0.0102113, 0.0988593, 2.31545, 2.40909, 4.08154, 0.510217, 4.36305, 0.709355, 0.654445, 0.809581, 0.976319, 1.02722, 1.19233, 1.79465, 1.91041, 1.9685, 4.95612, 5.54518, 

0.0564547, 0.141276, 0.270655, 0.295597, 0.434721, 2.72752, 2593.87, 0.334823, 0.551579, 3.59969, 0.107206, 0.654445, 0.388758, 0.581573, 0.885029, 20.2544, 404.353, 3.16185, 3.58142, 2.31545, 0.344136, 0.384666, 0.348512, 0.546593, 1.47671, 58.0152, 58.3413, 2.43397, 2.56313, 1.37256, 0.277194, 0.343465, 0.0102113, 0.0988593, 0.510217, 0.709355, 61.3477, 3.18277, 2.40909, 1.0975, 0.675339, 0.809581, 0.976319, 1.02722, 1.19233, 1.79465, 1.91041, 1.9685, 3.64754, 4.08154, 

0.0564547, 0.141276, 0.270655, 0.295597, 0.334823, 0.551579, 1070.81, 0.388758, 1.54318, 1.37256, 0.107206, 0.115237, 0.117611, 0.885029, 2.31545, 3.16185, 80.1587, 2.56313, 2.40909, 0.709355, 0.344136, 0.384666, 0.348512, 0.546593, 1.47671, 2.43397, 296.854, 2.72752, 3.58142, 3.59969, 0.277194, 0.343465, 0.0102113, 0.0988593, 0.510217, 3.18277, 98.9479, 1.0975, 0.434721, 3.64754, 0.654445, 0.675339, 0.809581, 0.976319, 1.02722, 1.19233, 1.35299, 1.44919, 4.08154, 7.21206, 

0.0564547, 0.0107387, 0.270655, 0.295597, 1070.81, 0.0440825, 38477, 0.885029, 0.334823, 0.434721, 0.107206, 0.115237, 0.117611, 2.31545, 2.40909, 3.16185, 17.4374, 1.37256, 1.54318, 0.0102113, 0.344136, 0.384666, 0.348512, 0.546593, 2.72752, 3.58142, 599.273, 1.0975, 0.388758, 0.551579, 0.277194, 0.343465, 0.510217, 3.18277, 3.64754, 163.706, 17.9836, 1.47671, 0.709355, 0.0988593, 0.141276, 0.654445, 0.675339, 0.809581, 0.976319, 1.02722, 1.19233, 1.35299, 2.43397, 2.56313, 

0.0107387, 0.0564547, 0.0440825, 0.270655, 0.885029, 0.360787, 13.2133, 0.434721, 0.295597, 1.37256, 0.107206, 0.115237, 0.326799, 1.54318, 2.31545, 2.40909, 107.617, 0.0102113, 0.348512, 0.510217, 0.327711, 0.341581, 0.388758, 0.546593, 3.58142, 599.273, 36.4716, 0.117611, 1.0975, 2.43397, 0.141276, 0.284867, 0.0988593, 0.709355, 1.47671, 3.18277, 163.706, 0.334823, 0.338032, 0.551579, 0.277194, 0.344136, 0.384666, 0.654445, 0.675339, 0.809581, 0.976319, 1.02722, 2.56313, 2.72752, 

0.0107387, 0.0564547, 0.270655, 0.295597, 0.885029, 1.37256, 0.11466, 0.546593, 0.334823, 0.709355, 0.107206, 0.109708, 0.0102113, 0.510217, 1.54318, 2.40909, 2943.91, 1.47671, 0.434721, 2.31545, 0.246291, 0.327711, 0.117611, 1.0975, 3.58142, 599.273, 5798.89, 0.348512, 0.551579, 0.326799, 0.141276, 0.284867, 0.0988593, 0.26666, 3.18277, 163.706, 124.41, 0.388758, 0.0440825, 0.360787, 0.261541, 0.277194, 0.384666, 0.654445, 0.675339, 0.809581, 0.976319, 1.02722, 2.43397, 2.56313, 

0.0107387, 0.0564547, 0.270655, 0.295597, 0.546593, 1.37256, 441.227, 0.0440825, 0.551579, 0.334823, 0.106335, 0.107206, 0.434721, 1.47671, 1.54318, 6213.26, 552.904, 0.117611, 0.510217, 0.348512, 0.246291, 0.261541, 0.326799, 3.58142, 599.273, 5798.89, 9868.86, 0.885029, 0.0102113, 0.709355, 0.141276, 0.227217, 0.0988593, 0.26666, 0.360787, 12.0245, 40083.5, 0.11466, 0.388758, 1.0975, 0.327711, 0.277194, 0.384666, 0.654445, 0.675339, 0.809581, 0.976319, 1.02722, 2.31545, 2.40909, 

0.0107387, 0.0564547, 0.334823, 0.546593, 0.551579, 1.37256, 8.30116, 0.0440825, 0.117611, 0.0102113, 0.106335, 0.107206, 0.348512, 11.5552, 6048.14, 4.47545, 3.63451, 0.885029, 0.446181, 0.11466, 0.0621237, 0.246291, 0.198946, 0.326799, 3.58142, 70.7311, 2629.81, 0.295597, 0.388758, 0.270655, 0.0318511, 0.141276, 0.0988593, 0.26666, 0.360787, 5023.98, 44920.6, 0.174691, 1.0975, 0.510217, 0.277194, 0.327711, 0.384666, 0.654445, 0.675339, 0.809581, 0.976319, 1.02722, 1.47671, 1.54318, 

0.0107387, 0.0564547, 0.0440825, 0.546593, 0.551579, 1.37256, 48.525, 0.0102113, 0.117611, 1.47671, 0.106335, 0.107206, 0.446181, 4.47545, 11.5552, 1758.45, 105.805, 0.11466, 0.885029, 1.0975, 0.0621237, 0.138561, 0.198946, 0.295597, 0.326799, 0.388758, 2629.81, 0.270655, 0.334823, 0.360787, 0.0318511, 0.141276, 0.0988593, 0.26666, 54.7239, 52.092, 1468.16, 0.510217, 0.348512, 0.174691, 0.246291, 0.277194, 0.327711, 0.384666, 0.654445, 0.675339, 0.809581, 0.976319, 1.54318, 

0.0107387, 0.0564547, 0.0440825, 0.117611, 0.546593, 1.37256, 4.68455, 0.0453676, 0.26666, 0.11466, 0.106335, 0.107078, 0.446181, 0.885029, 11.5552, 1758.45, 252.724, 0.551579, 0.270655, 0.165089, 0.0621237, 0.0590574, 0.198946, 0.295597, 0.326799, 0.334823, 2629.81, 0.174691, 1.0975, 0.360787, 0.0318511, 0.131237, 0.0988593, 0.267298, 0.510217, 52.092, 1468.16, 0.0102113, 1.54318, 0.388758, 0.138561, 0.246291, 0.277194, 0.327711, 0.384666, 0.654445, 0.675339, 0.809581, 

0.0107387, 0.0564547, 0.0440825, 0.11466, 4.68455, 17.2396, 19.8241, 0.360787, 0.446181, 0.334823, 0.106335, 0.107078, 0.270655, 0.885029, 11.5552, 797.533, 301.55, 0.165089, 0.0453676, 0.0102113, 0.0389867, 0.0621237, 0.174691, 0.198946, 0.295597, 0.326799, 57.9445, 0.388758, 0.0704844, 0.267298, 0.0318511, 0.0452795, 0.0988593, 0.510217, 1.54318, 52.092, 1.34345, 0.117611, 0.26666, 0.546593, 0.131237, 0.138561, 0.246291, 0.277194, 0.327711, 0.384666, 0.654445, 0.675339, 0.551579, 0.79699, 

0.0107387, 0.0302789, 0.0440825, 0.11466, 0.446181, 4.68455, 17.2396, 0.0102113, 0.0266729, 0.117611, 0.0343581, 0.0489864, 0.165089, 0.885029, 5.97455, 75.5933, 4.78468, 0.0704844, 0.0453676, 0.334823, 0.0389867, 0.0564547, 0.174691, 0.198946, 0.267298, 0.326799, 45.1908, 0.0404747, 0.0492768, 0.26666, 0.0318511, 0.0200948, 0.510217, 0.546593, 1.34345, 52.092, 104.59, 0.0111148, 0.295597, 0.270655, 0.106335, 0.0621237, 0.106474, 0.131237, 0.138561, 0.246291, 0.277194, 0.327711, 0.360787, 0.388758, 

0.0107387, 0.0302789, 0.0102113, 0.117611, 0.446181, 17.2396, 1786.53, 0.360787, 0.165089, 0.0266729, 0.0343581, 0.0489864, 0.0453676, 0.885029, 4.78468, 75.5933, 251.618, 0.198946, 0.334823, 0.0492768, 0.0389867, 0.0518541, 0.174691, 0.26666, 0.267298, 0.326799, 270.859, 0.0404747, 0.0440825, 0.0111148, 0.0200948, 0.0318511, 0.295597, 0.510217, 52.092, 104.59, 286.002, 0.11466, 0.270655, 0.0704844, 0.0621237, 0.106335, 0.106474, 0.131237, 0.138561, 0.246291, 0.277194, 0.327711, 0.388758, 

0.00392388, 0.0107387, 0.117611, 0.360787, 0.446181, 24.4879, 23.3876, 0.267298, 0.165089, 0.11466, 0.0319434, 0.0489864, 0.0492768, 0.198946, 4.78468, 144.108, 131.65, 0.00662873, 0.326799, 0.0453676, 0.0389867, 0.00745235, 0.0111148, 0.0404747, 0.26666, 270.859, 6.69666, 0.0440825, 0.0266729, 0.270655, 0.0200948, 0.0318511, 0.295597, 0.510217, 45.3916, 52.092, 11.8432, 0.174691, 0.0704844, 0.0102113, 0.0518541, 0.0621237, 0.106335, 0.106474, 0.131237, 0.138561, 0.246291, 0.277194, 0.334823, 0.388758, 

0.00392388, 0.00595632, 0.11466, 0.165089, 23.3876, 24.4879, 31.7885, 0.388758, 0.26666, 0.0777292, 0.0319434, 0.0489864, 0.198946, 0.326799, 3.4985, 131.65, 5.69337, 0.117611, 0.0492768, 0.00662873, 0.00745235, 0.0389867, 0.0266729, 0.0440825, 6.69666, 270.859, 169.548, 0.0111148, 0.334823, 0.267298, 0.0200948, 0.0282877, 0.0102113, 0.0704844, 0.174691, 0.295597, 11.8432, 0.0453676, 0.0404747, 0.270655, 0.0518541, 0.0621237, 0.0742897, 0.106335, 0.106474, 0.131237, 0.138561, 0.246291, 

0.00392388, 0.00595632, 0.0777292, 0.165089, 0.26666, 3844, 5.43524, 0.0191746, 0.0489864, 0.198946, 3.4985, 5.69337, 131.65, 138.674, 0.00745235, 0.023153, 0.0111148, 0.0440825, 0.267298, 38159.4, 0.0165649, 0.0200948, 0.0282877, 0.0102113, 0.0404747, 0.0704844, 0.270655, 11.8432, 0.0389867, 0.0518541, 0.0621237, 0.0742897, 0.106335, 0.106474, 0.131237, 0.138561, 0.00662873, 0.0266729, 

0.00176435, 0.00595632, 0.0777292, 0.165089, 0.26666, 3844, 18.1079, 0.0191746, 0.0489864, 0.198946, 3.4985, 5.05979, 78.6197, 113.482, 0.00745235, 0.023153, 0.0111148, 0.0165649, 0.0440825, 106.569, 189.819, 0.0200948, 0.0282877, 0.0102113, 0.0704844, 0.270655, 11.8432, 1328.16, 0.00392388, 0.0518541, 0.0621237, 0.0742897, 0.106335, 0.106474, 0.131237, 0.138561, 0.00662873, 0.0266729, 

0.00176435, 0.00595632, 0.0777292, 0.165089, 0.26666, 18.1079, 3844, 0.00392388, 0.0282877, 3.4985, 5.05979, 78.6197, 113.482, 8283.15, 0.00745235, 0.023153, 0.0111148, 0.0440825, 106.569, 189.819, 22.2869, 0.0200948, 0.00849982, 0.0102113, 0.0704844, 0.270655, 268.893, 0.0152479, 0.0191746, 0.0489864, 0.0518541, 0.0621237, 0.0742897, 0.106335, 0.106474, 0.131237, 0.00662873, 0.0165649, 

0.00176435, 0.00595632, 0.165089, 0.26666, 18.1079, 3844, 0.014812, 0.00392388, 0.0191746, 3.4985, 78.6197, 113.482, 8283.15, 3.95455, 0.00745235, 0.023153, 0.0440825, 22.2869, 106.569, 189.819, 242.773, 0.00849982, 0.0200948, 0.0102113, 0.0152479, 0.0704844, 0.270655, 268.893, 0.0282877, 0.0489864, 0.0518541, 0.0621237, 0.0742897, 0.106335, 0.106474, 0.131237, 0.00662873, 0.0111148, 

0.00176435, 0.00595632, 0.0130433, 0.165089, 0.26666, 2728.84, 278.186, 0.00392388, 0.0191746, 3.4985, 78.6197, 113.482, 412.365, 479.436, 0.00745235, 0.023153, 0.0440825, 22.2869, 143.961, 189.819, 9.32202, 0.00849982, 0.0200948, 0.0102113, 0.0152479, 0.0704844, 0.44532, 44.469, 0.0282877, 0.0489864, 0.0518541, 0.0621237, 0.0742897, 0.106335, 0.106474, 0.131237, 0.00662873, 0.0111148, 

0.00176435, 0.00595632, 0.0130433, 0.165089, 0.26666, 2728.84, 0.0861367, 0.00392388, 0.0191746, 3.4985, 78.6197, 113.482, 148.431, 412.365, 0.00745235, 0.00997324, 9.32202, 22.2869, 143.961, 189.819, 139.592, 0.00849982, 0.0160846, 0.0102113, 0.0704844, 0.44532, 4.11501, 1.81659, 0.0282877, 0.0489864, 0.0518541, 0.0621237, 0.0742897, 0.106335, 0.106474, 0.131237, 0.00662873, 0.0111148, 

0.00176435, 0.00595632, 0.0130433, 0.0861367, 0.165089, 0.26666, 0.0192177, 0.00147585, 0.00392388, 3.4985, 12.8557, 78.6197, 113.482, 5798.78, 0.00745235, 0.00997324, 9.32202, 15.7401, 22.2869, 189.819, 12035.5, 0.00849982, 0.0160846, 0.0102113, 0.0704844, 0.0830134, 1.81659, 4.11501, 0.0282877, 0.0489864, 0.0518541, 0.0621237, 0.0742897, 0.106335, 0.106474, 0.131237, 0.00662873, 0.0111148, 

0.00176435, 0.00595632, 0.0192177, 0.0861367, 0.111935, 0.165089, 400.365, 0.00143134, 0.00147585, 12.4357, 12.8557, 103.988, 772.318, 57633.6, 0.00745235, 0.00997324, 9.32202, 15.7401, 22.2869, 12035.5, 77306, 0.00849982, 0.0160846, 0.0102113, 0.0704844, 0.0830134, 4.11501, 168.915, 0.0282877, 0.0489864, 0.0518541, 0.0621237, 0.0742897, 0.106335, 0.106474, 0.131237, 0.00662873, 0.0111148, 

0.00176435, 0.00595632, 0.0192177, 0.111935, 0.165089, 0.778656, 590.848, 0.00143134, 0.00147585, 12.4357, 12.8557, 103.988, 772.318, 1399.5, 0.00745235, 0.00997324, 9.32202, 15.7401, 4630.35, 9065.55, 312.884, 0.00849982, 0.0101229, 0.0102113, 0.0704844, 0.0830134, 4.11501, 18417.8, 0.0282877, 0.0489864, 0.0518541, 0.0621237, 0.0742897, 0.106335, 0.106474, 0.131237, 0.00662873, 0.0111148, 

0.00176435, 0.00595632, 0.0192177, 0.111935, 0.165089, 590.848, 2972.35, 0.00136704, 0.00143134, 9.66837, 12.8557, 95.0433, 103.988, 107.22, 0.00745235, 0.00997324, 9.32202, 15.7401, 1209.45, 9065.55, 952.347, 0.00849982, 0.0101229, 0.0102113, 0.0704844, 0.0830134, 4.11501, 0.0319003, 0.0282877, 0.0489864, 0.0518541, 0.0621237, 0.0742897, 0.106335, 0.106474, 0.131237, 0.00662873, 0.0111148, 

0.00176435, 0.00595632, 0.0192177, 0.111935, 590.848, 2972.35, 8.15627, 0.00136704, 0.00143134, 0.766495, 9.66837, 103.988, 107.22, 20.06, 0.00745235, 0.00997324, 9.32202, 15.7401, 576.389, 952.347, 2095.6, 0.00849982, 0.00692586, 0.0102113, 0.0319003, 0.0704844, 0.0830134, 4.11501, 0.0282877, 0.0489864, 0.0518541, 0.0621237, 0.0742897, 0.101336, 0.106335, 0.106474, 0.00662873, 0.0111148, 

0.00176435, 0.00595632, 0.111935, 8.15627, 590.848, 2972.35, 47626.4, 0.00136704, 0.00143134, 0.224404, 0.766495, 20.06, 107.22, 0.045901, 0.00745235, 0.00997324, 5.09342, 15.7401, 576.389, 2095.6, 5152.86, 0.00692586, 0.00849982, 0.0102113, 0.0319003, 0.0704844, 0.0830134, 4.11501, 0.0282877, 0.0489864, 0.0518541, 0.0621237, 0.0742897, 0.101336, 0.106335, 0.106474, 0.00662873, 0.0111148, 

0.00176435, 0.00595632, 0.111935, 8.15627, 590.848, 2972.35, 47626.4, 0.00136704, 0.00137058, 0.224404, 0.766495, 20.06, 107.22, 1439.94, 0.00745235, 0.00997324, 4.9671, 5.09342, 15.7401, 35.3807, 8286.95, 0.00561464, 0.00849982, 0.0319003, 0.0704844, 0.0830134, 4.11501, 0.0217808, 0.0282877, 0.0469266, 0.0489864, 0.0518541, 0.0621237, 0.0742897, 0.101336, 0.106335, 0.00662873, 0.0102113, 

0.00176435, 0.00595632, 0.111935, 8.15627, 590.848, 2972.35, 2442.06, 0.00136704, 0.00137058, 0.224404, 0.766495, 107.22, 1439.94, 2959.22, 0.00745235, 0.00997324, 4.9671, 5.09342, 15.7401, 35.3807, 11.3397, 0.00561464, 0.00849982, 0.0217808, 0.0704844, 0.0830134, 4.11501, 11.0607, 0.0282877, 0.0469266, 0.0489864, 0.0518541, 0.0621237, 0.0742897, 0.101336, 0.106335, 0.00662873, 0.0102113, 

0.00176435, 0.00595632, 0.111935, 53.0069, 117.546, 2442.06, 897.165, 0.00135501, 0.00136704, 0.224404, 107.22, 1439.94, 1923.26, 392.347, 0.00745235, 0.00997324, 4.02403, 11.3397, 15.7401, 35.3807, 102.622, 0.00561464, 0.00849982, 0.0217808, 0.0830134, 4.11501, 11.0607, 0.0404294, 0.0282877, 0.0355299, 0.0469266, 0.0489864, 0.0518541, 0.0621237, 0.0742897, 0.101336, 0.00662873, 0.0102113, 

0.00176435, 0.00595632, 0.111935, 53.0069, 117.546, 2442.06, 555.264, 0.00135501, 0.00136092, 0.224404, 165.972, 263.585, 392.347, 29.2929, 0.00745235, 0.00997324, 4.02403, 11.3397, 15.7401, 35.3807, 102.622, 0.00561464, 0.00849982, 0.0217808, 0.0404294, 0.0830134, 4.11501, 11.0607, 0.0282877, 0.0355299, 0.0469266, 0.0489864, 0.0518541, 0.0621237, 0.0742897, 0.101336, 0.00662873, 0.0102113, 

0.00176435, 0.00595632, 0.111935, 117.546, 555.264, 2442.06, 28.5681, 0.00135501, 0.00136092, 0.224404, 21.628, 29.2929, 392.347, 2537.93, 0.00745235, 0.00997324, 11.3397, 15.7401, 21.7751, 102.622, 174.095, 0.00561464, 0.00849982, 0.0404294, 0.0830134, 4.11501, 11.0607, 177.506, 0.0282877, 0.0355299, 0.0469266, 0.0489864, 0.0518541, 0.0621237, 0.0742897, 0.101336, 0.00662873, 0.0102113, 

0.00176435, 0.00595632, 0.111935, 28.5681, 117.546, 412.731, 555.264, 0.0013531, 0.00135501, 0.224404, 21.628, 29.2929, 392.347, 0.017263, 0.00745235, 0.00997324, 15.7401, 21.7751, 102.622, 174.095, 31.6751, 0.00561464, 0.00849982, 0.0404294, 0.0830134, 4.11501, 11.0607, 26.0471, 0.0282877, 0.0355299, 0.0469266, 0.0489864, 0.0518541, 0.0621237, 0.0742897, 0.101336, 0.00662873, 0.0102113, 

0.00176435, 0.00595632, 0.111935, 28.5681, 117.546, 412.731, 0.0157874, 0.0013531, 0.0013533, 0.224404, 21.628, 29.2929, 392.347, 160.862, 0.00745235, 0.00997324, 15.7401, 21.7751, 102.622, 174.095, 309.789, 0.00561464, 0.00849982, 0.0404294, 0.0830134, 4.11501, 11.0607, 65.0977, 0.0282877, 0.0355299, 0.0469266, 0.0489864, 0.0518541, 0.0621237, 0.0742897, 0.101336, 0.00662873, 0.0102113, 

0.00176435, 0.00595632, 0.111935, 28.5681, 117.546, 412.731, 3220.98, 0.0013531, 0.0013533, 0.224404, 0.507751, 21.628, 29.2929, 22.0109, 0.00745235, 0.00997324, 19.1946, 56.6826, 102.622, 309.789, 20835.2, 0.00561464, 0.00849982, 0.0404294, 0.0830134, 4.11501, 65.0977, 2624.8, 0.0282877, 0.0355299, 0.0469266, 0.0489864, 0.0518541, 0.0621237, 0.0742897, 0.101336, 0.00662873, 0.0102113, 

0.00176435, 0.00595632, 0.0701878, 117.546, 412.731, 3220.98, 702.403, 0.0013531, 0.00135318, 0.507751, 21.628, 22.0109, 28.326, 41.098, 0.00745235, 0.00997324, 19.1946, 52.9909, 56.6826, 13017.9, 100.01, 0.00561464, 0.00849982, 0.0830134, 4.11501, 65.0977, 190.139, 1840.49, 0.0282877, 0.0355299, 0.0469266, 0.0489864, 0.0518541, 0.0621237, 0.0742897, 0.101336, 0.00662873, 0.0102113, 

0.00176435, 0.00579806, 0.0701878, 64.1675, 412.731, 3220.98, 0.134706, 0.0013531, 0.00135318, 0.507751, 1.45906, 16.8069, 18.0754, 22.0109, 0.00745235, 0.00997324, 19.1946, 52.9909, 56.6826, 100.01, 2649.88, 0.00561464, 0.00849982, 0.0830134, 4.11501, 65.0977, 190.139, 1840.49, 0.0282877, 0.0355299, 0.0469266, 0.0489864, 0.0518541, 0.0621237, 0.0742897, 0.101336, 0.00662873, 0.0102113, 

0.00176435, 0.00405617, 0.134706, 2.85325, 412.731, 3220.98, 1060.28, 0.0013531, 0.00135318, 0.507751, 16.8069, 18.0754, 22.0109, 187.885, 0.00745235, 0.00997324, 19.1946, 52.9909, 56.6826, 2649.88, 286.319, 0.00561464, 0.00849982, 0.0830134, 65.0977, 183.334, 190.139, 274.229, 0.0282877, 0.0355299, 0.0469266, 0.0489864, 0.0518541, 0.0621237, 0.0742897, 0.101336, 0.00662873, 0.0102113, 

0.00171628, 0.00176435, 0.134706, 70.6031, 412.731, 3220.98, 32.6664, 0.0013531, 0.00135318, 0.507751, 18.0754, 22.0109, 187.885, 1478.34, 0.00745235, 0.00997324, 19.1946, 56.6826, 286.319, 2649.88, 2193.06, 0.00561464, 0.00849982, 0.0830134, 183.334, 190.139, 274.229, 0.0226935, 0.0282877, 0.0355299, 0.0469266, 0.0489864, 0.0518541, 0.0621237, 0.0742897, 0.101336, 0.00662873, 0.0102113, 

Best:
(1.03673, 1.07501, )

Fitness Evaluations:
2844

End Population
(1.037884e+00), (1.078881e+00), (1.038356e+00), (1.079895e+00), (9.185596e-01), (8.795392e-01), (7.807134e-01), (1.449484e+00), (-1.680383e+00), (4.837505e+00), (-1.942960e+00), (-1.892637e+00), (8.677379e-01), (1.324361e+00), (1.036734e+00), (1.075010e+00), (1.036754e+00), (1.075011e+00), (1.036011e+00), (1.002153e+00), (2.133777e-01), (4.633410e-01), (1.695368e-01), (-4.330066e-01), (2.240385e-01), (1.418708e+00), (4.184676e-01), (4.019597e+00), (1.025287e+00), (1.059468e+00), (1.097755e+00), (1.207109e+00), (-1.646154e+00), (3.059000e+00), (1.669827e+00), (2.038429e+00), (-5.207239e-01), (1.956402e+00), (-1.497993e+00), (-2.897645e+00), (2.285709e+00), (5.432176e-01), (1.072031e+00), (1.147187e+00), (1.091898e+00), (1.191503e+00), (7.771357e-01), (5.856793e-01), (-1.424457e+00), (6.969501e-01), (-1.859961e-02), (-1.374797e+00), (2.805766e-01), (1.733147e+00), (9.495652e-01), (9.158691e-01), (1.156760e+00), (1.344188e+00), (1.153517e+00), (1.341540e+00), (1.060842e+00), (1.146176e+00), (7.807551e-01), (6.065486e-01), (1.111447e+00), (1.215456e+00), (1.059750e+00), (1.098872e+00), (1.151949e+00), (1.349615e+00), (1.055157e+00), (1.082005e+00), (1.016592e+00), (1.041430e+00), (1.054463e+00), (1.103380e+00), 