Iterations: 50
Function Evaluations Limit: 150000
Population: 50

Prides Length: 4

Percent Nomads: 0.2
Percent Roaming: 0.2
Percent Sex: 0.8

Mating Rate: 0.3
Mutation Probability: 0.2
Immigration Rate: 0.4

Dimensions: 1
N-Dimension Space: -5:5

Fitness Iterations:
0.341396
6.15192, 11.3113, 4.37576, 22.0943, 18.8494, 1.12595, 13.3888, 18.2615, 8.96764, 14.2631, 4.65662, 2.42641, 16.213, 0.341396, 10.4092, 4.2885, 6.42872, 9.3094, 12.6101, 7.07272, 5.75226, 6.94909, 11.3287, 21.1235, 14.8475, 18.2336, 24.7764, 10.5307, 4.08581, 16.861, 5.42709, 11.0505, 5.63881, 12.3079, 14.9951, 29.4666, 19.3942, 9.79788, 7.50007, 17.6695, 10.5074, 17.58, 6.42058, 11.1376, 13.0201, 10.3134, 17.1304, 8.24097, 18.735, 19.4204, 

6.15192, 2.73104, 15.9259, 1.12595, 18.2615, 9.82052, 7.76534, 8.54746, 4.00926, 10.2884, 4.65662, 1.08097, 0.341396, 4.2885, 9.3094, 12.6101, 22.1616, 4.37576, 6.42872, 4.03444, 5.75226, 4.41411, 21.1235, 14.8475, 9.99261, 22.6396, 9.97372, 1.95601, 4.08581, 1.22892, 1.31355, 6.42058, 12.3079, 9.34301, 4.8206, 0.6336, 26.2766, 3.47311, 7.50007, 1.15432, 11.0505, 5.42709, 10.5074, 8.05989, 10.3134, 8.24097, 10.917, 6.94909, 10.4092, 10.5307, 

2.73104, 1.83161, 1.12595, 7.76534, 8.54746, 4.00926, 11.7672, 9.34301, 12.3079, 4.79116, 1.08097, 3.98629, 0.341396, 2.35819, 12.6101, 4.37576, 4.13071, 1.22892, 10.4092, 10.2884, 3.01013, 0.0411077, 18.2247, 5.82284, 1.95601, 4.08581, 5.51557, 0.6336, 9.82052, 4.8206, 1.31355, 0.0450028, 26.2766, 0.33514, 7.50007, 1.15432, 16.8235, 9.99261, 4.03444, 4.2885, 5.42709, 8.05989, 8.24097, 6.94909, 4.23042, 4.65662, 4.41411, 6.42058, 12.4056, 13.9359, 

2.73104, 1.83161, 4.00926, 9.34301, 9.33087, 20.2331, 20.2139, 4.79116, 4.29895, 4.08581, 1.08097, 1.31355, 4.37576, 4.13071, 1.22892, 19.9343, 1.93376, 2.97275, 0.341396, 1.12595, 0.0411077, 2.32439, 18.2247, 0.0467232, 1.95601, 0.257532, 9.82052, 2.22611, 0.6336, 0.999719, 0.0450028, 0.309565, 26.2007, 0.33514, 16.8235, 4.24976, 1.00505, 2.35819, 1.15432, 3.0096, 4.23042, 4.65662, 4.41411, 5.42545, 3.98629, 3.01013, 2.12316, 2.06561, 4.8206, 5.39477, 

0.488963, 1.83161, 4.74868, 20.2331, 4.79116, 20.7446, 10.5861, 2.70837, 2.81275, 4.00926, 1.08097, 1.31355, 4.37576, 4.13071, 1.22892, 1.93376, 0.341396, 1.12595, 0.6336, 0.33514, 0.0411077, 2.06561, 0.0467232, 0.257532, 9.82052, 17.0621, 21.2125, 0.703656, 1.95601, 0.999719, 0.0450028, 0.309565, 4.24976, 1.00505, 2.35819, 1.15432, 3.0096, 2.22611, 2.97275, 3.98087, 4.23042, 2.73104, 3.98629, 3.01013, 2.12316, 2.32439, 1.11986, 1.02871, 4.08581, 4.29895, 

0.488963, 1.83161, 4.74868, 20.2331, 4.79116, 2.70837, 2.81275, 1.15432, 4.08581, 0.341396, 1.08097, 1.11986, 4.13071, 1.22892, 1.12595, 0.6336, 0.33514, 1.00505, 0.0467232, 4.00926, 0.0411077, 2.0236, 0.257532, 9.82052, 15.9286, 1.95601, 20.9649, 0.999719, 3.98087, 1.26817, 0.0450028, 0.309565, 4.24976, 2.35819, 3.0096, 2.22611, 0.999388, 0.0170045, 1.93376, 0.0916961, 2.73104, 3.01013, 2.12316, 2.32439, 1.1574, 1.02871, 2.06561, 2.10941, 4.37576, 4.92877, 

0.271458, 1.83161, 4.74868, 20.2331, 2.70837, 0.341396, 15.37, 1.15432, 1.22892, 0.999388, 1.02871, 1.11986, 4.13071, 0.6336, 1.00505, 18.7692, 8.37787, 1.26817, 2.81275, 1.93376, 0.0411077, 2.0236, 0.257532, 9.82052, 8.64216, 20.9649, 3.98087, 0.999719, 1.95601, 2.22611, 0.0450028, 0.309565, 3.11541, 2.35819, 0.0170045, 0.0916961, 2.27313, 0.0467232, 0.33514, 1.12595, 2.73104, 2.12316, 2.32439, 1.1574, 1.08097, 2.06561, 2.10941, 0.488963, 3.0096, 4.00926, 

0.271458, 0.0671452, 4.74868, 20.2331, 0.341396, 15.37, 1.15432, 0.999719, 0.0170045, 0.222989, 0.309565, 0.0950637, 4.13071, 0.6336, 4.79657, 2.81275, 1.12047, 1.72696, 1.26817, 2.27313, 0.0411077, 1.08097, 20.9649, 3.98087, 1.95601, 2.22611, 12.9708, 1.12595, 1.00505, 0.999388, 0.0450028, 0.0489979, 2.35819, 0.0916961, 0.0467232, 0.33514, 14.3662, 0.257532, 1.22892, 2.70837, 1.1574, 1.68217, 2.06561, 2.10941, 1.02871, 2.0885, 2.01591, 0.488963, 3.0096, 3.11541, 

0.270369, 0.0106262, 3.12149, 20.2331, 1.15432, 0.999719, 19.6933, 1.12595, 0.222989, 0.33514, 0.0489979, 0.0950637, 0.6336, 4.79657, 1.12047, 7.76318, 16.1669, 0.0386984, 1.26817, 0.0219381, 0.0411077, 0.488963, 20.9649, 1.95601, 2.22611, 12.9708, 1.00505, 0.0170045, 0.999388, 1.22892, 0.0450028, 0.0444627, 0.0916961, 0.0467232, 0.257532, 2.70837, 17.4686, 2.27313, 0.341396, 1.72696, 1.1574, 1.68217, 2.06561, 1.08097, 2.01591, 1.02871, 1.32325, 0.309565, 2.35819, 3.0096, 

0.270369, 0.0106262, 3.12149, 20.2331, 0.222989, 0.33514, 3.98009, 1.12595, 1.00505, 1.26817, 0.0489979, 0.0950637, 0.6336, 1.12047, 7.76318, 7.39002, 21.8972, 0.0386984, 1.22892, 0.999719, 0.0411077, 0.0977529, 20.9649, 1.95601, 0.0170045, 17.181, 0.529877, 0.257532, 0.0219381, 0.999388, 0.0450028, 0.00594327, 0.0467232, 2.70837, 17.4686, 1.72696, 0.0421932, 1.15432, 0.0916961, 0.341396, 1.1574, 1.68217, 1.08097, 2.01591, 0.685638, 1.32325, 0.309565, 0.488963, 2.22611, 2.27313, 

0.270369, 0.0106262, 20.2331, 3.98009, 1.12595, 1.00505, 5.91739, 0.222989, 0.999388, 1.26817, 0.0489979, 0.0950637, 0.6336, 7.39002, 0.0386984, 1.22892, 0.999719, 1.07879, 2.27313, 0.0916961, 0.0411077, 0.00246771, 8.5347, 0.0170045, 0.529877, 0.0219381, 10.5718, 1.95601, 0.257532, 0.33514, 0.0431201, 0.00594327, 0.0467232, 1.72696, 0.0421932, 1.15432, 0.341396, 2.22611, 1.12047, 1.33205, 1.1574, 1.68217, 1.08097, 0.685638, 1.32325, 0.309565, 0.488963, 1.069, 2.70837, 6.01021, 

0.0106262, 0.239847, 3.98009, 1.00505, 0.222989, 1.26817, 4.26644, 0.341396, 0.529877, 0.0219381, 0.0355806, 0.0950637, 7.39002, 0.0386984, 0.00692222, 0.999719, 2.27313, 1.12595, 0.252464, 0.6336, 0.00983801, 0.00246771, 8.5347, 0.0170045, 1.95601, 0.257532, 16.7179, 1.12047, 0.0916961, 0.33514, 0.0431201, 0.00594327, 0.0467232, 0.0421932, 1.15432, 1.33205, 3.97986, 1.72696, 1.07879, 0.999388, 1.1574, 1.08097, 0.685638, 0.309565, 0.488963, 1.069, 0.270369, 1.06471, 1.88399, 2.22611, 

0.0106262, 0.123689, 3.98009, 1.00505, 1.26817, 0.0219381, 14.1509, 0.108968, 0.341396, 0.222989, 0.0355806, 0.00542749, 0.999719, 1.12595, 0.252464, 0.6336, 0.00398964, 0.153645, 0.257532, 0.44615, 0.00970545, 0.00246771, 8.5347, 0.0170045, 1.95601, 0.0916961, 4.69323, 1.72696, 0.529877, 1.88399, 0.0431201, 0.00594327, 0.0467232, 0.0421932, 1.15432, 1.07879, 0.999388, 0.0386984, 0.33514, 0.00692222, 0.685638, 0.309565, 0.488963, 1.069, 0.270369, 1.06471, 0.0950637, 0.237964, 2.22611, 2.27313, 

0.0106262, 0.123689, 1.26817, 0.0219381, 14.1509, 0.108968, 9.0182, 0.999388, 0.252464, 0.222989, 0.0355806, 0.00542749, 0.999719, 1.12595, 0.6336, 0.257532, 0.44615, 0.153645, 0.341396, 0.0467232, 0.00970545, 0.00246771, 8.5347, 1.95601, 0.529877, 11.732, 12.4053, 1.00505, 0.33514, 0.0170045, 0.0431201, 0.00594327, 0.0421932, 1.15432, 1.07879, 0.0386984, 12.2731, 0.0916961, 0.00398964, 0.00692222, 0.685638, 0.309565, 0.488963, 1.069, 0.270369, 1.06471, 0.0950637, 0.237964, 1.72696, 1.88399, 

0.0106262, 0.117199, 0.0219381, 0.108968, 9.0182, 0.999388, 0.222989, 0.00692222, 0.999719, 0.0166843, 0.0355806, 0.00542749, 0.257532, 0.153645, 0.341396, 0.0467232, 11.0995, 0.0386984, 0.905334, 0.6336, 0.00970545, 0.00246771, 0.529877, 11.732, 8.0258, 0.33514, 19.2065, 1.12595, 1.00505, 1.15432, 0.00594327, 0.00394054, 0.0421932, 1.07879, 12.2731, 0.0916961, 0.0022292, 0.44615, 0.252464, 1.26817, 0.685638, 0.309565, 0.488963, 0.270369, 0.0950637, 0.237964, 0.207429, 0.0431201, 1.72696, 1.88399, 

0.0106262, 0.0374696, 0.0219381, 0.108968, 0.999719, 0.0166843, 0.0663044, 0.905334, 0.252464, 0.0656444, 0.0355806, 0.00542749, 0.257532, 0.153645, 11.0995, 0.0386984, 0.6336, 0.0421932, 1.15432, 0.999388, 0.00970545, 0.00246771, 5.11626, 3.91162, 0.33514, 1.12595, 0.248632, 0.208152, 0.00692222, 1.07879, 0.000134952, 0.00256731, 12.2731, 0.0916961, 0.0022292, 0.44615, 14.6758, 0.529877, 0.341396, 0.0467232, 0.309565, 0.270369, 0.0950637, 0.237964, 0.207429, 0.0431201, 0.117199, 0.0543244, 1.26817, 1.72696, 

0.00602772, 0.0374696, 0.0219381, 0.108968, 0.0166843, 0.0663044, 0.0656444, 0.0022292, 0.257532, 0.00692222, 0.0355806, 0.00500451, 0.6336, 0.0421932, 1.15432, 0.999388, 16.5987, 0.33514, 0.0916961, 0.905334, 0.0089606, 0.00246771, 5.11626, 3.91162, 0.248632, 0.208152, 1.07879, 0.0386984, 0.153645, 0.999719, 0.000134952, 0.00256731, 0.44615, 9.1158, 0.341396, 14.1177, 22.2547, 0.252464, 0.0467232, 0.529877, 0.309565, 0.270369, 0.0950637, 0.237964, 0.207429, 0.0431201, 0.117199, 0.0543244, 1.12595, 1.26817, 

0.00185771, 0.0121648, 0.0219381, 0.108968, 0.0166843, 0.0656444, 21.3099, 0.999388, 0.00692222, 0.0022292, 0.0355806, 0.00500451, 0.0421932, 1.15432, 0.33514, 0.0916961, 19.804, 0.0663044, 0.6336, 0.905334, 0.0089606, 0.00246771, 0.208152, 1.07879, 0.153645, 0.999719, 3.47264, 0.252464, 0.0386984, 0.0467232, 0.000134952, 0.00256731, 8.96715, 0.341396, 22.2547, 0.529877, 20.04, 0.0119135, 0.248632, 0.44615, 0.309565, 0.270369, 0.0950637, 0.237964, 0.207429, 0.0431201, 0.117199, 0.0543244, 1.12595, 1.26817, 

0.00185771, 0.011436, 0.0219381, 0.0656444, 21.3099, 0.999388, 20.2191, 0.0386984, 0.00692222, 0.108968, 0.0355806, 0.00500451, 0.0421932, 0.33514, 0.0916961, 0.0663044, 5.94988, 0.208152, 0.529877, 0.0467232, 0.0089606, 0.00246771, 1.07879, 0.153645, 3.47264, 1.39802, 0.00161241, 0.0435284, 0.0022292, 0.0166843, 0.000134952, 0.00256731, 0.341396, 22.2547, 20.04, 0.248632, 0.44615, 0.0119135, 0.000180058, 0.252464, 0.270369, 0.0896741, 0.237964, 0.207429, 0.0431201, 0.117199, 0.0543244, 0.0121648, 0.6336, 0.905334, 

0.00185771, 0.000125856, 0.0656444, 21.3099, 0.0386984, 0.00692222, 15.0902, 0.0421932, 0.0916961, 0.0219381, 0.0121648, 0.00500451, 5.94988, 0.529877, 0.0467232, 19.7123, 16.0837, 0.0119135, 0.208152, 0.0663044, 0.00674783, 0.00246771, 1.39802, 0.00161241, 0.0022292, 9.84804, 1.87424, 0.108968, 0.0166843, 0.248632, 0.000134952, 0.000483548, 0.341396, 22.2547, 0.44615, 0.252464, 6.40903, 0.000180058, 0.0435284, 0.153645, 0.270369, 0.0896741, 0.237964, 0.207429, 0.0431201, 0.117199, 0.0543244, 0.0355806, 0.33514, 0.6336, 

0.00185771, 0.000125856, 0.0656444, 0.0386984, 0.00692222, 0.0219381, 8.67804, 0.33514, 0.0022292, 0.000180058, 0.00730485, 0.00500451, 0.529877, 0.0467232, 1.56114, 0.208152, 0.0663044, 0.0916961, 0.0421932, 0.44615, 0.00674783, 0.00246771, 1.24564, 0.00161241, 1.87424, 0.248632, 7.08363, 0.108968, 0.6336, 0.551253, 0.000134952, 0.000483548, 0.341396, 0.252464, 6.40903, 0.0435284, 12.0784, 0.153645, 0.0119135, 0.0166843, 0.270369, 0.0896741, 0.237964, 0.207429, 0.0431201, 0.117199, 0.0543244, 0.0355806, 1.13483, 4.22342, 

0.000631323, 0.000125856, 0.0386984, 0.00692222, 0.0219381, 0.0022292, 0.000180058, 1.13483, 0.0656444, 0.33514, 0.00566715, 0.00500451, 1.56114, 0.208152, 0.0663044, 0.44615, 16.0529, 0.0707678, 0.248632, 0.0421932, 0.00674783, 0.00246771, 1.24564, 0.00161241, 1.87424, 0.6336, 0.551253, 0.108968, 0.341396, 0.0916961, 0.000134952, 0.000483548, 6.40903, 0.0435284, 0.0119135, 0.0166843, 8.54618, 0.0467232, 0.252464, 0.153645, 0.270369, 0.0896741, 0.237964, 0.207429, 0.0431201, 0.117199, 0.0543244, 0.0355806, 4.22342, 7.08363, 

0.000631323, 0.000125856, 0.0022292, 0.000180058, 1.13483, 0.0656444, 0.33514, 0.153645, 0.00692222, 0.248632, 0.00485746, 0.00385343, 0.208152, 0.0663044, 0.0421932, 0.0157054, 4.62716, 0.0467232, 0.0219381, 0.44615, 0.00674783, 0.00246771, 1.87424, 0.257619, 0.108968, 0.0916961, 4.60767, 0.00161241, 0.0707678, 0.252464, 0.000134952, 0.000483548, 6.40903, 0.0435284, 0.0119135, 0.0166843, 8.54618, 0.551253, 0.0386984, 0.341396, 0.0896741, 0.237964, 0.207429, 0.0431201, 0.117199, 0.0543244, 0.0355806, 0.00500451, 1.24564, 1.56114, 

0.000631323, 0.000125856, 0.000180058, 1.13483, 0.0656444, 0.33514, 8.94508, 0.0707678, 0.0467232, 0.257619, 0.00485746, 0.00385343, 0.208152, 0.0198641, 0.0421932, 4.62716, 0.44615, 0.0916961, 0.0219381, 0.00692222, 0.00500451, 0.000785589, 0.108968, 4.60767, 0.00161241, 0.252464, 5.76633, 0.0022292, 0.248632, 0.153645, 0.000134952, 0.000483548, 0.0435284, 0.0119135, 0.0166843, 0.551253, 27.6419, 0.0157054, 0.341396, 0.0386984, 0.0896741, 0.237964, 0.207429, 0.0431201, 0.117199, 0.0543244, 0.0355806, 0.00674783, 0.9967, 1.24564, 

0.000631323, 0.000125856, 0.000180058, 1.13483, 0.0656444, 0.0467232, 0.257619, 0.0386984, 0.0104635, 0.208152, 0.0023589, 0.00298233, 0.0421932, 0.0916961, 0.0219381, 0.00692222, 21.8068, 0.0707678, 0.00161241, 0.0435284, 0.00485746, 0.000785589, 5.76633, 0.0022292, 0.248632, 4.58352, 10.4101, 0.153645, 0.0166843, 0.0119135, 0.000134952, 0.000483548, 25, 0.0157054, 0.341396, 22.022, 10.23, 0.00496113, 0.108968, 0.0198641, 0.0896741, 0.00603586, 0.117199, 0.0543244, 0.0355806, 0.00674783, 0.0356191, 0.00500451, 0.224247, 0.33514, 

0.00033096, 7.66982e-05, 1.13483, 0.0656444, 0.257619, 0.0386984, 0.208152, 0.00161241, 0.00496113, 0.108968, 0.00185618, 0.00298233, 0.0916961, 0.0219381, 0.0435284, 9.94453, 13.4337, 0.0467232, 0.0022292, 0.000180058, 0.00485746, 0.000785589, 7.92467, 0.153645, 0.0166843, 0.0119135, 12.4533, 0.0143937, 0.00692222, 0.0421932, 0.000134952, 0.000134699, 25, 0.0157054, 0.749841, 0.0198641, 0.548038, 0.224247, 0.0707678, 0.0104635, 0.0896741, 0.00603586, 0.0543244, 0.0355806, 0.00674783, 0.0356191, 0.00500451, 0.0173255, 0.248632, 0.33514, 

0.00033096, 7.66982e-05, 1.13483, 0.257619, 0.0386984, 0.208152, 0.108968, 0.0916961, 0.0198641, 0.220112, 0.00185618, 0.00298233, 0.0219381, 13.4337, 0.0467232, 0.0022292, 10.1663, 0.00161241, 0.000180058, 0.0117726, 0.00485746, 0.000785589, 7.92467, 0.153645, 0.0119135, 0.00692222, 0.0421932, 0.0157054, 0.00496113, 0.0435284, 0.000134952, 0.000134699, 0.749841, 0.224247, 0.0707678, 0.0104635, 9.32004, 0.0166843, 0.0656444, 0.0143937, 0.00603586, 0.0543244, 0.0355806, 0.00674783, 0.0356191, 0.00500451, 0.0173255, 0.00941285, 0.248632, 0.33514, 

0.00033096, 7.66982e-05, 1.13483, 0.257619, 0.208152, 0.0198641, 0.00489492, 0.0656444, 0.0467232, 0.000180058, 0.00185618, 0.00298233, 0.0219381, 0.0022292, 0.00161241, 0.008187, 1.16116, 0.0707678, 0.0421932, 0.00156242, 0.00485746, 0.000785589, 7.92467, 0.153645, 0.0119135, 0.0318151, 1.54496, 0.00496113, 0.0143937, 0.00692222, 0.000134952, 0.000134699, 0.749841, 0.0104635, 0.0166843, 25.476, 11.2695, 0.0157054, 0.0386984, 0.0916961, 0.00603586, 0.0543244, 0.0355806, 0.00674783, 0.0356191, 0.00500451, 0.0173255, 0.00941285, 0.108968, 0.224247, 

0.00033096, 7.66982e-05, 0.257619, 0.0198641, 0.0656444, 21.1072, 0.00693879, 0.0707678, 0.00692222, 0.00161241, 0.00185618, 0.00298233, 0.0219381, 0.008187, 1.16116, 0.0421932, 0.00156242, 0.00489492, 0.00562105, 0.0157054, 0.000785589, 0.00386996, 0.153645, 0.0318151, 1.54496, 0.00496113, 0.0143937, 0.0467232, 0.0022292, 0.0119135, 0.000134952, 0.000134699, 0.749841, 0.0104635, 0.0166843, 11.2695, 0.0916961, 0.0386984, 0.108968, 0.000180058, 0.00603586, 0.0355806, 0.00674783, 0.00500451, 0.0173255, 0.00941285, 0.013163, 0.00485746, 0.208152, 0.224247, 

0.00033096, 7.66982e-05, 0.0198641, 10.6224, 0.00693879, 0.00692222, 1.2997, 0.00496113, 0.00156242, 0.0656444, 0.000398524, 0.00256206, 0.0219381, 0.008187, 1.16116, 0.00562105, 0.0157054, 0.00489492, 0.0421932, 0.0104635, 3.34871e-05, 0.00386996, 0.153645, 0.0318151, 1.54496, 0.0119135, 0.00333064, 0.0166843, 0.0386984, 0.0467232, 0.000134917, 0.000134699, 11.2695, 0.0916961, 0.000180058, 17.6056, 20.2382, 0.0143937, 0.00161241, 0.0022292, 0.00603586, 0.00674783, 0.00500451, 0.0173255, 0.00941285, 0.013163, 0.00485746, 0.00634479, 0.0707678, 0.108968, 

0.00033096, 7.66982e-05, 10.6224, 0.00692222, 0.196611, 0.00156242, 1.03097, 0.008187, 0.0198641, 0.0467232, 0.000398524, 0.00256206, 0.0157054, 0.00489492, 0.0421932, 0.0104635, 4.3196, 0.0318151, 0.00693879, 0.00562105, 3.34871e-05, 0.00386996, 0.0119135, 0.00333064, 0.0386984, 6.28167, 2.46545, 0.00161241, 0.0022292, 0.00496113, 1.86025e-05, 0.000134699, 0.0916961, 0.000180058, 0.0143937, 19.0512, 32.0873, 0.0656444, 0.0166843, 0.0219381, 0.00603586, 0.00674783, 0.00500451, 0.0173255, 0.00941285, 0.013163, 0.00485746, 0.00634479, 0.0707678, 0.108968, 

0.00033096, 7.66982e-05, 0.196611, 0.00156242, 1.03097, 0.008187, 6.8836, 0.000180058, 0.00489492, 0.000845059, 0.000398524, 0.00256206, 0.0157054, 0.0104635, 4.3196, 0.0318151, 24.6405, 0.00692222, 0.0143937, 0.00562105, 3.34871e-05, 0.00272494, 0.0119135, 0.00333064, 6.28167, 0.00496113, 4.29333, 0.0166843, 0.0022292, 0.0219381, 1.86025e-05, 0.000134699, 0.0916961, 19.0512, 25.4714, 7.62884, 4.17927, 0.0386984, 0.00161241, 0.00693879, 0.00603586, 0.00674783, 0.00500451, 0.0173255, 0.00941285, 0.013163, 0.00485746, 0.00634479, 0.0421932, 0.0467232, 

0.000152528, 7.66982e-05, 0.196611, 1.03097, 0.008187, 0.000180058, 0.000845059, 0.0022292, 0.0157054, 0.0386984, 0.000398524, 0.00256206, 0.0104635, 24.6405, 0.00692222, 0.0143937, 0.00562105, 0.0119135, 0.0467232, 0.0219381, 3.34871e-05, 0.00272494, 0.00333064, 0.00496113, 4.29333, 0.0166843, 16.7896, 0.0916961, 0.0318151, 0.00489492, 1.86025e-05, 0.000134699, 4.75398, 22.4054, 1.02967, 0.00161241, 0.00693879, 0.0421932, 0.00156242, 0.000467065, 0.00603586, 0.00674783, 0.00500451, 0.0173255, 0.00941285, 0.013163, 0.00485746, 0.00634479, 0.1459, 1.00372, 

0.000152528, 7.66982e-05, 0.196611, 1.03097, 0.008187, 0.0131281, 31.2954, 0.0219381, 0.0119135, 0.000180058, 0.000398524, 0.00256206, 0.0104635, 0.00692222, 0.0143937, 0.0467232, 19.692, 0.000467065, 0.0022292, 0.00333064, 3.34871e-05, 0.000647738, 0.00496113, 4.29333, 0.0166843, 17.3767, 22.2474, 0.0318151, 0.00156242, 0.00282052, 1.86025e-05, 0.000134699, 18.7543, 1.02967, 0.00161241, 0.00693879, 5.83874, 0.00489492, 0.000845059, 0.00562105, 0.00603586, 0.00674783, 0.00500451, 0.00941285, 0.013163, 0.00485746, 0.00634479, 0.00265738, 0.0386984, 0.0421932, 

0.000152528, 7.66982e-05, 0.196611, 1.03097, 0.008187, 0.0131281, 0.0219381, 0.0467232, 0.00161241, 0.0022292, 0.000398524, 0.000647738, 0.0104635, 0.0143937, 0.00333064, 25.4523, 11.9359, 0.00693879, 0.0386984, 0.00692222, 3.34871e-05, 0.000465768, 0.0166843, 0.0318151, 0.00156242, 0.00282052, 0.000771623, 0.00562105, 0.0421932, 0.000180058, 1.86025e-05, 0.000134699, 1.02967, 0.00489492, 0.000845059, 1.79232, 0.16961, 0.0119135, 0.00496113, 0.000467065, 0.00603586, 0.00674783, 0.00500451, 0.00941285, 0.00485746, 0.00634479, 0.00265738, 0.00213219, 0.369623, 1.7258, 

0.000152528, 7.66982e-05, 0.196611, 1.03097, 0.0131281, 0.00161241, 7.15542e-05, 0.000771623, 0.00156242, 0.00282052, 0.000398524, 0.000104359, 0.0104635, 0.0143937, 1.19032, 0.0386984, 0.00127986, 0.00562105, 0.00489492, 0.0119135, 3.34871e-05, 0.000136951, 0.0166843, 0.0318151, 0.000180058, 14.7721, 3.13662, 0.00333064, 0.00693879, 0.00692222, 1.86025e-05, 0.000134699, 0.000845059, 0.16961, 0.00496113, 0.000467065, 15.3698, 0.008187, 0.0219381, 0.0022292, 0.00603586, 0.00674783, 0.00500451, 0.00485746, 0.00634479, 0.00265738, 0.00213219, 0.000697275, 0.039134, 0.0421932, 

0.000152528, 7.66982e-05, 0.196611, 1.03097, 0.0131281, 7.15542e-05, 0.00156242, 0.00693879, 0.0509384, 0.0143937, 0.000398524, 0.000104359, 0.0386984, 0.00489492, 0.0119135, 16.8797, 0.396097, 0.0104635, 0.00161241, 0.0421932, 3.34871e-05, 0.000136951, 0.0166843, 0.0318151, 0.000180058, 0.00333064, 0.00692222, 0.000771623, 0.00127986, 0.00282052, 1.86025e-05, 0.000134699, 0.000845059, 0.00496113, 0.000467065, 0.008187, 0.0022292, 0.039134, 0.00562105, 0.0219381, 0.00603586, 0.00674783, 0.00500451, 0.00485746, 0.00634479, 0.00265738, 0.00213219, 0.000697275, 0.16961, 0.288771, 

0.000152528, 9.71358e-06, 1.03097, 0.0131281, 0.00693879, 0.0143937, 0.00443125, 0.00489492, 0.00562105, 7.15542e-05, 0.000274177, 0.000104359, 0.0386984, 16.8797, 0.0246064, 12.8518, 12.7194, 0.00161241, 0.000845059, 0.008187, 3.34871e-05, 0.000136951, 0.000180058, 0.000771623, 0.00127986, 0.00282052, 17.8531, 0.00333064, 0.00692222, 0.00156242, 1.86025e-05, 0.000134699, 0.00496113, 0.000467065, 0.0219381, 0.000693994, 5.63814, 0.0022292, 0.0119135, 0.0104635, 0.00603586, 0.00500451, 0.00485746, 0.00265738, 0.00213219, 0.000697275, 0.00518407, 0.000398524, 0.0166843, 0.0318151, 

0.000152528, 9.71358e-06, 0.0131281, 0.00693879, 0.0143937, 19.6604, 9.64257, 0.000845059, 0.000467065, 0.00489492, 0.000274177, 0.000104359, 15.3212, 0.0246064, 9.16646, 0.008187, 19.8262, 0.00161241, 0.0119135, 0.00562105, 3.34871e-05, 0.000136951, 0.000180058, 0.000771623, 0.00127986, 0.00282052, 24.603, 7.15542e-05, 0.00443125, 0.00692222, 1.86025e-05, 8.49419e-05, 0.000693994, 0.0022292, 0.0104635, 4.01059, 10.6298, 0.00333064, 0.00156242, 0.00496113, 0.00603586, 0.00500451, 0.00485746, 0.00265738, 0.00213219, 0.000697275, 0.00518407, 0.000398524, 0.0166843, 0.0219381, 

0.000152528, 9.71358e-06, 0.0131281, 0.00693879, 0.0143937, 19.6604, 0.000467065, 0.00127986, 0.00562105, 0.00161241, 0.000274177, 0.000104359, 15.3212, 9.16646, 2.19924, 6.03748, 0.782018, 0.0022292, 0.000845059, 0.0119135, 3.34871e-05, 0.000136951, 0.000180058, 0.000771623, 7.15542e-05, 0.00443125, 0.00692222, 0.00489492, 0.00282052, 0.008187, 1.86025e-05, 8.49419e-05, 0.0104635, 10.6298, 0.00333064, 0.00156242, 3.90987, 0.00496113, 0.000436333, 0.000693994, 0.00500451, 0.00485746, 0.00265738, 0.00213219, 0.000697275, 0.00518407, 0.000398524, 0.000484594, 0.0166843, 0.0219381, 

9.79191e-05, 9.71358e-06, 0.0143937, 0.000467065, 0.00127986, 0.00161241, 4.82157, 0.00443125, 0.000771623, 0.0022292, 0.000274177, 0.000104359, 15.3212, 2.19924, 0.000845059, 0.0119135, 22.8976, 0.000180058, 0.0166843, 0.0104635, 3.34871e-05, 0.000136951, 7.15542e-05, 0.00692222, 0.00489492, 0.00282052, 0.00140555, 0.00693879, 0.00562105, 0.008187, 1.86025e-05, 8.49419e-05, 0.00333064, 0.00156242, 0.00496113, 0.000693994, 37.512, 0.0219381, 0.000436333, 0.0131281, 0.00500451, 0.00485746, 0.00265738, 0.00213219, 0.000697275, 0.000398524, 0.000484594, 0.00125549, 0.782018, 3.90987, 

9.79191e-05, 9.71358e-06, 0.0143937, 0.000467065, 0.00443125, 0.00348796, 14.6359, 0.00282052, 0.00692222, 0.00562105, 0.000274177, 0.000104359, 2.19924, 0.000845059, 0.0119135, 0.0166843, 0.00212251, 0.00127986, 0.0022292, 0.000436333, 3.34871e-05, 0.000136951, 7.15542e-05, 0.00140555, 0.00693879, 0.008187, 1.00555, 0.00161241, 0.00496113, 0.000180058, 1.86025e-05, 8.49419e-05, 0.00333064, 0.000693994, 15.9343, 18.2091, 4.71182, 0.00156242, 0.000771623, 0.00489492, 0.00265738, 0.00213219, 0.000697275, 0.000398524, 0.000484594, 0.00125549, 0.00454695, 0.00279536, 0.0104635, 0.0131281, 

9.79191e-05, 9.71358e-06, 0.0143937, 0.000467065, 14.6359, 0.00282052, 2.08446, 0.000436333, 0.00275476, 0.00443125, 0.000274177, 0.000104359, 0.000845059, 0.0119135, 0.0166843, 0.00212251, 0.00620203, 7.15542e-05, 0.000185349, 0.000180058, 3.34871e-05, 0.000136951, 0.00140555, 0.00693879, 0.00161241, 15.9369, 1.02115, 0.00127986, 0.000651648, 0.00489492, 1.86025e-05, 8.49419e-05, 0.000693994, 15.9343, 0.00156242, 0.000771623, 0.000151538, 0.00333064, 0.0022292, 0.00496113, 0.00265738, 0.00213219, 0.000697275, 0.000398524, 0.000484594, 0.00125549, 0.000339267, 0.000494299, 0.00562105, 0.00692222, 

9.79191e-05, 9.71358e-06, 0.000467065, 0.00282052, 2.08446, 0.00275476, 0.00443125, 0.000180058, 0.000771623, 0.000133656, 0.000154861, 0.000104359, 0.000845059, 0.00212251, 0.00620203, 8.026, 5.74756, 0.00127986, 0.000151538, 0.000368898, 3.34871e-05, 0.000136951, 0.00140555, 1.02115, 0.000651648, 0.00489492, 0.00150561, 0.000185349, 0.000436333, 0.00562105, 1.86025e-05, 8.49419e-05, 0.000693994, 0.00333064, 0.0022292, 0.00496113, 1.91449, 0.00161241, 0.00156242, 7.15542e-05, 0.000697275, 0.000398524, 0.000484594, 0.00125549, 0.000339267, 0.000494299, 0.000274177, 0.000235199, 0.00692222, 0.00693879, 

9.79191e-05, 2.42132e-06, 0.000467065, 0.00282052, 0.00443125, 0.000133656, 19.7227, 0.000771623, 0.000651648, 0.00620203, 0.000154861, 0.000104359, 0.000845059, 0.00212251, 0.0121496, 0.000151538, 18.5349, 0.00127986, 0.00156242, 0.00150561, 3.34871e-05, 0.000136951, 0.00140555, 0.00489492, 0.000185349, 0.00562105, 19.5035, 0.000180058, 0.000368898, 0.000436333, 1.86025e-05, 8.49419e-05, 0.00333064, 0.0022292, 0.00496113, 0.00161241, 7.45293, 0.000693994, 0.00275476, 7.15542e-05, 0.000697275, 0.000398524, 0.000484594, 0.00125549, 0.000339267, 0.000494299, 0.000274177, 0.000235199, 0.00692222, 0.00693879, 

9.79191e-05, 4.02863e-07, 0.00282052, 0.00443125, 0.000133656, 10.6061, 0.00620203, 0.00156242, 0.00127986, 0.00333064, 0.000154861, 0.000104359, 0.00212251, 0.0121496, 0.000151538, 5.87509, 22.0537, 0.000651648, 0.000180058, 0.000467065, 3.34871e-05, 0.000136951, 0.00140555, 0.00489492, 0.00562105, 0.000436333, 16.3925, 0.000771623, 0.00275476, 0.000368898, 1.86025e-05, 1.30617e-06, 0.0022292, 0.00161241, 7.45293, 0.000693994, 7.15542e-05, 0.000185349, 0.00111223, 0.000845059, 0.000697275, 0.000398524, 0.000484594, 0.00125549, 0.000339267, 0.000494299, 0.000274177, 0.000235199, 0.00496113, 0.00692222, 

1.33374e-07, 4.02863e-07, 0.00443125, 0.00620203, 0.00156242, 15.8304, 2.43867, 0.000467065, 0.000368898, 0.00282052, 0.000110394, 0.000104359, 0.0121496, 0.000151538, 5.87509, 15.1808, 0.000651648, 0.000845059, 0.000180058, 0.00140555, 3.34871e-05, 0.000136951, 0.00489492, 0.000436333, 0.00275476, 17.9717, 24.2253, 0.00127986, 0.000133656, 0.00161241, 1.86025e-05, 1.30617e-06, 0.0022292, 7.15542e-05, 0.000185349, 0.00111223, 6.46766, 0.00212251, 0.000693994, 0.000771623, 0.000697275, 0.000398524, 0.000484594, 0.00125549, 0.000339267, 0.000494299, 0.000274177, 0.000235199, 0.00333064, 0.00363598, 

1.33374e-07, 4.02863e-07, 15.8304, 2.43867, 0.000467065, 9.40062, 3.59142, 0.00156242, 0.00111223, 0.000845059, 0.000110394, 0.000104359, 0.0121496, 0.000151538, 15.1808, 0.00140555, 0.000341679, 7.15542e-05, 0.000180058, 0.00275476, 3.34871e-05, 0.000136951, 0.00489492, 0.000436333, 24.2253, 0.000133656, 18.8334, 0.00127986, 0.000368898, 0.000693994, 1.86025e-05, 1.30617e-06, 0.0022292, 0.00212251, 0.000771623, 12.0785, 7.54561, 0.000185349, 0.00161241, 0.000651648, 0.000697275, 0.000398524, 0.000484594, 0.000339267, 0.000494299, 0.000274177, 0.000235199, 0.000307993, 0.00282052, 0.00333064, 

1.33374e-07, 4.02863e-07, 2.89082, 9.40062, 0.00111223, 0.000845059, 0.439405, 0.00212251, 0.00333064, 0.000467065, 0.000110394, 6.64802e-05, 0.000151538, 7.15542e-05, 0.000180058, 0.00275476, 20.2413, 0.00282052, 0.000651648, 0.000185349, 3.34871e-05, 0.000136951, 0.000436333, 0.000133656, 10.5687, 0.000368898, 0.000693994, 0.000341679, 0.00156242, 0.00127986, 1.86025e-05, 1.30617e-06, 0.0022292, 12.0785, 0.00161241, 0.00221605, 15.5538, 0.000328461, 0.000771623, 0.00140555, 0.000398524, 0.000484594, 0.000339267, 0.000494299, 0.000274177, 0.000235199, 0.000307993, 0.000235979, 0.00489492, 0.0121496, 

1.33374e-07, 4.02863e-07, 0.00111223, 0.000845059, 0.000467065, 4.32218, 0.440505, 0.00221605, 0.000771623, 0.00140555, 5.14394e-05, 6.64802e-05, 0.000151538, 0.000180058, 3.99782, 0.000651648, 0.000185349, 0.000693994, 0.000436333, 0.00282052, 3.34871e-05, 0.000136951, 0.000133656, 10.5687, 0.000368898, 0.000341679, 0.000119278, 0.00156242, 0.00275476, 7.15542e-05, 1.86025e-05, 1.30617e-06, 0.0022292, 12.0785, 8.97758, 0.000328461, 35.4264, 0.00161241, 0.00127986, 0.00212251, 0.000398524, 0.000484594, 0.000339267, 0.000274177, 0.000235199, 0.000307993, 0.000235979, 0.000155365, 0.00333064, 0.00489492, 

Best:
-2.59283e-05	

Fitness Evaluations:
3445

End Population
(-2.592831e-05), (4.506264e-05), (2.367767e-03), (-2.063880e-03), (1.534363e-03), (1.534452e-01), (4.729382e-02), (3.342224e-03), (1.972165e-03), (2.661745e-03), (-5.091972e-04), (-5.788743e-04), (8.739749e-04), (9.526755e-04), (1.980373e+00), (-1.812369e-03), (-9.665709e-04), (-1.870330e-03), (-1.483025e-03), (-3.770621e-03), (-4.108439e-04), (8.308457e-04), (-8.207920e-04), (1.792599e+00), (1.363618e-03), (-1.312346e-03), (-7.753883e-04), (2.806357e-03), (-3.726398e-03), (-6.005589e-04), (3.062131e-04), (8.114043e-05), (-3.352130e-03), (2.205098e+00), (2.974057e+00), (1.286710e-03), (-4.695081e+00), (-2.850898e-03), (2.539944e-03), (3.270923e-03), (-1.417315e-03), (-1.562891e-03), (-1.307706e-03), (-1.175586e-03), (1.088820e-03), (-1.245975e-03), (1.090624e-03), (-8.849411e-04), (4.097451e-03), (4.967387e-03), 