Iterations: 50
Function Evaluations Limit: 150000
Population: 50

Prides Length: 4

Percent Nomads: 0.2
Percent Roaming: 0.2
Percent Sex: 0.8

Mating Rate: 0.3
Mutation Probability: 0.2
Immigration Rate: 0.4

Dimensions: 1
N-Dimension Space: -100:100

Fitness Iterations:
0.149964
0.633596, 0.269695, 0.228076, 0.566548, 0.54427, 1.08813, 1.26183, 0.513167, 1.04613, 0.701918, 0.616495, 0.24978, 2.41067, 1.16721, 1.68429, 0.244964, 0.246679, 0.2348, 0.0102876, 0.0552641, 0.490605, 0.640514, 1.05235, 0.0272341, 2.63768, 0.20396, 1.95108, 1.15205, 0.0971323, 0.205845, 0.831982, 1.26305, 0.900242, 1.79556, 3.0801, 2.09091, 2.29869, 0.240603, 0.160975, 0.149964, 0.842084, 0.995947, 1.1608, 0.659931, 0.961587, 0.855731, 0.907015, 1.07121, 1.25686, 1.33133, 

0.117814, 0.135887, 0.228076, 0.26892, 0.653243, 1.04613, 0.701918, 0.566548, 0.160975, 0.513167, 0.24978, 0.460606, 1.68429, 0.244964, 0.246679, 0.0102876, 0.506591, 0.30011, 0.0552641, 0.635329, 0.286067, 0.355432, 0.803025, 0.0272341, 2.63191, 1.15205, 0.205845, 0.2348, 0.54427, 0.0971323, 0.506086, 0.49568, 0.158397, 1.79556, 3.0801, 0.358034, 0.240603, 0.20396, 0.307877, 0.149964, 0.842084, 0.280742, 0.659931, 0.855731, 0.633596, 0.616495, 0.490605, 0.661546, 0.789225, 0.95936, 

0.117814, 0.135887, 0.653243, 1.04613, 0.566548, 0.160975, 0.102212, 0.513167, 0.0971323, 0.307877, 0.24978, 0.269167, 0.506591, 0.30011, 0.0552641, 0.635329, 2.0873, 0.0728843, 0.246679, 0.26892, 0.0284877, 0.21, 0.0272341, 0.0168876, 0.205845, 0.2348, 1.43834, 0.244964, 0.240603, 0.204995, 0.280742, 0.424364, 0.158397, 1.79556, 2.63768, 0.358034, 0.20396, 0.149964, 0.0102876, 0.261155, 0.506086, 0.322999, 0.633596, 0.616495, 0.49568, 0.355432, 0.490605, 0.608825, 0.54427, 0.789225, 

0.117814, 0.135887, 0.566548, 0.160975, 0.102212, 0.513167, 2.14494, 0.0728843, 0.0168876, 0.26892, 0.197497, 0.255447, 0.506591, 0.0510994, 0.361159, 1.06823, 0.659108, 0.261155, 0.0971323, 0.246679, 0.0284877, 0.21, 0.0272341, 0.205845, 0.240603, 0.204995, 2.35558, 0.0689023, 0.149964, 0.30011, 0.269167, 0.322999, 0.158397, 1.20691, 1.28608, 0.358034, 0.0102876, 0.20396, 0.2348, 0.244964, 0.506086, 0.424364, 0.49568, 0.355432, 0.490605, 0.388214, 0.280742, 0.246787, 0.307877, 0.621302, 

0.117814, 0.135887, 0.513167, 0.701207, 0.0168876, 0.26892, 1.89312, 0.2348, 0.0102876, 0.160975, 0.197497, 0.255447, 0.0510994, 1.06823, 0.261155, 0.0971323, 1.40583, 0.246679, 0.158397, 0.102212, 0.0284877, 0.21, 0.205845, 0.240603, 2.35558, 0.149964, 0.871335, 0.0689023, 0.30011, 0.0272341, 0.246787, 0.0625211, 1.20691, 0.358034, 0.244964, 1.73705, 0.890056, 0.204995, 0.0728843, 0.20396, 0.424364, 0.355432, 0.490605, 0.388214, 0.280742, 0.269167, 0.474525, 0.322999, 0.307877, 0.361159, 

0.117814, 0.135887, 0.701207, 1.89312, 0.2348, 0.0102876, 1.21568, 0.160975, 0.0272341, 0.204995, 0.158073, 0.21784, 0.0510994, 1.06823, 0.246679, 0.102212, 2.54381, 0.0219857, 0.149964, 0.158397, 0.0284877, 0.124587, 0.205845, 1.74788, 0.0689023, 0.205064, 1.9917, 0.246663, 0.20396, 0.26892, 0.246787, 0.0625211, 0.358034, 0.158554, 0.890056, 0.0728843, 2.11862, 0.240603, 0.0168876, 0.261155, 0.424364, 0.355432, 0.388214, 0.280742, 0.269167, 0.474525, 0.322999, 0.255447, 0.307877, 0.361159, 

0.117814, 0.135887, 0.701207, 0.2348, 1.21568, 0.0272341, 0.204995, 0.160975, 0.0219857, 0.158554, 0.158073, 0.21784, 0.0510994, 0.153533, 0.246679, 0.149964, 0.158397, 0.261155, 0.147045, 0.0102876, 0.0284877, 0.124587, 0.205064, 0.246663, 0.20396, 0.26892, 1.21961, 0.205845, 0.307481, 0.102212, 0.0625211, 0.106581, 0.358034, 0.890056, 0.0728843, 0.570708, 1.5388, 0.0168876, 0.0689023, 0.240603, 0.355432, 0.18126, 0.280742, 0.269167, 0.322999, 0.255447, 0.17204, 0.246787, 0.361159, 0.428841, 

0.117814, 0.103738, 0.701207, 0.0272341, 0.204995, 0.0219857, 1.95346, 0.0728843, 0.0102876, 0.205845, 0.158073, 0.0733291, 0.0510994, 0.246679, 0.158397, 0.261155, 1.27557, 0.158554, 0.20396, 0.0731108, 0.0284877, 0.115777, 0.26892, 1.21961, 0.307481, 0.134328, 0.268997, 0.205064, 0.153533, 0.147045, 0.0625211, 0.106581, 0.358034, 0.0168876, 0.0689023, 0.240603, 2.03003, 0.102212, 0.149964, 0.160975, 0.18126, 0.280742, 0.269167, 0.255447, 0.17204, 0.246787, 0.14688, 0.175944, 0.2348, 0.246663, 

0.0822612, 0.0156342, 0.701207, 0.0272341, 0.0728843, 0.0102876, 1.61892, 0.246663, 0.205845, 0.0689023, 0.14688, 0.0733291, 0.0510994, 0.158554, 0.20396, 0.0731108, 1.30193, 0.147045, 0.153533, 0.246679, 0.0284877, 0.115777, 0.518815, 0.307481, 0.134328, 0.205064, 0.530354, 0.160975, 0.2348, 0.158397, 0.0625211, 0.106581, 0.0168876, 0.0430647, 2.03003, 0.102212, 0.149964, 0.0755874, 0.0219857, 0.204995, 0.117814, 0.280742, 0.269167, 0.255447, 0.17204, 0.246787, 0.158073, 0.175944, 0.261155, 0.26892, 

0.0156342, 0.0213071, 0.0728843, 0.0102876, 0.0689023, 1.49926, 0.593699, 0.147045, 0.149964, 0.0168876, 0.0822612, 0.0733291, 0.158554, 0.153533, 0.246679, 0.935881, 1.79732, 0.0272341, 0.0755874, 0.0731108, 0.0284877, 0.106581, 0.134328, 0.530354, 0.160975, 1.72694, 1.65929, 0.20396, 0.158397, 0.0510994, 0.0625211, 0.0518408, 2.03003, 0.102212, 0.204995, 1.98812, 1.99915, 0.0430647, 0.0219857, 0.159425, 0.117814, 0.17204, 0.246787, 0.158073, 0.175944, 0.14688, 0.0785261, 0.115777, 0.205064, 0.205845, 

0.0156342, 0.0213071, 0.0728843, 0.0102876, 0.147045, 0.622611, 2.19458, 0.149964, 0.0689023, 0.205845, 0.0822612, 0.0733291, 0.158554, 0.0272341, 0.0755874, 2.07911, 0.93935, 0.0510994, 0.0409998, 0.20396, 0.0130484, 0.106581, 0.134328, 0.370356, 0.614991, 0.0491671, 0.108928, 0.0731108, 0.205064, 0.153533, 0.0625211, 0.0518408, 0.102212, 0.204995, 1.99915, 0.0430647, 2.00214, 0.0168876, 0.0219857, 0.160975, 0.117814, 0.17204, 0.158073, 0.175944, 0.14688, 0.0785261, 0.115777, 0.15693, 0.246679, 0.593699, 

0.0156342, 0.0213071, 0.0728843, 0.0102876, 0.622611, 2.19458, 0.0689023, 0.0634903, 0.0901788, 0.134328, 0.0785261, 0.0733291, 0.158554, 0.0272341, 0.93935, 0.0409998, 0.839307, 0.0731108, 0.0510994, 0.0985001, 0.0130484, 0.106581, 0.370356, 0.0491671, 0.0285571, 0.205064, 0.153533, 0.20396, 0.205845, 0.147115, 0.0625211, 0.0518408, 0.0484457, 1.68571, 0.0430647, 0.0168876, 0.0219857, 0.0755874, 0.102212, 0.160975, 0.117814, 0.17204, 0.158073, 0.175944, 0.14688, 0.0822612, 0.115777, 0.15693, 0.246679, 0.593699, 

0.0156342, 0.0213071, 0.0728843, 0.622611, 0.0689023, 0.0901788, 1.29684, 0.0102876, 0.128478, 0.0491671, 0.0785261, 0.0733291, 0.0272341, 0.0409998, 0.0731108, 0.0985001, 1.52658, 0.0510994, 0.0755874, 0.158554, 0.0130484, 0.106581, 0.370356, 0.0285571, 0.205064, 0.153533, 0.205845, 0.0219857, 0.0634903, 0.0484457, 0.0625211, 0.0426612, 0.0430647, 0.102212, 0.160975, 1.70293, 2.08907, 0.134328, 0.147115, 0.0168876, 0.117814, 0.17204, 0.158073, 0.175944, 0.14688, 0.0822612, 0.115777, 0.15693, 0.20396, 0.234065, 

0.0156342, 0.0213071, 0.0728843, 0.622611, 0.0689023, 1.29684, 0.0102876, 0.160975, 0.0168876, 0.0491671, 0.0785261, 0.0733291, 0.0272341, 0.0731108, 0.0985001, 0.0510994, 0.911975, 0.0409998, 0.147115, 0.102212, 0.0130484, 0.0862629, 0.0285571, 0.153533, 0.205845, 0.0219857, 0.0634903, 0.0901788, 0.0755874, 0.0484457, 0.0395498, 0.0426612, 0.0430647, 1.70293, 0.134328, 0.249777, 1.17267, 0.0270905, 0.128478, 0.158554, 0.117814, 0.158073, 0.14688, 0.0822612, 0.115777, 0.15693, 0.0903807, 0.0625211, 0.20396, 0.205064, 

0.0156342, 0.0144803, 0.0728843, 0.0102876, 0.160975, 0.0956599, 1.5242, 0.0430647, 0.0272341, 0.0634903, 0.0238397, 0.0733291, 0.0731108, 0.0985001, 0.0510994, 0.147115, 0.00116353, 0.0491671, 0.0755874, 0.102212, 0.0130484, 0.0862629, 0.153533, 0.205845, 0.0219857, 0.0901788, 1.94206, 0.0168876, 0.0689023, 0.0285571, 0.0395498, 0.0426612, 1.70293, 0.134328, 1.17267, 0.0270905, 0.128478, 0.0484457, 0.0409998, 0.158554, 0.117814, 0.14688, 0.0822612, 0.115777, 0.0903807, 0.0785261, 0.0625211, 0.106923, 0.20396, 0.205064, 

0.0156342, 0.0144803, 0.160975, 0.0956599, 1.5242, 0.0430647, 0.0634903, 0.0219857, 0.0491671, 0.0731108, 0.0238397, 0.0591811, 0.00116353, 0.0755874, 0.102212, 0.488612, 0.115644, 0.0409998, 0.0728843, 0.0270905, 0.0130484, 0.0862629, 0.205845, 0.0168876, 0.0689023, 1.55071, 2.09529, 0.0102876, 0.0272341, 0.00297347, 0.0395498, 0.0426612, 0.134328, 0.270344, 0.0484457, 1.69578, 0.73978, 0.0901788, 0.0510994, 0.0285571, 0.117814, 0.0822612, 0.115777, 0.0903807, 0.0785261, 0.0625211, 0.106923, 0.0960439, 0.0985001, 0.128478, 

0.0156342, 0.0144803, 0.160975, 0.0634903, 0.0219857, 0.0491671, 0.560047, 0.00297347, 0.0510994, 0.0270905, 0.0238397, 0.0591811, 0.0755874, 0.306592, 0.115644, 0.0409998, 0.0528168, 0.00116353, 0.0484457, 0.0168876, 0.0102404, 0.0708656, 0.205845, 0.0689023, 1.55071, 0.0272341, 1.60624, 0.0956599, 0.0985001, 0.0728843, 0.0395498, 0.0426612, 0.270344, 0.0353652, 0.0901788, 0.0285571, 0.998871, 0.0731108, 0.0430647, 0.0102876, 0.0822612, 0.115777, 0.0903807, 0.0785261, 0.0625211, 0.106923, 0.0960439, 0.0933234, 0.102212, 0.128478, 

0.0153478, 0.0144803, 0.0219857, 0.560047, 0.0510994, 0.0270905, 0.735853, 0.0484457, 0.00116353, 0.0728843, 0.0238397, 0.0310471, 0.169295, 0.0528168, 0.0168876, 1.73361, 0.703883, 0.0755874, 0.00297347, 0.0409998, 0.0102404, 0.0625211, 0.0272341, 0.0956599, 0.0985001, 1.15474, 1.18698, 0.0634903, 0.0285571, 0.0452665, 0.0103659, 0.0426612, 0.270344, 0.0353652, 0.0731108, 0.0102876, 2.0001, 0.0491671, 0.0430647, 0.0689023, 0.0822612, 0.0903807, 0.0785261, 0.0708656, 0.106923, 0.0960439, 0.0396684, 0.0395498, 0.0901788, 0.102212, 

0.0153478, 0.0144803, 0.560047, 0.0510994, 0.0270905, 0.735853, 0.0728843, 0.0484457, 0.0102876, 0.0956599, 0.0238397, 0.0310471, 0.0168876, 0.568925, 0.0755874, 0.00297347, 1.4496, 0.0285571, 0.0219857, 0.0901788, 0.0102404, 0.0396684, 0.0272341, 1.15474, 1.18698, 0.0634903, 2.51572, 0.0409998, 0.0528168, 0.0689023, 0.0103659, 0.0426612, 0.0353652, 0.0731108, 2.0001, 0.0491671, 0.0430647, 0.0452665, 0.00116353, 0.0985001, 0.0822612, 0.0903807, 0.0785261, 0.0708656, 0.106923, 0.0960439, 0.0625211, 0.0395498, 0.102212, 0.169295, 

0.0144803, 0.0143606, 0.0270905, 0.735853, 0.0956599, 1.73619, 0.0134844, 0.0168876, 0.0353652, 0.0728843, 0.0133616, 0.0310471, 0.0755874, 0.00297347, 1.4496, 0.0285571, 1.9586, 0.0634903, 0.0132703, 0.0484457, 0.0102404, 0.0396684, 0.0272341, 1.15474, 1.18698, 0.0409998, 0.0528168, 0.0102876, 0.0219857, 0.0900785, 0.0103659, 0.0426612, 0.0731108, 1.77098, 0.0491671, 0.0430647, 0.0452665, 0.0689023, 0.00116353, 0.0510994, 0.0822612, 0.0903807, 0.0785261, 0.0708656, 0.0960439, 0.0625211, 0.0395498, 0.014999, 0.0901788, 0.0985001, 

0.0144803, 0.0143606, 0.0270905, 0.0956599, 0.0168876, 0.0728843, 0.0634409, 0.0528168, 0.0219857, 0.000791982, 0.0133616, 1.6569e-05, 0.0755874, 0.00297347, 0.988896, 0.0285571, 0.133323, 0.0510994, 0.0634903, 0.0272341, 0.0102404, 0.0310471, 1.18698, 0.0409998, 0.0102876, 0.0900785, 1.23614, 0.0491671, 0.0134844, 0.0132703, 0.0103659, 0.014999, 0.0731108, 0.0452665, 0.00116353, 2.06827, 2.03386, 0.0430647, 0.0484457, 0.0353652, 0.0822612, 0.0785261, 0.0708656, 0.0625211, 0.0426612, 0.0395498, 0.0396684, 0.041007, 0.0689023, 0.0901788, 

0.0144803, 0.0143606, 0.0728843, 0.0528168, 0.000791982, 9.69559e-05, 1.97175, 0.0134844, 0.0484457, 0.0219857, 0.0133616, 1.6569e-05, 0.0755874, 0.00297347, 0.988896, 0.0634903, 0.0272341, 0.0132703, 0.0634409, 0.0285571, 0.00989423, 0.0310471, 1.18698, 0.0900785, 1.17142, 0.0491671, 0.833769, 0.0510994, 0.0430647, 0.0409998, 0.0103659, 0.014999, 0.0452665, 0.00116353, 0.0353652, 0.594276, 2.23003, 0.0270905, 0.0102876, 0.0168876, 0.0822612, 0.0785261, 0.0708656, 0.0625211, 0.0426612, 0.0395498, 0.0396684, 0.041007, 0.0689023, 0.0731108, 

0.0144803, 0.0143606, 0.0528168, 1.61615, 0.0134844, 0.0484457, 0.0176843, 0.0452665, 0.0285571, 0.000791982, 0.0133616, 1.6569e-05, 0.00297347, 0.988896, 0.0132703, 0.0634409, 1.24686, 0.0353652, 0.0272341, 0.0634903, 0.00989423, 0.0310471, 0.0491671, 0.833769, 0.0510994, 0.0430647, 2.71343, 0.0409998, 9.69559e-05, 0.0689023, 0.0103659, 0.0117792, 0.00116353, 0.594276, 0.0270905, 0.0102876, 0.0168876, 0.0141249, 0.0219857, 0.0468187, 0.0708656, 0.0625211, 0.0426612, 0.0395498, 0.0396684, 0.041007, 0.0178972, 0.014999, 0.0728843, 0.0731108, 

0.0144803, 0.0143606, 0.0134844, 0.0452665, 0.000791982, 3.79817, 1.88207, 0.0219857, 0.0491671, 0.0141249, 0.0133616, 1.6569e-05, 0.0132703, 1.24686, 0.0353652, 0.0272341, 0.0634903, 0.0430647, 0.0468187, 0.0176843, 0.00989423, 0.014999, 0.0510994, 0.176899, 0.0409998, 9.69559e-05, 0.324584, 0.0528168, 0.0168876, 0.0484457, 0.0103659, 0.00987106, 0.00116353, 0.0270905, 0.0102876, 0.405245, 0.188632, 0.0634409, 0.00297347, 0.0285571, 0.0708656, 0.0625211, 0.0426612, 0.0395498, 0.0396684, 0.041007, 0.0310471, 0.0178972, 0.0689023, 0.0728843, 

0.0144803, 0.0143606, 0.0452665, 0.000791982, 0.0219857, 0.0141249, 3.06818, 0.00297347, 0.0272341, 0.0134844, 0.0133616, 1.6569e-05, 0.0132703, 1.24686, 0.0353652, 0.0430647, 0.0468187, 0.0634903, 9.69559e-05, 0.0634409, 0.00989423, 0.014999, 0.0510994, 0.0528168, 0.0484457, 1.57496, 1.01973, 0.0689023, 0.00116353, 0.0491671, 0.0103289, 0.00987106, 0.0270905, 0.0102876, 0.188632, 0.0285571, 0.156316, 0.0176843, 0.0409998, 0.0168876, 0.0625211, 0.0426612, 0.0395498, 0.0396684, 0.041007, 0.0310471, 0.0178972, 0.0319491, 0.0728843, 0.176899, 

0.0138428, 0.0143606, 0.000791982, 0.0219857, 0.0141249, 0.0272341, 0.0134844, 0.0728843, 0.0168876, 0.0353652, 0.0133616, 1.6569e-05, 0.0132703, 0.108996, 0.0634903, 0.0634409, 1.96642, 0.00297347, 0.0484457, 0.0285571, 0.00989423, 0.014999, 0.0510994, 0.0528168, 0.0689023, 0.00116353, 1.96407, 0.0452665, 9.69559e-05, 0.0491671, 0.0103289, 0.00987106, 0.0102876, 0.156316, 0.0176843, 0.0409998, 1.68153, 0.0430647, 0.0468187, 0.0270905, 0.0625211, 0.0426612, 0.0395498, 0.0396684, 0.041007, 0.0310471, 0.0178972, 0.0319491, 0.176899, 0.188632, 

0.0138428, 0.0143606, 0.0219857, 0.0272341, 0.0168876, 0.0353652, 1.89039, 0.0134844, 0.0270905, 0.0469673, 0.0133616, 1.6569e-05, 0.0132703, 0.00297347, 0.0484457, 0.0285571, 0.78231, 0.0409998, 0.000791982, 0.0452665, 0.00989423, 0.014999, 0.00116353, 0.443812, 0.0491671, 1.46403, 0.529421, 0.0468187, 9.69559e-05, 0.0510994, 0.00987157, 0.00246152, 0.0102876, 0.156316, 0.0176843, 0.0430647, 0.568914, 0.0634409, 0.0137588, 0.0141249, 0.0625211, 0.0426612, 0.0395498, 0.0396684, 0.041007, 0.0310471, 0.0178972, 0.0319491, 0.0634903, 0.0689023, 

0.0138428, 0.0143606, 0.0187254, 0.0272341, 0.0134844, 0.0270905, 0.100252, 0.0491671, 0.0137588, 0.0469673, 0.0133616, 1.6569e-05, 0.0132703, 0.78231, 0.0409998, 0.0452665, 1.87121, 0.0484457, 0.0353652, 0.0141249, 0.00989423, 0.0141467, 0.00116353, 1.46403, 0.0468187, 9.69559e-05, 2.55544, 0.0634903, 0.000791982, 0.0510994, 0.00987157, 0.00246152, 0.0102876, 0.0176843, 0.0430647, 0.0634409, 0.171832, 0.0285571, 0.0168876, 0.00297347, 0.0625211, 0.0426612, 0.0395498, 0.0396684, 0.041007, 0.0310471, 0.0178972, 0.0319491, 0.0689023, 0.113145, 

0.0138428, 0.0143606, 0.0134844, 0.0270905, 0.0137588, 1.3124, 0.764642, 0.0484457, 0.000791982, 0.0132703, 0.000949095, 1.6569e-05, 0.78231, 0.0409998, 0.0452665, 1.87121, 1.72614, 0.0141249, 0.0187254, 0.0469673, 0.00989423, 0.0141467, 1.46403, 0.0468187, 9.69559e-05, 2.55544, 0.0510994, 0.0634409, 0.0168876, 0.0491671, 0.00987157, 0.00246152, 0.0102876, 0.0176843, 0.0430647, 0.0285571, 0.00297347, 0.0272341, 0.0353652, 0.00116353, 0.0625211, 0.0426612, 0.0395498, 0.0396684, 0.041007, 0.0310471, 0.0178972, 0.0319491, 0.0634903, 0.0689023, 

0.0138428, 0.0139717, 0.0137588, 0.745828, 0.0484457, 0.000791982, 1.87553, 0.0272341, 0.0468187, 0.0102876, 0.000949095, 1.6569e-05, 0.78231, 0.50743, 1.72614, 0.0187254, 0.631651, 0.0141249, 0.0134844, 0.0409998, 0.00989423, 0.0141467, 0.876321, 9.69559e-05, 2.55544, 0.0510994, 0.0634409, 0.0270905, 0.0430647, 0.0285571, 0.00987157, 0.00246152, 0.0176843, 0.00297347, 0.0353652, 0.00116353, 1.82193, 0.0132703, 0.0452665, 0.0168876, 0.0625211, 0.0426612, 0.0395498, 0.0396684, 0.041007, 0.0310471, 0.0178972, 0.0319491, 0.0469673, 0.0491671, 

0.0138428, 0.0139717, 0.745828, 0.826076, 0.00336417, 0.0102876, 0.955421, 0.0187254, 0.0353652, 0.0491671, 0.000949095, 1.6569e-05, 0.631651, 0.0141249, 0.0134844, 0.0409998, 0.42653, 0.0132703, 0.000791982, 0.0469673, 0.00989423, 0.0141467, 9.69559e-05, 0.0270905, 0.0430647, 0.0285571, 1.58042, 0.00116353, 0.0168876, 0.0468187, 0.00987157, 0.00246152, 0.0176843, 0.00297347, 0.697737, 0.0452665, 1.22139, 0.0246781, 0.0137588, 0.0484457, 0.0426612, 0.0395498, 0.0396684, 0.041007, 0.0310471, 0.0178972, 0.0319491, 0.0621627, 0.0510994, 0.0634409, 

0.0138428, 0.0139717, 0.745828, 0.00336417, 0.0102876, 0.955421, 1.93899, 0.0353652, 0.0430647, 0.0187254, 0.000909089, 1.6569e-05, 0.0141249, 0.0134844, 0.0132703, 0.139047, 2.62844, 0.0468187, 9.69559e-05, 0.00297347, 0.00989423, 0.0141467, 0.0270905, 1.34791, 0.00116353, 0.0168876, 0.216528, 0.000791982, 0.0409998, 0.0491671, 0.00987157, 0.00246152, 0.0176843, 0.0452665, 1.2202, 0.0137588, 0.0484457, 0.0246781, 0.0469673, 0.0285571, 0.0426612, 0.0395498, 0.0396684, 0.041007, 0.0310471, 0.0178972, 0.0319491, 0.0621627, 0.0510994, 0.0634409, 

0.0138428, 0.00992277, 0.745828, 0.00336417, 0.306356, 0.341227, 0.247907, 0.0430647, 0.00116353, 0.0187254, 0.000111618, 1.6569e-05, 0.0134844, 0.0132703, 0.0468187, 9.69559e-05, 0.112995, 0.0270905, 0.0141249, 0.0353652, 0.00989423, 0.0141467, 0.216528, 0.000791982, 0.0491671, 0.635851, 2.41513, 0.00297347, 0.0452665, 0.0176843, 0.00987157, 0.00246152, 1.2202, 0.0137588, 0.0484457, 0.0246781, 0.0285571, 0.0102876, 0.0168876, 0.0409998, 0.0426612, 0.0395498, 0.0396684, 0.041007, 0.0310471, 0.0178972, 0.0319491, 0.0621627, 0.0469673, 0.0510994, 

0.0138428, 0.00992277, 0.745828, 0.341227, 0.0187254, 0.185637, 0.861778, 0.00336417, 0.0102876, 0.0285571, 3.55093e-05, 1.6569e-05, 0.0132703, 0.0270905, 0.0141249, 0.0353652, 0.169423, 0.0176843, 0.00116353, 9.69559e-05, 0.00989423, 0.0141467, 0.0491671, 2.41513, 0.00297347, 0.0452665, 0.0485699, 0.000791982, 0.0430647, 0.0484457, 0.00987157, 0.00246152, 0.0137588, 0.0246781, 0.0168876, 0.0409998, 0.026137, 0.0134844, 0.0469673, 0.0468187, 0.0426612, 0.0395498, 0.0396684, 0.041007, 0.0310471, 0.0178972, 0.0319491, 0.0621627, 0.0510994, 0.112995, 

0.0138428, 0.00992277, 0.341227, 0.0187254, 0.185637, 0.00336417, 0.0285571, 0.0246781, 0.026137, 0.0452665, 3.55093e-05, 1.6569e-05, 0.0270905, 0.0353652, 0.169423, 0.000207664, 1.46026, 0.0176843, 0.00116353, 0.0132703, 0.000351871, 0.0141467, 0.869995, 0.0485699, 0.000791982, 1.0196, 0.776926, 0.0211029, 0.0430647, 0.0102876, 0.00987157, 0.00246152, 0.0137588, 0.0168876, 0.0409998, 0.0134844, 1.64173, 0.00297347, 0.0141249, 9.69559e-05, 0.0426612, 0.0395498, 0.0396684, 0.041007, 0.0310471, 0.0178972, 0.0319491, 0.00989423, 0.0468187, 0.0469673, 

0.00989423, 0.00992277, 0.341227, 0.0187254, 0.00336417, 0.0285571, 0.0452665, 0.026137, 0.0168876, 0.0176843, 3.55093e-05, 1.6569e-05, 0.0353652, 0.169423, 1.40765, 0.0132703, 0.43031, 0.0246781, 0.000610341, 0.0141249, 0.000351871, 0.0141467, 0.869995, 0.000791982, 0.589338, 0.776926, 1.9565, 0.0102876, 0.0211029, 0.0430647, 0.00987157, 0.00246152, 0.0409998, 0.0134844, 0.00297347, 9.69559e-05, 0.700065, 0.0137588, 0.000207664, 0.0270905, 0.0426612, 0.0395498, 0.0396684, 0.041007, 0.0310471, 0.0178972, 0.0319491, 0.0138428, 0.0468187, 0.0469673, 

0.00615028, 0.00992277, 0.0187254, 0.00336417, 0.0452665, 0.026137, 1.92992, 0.0168876, 0.0270905, 0.0246781, 3.55093e-05, 1.6569e-05, 0.0353652, 0.43031, 0.0141249, 1.61973, 2.40038, 0.0211029, 0.000610341, 0.0285571, 0.000351871, 0.00548431, 0.869995, 1.9565, 0.0102876, 0.0430647, 0.00812385, 9.69559e-05, 0.00297347, 0.0134844, 0.00987157, 0.00246152, 0.0409998, 0.0137588, 0.000207664, 1.30585, 1.51662, 0.0176843, 0.000791982, 0.0132703, 0.0395498, 0.0396684, 0.0310471, 0.0178972, 0.0319491, 0.0138428, 0.0100432, 0.00989423, 0.0468187, 0.0469673, 

0.00615028, 0.00992277, 0.00336417, 0.0452665, 1.92992, 0.0168876, 1.53331, 0.000610341, 0.0285571, 0.0134844, 7.52457e-06, 1.6569e-05, 0.43031, 1.61973, 0.0211029, 0.71497, 1.05316, 0.0246781, 0.00812385, 0.0141249, 0.000351871, 0.00548431, 0.0102876, 0.0430647, 9.69559e-05, 0.00297347, 1.12772, 0.000791982, 0.026137, 0.0270905, 0.00987157, 0.00246152, 0.0409998, 0.000207664, 1.51662, 0.0176843, 1.77707, 0.0132703, 0.0137588, 0.0187254, 0.0395498, 0.0396684, 0.0310471, 0.0178972, 0.0319491, 0.0138428, 0.0100432, 0.00989423, 0.0353652, 0.0468187, 

0.00615028, 0.00992277, 0.00336417, 1.53331, 0.0134844, 0.359991, 1.26819, 0.0285571, 0.0168876, 0.0246781, 7.52457e-06, 1.6569e-05, 0.0211029, 0.71497, 0.0141249, 2.32104, 1.59418, 0.000610341, 0.0187254, 0.0102876, 0.000351871, 0.00548431, 9.69559e-05, 0.00297347, 1.12772, 0.000791982, 0.277213, 0.0176843, 0.026137, 0.0132703, 0.00987157, 0.00246152, 0.000207664, 0.229606, 1.23999, 0.280436, 1.5075, 0.0270905, 0.0137588, 0.00812385, 0.0395498, 0.0396684, 0.0310471, 0.0178972, 0.0319491, 0.0138428, 0.0100432, 0.00989423, 0.0353652, 0.0409998, 

0.00615028, 0.00989423, 0.00336417, 0.0285571, 0.0246781, 0.965016, 0.253483, 0.0102876, 0.0132703, 0.0134844, 7.52457e-06, 1.6569e-05, 0.0211029, 0.71497, 0.0141249, 0.0159415, 2.07701, 0.00812385, 0.00297347, 0.0409998, 0.000351871, 0.00548431, 9.69559e-05, 1.12772, 0.277213, 0.573699, 1.22269, 0.000791982, 0.0176843, 0.026137, 0.00987157, 0.00246152, 0.000207664, 1.23999, 0.0270905, 0.0137588, 1.99519, 0.0353652, 0.000610341, 0.0168876, 0.0395498, 0.0396684, 0.0310471, 0.0178972, 0.0319491, 0.0138428, 0.0100432, 0.00992277, 0.229606, 0.280436, 

0.00615028, 0.00989423, 0.0246781, 0.225747, 0.253483, 0.0134844, 1.2323, 0.0353652, 0.0211029, 0.0141249, 7.52457e-06, 1.6569e-05, 0.71497, 2.07701, 0.00812385, 0.00297347, 2.17715, 0.00336417, 0.00655474, 0.0102876, 0.000351871, 0.00548431, 9.69559e-05, 1.12772, 0.000791982, 0.0176843, 1.61008, 0.026137, 0.0137588, 0.000207664, 0.00987157, 0.00246152, 0.0270905, 1.99519, 0.000610341, 0.0168876, 0.506445, 0.0285571, 0.0159415, 0.0132703, 0.0395498, 0.0310471, 0.0178972, 0.0319491, 0.0138428, 0.0100432, 0.00992277, 0.0100402, 0.0409998, 0.229606, 

0.00615028, 0.00989423, 0.0246781, 0.0134844, 0.0353652, 0.0211029, 0.789831, 9.69559e-05, 0.00812385, 0.026137, 7.52457e-06, 1.6569e-05, 0.71497, 0.00297347, 0.00336417, 0.00655474, 0.0102876, 0.253483, 0.225747, 0.0976176, 0.000351871, 0.00165311, 1.12772, 0.000791982, 0.0176843, 0.000207664, 1.99871, 0.0159415, 0.0137588, 0.229606, 0.00987157, 0.00246152, 1.99519, 0.000610341, 0.0168876, 0.0285571, 0.0132703, 0.0141249, 0.0270905, 0.0409998, 0.0395498, 0.0310471, 0.0178972, 0.0319491, 0.0138428, 0.0100432, 0.00992277, 0.0100402, 0.506445, 0.665222, 

0.00615028, 0.00989423, 0.0246781, 0.0353652, 0.789831, 9.69559e-05, 2.01228, 0.0102876, 0.000610341, 0.000207664, 7.52457e-06, 1.6569e-05, 0.247124, 0.00336417, 0.0107078, 0.112426, 1.23818, 0.0134396, 0.00297347, 0.00812385, 0.000351871, 0.00165311, 0.0176843, 1.99871, 0.0137588, 1.25134, 2.01989, 0.0134844, 0.000791982, 0.0159415, 0.00987157, 0.00246152, 1.49877, 0.0168876, 0.0285571, 0.0270905, 1.70901, 0.0132703, 0.0141249, 0.00655474, 0.0310471, 0.0178972, 0.0319491, 0.0138428, 0.0100432, 0.00992277, 0.0100402, 0.0116261, 0.0211029, 0.026137, 

0.000614543, 0.00989423, 0.0246781, 0.0102876, 0.000207664, 0.601443, 1.18852, 0.000791982, 0.0211029, 0.0168876, 7.52457e-06, 1.6569e-05, 0.00336417, 0.0107078, 0.112426, 6.11511e-05, 0.00812385, 0.026137, 0.00297347, 0.0176843, 2.99547e-05, 0.00165311, 0.0137588, 1.25134, 0.0134844, 0.0159415, 0.0582249, 9.69559e-05, 0.0270905, 0.000610341, 0.00987157, 0.00246152, 1.22821, 1.70901, 0.0113707, 0.0141249, 2.1921, 3.31044e-05, 0.00655474, 0.0285571, 0.0310471, 0.0178972, 0.0138428, 0.0100432, 0.00992277, 0.0100402, 0.0116261, 0.000351871, 0.0353652, 0.247124, 

0.000351871, 0.00989423, 0.0246781, 1.18852, 0.0168876, 1.62738, 2.01016, 9.69559e-05, 6.11511e-05, 0.00655474, 7.52457e-06, 1.6569e-05, 0.00336417, 0.00812385, 0.00297347, 0.0176843, 2.05929, 0.0211029, 0.0113707, 0.0107078, 2.99547e-05, 0.00165311, 1.25134, 0.0134844, 0.0582249, 0.0270905, 0.000610341, 0.000791982, 0.0159415, 3.31044e-05, 0.00987157, 0.00246152, 1.22821, 0.0141249, 0.0285571, 2.88962, 0.904307, 0.0137588, 0.000207664, 0.0102876, 0.0310471, 0.0178972, 0.0138428, 0.0100432, 0.00992277, 0.0100402, 0.0116261, 0.000614543, 0.026137, 0.0353652, 

0.000351871, 0.000614543, 0.0246781, 1.68624, 9.69559e-05, 1.80182, 2.55542, 0.0159415, 0.0107078, 0.0141249, 7.52457e-06, 1.6569e-05, 0.00812385, 0.0176843, 0.0113707, 1.41123, 0.0252861, 6.11511e-05, 0.0168876, 0.00297347, 2.99547e-05, 0.00122415, 0.0582249, 0.0270905, 0.000791982, 3.31044e-05, 0.770025, 0.00336417, 0.0134844, 0.00655474, 0.00987157, 0.00246152, 1.22821, 0.0285571, 0.000207664, 0.967084, 2.15438, 0.0102876, 0.000610341, 0.0137588, 0.0178972, 0.0138428, 0.0100432, 0.00992277, 0.0100402, 0.0116261, 0.00989423, 0.0152819, 0.0211029, 0.026137, 

7.86809e-05, 0.000614543, 9.69559e-05, 1.80182, 2.55542, 0.0159415, 0.0107078, 3.31044e-05, 0.00118302, 0.0211029, 7.52457e-06, 1.6569e-05, 0.00812385, 0.0176843, 0.0252861, 0.00297347, 1.49013, 0.0134844, 0.000610341, 0.00447507, 2.99547e-05, 0.00122415, 0.0582249, 0.0270905, 0.00336417, 0.0593108, 0.92966, 6.11511e-05, 0.000791982, 0.0137588, 0.00987157, 0.00246152, 0.000207664, 0.967084, 1.37174, 0.0102876, 0.0117177, 0.0113707, 0.0141249, 0.00655474, 0.0138428, 0.0100432, 0.00992277, 0.0100402, 0.0116261, 0.00989423, 0.0152819, 0.00129064, 0.0246781, 0.026137, 

7.86809e-05, 0.000614543, 1.39726, 0.0159415, 0.0211029, 0.535152, 1.72273, 0.0107078, 9.69559e-05, 0.000791982, 7.52457e-06, 1.6569e-05, 0.00812385, 0.0252861, 0.00297347, 0.0134844, 0.302927, 0.000610341, 3.31044e-05, 0.00336417, 2.99547e-05, 0.00122415, 0.0270905, 0.92966, 0.0137588, 1.39976, 2.40268, 0.00447507, 0.00118302, 0.0113707, 0.00987157, 0.00246152, 0.967084, 1.37174, 0.0102876, 0.0117177, 0.00655474, 0.000207664, 6.11511e-05, 0.0141249, 0.0138428, 0.0100432, 0.00992277, 0.0100402, 0.0116261, 0.00989423, 0.0152819, 0.00129064, 0.0176843, 0.0246781, 

7.86809e-05, 0.000614543, 1.39726, 0.0159415, 0.0107078, 9.69559e-05, 1.9936, 0.000207664, 0.00118302, 0.0113707, 7.52457e-06, 1.18284e-05, 0.00812385, 0.00297347, 0.000610341, 3.31044e-05, 0.133974, 0.0246781, 0.00336417, 0.0176843, 2.99547e-05, 0.00122415, 0.0270905, 0.0137588, 2.40268, 0.00447507, 2.03259, 0.0141249, 0.00655474, 0.0211029, 0.00129064, 0.00246152, 0.0102876, 0.0117177, 6.11511e-05, 1.89518, 0.641652, 0.000791982, 0.0252861, 0.0134844, 0.0138428, 0.0100432, 0.00992277, 0.0100402, 0.0116261, 0.00989423, 0.0152819, 0.00987157, 0.201811, 0.222311, 

7.86809e-05, 0.000614543, 1.39726, 0.0107078, 9.69559e-05, 0.0113707, 1.06934, 0.0102876, 0.000207664, 0.000791982, 7.52457e-06, 1.18284e-05, 0.00812385, 0.0246781, 0.00336417, 0.000150411, 0.707358, 0.00297347, 0.0176843, 0.0191698, 2.99547e-05, 9.40663e-05, 0.0137588, 2.40268, 0.00447507, 0.0141249, 0.0211029, 0.000610341, 0.00655474, 3.31044e-05, 0.00129064, 0.00185923, 0.0117177, 6.11511e-05, 0.891389, 0.641652, 1.20094, 0.0159415, 0.00118302, 0.0134844, 0.0138428, 0.0100432, 0.00992277, 0.0100402, 0.0116261, 0.00989423, 0.00987157, 0.00122415, 0.0252861, 0.0270905, 

Best:
-0.00387835	

Fitness Evaluations:
3507

End Population
(1.254134e-02), (3.505134e-02), (-4.246509e+01), (6.321102e+00), (1.392186e-02), (6.334920e+00), (6.320953e+01), (6.250968e+00), (-2.037484e-02), (3.979172e-02), (-3.878355e-03), (-4.862606e-03), (-1.275209e-01), (-6.107735e+00), (-8.202896e-02), (1.734012e-02), (-2.622044e+01), (7.711622e-02), (6.405145e+00), (-1.960698e-01), (-7.738197e-03), (1.371282e-02), (-6.191783e+00), (-4.770902e+01), (-9.461683e-02), (-6.187725e+00), (-2.057515e-01), (3.493130e-02), (1.145306e-01), (-8.134869e-03), (-5.079899e-02), (6.097333e-02), (6.219172e+00), (-1.105632e-02), (1.113564e+01), (5.038400e+01), (1.082306e+01), (-6.390312e+00), (-4.863459e-02), (6.194952e+00), (6.369247e+00), (6.261153e+00), (6.269268e+00), (6.261314e+00), (-1.525969e-01), (-6.272358e+00), (-6.276332e+00), (-4.947293e-02), (2.253026e-01), (-6.094195e+00), 