Iterations: 50
Function Evaluations Limit: 150000
Population: 50

Prides Length: 4

Percent Nomads: 0.2
Percent Roaming: 0.2
Percent Sex: 0.8

Mating Rate: 0.3
Mutation Probability: 0.2
Immigration Rate: 0.4

Dimensions: 1
N-Dimension Space: -100:100

Fitness Iterations:
0.0625934
0.345038, 0.369563, 0.197587, 2.26854, 0.551877, 2.63768, 0.835821, 0.604656, 0.823538, 1.49378, 0.400279, 0.640525, 1.21066, 1.31658, 2.41486, 2.15405, 1.21442, 1.68634, 0.199953, 0.576536, 0.485514, 0.531671, 1.64224, 2.63768, 2.20475, 2.63768, 0.488581, 0.0625934, 1.61155, 1.3411, 0.962992, 0.208469, 0.023352, 0.46133, 1.07509, 1.90386, 0.214784, 0.318101, 0.514902, 0.484666, 1.29407, 1.15798, 0.542344, 1.25291, 1.19394, 1.37587, 1.35785, 1.03714, 1.76244, 1.8066, 

0.298992, 0.326838, 0.0726313, 2.26854, 0.835821, 1.40069, 0.483377, 0.994789, 0.5932, 0.604656, 0.400279, 0.0942943, 1.21066, 0.469794, 0.199953, 0.576536, 1.76585, 0.0625934, 0.514902, 0.952917, 0.485514, 0.531671, 0.670482, 0.959173, 1.43461, 0.488581, 0.100978, 0.551877, 1.08555, 0.823538, 0.392298, 0.208469, 0.023352, 0.206012, 0.318101, 0.316666, 2.10138, 0.298932, 1.09714, 1.07509, 1.29407, 1.07098, 0.542344, 1.25291, 1.19394, 1.03714, 0.742712, 1.0444, 1.21442, 1.3411, 

0.298992, 0.326838, 0.835821, 1.40069, 0.604656, 0.529436, 0.601329, 0.5932, 0.0726313, 0.298932, 0.0942943, 0.234307, 1.14378, 0.469794, 0.199953, 0.514902, 2.11204, 0.172882, 0.576536, 0.483377, 0.332174, 0.182363, 0.300992, 1.43461, 0.0691118, 0.823538, 0.530346, 0.488581, 0.023352, 0.100978, 0.392298, 0.208469, 0.206012, 0.316666, 1.09714, 1.07509, 1.27689, 0.391594, 0.318101, 0.0625934, 0.542344, 0.485514, 1.03714, 0.742712, 0.467999, 0.400279, 0.531671, 0.488029, 0.670482, 0.85667, 

0.123184, 0.267717, 0.453193, 0.601329, 0.0726313, 0.298932, 0.881576, 1.62191e-05, 0.300992, 0.391594, 0.0942943, 0.234307, 0.129053, 0.198257, 0.514902, 0.604755, 1.66758, 0.488581, 0.0691118, 0.469794, 0.332174, 0.168734, 0.720103, 0.023352, 0.0646911, 1.60565, 0.503432, 0.4281, 0.0625934, 0.529436, 0.208469, 0.157835, 0.206012, 1.09714, 1.07509, 0.164791, 0.114934, 0.316666, 0.318101, 0.483377, 0.485514, 0.467999, 0.400279, 0.488029, 0.326838, 0.34843, 0.429146, 0.392298, 0.530346, 0.5932, 

0.0361737, 0.267717, 0.0726313, 0.298932, 0.881576, 0.391594, 0.383012, 0.453193, 0.277508, 1.62191e-05, 0.0942943, 0.234307, 0.198257, 0.0691118, 0.469794, 0.573269, 1.5396, 0.0599517, 0.164791, 0.318101, 0.332174, 0.168734, 0.023352, 0.503432, 0.4281, 0.0625934, 0.407669, 0.129053, 0.0646911, 0.300992, 0.163337, 0.157835, 1.09714, 0.114934, 0.316666, 0.483377, 1.56748, 0.110059, 0.206012, 0.17245, 0.123184, 0.467999, 0.400279, 0.326838, 0.34843, 0.429146, 0.392298, 0.26822, 0.488581, 0.514902, 

0.0361737, 0.267717, 0.0726313, 0.881576, 0.391594, 0.383012, 1.91668, 0.277508, 0.17245, 1.62191e-05, 0.039487, 0.234307, 0.198257, 0.0691118, 0.573269, 0.0599517, 2.41347, 0.0964672, 0.298932, 0.114934, 0.168734, 0.174051, 0.023352, 0.4281, 0.407669, 0.300992, 0.0937206, 0.0625934, 0.0376704, 0.164791, 0.123184, 0.157835, 1.09714, 0.483377, 1.56748, 0.110059, 0.296916, 0.129053, 0.206012, 0.167827, 0.163337, 0.326838, 0.34843, 0.26822, 0.0942943, 0.35695, 0.332174, 0.323163, 0.316666, 0.318101, 

0.0361737, 0.0942943, 0.0726313, 0.881576, 0.391594, 1.91668, 0.742818, 0.023352, 0.0937206, 0.0905676, 0.039487, 0.124603, 0.573269, 0.490588, 0.0964672, 0.114934, 1.54917, 0.198257, 0.0442741, 0.0376704, 0.0924427, 0.174051, 0.407669, 0.0625934, 0.164791, 1.98104, 0.413836, 0.110059, 0.0691118, 1.62191e-05, 0.123184, 0.157835, 1.09714, 0.483377, 0.296916, 0.0295041, 0.161002, 0.17245, 0.0599517, 0.167827, 0.267717, 0.326838, 0.34843, 0.26822, 0.163337, 0.35695, 0.332174, 0.323163, 0.206012, 0.277508, 

0.0361737, 0.0942943, 0.881576, 0.406164, 0.023352, 0.0937206, 1.48196, 0.0691118, 0.0295041, 0.161002, 0.039487, 0.124603, 0.573269, 0.490588, 0.0964672, 0.157863, 0.0442741, 0.0726313, 0.206012, 0.0476678, 0.0924427, 0.148006, 0.0625934, 0.164791, 1.98104, 0.413836, 0.110059, 0.0905676, 0.114934, 0.0376704, 0.123184, 0.14793, 1.09714, 0.483377, 0.17245, 0.0599517, 0.892329, 0.104719, 1.62191e-05, 0.0313715, 0.267717, 0.326838, 0.26822, 0.163337, 0.332174, 0.323163, 0.328097, 0.157835, 0.277508, 0.296916, 

0.0361737, 0.0942943, 0.023352, 0.0937206, 1.48196, 0.0295041, 0.669055, 0.104719, 0.206012, 0.110059, 0.039487, 0.100631, 0.0964672, 0.0442741, 0.0726313, 0.0398954, 3.32634, 0.0376704, 0.0691118, 0.277508, 0.0924427, 0.148006, 0.0625934, 0.0955835, 1.98104, 0.114934, 1.70536, 0.0599517, 0.157863, 0.161002, 0.123184, 0.14793, 0.483377, 0.17245, 0.892329, 1.62191e-05, 0.432802, 0.296916, 0.0313715, 0.0905676, 0.21713, 0.26822, 0.163337, 0.157835, 0.320956, 0.124603, 0.209249, 0.25216, 0.406164, 0.413836, 

0.0361737, 0.0316257, 0.023352, 0.0937206, 0.0295041, 0.110059, 1.18585, 0.206012, 0.0313715, 0.157863, 0.039487, 0.0579968, 0.0964672, 0.0726313, 2.63768, 0.0146382, 0.0691118, 0.212347, 0.0818283, 0.104719, 0.0924427, 0.0951305, 0.0625934, 1.98104, 0.0599517, 0.161002, 1.45388, 0.141736, 0.17245, 0.0398954, 0.100631, 0.124603, 0.483377, 0.892329, 1.62191e-05, 0.296916, 0.0905676, 0.114934, 0.0955835, 0.0442741, 0.21713, 0.26822, 0.163337, 0.157835, 0.14793, 0.209249, 0.25216, 0.123184, 0.277508, 0.406164, 

0.0361737, 0.0316257, 0.023352, 0.0937206, 0.0295041, 0.157863, 1.54982, 0.0146382, 0.0442741, 0.0925135, 0.039487, 0.0579968, 0.0964672, 2.63768, 0.0818283, 0.537186, 2.5317, 0.0955835, 0.0691118, 0.0905676, 0.0924427, 0.0951305, 1.11498, 0.161002, 1.45388, 0.141736, 0.17245, 0.104719, 0.0398954, 0.0313715, 0.069302, 0.124603, 0.892329, 1.62191e-05, 0.296916, 0.648127, 1.80209, 0.0625934, 0.0599517, 0.0726313, 0.21713, 0.163337, 0.157835, 0.14793, 0.209249, 0.123184, 0.14072, 0.100631, 0.110059, 0.114934, 

0.0361737, 0.0316257, 0.0937206, 0.0295041, 0.0442741, 2.02002, 0.519845, 0.023352, 0.0146382, 0.0599517, 0.039487, 0.0579968, 2.11794, 0.537186, 0.0955835, 0.62743, 1.67029, 0.0905676, 0.0964672, 0.0313715, 0.0924427, 0.0948005, 1.11498, 0.141736, 0.17245, 0.104719, 0.0568326, 0.0923198, 0.0818283, 0.110059, 0.069302, 0.00445624, 0.892329, 0.648127, 1.80209, 0.0625934, 0.0726313, 1.62191e-05, 0.0691118, 0.0398954, 0.163337, 0.157835, 0.14793, 0.209249, 0.123184, 0.14072, 0.100631, 0.0951305, 0.114934, 0.157863, 

0.0361737, 0.0316257, 0.378404, 0.519845, 0.023352, 0.0108647, 1.98234, 0.0313715, 0.0146382, 0.0442741, 0.039487, 0.0579968, 1.44407, 0.0955835, 0.0905676, 0.0885989, 1.44705, 0.0964672, 0.0923198, 0.0691118, 0.0633081, 0.069302, 1.11498, 0.104719, 0.0818283, 0.110059, 0.479546, 0.0625934, 0.0295041, 0.0937206, 0.00445624, 0.0469855, 1.80209, 1.62191e-05, 0.0398954, 0.260647, 1.19835, 0.0568326, 0.114934, 0.0726313, 0.157835, 0.14793, 0.123184, 0.14072, 0.100631, 0.0951305, 0.0924427, 0.0948005, 0.141736, 0.157863, 

0.0361737, 0.0316257, 0.378404, 0.0108647, 1.85892, 0.0146382, 0.952854, 0.011878, 0.0625934, 0.0568326, 0.039487, 0.0108134, 0.0885989, 1.44705, 0.0964672, 0.0691118, 0.0276, 0.0313715, 0.0726313, 0.023352, 0.0633081, 0.069302, 0.104719, 0.0818283, 0.110059, 0.0295041, 1.83981, 0.0955835, 0.0923198, 0.0905676, 0.00445624, 0.0469855, 1.80209, 1.62191e-05, 0.0398954, 0.114934, 1.40674, 0.00132726, 0.0937206, 0.0442741, 0.14793, 0.123184, 0.14072, 0.100631, 0.0951305, 0.0924427, 0.0948005, 0.0579968, 0.141736, 0.157863, 

0.0361737, 0.0231093, 0.378404, 0.0108647, 0.952854, 0.0625934, 0.111437, 0.0295041, 0.0146382, 1.62191e-05, 0.039487, 0.0108134, 0.0885989, 0.0691118, 0.0726313, 0.023352, 2.36185, 0.110059, 0.0964672, 0.011878, 0.0579968, 0.069302, 0.104719, 0.0818283, 0.0955835, 0.0905676, 0.882959, 0.0937206, 0.0276, 0.0313715, 0.00445624, 0.0469855, 0.0398954, 0.114934, 0.950358, 0.00132726, 0.0442741, 0.0923198, 0.0568326, 0.0152842, 0.14793, 0.123184, 0.14072, 0.100631, 0.0951305, 0.0924427, 0.0948005, 0.0633081, 0.141736, 0.157863, 

0.0361737, 0.0231093, 0.0108647, 0.952854, 0.0295041, 1.62191e-05, 2.22225, 0.011878, 0.0885989, 0.0152842, 0.039487, 0.0108134, 0.0691118, 0.0726313, 0.023352, 0.0410702, 0.0964672, 0.0146382, 0.0955835, 0.0313715, 0.0579968, 0.069302, 0.0905676, 0.246983, 0.0937206, 0.0276, 0.184922, 0.104719, 0.0398954, 0.0751178, 0.00445624, 0.010042, 0.114934, 0.0442741, 0.0568326, 0.412944, 0.698418, 0.00132726, 0.0923198, 0.0625934, 0.14793, 0.123184, 0.14072, 0.100631, 0.0951305, 0.0924427, 0.0948005, 0.0633081, 0.111437, 0.141736, 

0.0361737, 0.0231093, 0.952854, 0.0295041, 0.011878, 0.168409, 0.484113, 0.00132726, 0.0754237, 1.62191e-05, 0.039487, 0.0108134, 0.0691118, 0.023352, 0.0146382, 0.0313715, 0.88599, 0.0410702, 0.0442741, 0.0108647, 0.0579968, 0.0633081, 0.00986963, 0.184922, 0.104719, 0.0398954, 0.0751178, 0.0528884, 0.0905676, 0.0726313, 0.00445624, 0.010042, 0.106254, 0.0568326, 0.412944, 0.0625934, 0.303507, 0.0276, 0.0885989, 0.0152842, 0.123184, 0.14072, 0.100631, 0.0951305, 0.0924427, 0.0948005, 0.069302, 0.080214, 0.0923198, 0.0955835, 

0.0361737, 0.0231093, 0.952854, 0.0295041, 0.011878, 0.358989, 2.55723, 0.0691118, 0.0398954, 0.0276, 0.039487, 0.0108134, 0.0313715, 0.667886, 0.0410702, 0.0108647, 1.28136, 0.0568326, 0.0442741, 0.00986963, 0.0579968, 0.0633081, 0.184922, 0.0751178, 0.0528884, 0.0905676, 1.8, 0.0146382, 0.0625934, 1.62191e-05, 0.00445624, 0.010042, 0.106254, 0.412944, 0.0885989, 0.0152842, 0.61162, 0.023352, 0.0726313, 0.00132726, 0.123184, 0.14072, 0.100631, 0.0951305, 0.0924427, 0.0948005, 0.069302, 0.080214, 0.0754237, 0.0923198, 

0.0361737, 0.0231093, 0.0295041, 0.011878, 2.55723, 0.0398954, 0.0276, 0.0442741, 0.0691118, 0.0625934, 0.039487, 0.0108134, 0.667886, 0.0108647, 1.28136, 2.15629, 2.06141, 0.00986963, 0.0641244, 0.0313715, 0.0579968, 0.0167, 0.184922, 0.0751178, 0.0905676, 0.605437, 2.8424, 0.0410702, 1.62191e-05, 0.023352, 0.00445624, 0.010042, 0.106254, 0.0885989, 0.0152842, 0.61162, 0.00132726, 0.0528884, 0.0568326, 0.0146382, 0.123184, 0.100631, 0.0951305, 0.0924427, 0.0948005, 0.069302, 0.080214, 0.0633081, 0.0726313, 0.0754237, 

0.0361737, 0.0231093, 0.0295041, 0.011878, 1.54729, 0.0398954, 0.0442741, 0.0625934, 0.0572555, 0.0146382, 0.039487, 0.0108134, 0.0108647, 0.62034, 0.0641244, 1.372, 1.97066, 0.0568326, 0.0203401, 0.023352, 0.048849, 0.0167, 0.0905676, 0.605437, 2.12263, 1.55836, 1.0732, 0.0410702, 0.0691118, 0.00986963, 0.00445624, 0.010042, 0.0152842, 0.00132726, 0.0528884, 2.33744, 0.330094, 1.62191e-05, 0.0276, 0.0313715, 0.100631, 0.0951305, 0.0924427, 0.0948005, 0.069302, 0.080214, 0.0633081, 0.0579968, 0.0726313, 0.0754237, 

0.0361737, 0.0231093, 0.0295041, 0.011878, 0.0442741, 0.0572555, 1.35865, 0.0313715, 0.0528884, 0.023352, 0.039487, 0.0108134, 0.0108647, 0.62034, 0.0641244, 1.372, 1.97066, 0.0146382, 0.00986963, 0.0726313, 0.0355333, 0.0167, 2.12263, 1.55836, 0.417708, 0.0410702, 0.073989, 1.62191e-05, 0.0625934, 0.0568326, 0.00445624, 0.010042, 0.0152842, 0.00132726, 0.330094, 0.0276, 1.48838, 0.0203401, 0.0691118, 0.0398954, 0.0951305, 0.0924427, 0.0948005, 0.069302, 0.080214, 0.0633081, 0.0579968, 0.0633771, 0.0754237, 0.0905676, 

0.0361737, 0.0231093, 0.0442741, 0.0572555, 1.35865, 0.00394493, 0.415055, 0.0410702, 0.0528884, 0.011878, 0.039487, 0.0108134, 0.0108647, 0.0641244, 0.940365, 0.0146382, 0.0726313, 0.023352, 0.0295041, 1.62191e-05, 0.0355333, 0.0167, 1.99896, 1.55836, 0.0499554, 0.0568326, 0.237834, 0.0276, 0.0313715, 0.0625934, 0.00445624, 0.010042, 0.0152842, 0.00132726, 0.0203401, 0.0398954, 1.32406, 0.0754237, 0.00986963, 0.0691118, 0.0924427, 0.069302, 0.080214, 0.0633081, 0.0579968, 0.0633771, 0.0694608, 0.0897865, 0.0905676, 0.253387, 

0.0361737, 0.0231093, 1.35865, 0.00394493, 0.415055, 0.0410702, 0.0179579, 0.0213502, 0.011878, 0.0499554, 0.039487, 0.0108134, 0.0146382, 0.0726313, 0.0295041, 1.62191e-05, 1.57042, 0.0641244, 0.0313715, 0.0572555, 0.0355333, 0.0167, 1.55836, 0.0276, 0.0625934, 0.322098, 2.45131, 0.0568326, 0.00986963, 0.0108647, 0.00445624, 0.010042, 0.00132726, 0.0203401, 0.0398954, 0.0754237, 0.371147, 0.0442741, 0.0152842, 0.023352, 0.069302, 0.080214, 0.0633081, 0.0579968, 0.0633771, 0.0694608, 0.0897865, 0.049546, 0.0691118, 0.0905676, 

0.0187732, 0.0231093, 0.00394493, 0.0410702, 0.011878, 0.0499554, 1.63674, 0.0106848, 0.0108647, 0.0691118, 0.039487, 0.0108134, 0.0146382, 0.0726313, 1.62191e-05, 0.0313715, 0.0572555, 0.0203401, 0.0905676, 0.0442741, 0.0355333, 0.0167, 0.0625934, 0.322098, 0.0568326, 0.00986963, 0.487357, 0.0641244, 0.0754237, 0.0179579, 0.00445624, 0.010042, 0.00132726, 0.371147, 0.0152842, 0.023352, 0.0218968, 0.0398954, 0.0276, 0.0213502, 0.069302, 0.080214, 0.0633081, 0.0579968, 0.0633771, 0.0694608, 0.049546, 0.0700652, 0.415055, 0.687129, 

0.0187732, 0.0231093, 0.011878, 0.0207658, 1.63674, 0.0106848, 0.0108647, 0.00606741, 0.0218968, 0.0625934, 0.039487, 0.0108134, 0.0726313, 1.62191e-05, 0.0313715, 0.0572555, 0.0203401, 0.00986963, 0.023352, 0.0083583, 0.0355333, 0.0108528, 0.322098, 0.0641244, 0.0179579, 0.425581, 1.03678, 0.0568326, 0.00394493, 0.0691118, 0.00445624, 0.010042, 0.00132726, 0.371147, 0.0398954, 0.0276, 1.18765, 0.0442741, 0.0213502, 0.0146382, 0.069302, 0.080214, 0.0633081, 0.0579968, 0.0633771, 0.0694608, 0.049546, 0.0700652, 0.0754237, 0.0905676, 

0.0146456, 0.0226746, 1.63674, 0.0106848, 0.0218968, 0.0625934, 0.233295, 0.0108647, 0.0572555, 0.011878, 0.039487, 0.0108134, 0.0726313, 1.62191e-05, 0.0313715, 0.00986963, 0.023352, 0.0213502, 0.0641244, 0.00606741, 0.0355333, 0.0108528, 0.0179579, 0.120463, 0.00394493, 0.0691118, 0.107056, 0.0203401, 0.00132726, 0.0568326, 0.00292493, 0.010042, 0.0398954, 0.0276, 0.481521, 0.0146382, 0.12535, 0.0083583, 0.0442741, 0.0207658, 0.069302, 0.0633081, 0.0579968, 0.0633771, 0.0694608, 0.049546, 0.0700652, 0.0187732, 0.0754237, 0.0905676, 

0.0146456, 0.0226746, 0.0106848, 0.233295, 0.0572555, 0.496639, 0.805603, 0.0218968, 0.0083583, 0.0099585, 0.0108134, 0.0187732, 0.0726313, 1.62191e-05, 0.00986963, 0.023352, 0.0150582, 0.0276, 0.0213502, 0.00606741, 0.0170076, 0.0108528, 0.0179579, 0.00394493, 0.107056, 2.40376, 1.59548, 0.0568326, 0.00132726, 0.011878, 0.00292493, 0.010042, 0.0398954, 0.0442741, 0.0207658, 1.90294, 1.7137, 0.0313715, 0.0108647, 0.0146382, 0.069302, 0.0633081, 0.0579968, 0.0633771, 0.0694608, 0.049546, 0.0338953, 0.039487, 0.0625934, 0.0641244, 

0.0110969, 0.0220118, 0.0106848, 0.496639, 0.0099585, 0.151034, 1.30786, 0.0572555, 0.0398954, 1.62191e-05, 0.0108134, 0.0187732, 0.0726313, 0.0150582, 0.0276, 0.0213502, 1.56571, 0.0218968, 0.0083583, 0.00394493, 0.0170076, 0.0108528, 0.0179579, 0.0568326, 0.00132726, 0.011878, 0.282874, 0.023352, 0.00606741, 0.0442741, 0.00292493, 0.010042, 1.90294, 1.7137, 0.0313715, 0.0146382, 0.887555, 0.0108647, 0.00986963, 0.0207658, 0.069302, 0.0633081, 0.0579968, 0.0633771, 0.049546, 0.0338953, 0.039487, 0.0595289, 0.0625934, 0.0641244, 

0.0110969, 0.0220118, 0.0099585, 0.151034, 1.62191e-05, 0.949464, 1.32799, 0.0207658, 0.0179579, 0.00394493, 0.0108134, 0.0187732, 0.0276, 1.22479, 0.0218968, 0.0083583, 0.0588901, 0.0150582, 0.011878, 0.0108647, 0.0170076, 0.0108528, 0.0568326, 0.023352, 0.00606741, 0.0442741, 1.54083, 0.0313715, 0.0106848, 0.0146382, 0.00292493, 0.010042, 1.76432, 0.717733, 0.00986963, 1.51667, 2.14547, 0.0213502, 0.0398954, 0.00132726, 0.0633081, 0.0579968, 0.049546, 0.0338953, 0.039487, 0.0595289, 0.0606622, 0.0367737, 0.0572555, 0.0625934, 

0.0110969, 0.0220118, 0.0099585, 0.151034, 1.62191e-05, 1.32799, 0.0207658, 0.00606741, 0.0150582, 0.0442741, 0.0108134, 0.011796, 0.0276, 0.0218968, 0.011878, 0.0108647, 2.12094, 0.00394493, 0.0313715, 0.023352, 0.0170076, 0.0108528, 0.0568326, 1.54083, 0.0106848, 1.95109, 0.1528, 0.00986963, 0.028413, 0.0179579, 0.00292493, 0.010042, 2.14547, 0.0213502, 0.0398954, 0.00132726, 1.40767, 0.0134584, 0.0146382, 0.0083583, 0.0579968, 0.049546, 0.0338953, 0.039487, 0.0595289, 0.0606622, 0.0367737, 0.0187732, 0.0572555, 0.0588901, 

0.0110969, 0.0220118, 0.151034, 1.62191e-05, 1.32799, 0.0442741, 2.3773, 0.00986963, 0.0106848, 0.0099585, 0.0108134, 0.011796, 0.0276, 0.0218968, 0.011878, 0.0108647, 2.12094, 0.0146382, 0.023352, 0.0150582, 0.0122042, 0.00988017, 1.54083, 1.95109, 0.028413, 0.0179579, 1.15054, 0.0398954, 0.00606741, 0.0313715, 0.00292493, 0.010042, 1.18845, 0.00132726, 0.0134584, 0.0083583, 0.729522, 0.0207658, 0.0213502, 0.00394493, 0.0579968, 0.049546, 0.0338953, 0.039487, 0.0595289, 0.0606622, 0.0367737, 0.0187732, 0.0568326, 0.0572555, 

0.0110969, 0.0187732, 0.0442741, 1.0026, 0.00986963, 0.0099585, 0.0251466, 0.0106848, 0.00189301, 0.0331051, 0.0108134, 0.011796, 0.0276, 0.0218968, 0.011878, 0.0108647, 0.614442, 0.023352, 0.0568326, 0.0179579, 0.0122042, 0.00988017, 0.0625183, 0.0398954, 0.00606741, 0.0313715, 0.0788692, 0.00394493, 0.0146382, 0.0213502, 0.00292493, 0.010042, 1.18845, 0.00132726, 0.0134584, 0.0083583, 0.986555, 0.028413, 0.0150582, 1.62191e-05, 0.0579968, 0.049546, 0.0338953, 0.039487, 0.0595289, 0.0606622, 0.0367737, 0.0220118, 0.0572555, 0.0878047, 

0.0110969, 0.0122266, 1.0026, 0.0251466, 0.0106848, 0.0331051, 2.67234, 0.0179579, 0.0099585, 0.0442741, 0.0101658, 0.011796, 0.0218968, 0.011878, 0.0108647, 0.0568326, 0.0202748, 0.0276, 0.0313715, 0.00132726, 0.0110051, 0.00988017, 0.0625183, 0.00606741, 0.00394493, 0.0146382, 0.0213502, 0.0134584, 0.023352, 0.00189301, 0.00132504, 0.010042, 1.18845, 0.0083583, 0.028413, 0.0150582, 1.92174, 0.0398954, 1.62191e-05, 0.00986963, 0.0579968, 0.049546, 0.0338953, 0.039487, 0.0367737, 0.0220118, 0.0187732, 0.0557015, 0.0572555, 0.0788692, 

0.0110969, 0.0122266, 0.0251466, 0.0106848, 0.0179579, 0.0099585, 0.887821, 0.0083583, 0.0572555, 0.0218968, 0.0101658, 0.011796, 0.0108647, 0.0568326, 0.0276, 0.0313715, 0.00132726, 0.0213502, 0.0331051, 0.00606741, 0.0110051, 0.00988017, 0.0625183, 0.00394493, 0.0134584, 0.023352, 0.00189301, 0.0398954, 0.011878, 0.0150582, 0.00132504, 0.010042, 0.028413, 1.92174, 1.62191e-05, 0.00986963, 0.810415, 0.0442741, 0.0146382, 0.0202748, 0.0579968, 0.049546, 0.0338953, 0.039487, 0.0367737, 0.0220118, 0.0187732, 0.0557015, 0.0788692, 1.0026, 

0.0110969, 0.0103507, 0.00987147, 0.0106848, 0.0099585, 0.0083583, 0.161056, 0.00394493, 0.028413, 0.011878, 0.0101658, 0.011796, 0.0276, 0.0313715, 0.00132726, 0.0213502, 0.602175, 0.00606741, 0.0218968, 1.62191e-05, 0.0110051, 0.00988017, 0.0625183, 0.0134584, 0.023352, 0.00189301, 0.230392, 0.0179579, 0.0108647, 0.0398954, 0.00132504, 0.010042, 0.0699459, 0.00986963, 0.0442741, 0.0202748, 0.0395369, 0.0150582, 0.0331051, 0.0146382, 0.049546, 0.0338953, 0.039487, 0.0367737, 0.0220118, 0.0187732, 0.0557015, 0.0122266, 0.0568326, 0.0572555, 

0.0103507, 0.00987067, 0.00987147, 0.0099585, 0.028413, 0.011878, 0.010005, 0.0112345, 0.0083583, 0.0218968, 0.0101658, 0.010966, 0.0313715, 0.0213502, 0.00606741, 1.62191e-05, 1.97408, 0.0202748, 0.0150582, 0.00132726, 0.0100441, 0.00988017, 0.0134584, 0.00189301, 0.0423559, 0.792736, 1.85797, 0.0106848, 0.023352, 0.0146382, 0.00132504, 0.010042, 0.00986963, 0.0442741, 0.0395369, 0.0331051, 0.533952, 0.00394493, 0.0179579, 0.0108647, 0.049546, 0.0338953, 0.039487, 0.0367737, 0.0220118, 0.0187732, 0.0122266, 0.011796, 0.0276, 0.0398954, 

0.0103507, 0.00987067, 0.00987147, 0.010005, 0.0112345, 0.0083583, 0.0218968, 0.0106848, 1.62191e-05, 0.00986963, 0.0101658, 0.010966, 0.0313715, 0.00606741, 0.00177977, 0.0202748, 0.0150582, 0.0099585, 0.0213502, 0.00189301, 0.0100441, 0.00988017, 0.0134584, 0.0423559, 0.792736, 2.22867, 0.286505, 0.0146382, 0.0276, 0.00132726, 0.00132504, 0.010042, 0.0442741, 0.533952, 0.0179579, 0.0108647, 1.51539, 0.00394493, 0.023352, 0.011878, 0.0338953, 0.039487, 0.0367737, 0.0220118, 0.0187732, 0.0122266, 0.011796, 0.0417704, 0.028413, 0.0331051, 

0.0100494, 0.00987067, 0.010005, 0.0218968, 1.62191e-05, 1.62346, 1.19869, 0.0202748, 0.00987147, 0.0112345, 0.0101658, 0.010966, 0.00606741, 0.0150582, 0.0099585, 0.00189301, 0.137866, 0.0213502, 0.0106848, 0.00177977, 0.00994622, 0.00988017, 0.0146382, 0.0276, 0.00132726, 2.03881, 0.180118, 0.00986963, 0.0179579, 0.0134584, 0.000745675, 0.010042, 0.0442741, 0.0108647, 0.023352, 0.011878, 1.10096, 0.0083583, 0.0229672, 0.00394493, 0.0338953, 0.039487, 0.0367737, 0.0220118, 0.0187732, 0.0122266, 0.011796, 0.0417704, 0.028413, 0.0313715, 

0.010035, 0.00987067, 0.0218968, 1.62191e-05, 0.00987147, 0.0112345, 1.522, 0.0146382, 0.0202748, 0.0150582, 0.0101658, 0.00991237, 0.0099585, 0.137866, 0.0213502, 0.00177977, 0.0127532, 0.00189301, 0.00606741, 0.00394493, 0.00994622, 0.00988017, 0.426424, 0.00986963, 0.0110129, 0.0134584, 3.05906, 0.0106848, 0.0229672, 0.00132726, 0.000745675, 0.010042, 0.0442741, 0.0108647, 0.011878, 1.10096, 0.484798, 0.010005, 0.0083583, 0.000136806, 0.0338953, 0.039487, 0.0367737, 0.0220118, 0.0187732, 0.0122266, 0.011796, 0.0111717, 0.0276, 0.028413, 

0.010035, 0.00987067, 0.0218968, 0.00987147, 0.0202748, 0.0150582, 1.47457, 1.62191e-05, 0.00986963, 0.0276, 0.0101658, 0.00991237, 0.0213502, 0.00177977, 0.00606741, 0.00394493, 1.31533, 0.0146382, 0.0229672, 0.0127532, 0.00994622, 0.00988017, 0.0110129, 2.12215, 0.0106848, 0.00132726, 1.96279, 0.0134584, 0.0112345, 0.00189301, 0.000745675, 0.010042, 0.0442741, 0.011878, 0.484798, 0.010005, 0.000136806, 0.0108647, 0.0099585, 0.0083583, 0.0338953, 0.039487, 0.0367737, 0.0220118, 0.0187732, 0.0122266, 0.011796, 0.0111717, 0.028413, 0.137866, 

0.010035, 0.00987067, 0.00987147, 0.111495, 1.62191e-05, 0.00986963, 0.0239622, 0.0180214, 0.00394493, 0.0150582, 0.0101658, 0.00991237, 0.00177977, 1.31533, 0.0146382, 0.0127532, 0.853446, 0.0108647, 0.0134584, 0.010005, 0.00994622, 0.00988017, 0.0110129, 2.12215, 0.00132726, 0.353099, 0.0112345, 0.00606741, 0.0202748, 0.000136806, 7.76652e-05, 0.010042, 0.0442741, 0.011878, 0.484798, 0.0083583, 1.30994, 0.00189301, 0.0099585, 0.0106848, 0.0338953, 0.039487, 0.0367737, 0.0220118, 0.0187732, 0.0122266, 0.011796, 0.0111717, 0.0213502, 0.0218968, 

0.010035, 0.00987067, 0.00987147, 0.00986963, 0.0239622, 0.00394493, 0.0150582, 0.0106848, 0.000136806, 0.0146382, 0.0101658, 0.00991237, 0.00177977, 1.31533, 0.0127532, 0.0134584, 0.010005, 0.0218968, 0.0108647, 0.0202748, 0.00994622, 0.00988017, 0.00132726, 0.353099, 0.0112345, 0.00606741, 0.129737, 0.0442741, 0.0119562, 0.0110129, 7.76652e-05, 0.010042, 0.011878, 0.484798, 0.0083583, 0.00189301, 0.0099585, 1.62191e-05, 0.0213502, 0.0317209, 0.0338953, 0.0367737, 0.0220118, 0.0187732, 0.0122266, 0.011796, 0.0111717, 0.0169523, 0.111495, 0.190678, 

0.010035, 0.00987067, 0.00987147, 0.0239622, 0.00394493, 0.0146382, 0.796464, 1.62191e-05, 0.00177977, 0.0106848, 0.010042, 0.00991237, 0.145699, 0.0218968, 0.0108647, 0.0202748, 0.269975, 0.0112345, 0.010005, 0.0134584, 0.00987124, 0.00988017, 0.353099, 0.00606741, 0.129737, 0.0110129, 1.71416, 0.00132726, 0.0150582, 0.000136806, 1.29196e-05, 0.0076679, 0.011878, 0.0083583, 0.00189301, 0.0099585, 0.0026571, 0.0119562, 0.0127532, 0.00986963, 0.0338953, 0.0220118, 0.0187732, 0.0122266, 0.011796, 0.0111717, 0.0169523, 0.0101658, 0.0213502, 0.0317209, 

0.0076679, 0.00987067, 0.00987147, 0.0239622, 0.00394493, 0.0106848, 0.158085, 0.00606741, 0.00177977, 0.0112345, 0.010042, 0.00991237, 0.0108647, 0.010005, 0.0134584, 1.77623, 1.13322, 0.0127532, 0.0083583, 0.00986963, 0.00987124, 0.00987316, 0.353099, 0.129737, 0.0150582, 0.000136806, 0.339358, 0.0146382, 0.0202748, 0.00189301, 1.29196e-05, 5.38988e-06, 0.00252928, 0.0099585, 0.0026571, 0.0119562, 1.27739, 1.62191e-05, 0.00132726, 0.0110129, 0.0220118, 0.0187732, 0.0122266, 0.011796, 0.0111717, 0.0169523, 0.0101658, 0.010035, 0.0213502, 0.0218968, 

0.0076679, 0.00987067, 0.00987147, 0.0239622, 0.00394493, 0.00177977, 0.392529, 0.0108647, 0.0112345, 0.0110129, 0.010035, 0.00990881, 0.010005, 0.0134584, 0.0127532, 0.0083583, 1.96916, 0.00606741, 0.0106848, 0.0099585, 0.00987124, 0.00987316, 0.353099, 0.129737, 0.000136806, 1.09388, 2.13026, 0.00252928, 0.0146382, 0.00132726, 1.29196e-05, 5.38988e-06, 0.0026571, 0.0119562, 1.27739, 1.62191e-05, 1.77327, 0.00986963, 0.00189301, 0.0150582, 0.0220118, 0.0187732, 0.0122266, 0.011796, 0.0111717, 0.0169523, 0.0101658, 0.010042, 0.0202748, 0.0213502, 

0.00108019, 0.00987067, 0.0239622, 0.392529, 0.0108647, 0.0110129, 1.99234, 0.0099585, 0.0119562, 0.0112345, 0.010035, 0.00207931, 0.0134584, 0.0127532, 0.0083583, 0.0106848, 1.36925, 0.0026571, 1.62191e-05, 0.00132726, 0.00987124, 0.00987316, 0.353099, 1.09388, 0.00252928, 0.0146382, 1.63822, 0.00606741, 0.00394493, 0.00177977, 1.29196e-05, 5.38988e-06, 1.27739, 0.00986963, 0.00189301, 5.91103e-05, 1.78306, 0.010005, 0.00987147, 0.000136806, 0.0187732, 0.0122266, 0.011796, 0.0111717, 0.0169523, 0.0101658, 0.010042, 0.0076679, 0.0150582, 0.0202748, 

0.00108019, 0.00987067, 0.0108647, 0.0110129, 1.67318, 0.0099585, 2.0765, 0.0134584, 0.0112345, 0.0146382, 0.0076679, 0.00207931, 0.0083583, 0.0106848, 1.36925, 0.00132726, 1.72506, 0.00189301, 1.62191e-05, 0.010005, 0.00987124, 0.00987316, 0.00252928, 1.63822, 0.00394493, 0.00177977, 2.39202, 0.0127532, 0.00606741, 5.91103e-05, 1.29196e-05, 5.38988e-06, 0.00986963, 0.43806, 0.00987147, 0.000136806, 0.902301, 0.0026571, 0.0119562, 0.0150582, 0.0187732, 0.0122266, 0.011796, 0.0111717, 0.0169523, 0.0101658, 0.010042, 0.010035, 0.0202748, 0.0239622, 

0.00108019, 0.00987067, 0.0108647, 1.67318, 0.0134584, 0.0112345, 0.119256, 0.0026571, 1.62191e-05, 0.0083583, 0.00162794, 0.00207931, 0.0106848, 0.974693, 0.00189301, 0.010005, 1.78221, 0.00986963, 0.000940257, 0.000136806, 0.00987124, 0.00987316, 0.00252928, 0.00394493, 0.00177977, 5.91103e-05, 0.730423, 0.00606741, 0.00060449, 0.0127532, 1.663e-06, 5.38988e-06, 0.43806, 0.00987147, 0.902301, 0.0150582, 1.50835, 0.0119562, 0.0099585, 0.0110129, 0.0187732, 0.0122266, 0.011796, 0.0111717, 0.0169523, 0.0101658, 0.010042, 0.010035, 0.0146382, 0.0202748, 

0.00108019, 0.00987067, 1.67318, 0.119256, 1.62191e-05, 1.31842, 1.65576, 0.0083583, 0.0112345, 0.00189301, 0.00162794, 0.00207931, 0.0106848, 0.010005, 0.000940257, 1.29791, 2.02192, 0.0026571, 0.00252928, 0.00986963, 0.00987124, 0.00987316, 0.00177977, 5.91103e-05, 0.730423, 0.00606741, 0.00060449, 0.0127532, 0.0134584, 0.0108647, 1.663e-06, 5.38988e-06, 0.902301, 0.0150582, 0.0119562, 0.0099585, 0.0110129, 0.00394493, 0.00987147, 0.000136806, 0.0187732, 0.0122266, 0.011796, 0.0111717, 0.0169523, 0.0101658, 0.010042, 0.010035, 0.0146382, 0.0202748, 

0.00108019, 0.00987067, 1.67318, 1.62191e-05, 1.31842, 1.65576, 1.78237, 0.0083583, 0.00060449, 0.00394493, 0.00162794, 0.00132509, 0.0106848, 0.000940257, 0.0026571, 0.00252928, 0.218302, 0.0112345, 5.91103e-05, 0.00987147, 0.00987124, 0.00987316, 0.00177977, 0.00606741, 0.0101712, 1.97128, 0.163893, 0.0108647, 0.00986963, 0.0110129, 1.663e-06, 5.38988e-06, 0.748665, 0.0150582, 0.0099585, 0.49005, 0.681627, 0.00189301, 0.010005, 0.000136806, 0.0187732, 0.0122266, 0.011796, 0.0111717, 0.0169523, 0.0101658, 0.010042, 0.010035, 0.0119562, 0.0127532, 

Best:
0.00182328	

Fitness Evaluations:
3422

End Population
(-4.647256e-02), (6.283508e+00), (7.608387e+01), (5.694040e-03), (-4.393414e+00), (-2.284257e+00), (8.722461e+00), (-1.293505e-01), (3.476345e-02), (8.883186e-02), (5.705378e-02), (5.147264e-02), (-1.462770e-01), (4.335746e-02), (7.289645e-02), (-7.112083e-02), (-1.935420e+01), (6.227709e+00), (-1.087027e-02), (6.283732e+00), (6.283669e+00), (6.284166e+00), (-5.965582e-02), (1.101863e-01), (6.255291e+00), (-9.108939e+00), (2.523026e+01), (1.475058e-01), (6.283195e+00), (-1.485105e-01), (1.823278e-03), (3.282437e-03), (-1.761390e+01), (-6.381976e+00), (6.266349e+00), (-1.790999e+01), (-5.043117e+00), (-6.152502e-02), (6.263294e+00), (1.653729e-02), (-6.413583e+00), (-6.211316e+00), (-6.342189e+00), (-6.331165e+00), (-1.843466e-01), (-6.255511e+00), (6.261218e+00), (6.261594e+00), (-6.215371e+00), (-6.356049e+00), 