Iterations: 50
Function Evaluations Limit: 150000
Population: 50

Prides Length: 4

Percent Nomads: 0.2
Percent Roaming: 0.2
Percent Sex: 0.8

Mating Rate: 0.3
Mutation Probability: 0.2
Immigration Rate: 0.4

Percent Group Influence: 0.4
Annealing On: true
Ranked Selection Pressure: 2
Near To Best Random Pressure: 2

Dimensions: 1
N-Dimension Space: -5:5

Fitness Iterations:
2.18016e-05 (Initial Best)

0.0192851, 0.669704, 0.144895, 17.2167, 11.3453, 5.5291, 0.0285879, 1.36128, 5.64482, 2.17625, 4.50703, 2.90247, 0.240488, 1.57828, 14.1686, 1.76821, 18.8891, 0.880295, 2.18016e-05, 3.37079, 2.0081, 3.6936, 3.37352, 12.1359, 1.44534, 1.92135, 0.561796, 13.8878, 0.604858, 19.3466, 22.4231, 6.54818, 3.12053, 2.50642, 18.0424, 2.83169, 5.89721, 4.66641, 5.0938, 9.27268, 0.000719557, 13.815, 0.00161917, 0.687608, 12.4791, 3.48652, 0.69507, 4.22557, 4.07807, 3.74262, 

0.0192851, 0.124841, 0.144895, 2.17625, 5.5291, 11.3453, 1.05422, 1.36128, 0.604858, 1.92135, 0.000719557, 0.00161917, 2.18016e-05, 0.284608, 0.920791, 14.1686, 5.20183, 1.76821, 0.118974, 0.860767, 0.0191468, 0.117474, 0.139774, 1.44534, 3.37352, 3.46488, 0.103672, 2.83169, 0.337317, 3.33249, 0.293346, 0.367699, 2.50642, 3.12053, 4.66641, 5.0938, 10.8592, 0.343562, 0.326906, 0.0285879, 0.0134035, 0.563066, 0.00616158, 0.39904, 0.687608, 0.69507, 1.51037, 1.79978, 3.35194, 4.07807, 

0.0134035, 0.00140576, 0.0944341, 0.144895, 1.92135, 0.000110486, 4.24764, 0.326906, 2.17625, 0.00796357, 8.09054e-07, 0.00161917, 2.18016e-05, 0.10918, 0.118974, 0.125404, 0.860767, 0.233667, 0.337651, 0.337317, 0.0191468, 0.000129446, 0.00258089, 0.139774, 2.83169, 3.33249, 3.37352, 0.625731, 0.113432, 1.36128, 0.025379, 0.117474, 0.0285879, 0.343562, 2.92027, 5.0938, 0.00217753, 0.571979, 0.014566, 0.000242235, 0.00616158, 0.0192851, 0.021227, 0.0970944, 0.367699, 0.124841, 0.145219, 0.39904, 2.50642, 2.94033, 

0.00140576, 0.0134035, 0.000110486, 0.00796357, 0.144895, 0.320355, 1.92135, 2.18016e-05, 1.62921e-07, 0.00276846, 8.09054e-07, 0.000882703, 0.0292136, 0.10918, 0.217272, 0.233667, 4.80489, 0.000242235, 0.00337025, 0.0615647, 0.000129446, 0.00160826, 0.0464664, 0.139774, 0.898066, 0.00377454, 3.08504, 0.00217753, 0.00258089, 0.014566, 0.00175574, 0.00385128, 0.00151288, 0.343562, 0.510982, 5.0938, 3.34624, 0.0471382, 0.0240385, 0.00615963, 0.00104927, 0.025379, 0.00621618, 0.00616158, 0.0191468, 0.0192851, 0.0694741, 0.0970944, 0.0944341, 0.113432, 

3.06662e-05, 0.000120766, 2.18016e-05, 0.000110486, 1.92135, 2.27157, 0.793547, 0.00796357, 0.144895, 0.0439322, 8.09054e-07, 0.000882703, 0.00337025, 0.0292136, 0.0615647, 0.0698907, 4.80489, 0.139774, 0.00377454, 0.00258089, 1.28848e-06, 0.000193402, 0.00217753, 0.014566, 0.898066, 0.589097, 5.00255, 1.62921e-07, 0.00615963, 0.000242235, 0.00104927, 0.00385128, 0.00151288, 0.0240385, 0.0471382, 3.34624, 0.345961, 0.00245787, 5.39251e-05, 0.0944341, 0.000129446, 0.0134035, 0.00175574, 0.00616158, 0.00621618, 0.0191468, 0.0192851, 0.0683706, 0.217272, 0.233667, 

3.06662e-05, 0.000120766, 2.18016e-05, 0.000110486, 0.00796357, 0.0147881, 0.793547, 0.00377454, 0.000147573, 0.00398095, 8.09054e-07, 0.000129446, 0.00337025, 0.0292136, 0.0615647, 0.134212, 6.4719, 0.125285, 0.014566, 0.00258089, 1.28848e-06, 4.48068e-05, 0.000242235, 0.00615963, 0.589097, 0.898066, 0.754653, 0.0471382, 0.0134117, 0.00217753, 5.14014e-06, 0.000484003, 5.39251e-05, 0.00151288, 0.00245787, 0.0944341, 1.30712, 0.0122428, 0.0240385, 1.62921e-07, 4.69772e-05, 0.000882703, 0.00385128, 0.00175574, 0.00616158, 0.00621618, 0.0134035, 0.0191468, 0.144895, 0.217272, 

3.06662e-05, 0.000120766, 0.000110486, 0.000147573, 0.00377454, 0.793547, 1.25353, 0.000242235, 0.00337025, 0.00151288, 8.09054e-07, 4.69772e-05, 0.0292136, 0.0615647, 0.125285, 0.265342, 1.48618, 0.0147881, 0.00258089, 2.18016e-05, 1.28848e-06, 4.48068e-05, 0.00217753, 0.0134117, 0.589097, 6.35992, 1.61625, 5.39251e-05, 1.62921e-07, 0.00615963, 5.14014e-06, 0.000484003, 0.00245787, 0.0122428, 0.0135267, 0.0944341, 1.33432, 0.00398095, 0.014566, 0.00796357, 0.000129446, 0.000882703, 0.00175574, 0.00314589, 0.00385128, 0.00616158, 0.00621618, 0.0134035, 0.0240385, 0.0471382, 

1.06602e-05, 0.000120766, 0.000147573, 0.00151288, 0.00337025, 0.793547, 0.000692608, 0.00089749, 0.00217753, 0.0147881, 2.14844e-07, 4.69772e-05, 0.00258089, 0.0292136, 0.125285, 0.265342, 0.000254962, 0.000242235, 0.0135267, 0.00398095, 3.0566e-08, 4.48068e-05, 5.39251e-05, 0.00615963, 0.0134117, 0.589097, 6.35992, 0.0144702, 0.000110486, 1.62921e-07, 5.14014e-06, 0.000129446, 0.00245787, 0.00796357, 0.0122428, 0.014566, 0.0020248, 2.18016e-05, 0.0471382, 0.00377454, 8.09054e-07, 3.06662e-05, 0.000484003, 0.000367618, 0.000882703, 0.00119545, 0.00160777, 0.00175574, 0.0615647, 0.0944341, 

4.32895e-06, 1.06602e-05, 0.000147573, 0.000692608, 0.00217753, 0.0147881, 2.72017, 0.00151288, 1.22042e-05, 0.000636446, 2.14844e-07, 3.06662e-05, 0.000254962, 0.00398095, 0.0135267, 0.265342, 0.180776, 0.0615647, 0.00258089, 0.0292136, 3.0566e-08, 1.72818e-06, 1.62921e-07, 5.39251e-05, 0.000110486, 0.0134117, 1.73573, 2.18016e-05, 0.00971205, 0.00615963, 5.14014e-06, 0.000100768, 0.0016229, 0.00377454, 0.00796357, 0.0122428, 0.0471382, 0.00245787, 0.00337025, 0.000242235, 8.09054e-07, 4.69772e-05, 0.000367618, 0.000484003, 0.000882703, 0.00119545, 0.00160777, 0.00175574, 0.0944341, 0.125285, 

4.32895e-06, 1.0374e-05, 0.000147573, 0.000692608, 2.72017, 1.22738, 0.000308452, 0.00971205, 0.000254962, 0.0135267, 2.14844e-07, 8.09054e-07, 0.00398095, 0.0615647, 0.075529, 0.265342, 0.012895, 0.000636446, 1.22042e-05, 0.0016229, 4.92633e-09, 1.72818e-06, 1.62921e-07, 5.39251e-05, 0.000110486, 0.00615963, 0.0134117, 0.00151288, 0.00258089, 0.0122428, 5.14014e-06, 5.35863e-05, 0.000242235, 0.00245787, 0.00377454, 0.00796357, 0.41107, 0.00189298, 2.18016e-05, 0.00217753, 3.06662e-05, 4.69772e-05, 6.68059e-05, 0.000367618, 0.000430873, 0.000882703, 0.00119545, 0.00160777, 0.0147881, 0.0292136, 

4.32895e-06, 1.0374e-05, 0.000147573, 0.000254962, 0.00971205, 0.0273415, 0.208857, 0.00151288, 0.00377454, 0.00189298, 2.14844e-07, 8.09054e-07, 0.000636446, 0.012895, 0.075529, 0.265342, 0.433263, 0.00014719, 0.0122428, 5.39251e-05, 4.92633e-09, 6.34669e-07, 1.62921e-07, 0.000110486, 0.00258089, 0.00615963, 0.325384, 0.0016229, 0.00245787, 1.22042e-05, 5.14014e-06, 2.87799e-05, 2.18016e-05, 0.000242235, 0.00217753, 0.00796357, 4.31193e-05, 0.000692608, 0.00398095, 0.00293502, 3.06662e-05, 3.24857e-05, 4.69772e-05, 6.68059e-05, 0.000367618, 0.000430873, 0.000882703, 0.00119545, 0.0134117, 0.0135267, 

3.69253e-06, 4.32895e-06, 0.00151288, 0.00377454, 0.00971205, 0.0273415, 2.92291, 0.000147573, 0.00245787, 0.000110486, 2.14844e-07, 4.67219e-07, 5.39251e-05, 0.00014719, 0.0122428, 0.012895, 0.433263, 0.00217753, 4.53853e-06, 0.00189298, 4.92633e-09, 6.34669e-07, 1.62921e-07, 1.22042e-05, 0.0016229, 0.00258089, 0.0845629, 0.000254962, 4.52825e-06, 1.90612e-05, 5.14014e-06, 2.87799e-05, 2.18016e-05, 4.31193e-05, 0.000692608, 0.00277433, 0.00293502, 0.000242235, 0.000636446, 0.00398095, 2.41621e-06, 3.06662e-05, 3.24857e-05, 4.69772e-05, 6.68059e-05, 0.000367618, 0.000430873, 0.000882703, 0.00615963, 0.0135267, 

2.41621e-06, 4.32895e-06, 0.00151288, 0.0273415, 2.92291, 0.000369376, 1.0589, 0.000254962, 4.53853e-06, 1.62921e-07, 2.14844e-07, 4.67219e-07, 6.27006e-06, 5.39251e-05, 0.000409859, 0.012895, 0.00318524, 4.52825e-06, 0.00217753, 0.00137377, 4.92633e-09, 8.29891e-09, 1.22042e-05, 1.90612e-05, 0.00258089, 0.0845629, 0.00850785, 4.31193e-05, 0.000636446, 0.000147573, 4.96813e-06, 5.14014e-06, 2.18016e-05, 0.000242235, 0.000692608, 0.00398095, 0.596131, 0.00014719, 0.0016229, 0.000110486, 3.69253e-06, 3.06662e-05, 3.24857e-05, 4.69772e-05, 6.68059e-05, 0.000367618, 0.000430873, 0.000882703, 0.00245787, 0.00277433, 

2.41621e-06, 4.32895e-06, 0.000329836, 0.00151288, 0.0273415, 2.92291, 0.91984, 0.00014719, 0.000292896, 5.39251e-05, 2.14844e-07, 3.65773e-07, 4.52825e-06, 6.27006e-06, 0.00217753, 0.00318524, 4.46227, 4.53853e-06, 0.00137377, 1.90612e-05, 4.92633e-09, 8.29891e-09, 4.31193e-05, 0.000147573, 0.00258089, 1.02971, 2.30778, 1.62921e-07, 0.000636446, 1.1551e-05, 3.69253e-06, 4.96813e-06, 2.18016e-05, 0.000110486, 0.000242235, 0.000692608, 5.31453, 1.22042e-05, 0.0016229, 0.000254962, 4.92369e-06, 1.21765e-05, 3.06662e-05, 3.24857e-05, 4.69772e-05, 6.68059e-05, 0.000367618, 0.000430873, 0.00245787, 0.00277433, 

2.41621e-06, 4.32895e-06, 5.18194e-05, 5.39251e-05, 0.00014719, 0.00151288, 0.91984, 6.27006e-06, 0.000636446, 0.000254962, 2.14844e-07, 3.65773e-07, 4.52825e-06, 4.53853e-06, 1.90612e-05, 2.05645, 0.797128, 0.000151652, 7.8201e-06, 1.62921e-07, 4.92633e-09, 8.29891e-09, 1.1551e-05, 0.000147573, 0.00258089, 1.02971, 3.86638, 0.000292896, 3.30609e-08, 0.000110486, 3.69253e-06, 4.96813e-06, 1.22042e-05, 2.18016e-05, 0.000692608, 0.0016229, 5.31453, 0.000242235, 0.00137377, 4.31193e-05, 4.92369e-06, 6.6534e-06, 1.21765e-05, 3.06662e-05, 3.24857e-05, 4.69772e-05, 6.68059e-05, 0.000367618, 0.00217753, 0.00245787, 

4.77243e-07, 4.32895e-06, 5.18194e-05, 0.000254962, 0.000636446, 0.0624516, 0.000283639, 6.27006e-06, 5.09751e-05, 0.000151652, 1.78706e-07, 3.65773e-07, 4.52825e-06, 1.90612e-05, 0.260486, 0.000594107, 0.000704188, 1.62921e-07, 7.8201e-06, 0.00137377, 4.92633e-09, 8.29891e-09, 1.1551e-05, 0.000292896, 0.00258089, 1.02971, 1.09459, 0.000147573, 4.53853e-06, 0.000110486, 3.69253e-06, 4.92369e-06, 1.22042e-05, 2.18016e-05, 4.31193e-05, 0.000242235, 0.000692608, 0.00014719, 5.39251e-05, 3.30609e-08, 4.96813e-06, 6.6534e-06, 1.21765e-05, 3.06662e-05, 3.24857e-05, 4.69772e-05, 4.89786e-05, 5.80397e-05, 0.00151288, 0.0016229, 

4.77243e-07, 4.32895e-06, 5.09751e-05, 0.000151652, 0.000283639, 0.0624516, 0.0522072, 4.31193e-05, 4.52825e-06, 2.01674e-05, 1.78706e-07, 3.65773e-07, 1.90612e-05, 0.00137377, 0.260486, 18.3959, 0.00615435, 1.1551e-05, 7.8201e-06, 9.37067e-07, 4.92633e-09, 8.29891e-09, 4.53853e-06, 0.000110486, 0.000147573, 0.00258089, 1.09459, 3.15094e-05, 2.18016e-05, 1.22042e-05, 3.69253e-06, 4.92369e-06, 3.30609e-08, 5.39251e-05, 0.000242235, 0.630071, 1.03029, 6.27006e-06, 5.18194e-05, 1.62921e-07, 1.17011e-06, 4.96813e-06, 5.92137e-06, 6.6534e-06, 1.21765e-05, 3.06662e-05, 3.24857e-05, 4.69772e-05, 0.00014719, 0.000254962, 

4.77243e-07, 4.32895e-06, 2.01674e-05, 5.09751e-05, 0.000151652, 0.000283639, 0.113416, 0.00615435, 4.31193e-05, 3.15094e-05, 1.78706e-07, 3.65773e-07, 9.37067e-07, 7.8201e-06, 1.1551e-05, 0.00137377, 7.94323, 4.53853e-06, 1.22042e-05, 0.000147573, 4.92633e-09, 8.29891e-09, 2.18016e-05, 9.29401e-05, 0.000110486, 1.09459, 2.80374, 4.52825e-06, 0.00014719, 1.62921e-07, 1.17011e-06, 3.76987e-06, 3.30609e-08, 6.27006e-06, 5.18194e-05, 0.000242235, 0.453875, 5.39251e-05, 0.000254962, 1.90612e-05, 2.22019e-06, 4.96813e-06, 4.97268e-06, 5.92137e-06, 6.6534e-06, 3.06662e-05, 3.24857e-05, 4.69772e-05, 0.0241898, 0.0522072, 

4.77243e-07, 2.22019e-06, 3.47691e-05, 0.000283639, 0.113416, 1.32759e-05, 0.0730379, 5.09751e-05, 0.000147573, 3.15094e-05, 1.1892e-08, 3.65773e-07, 4.53853e-06, 1.1551e-05, 0.00137377, 7.94323, 0.556409, 0.000110486, 0.00014719, 3.30609e-08, 4.92633e-09, 8.29891e-09, 1.62921e-07, 4.52825e-06, 2.18016e-05, 1.09459, 4.57224e-08, 9.37067e-07, 5.39251e-05, 1.22042e-05, 2.45081e-07, 1.17011e-06, 9.7768e-11, 6.27006e-06, 5.18194e-05, 0.000254962, 0.453875, 9.29401e-05, 7.8201e-06, 2.01674e-05, 1.78706e-07, 4.32895e-06, 4.96813e-06, 4.97268e-06, 5.92137e-06, 6.6534e-06, 8.66569e-06, 3.06662e-05, 0.000151652, 0.000242235, 

1.78706e-07, 2.22019e-06, 3.15094e-05, 3.47691e-05, 0.000147573, 0.000283639, 0.0730379, 9.37067e-07, 4.57224e-08, 1.35402e-05, 1.1892e-08, 2.75157e-08, 3.30609e-08, 6.41413e-05, 0.00014719, 0.556409, 0.0270645, 4.53853e-06, 2.01674e-05, 5.39251e-05, 4.92633e-09, 6.12717e-09, 1.62921e-07, 4.52825e-06, 2.18016e-05, 1.09459, 3.87427, 1.1551e-05, 1.22042e-05, 5.09751e-05, 3.17015e-10, 2.45081e-07, 6.27006e-06, 7.8201e-06, 3.32429e-05, 5.18194e-05, 0.453875, 9.7768e-11, 1.32759e-05, 7.58553e-06, 4.77243e-07, 4.32895e-06, 4.96813e-06, 4.97268e-06, 5.92137e-06, 6.6534e-06, 7.58542e-06, 8.66569e-06, 9.29401e-05, 0.000151652, 

1.78706e-07, 1.83614e-06, 9.37067e-07, 1.35402e-05, 3.47691e-05, 0.0730379, 2.15148, 1.32759e-05, 1.62921e-07, 5.39251e-05, 1.1892e-08, 2.75157e-08, 3.30609e-08, 4.53853e-06, 0.0629713, 0.0703224, 3.41111e-08, 7.58553e-06, 4.57224e-08, 3.15094e-05, 3.86662e-09, 4.92633e-09, 4.52825e-06, 1.1551e-05, 1.22042e-05, 2.18016e-05, 3.87427, 5.09751e-05, 9.7768e-11, 3.32429e-05, 3.17015e-10, 3.55715e-08, 7.8201e-06, 5.18194e-05, 0.453875, 3.17618e-06, 0.79187, 4.30219e-08, 6.27006e-06, 2.01674e-05, 2.45081e-07, 4.77243e-07, 4.32895e-06, 4.49471e-06, 4.96813e-06, 4.97268e-06, 5.92137e-06, 6.6534e-06, 9.29401e-05, 0.00014719, 

1.78706e-07, 2.23323e-07, 1.62921e-07, 9.37067e-07, 1.32759e-05, 1.35402e-05, 1.55726, 3.32429e-05, 4.57224e-08, 3.41111e-08, 1.1892e-08, 2.29323e-08, 4.53853e-06, 7.58553e-06, 3.15094e-05, 0.0703224, 0.136842, 1.94342e-05, 9.7768e-11, 2.18016e-05, 5.32353e-10, 3.86662e-09, 1.1551e-05, 1.22042e-05, 5.09751e-05, 0.0492199, 7.7494, 1.67824e-05, 7.8201e-06, 4.30219e-08, 3.17015e-10, 3.55715e-08, 3.17618e-06, 6.27006e-06, 2.01674e-05, 0.453875, 0.0516291, 3.47691e-05, 3.30609e-08, 4.52825e-06, 2.45081e-07, 4.77243e-07, 4.32895e-06, 4.49471e-06, 4.96813e-06, 4.97268e-06, 5.92137e-06, 6.6534e-06, 5.18194e-05, 5.39251e-05, 

3.35582e-08, 1.78706e-07, 4.57224e-08, 1.62921e-07, 0.10225, 0.396004, 2.95878, 1.35402e-05, 3.17618e-06, 4.52825e-06, 6.43284e-09, 1.1892e-08, 7.58553e-06, 3.15094e-05, 0.136842, 0.477627, 0.180647, 4.30219e-08, 9.7768e-11, 3.98251e-06, 5.32353e-10, 3.86662e-09, 1.1551e-05, 1.22042e-05, 5.09751e-05, 0.0492199, 0.777832, 7.8201e-06, 6.27006e-06, 9.37067e-07, 3.17015e-10, 4.39181e-09, 3.30609e-08, 2.01674e-05, 3.47691e-05, 8.64821e-07, 0.133711, 1.67824e-05, 1.32759e-05, 3.41111e-08, 2.45081e-07, 4.77243e-07, 1.28083e-06, 4.32895e-06, 4.49471e-06, 4.96813e-06, 4.97268e-06, 5.92137e-06, 1.94342e-05, 2.18016e-05, 

3.35582e-08, 1.78706e-07, 4.57224e-08, 1.62921e-07, 0.00037443, 2.95878, 3.59447, 3.17618e-06, 1.94342e-05, 1.67824e-05, 1.65443e-09, 2.80855e-09, 9.7768e-11, 7.58553e-06, 3.15094e-05, 0.136842, 0.241489, 3.30609e-08, 4.52825e-06, 4.30219e-08, 5.32353e-10, 2.87477e-09, 9.37067e-07, 1.1551e-05, 1.22042e-05, 5.09751e-05, 0.00631888, 3.98251e-06, 3.41111e-08, 1.35402e-05, 3.17015e-10, 4.39181e-09, 1.32759e-05, 2.01674e-05, 3.47691e-05, 4.96293, 0.273247, 7.8201e-06, 8.64821e-07, 6.27006e-06, 2.45081e-07, 4.77243e-07, 1.28083e-06, 4.32895e-06, 4.49471e-06, 4.96813e-06, 4.97268e-06, 5.92137e-06, 2.18016e-05, 

3.35582e-08, 1.69049e-07, 4.57224e-08, 3.17618e-06, 1.67824e-05, 3.59447, 8.39747, 2.37309e-11, 2.49255e-09, 9.7768e-11, 3.30609e-08, 4.30219e-08, 7.58553e-06, 0.0397833, 5.32353e-10, 2.87477e-09, 3.41111e-08, 1.22042e-05, 1.35402e-05, 5.09751e-05, 0.969906, 3.0982e-10, 3.17015e-10, 8.64821e-07, 4.67185e-06, 7.8201e-06, 2.01674e-05, 0.130836, 1.78706e-07, 2.45081e-07, 4.77243e-07, 1.28083e-06, 4.32895e-06, 4.49471e-06, 4.96813e-06, 4.97268e-06, 1.62921e-07, 1.72403e-07, 

9.2737e-10, 3.35582e-08, 3.17618e-06, 1.67824e-05, 3.59447, 8.39747, 6.6454, 2.37309e-11, 2.49255e-09, 9.7768e-11, 4.30219e-08, 7.58553e-06, 0.000445977, 0.249378, 5.32353e-10, 2.26531e-09, 1.22042e-05, 1.35402e-05, 5.09751e-05, 0.969906, 2.35741, 1.88858e-11, 2.96533e-10, 8.64821e-07, 4.67185e-06, 7.8201e-06, 2.01674e-05, 0.130836, 1.78706e-07, 2.45081e-07, 4.77243e-07, 1.28083e-06, 4.32895e-06, 4.49471e-06, 4.96813e-06, 4.97268e-06, 3.30609e-08, 3.41111e-08, 

9.2737e-10, 3.35582e-08, 3.17618e-06, 1.67824e-05, 3.59447, 6.0603, 0.0228899, 2.37309e-11, 9.97274e-11, 9.7768e-11, 4.30219e-08, 7.58553e-06, 0.000445977, 5.4718e-15, 5.32353e-10, 2.26531e-09, 1.22042e-05, 1.35402e-05, 0.969906, 2.35741, 4.12206, 1.88858e-11, 1.38033e-10, 8.64821e-07, 7.8201e-06, 2.01674e-05, 0.130836, 0.0882663, 2.96533e-10, 1.78706e-07, 2.45081e-07, 4.77243e-07, 1.28083e-06, 4.32895e-06, 4.49471e-06, 4.96813e-06, 3.30609e-08, 3.41111e-08, 

9.2737e-10, 3.35582e-08, 1.67824e-05, 0.000158443, 0.0228899, 3.59447, 0.00190465, 1.18852e-11, 2.37309e-11, 5.4718e-15, 9.7768e-11, 4.30219e-08, 1.5316e-06, 0.348616, 2.96533e-10, 2.26531e-09, 1.22042e-05, 0.969906, 2.35741, 4.12206, 0.0340738, 1.88858e-11, 2.06805e-11, 8.64821e-07, 7.8201e-06, 2.01674e-05, 0.00410749, 0.130836, 5.32353e-10, 1.78706e-07, 2.45081e-07, 4.77243e-07, 1.28083e-06, 4.32895e-06, 4.49471e-06, 4.96813e-06, 3.30609e-08, 3.41111e-08, 

2.37309e-11, 5.32353e-10, 1.67824e-05, 0.000158443, 0.00190465, 0.0228899, 3.59447, 1.18852e-11, 1.99256e-12, 9.7768e-11, 4.30219e-08, 1.5316e-06, 0.348616, 4.45158e-12, 2.96533e-10, 2.26531e-09, 1.22042e-05, 0.0340738, 0.969906, 2.35741, 2.91674e-06, 1.88858e-11, 2.06805e-11, 7.8201e-06, 2.01674e-05, 0.00410749, 0.130836, 1.46363e-07, 9.2737e-10, 3.35582e-08, 1.78706e-07, 2.45081e-07, 4.77243e-07, 1.28083e-06, 4.32895e-06, 4.49471e-06, 5.4718e-15, 3.30609e-08, 

6.62236e-12, 5.32353e-10, 0.000158443, 0.00190465, 0.0228899, 0.215927, 0.148796, 1.99256e-12, 5.59847e-15, 3.91011e-12, 9.7768e-11, 1.5316e-06, 0.348616, 2.60886e-13, 2.96533e-10, 9.2737e-10, 2.91674e-06, 1.22042e-05, 0.0340738, 0.969906, 0.325737, 1.77909e-11, 1.88858e-11, 1.12846e-07, 2.01674e-05, 0.00410749, 0.130836, 12.1323, 2.37309e-11, 2.26531e-09, 3.35582e-08, 1.78706e-07, 2.45081e-07, 4.77243e-07, 1.28083e-06, 4.32895e-06, 5.4718e-15, 3.30609e-08, 

6.62236e-12, 1.071e-10, 0.000158443, 0.0228899, 0.0439195, 0.148796, 0.655198, 5.59847e-15, 7.94564e-14, 3.91011e-12, 9.7768e-11, 1.5316e-06, 0.348616, 0.468937, 2.96533e-10, 4.36015e-10, 2.91674e-06, 1.22042e-05, 0.013605, 0.0251692, 0.969906, 1.77909e-11, 1.88858e-11, 1.12846e-07, 2.01674e-05, 0.00108702, 0.00410749, 0.130836, 2.37309e-11, 2.26531e-09, 3.35582e-08, 1.78706e-07, 2.45081e-07, 4.77243e-07, 1.28083e-06, 4.32895e-06, 5.4718e-15, 2.60886e-13, 

6.62236e-12, 1.071e-10, 0.0100636, 0.0228899, 0.148796, 0.655198, 23.6522, 5.59847e-15, 7.94564e-14, 3.91011e-12, 9.7768e-11, 0.348616, 0.468937, 0.129195, 2.37309e-11, 4.36015e-10, 2.91674e-06, 0.00136421, 0.0251692, 0.969906, 0.000151487, 1.77909e-11, 1.88858e-11, 1.12846e-07, 2.01674e-05, 0.00108702, 0.00410749, 0.590321, 2.96533e-10, 2.26531e-09, 3.35582e-08, 1.78706e-07, 2.45081e-07, 4.77243e-07, 1.28083e-06, 4.32895e-06, 5.4718e-15, 2.60886e-13, 

6.62236e-12, 1.071e-10, 0.0100636, 0.0180819, 0.0228899, 0.148796, 4.30066, 5.59847e-15, 7.94564e-14, 3.91011e-12, 7.52189e-05, 0.129195, 0.468937, 5.33944, 2.37309e-11, 4.36015e-10, 2.91674e-06, 0.00136421, 0.0251692, 0.969906, 4.65294e-07, 1.77909e-11, 1.88858e-11, 1.12846e-07, 2.01674e-05, 0.00108702, 0.590321, 0.0262847, 2.96533e-10, 2.26531e-09, 3.35582e-08, 1.78706e-07, 2.45081e-07, 4.77243e-07, 1.28083e-06, 4.32895e-06, 5.4718e-15, 2.60886e-13, 

6.62236e-12, 2.82381e-11, 0.00753599, 0.0100636, 0.148796, 4.30066, 10.0759, 5.59847e-15, 6.2479e-14, 3.91011e-12, 7.52189e-05, 0.129195, 0.468937, 1.72786, 2.37309e-11, 4.36015e-10, 2.91674e-06, 0.00136421, 0.0251692, 0.969906, 2.54449e-07, 1.77909e-11, 1.88858e-11, 1.12846e-07, 0.00108702, 0.00174797, 0.590321, 0.00030796, 2.96533e-10, 2.26531e-09, 3.35582e-08, 7.18668e-08, 1.78706e-07, 2.45081e-07, 4.77243e-07, 4.32895e-06, 5.4718e-15, 2.60886e-13, 

5.19913e-12, 6.62236e-12, 0.00753599, 0.0100636, 0.148796, 4.30066, 4.05823, 5.59847e-15, 6.2479e-14, 3.91011e-12, 7.52189e-05, 0.129195, 1.72786, 0.493458, 2.37309e-11, 2.96533e-10, 2.91674e-06, 0.00136421, 0.0251692, 0.969906, 0.00254612, 1.72654e-11, 1.77909e-11, 0.00030796, 0.00108702, 0.00174797, 0.590321, 1.11419, 4.36015e-10, 2.26531e-09, 3.35582e-08, 7.18668e-08, 1.78706e-07, 2.45081e-07, 4.77243e-07, 4.32895e-06, 5.4718e-15, 2.60886e-13, 

5.19913e-12, 6.62236e-12, 0.00753599, 0.0100636, 0.148796, 1.60133, 4.30066, 5.59847e-15, 6.2479e-14, 3.91011e-12, 7.52189e-05, 0.129195, 1.72786, 3.91747, 2.37309e-11, 2.96533e-10, 2.91674e-06, 0.00254612, 0.0251692, 0.969906, 1.295, 1.70458e-11, 1.72654e-11, 0.00030796, 0.00108702, 0.00174797, 1.11419, 7.66363e-05, 4.36015e-10, 2.26531e-09, 3.35582e-08, 7.18668e-08, 1.78706e-07, 2.45081e-07, 4.77243e-07, 4.32895e-06, 5.4718e-15, 2.60886e-13, 

5.19913e-12, 6.62236e-12, 0.00753599, 0.0100636, 1.60133, 4.30066, 0.500696, 5.59847e-15, 2.57792e-14, 3.91011e-12, 7.52189e-05, 0.129195, 1.72786, 3.91747, 2.37309e-11, 3.35715e-11, 2.91674e-06, 0.00254612, 0.0251692, 1.295, 2.90808, 1.70458e-11, 1.70488e-11, 7.66363e-05, 0.00108702, 0.00174797, 0.00990815, 1.73799e-06, 4.36015e-10, 2.26531e-09, 3.35582e-08, 7.18668e-08, 1.78706e-07, 2.45081e-07, 4.77243e-07, 4.32895e-06, 5.4718e-15, 2.60886e-13, 

5.19913e-12, 6.62236e-12, 0.00753599, 0.500696, 0.721944, 1.25851, 0.859666, 5.59847e-15, 2.57792e-14, 3.91011e-12, 7.52189e-05, 0.129195, 1.72786, 0.0637183, 2.37309e-11, 3.35715e-11, 2.91674e-06, 0.0251692, 1.295, 2.90808, 0.0919291, 1.70447e-11, 1.70458e-11, 3.3832e-05, 0.00108702, 0.00174797, 0.00990815, 7.28298, 4.36015e-10, 2.26531e-09, 3.35582e-08, 7.18668e-08, 1.78706e-07, 2.45081e-07, 4.77243e-07, 4.32895e-06, 5.4718e-15, 2.60886e-13, 

5.19913e-12, 6.62236e-12, 0.00753599, 0.500696, 0.859666, 1.25851, 0.140951, 5.59847e-15, 2.57792e-14, 3.91011e-12, 7.52189e-05, 0.00213793, 0.0637183, 0.138497, 2.37309e-11, 3.35715e-11, 2.91674e-06, 0.0251692, 0.0919291, 2.90808, 5.69652, 1.70443e-11, 1.70447e-11, 3.3832e-05, 0.00174797, 0.00990815, 7.28298, 0.000278469, 4.36015e-10, 2.26531e-09, 3.35582e-08, 7.18668e-08, 1.78706e-07, 2.45081e-07, 4.77243e-07, 4.32895e-06, 5.4718e-15, 2.60886e-13, 

5.19913e-12, 6.62236e-12, 0.00753599, 0.19089, 0.198273, 1.25851, 0.392968, 5.59847e-15, 8.81336e-15, 3.91011e-12, 7.52189e-05, 0.0637183, 0.138497, 17.2884, 9.06197e-12, 3.35715e-11, 2.91674e-06, 0.0251692, 0.0919291, 5.69652, 0.740488, 1.7044e-11, 1.70443e-11, 3.3832e-05, 0.000278469, 0.000504132, 0.00990815, 0.00780893, 4.36015e-10, 2.26531e-09, 3.35582e-08, 5.34556e-08, 1.78706e-07, 2.45081e-07, 4.77243e-07, 4.32895e-06, 5.4718e-15, 2.60886e-13, 

4.0578e-12, 5.19913e-12, 0.00753599, 0.0637589, 0.19089, 1.25851, 0.0182901, 5.59847e-15, 8.81336e-15, 3.91011e-12, 7.52189e-05, 0.0867828, 0.138497, 0.0281767, 9.06197e-12, 3.35715e-11, 2.91674e-06, 0.0251692, 0.0919291, 0.740488, 4.10613, 1.7044e-11, 1.70443e-11, 3.3832e-05, 9.03961e-05, 0.000278469, 0.00780893, 3.8359, 4.36015e-10, 2.26531e-09, 3.35582e-08, 5.34556e-08, 1.78706e-07, 2.45081e-07, 4.77243e-07, 4.32895e-06, 5.4718e-15, 2.60886e-13, 

4.0578e-12, 5.19913e-12, 0.00575423, 0.00753599, 0.0182901, 0.19089, 1.09825, 5.59847e-15, 8.81336e-15, 3.91011e-12, 7.52189e-05, 0.0281767, 0.0867828, 0.138497, 3.18628e-12, 6.15655e-12, 2.91674e-06, 0.023857, 0.0251692, 0.740488, 3.22709, 1.7044e-11, 1.70442e-11, 3.3832e-05, 9.03961e-05, 0.000278469, 0.00780893, 4.00415e-06, 4.36015e-10, 2.26531e-09, 3.35582e-08, 5.34556e-08, 1.78706e-07, 2.45081e-07, 4.77243e-07, 4.32895e-06, 5.4718e-15, 2.60886e-13, 

4.0578e-12, 5.19913e-12, 0.00575423, 0.0114056, 0.0182901, 1.05579, 3.94908, 5.59847e-15, 8.81336e-15, 7.52189e-05, 0.0281767, 0.0867828, 0.138497, 15.6414, 3.18628e-12, 3.54531e-12, 2.91674e-06, 0.0251692, 0.740488, 3.22709, 0.489159, 1.7044e-11, 1.70442e-11, 4.00415e-06, 3.3832e-05, 9.03961e-05, 0.000278469, 1.13412, 4.36015e-10, 2.26531e-09, 3.35582e-08, 5.34556e-08, 1.78706e-07, 2.45081e-07, 4.77243e-07, 4.32895e-06, 5.4718e-15, 2.60886e-13, 

4.0578e-12, 5.19913e-12, 0.00277219, 0.0182901, 1.05579, 3.94908, 0.000328469, 5.59847e-15, 8.81336e-15, 6.90539e-05, 0.0277522, 0.0867828, 0.138497, 15.6414, 3.18628e-12, 3.54531e-12, 2.91674e-06, 0.0251692, 0.0800956, 3.22709, 1.07972e-06, 1.7044e-11, 1.70442e-11, 4.00415e-06, 9.03961e-05, 0.000278469, 1.13412, 1.35653e-06, 4.36015e-10, 2.26531e-09, 3.35582e-08, 5.34556e-08, 1.78706e-07, 2.45081e-07, 4.77243e-07, 4.32895e-06, 5.4718e-15, 2.60886e-13, 

4.0578e-12, 5.19913e-12, 0.00277219, 0.0182901, 1.05579, 3.94908, 7.07879e-05, 5.59847e-15, 8.81336e-15, 2.35168e-05, 0.0277522, 0.138497, 15.6414, 0.151674, 3.18628e-12, 3.54531e-12, 1.07972e-06, 2.91674e-06, 0.00384984, 3.22709, 0.000573697, 1.7044e-11, 1.7044e-11, 4.00415e-06, 9.03961e-05, 0.000278469, 1.13412, 1.24525, 4.36015e-10, 2.26531e-09, 3.35582e-08, 5.34556e-08, 1.78706e-07, 2.45081e-07, 4.77243e-07, 4.32895e-06, 5.4718e-15, 2.60886e-13, 

4.0578e-12, 5.19913e-12, 7.07879e-05, 0.00277219, 0.0182901, 0.79203, 0.139308, 5.59847e-15, 8.81336e-15, 7.20886e-09, 0.0277522, 0.151674, 15.6414, 4.62692, 3.18628e-12, 3.54531e-12, 2.91674e-06, 0.000573697, 0.00384984, 3.22709, 0.813827, 1.7044e-11, 1.7044e-11, 4.00415e-06, 0.000278469, 1.13412, 1.24525, 8.18218, 4.36015e-10, 2.26531e-09, 3.35582e-08, 5.34556e-08, 1.78706e-07, 2.45081e-07, 4.77243e-07, 4.32895e-06, 5.4718e-15, 2.60886e-13, 

3.75666e-12, 4.0578e-12, 7.07879e-05, 0.00277219, 0.00531813, 0.139308, 0.79203, 5.59847e-15, 8.81336e-15, 7.20886e-09, 0.151674, 0.174224, 2.01665, 0.750428, 3.18359e-12, 3.18628e-12, 2.91674e-06, 0.000573697, 0.00384984, 0.112022, 0.038805, 1.7044e-11, 1.7044e-11, 4.00415e-06, 0.000208783, 1.13412, 1.24525, 2.38706, 4.36015e-10, 2.26531e-09, 3.35582e-08, 5.34556e-08, 1.78706e-07, 2.45081e-07, 4.77243e-07, 4.32895e-06, 5.4718e-15, 2.60886e-13, 

3.75666e-12, 4.0578e-12, 7.07879e-05, 7.54476e-05, 0.139308, 0.79203, 2.61852e-05, 5.59847e-15, 8.31316e-15, 7.20886e-09, 5.01145e-08, 0.151674, 0.750428, 9.08174e-09, 3.18359e-12, 3.1862e-12, 2.91674e-06, 0.000573697, 0.000868631, 0.00218265, 0.00701976, 1.7044e-11, 1.7044e-11, 4.00415e-06, 0.000208783, 0.000491303, 1.24525, 3.47641, 4.36015e-10, 2.26531e-09, 3.35582e-08, 5.34556e-08, 1.78706e-07, 2.45081e-07, 4.77243e-07, 4.32895e-06, 5.4718e-15, 2.60886e-13, 

3.49558e-12, 3.75666e-12, 7.07879e-05, 7.54476e-05, 0.139308, 0.79203, 7.2861, 5.26724e-15, 5.59847e-15, 7.20886e-09, 9.08174e-09, 5.01145e-08, 0.030079, 1.48521e-09, 3.18359e-12, 3.18607e-12, 2.91674e-06, 0.000573697, 0.000868631, 0.00701976, 6.2151e-07, 1.7044e-11, 1.7044e-11, 4.00415e-06, 0.000491303, 0.0401226, 0.506304, 0.0118414, 4.36015e-10, 2.26531e-09, 3.35582e-08, 5.34556e-08, 1.78706e-07, 2.45081e-07, 4.77243e-07, 4.32895e-06, 5.4718e-15, 2.60886e-13, 

3.35973e-12, 3.49558e-12, 7.07879e-05, 7.54476e-05, 0.79203, 7.2861, 2.35455, 5.26724e-15, 5.59847e-15, 1.48521e-09, 9.08174e-09, 5.01145e-08, 0.030079, 0.000670983, 3.18359e-12, 3.18607e-12, 6.2151e-07, 2.91674e-06, 0.000573697, 0.00578494, 0.000263619, 1.7044e-11, 1.7044e-11, 4.00415e-06, 0.000491303, 0.0401226, 0.0488032, 0.784073, 4.36015e-10, 2.26531e-09, 3.35582e-08, 5.34556e-08, 1.78706e-07, 2.45081e-07, 4.77243e-07, 4.32895e-06, 5.4718e-15, 2.60886e-13, 

3.35973e-12, 3.49558e-12, 7.07879e-05, 7.54476e-05, 0.0520942, 0.79203, 5.93424, 5.26724e-15, 5.59847e-15, 1.48521e-09, 9.08174e-09, 5.01145e-08, 0.000197036, 0.0565249, 3.18359e-12, 3.18607e-12, 6.2151e-07, 2.91674e-06, 5.76807e-05, 0.000263619, 0.000573697, 1.7044e-11, 1.7044e-11, 4.00415e-06, 0.000491303, 0.0401226, 0.0488032, 0.784073, 4.36015e-10, 2.26531e-09, 3.35582e-08, 5.34556e-08, 1.78706e-07, 2.45081e-07, 4.77243e-07, 4.32895e-06, 5.4718e-15, 2.60886e-13, 

Best:
(7.25757e-08, )

Fitness Evaluations:
2800

End Population
(1.832957e-06), (1.869647e-06), (8.413552e-03), (8.686059e-03), (-2.282416e-01), (8.899606e-01), (-2.436030e+00), (7.257575e-08), (7.482293e-08), (3.853840e-05), (9.529814e-05), (2.238627e-04), (-1.403694e-02), (-2.377497e-01), (-1.784261e-06), (-1.784955e-06), (7.883587e-04), (1.707848e-03), (-7.594783e-03), (-1.623636e-02), (-2.395196e-02), (4.128436e-06), (4.128436e-06), (-2.001036e-03), (2.216537e-02), (-2.003062e-01), (2.209144e-01), (8.854787e-01), (-2.088097e-05), (4.759525e-05), (1.831889e-04), (2.312047e-04), (4.227362e-04), (-4.950568e-04), (-6.908278e-04), (-2.080613e-03), (7.397165e-08), (5.107701e-07), 