Iterations: 50
Function Evaluations Limit: 150000
Population: 50

Prides Length: 4

Percent Nomads: 0.2
Percent Roaming: 0.2
Percent Sex: 0.8

Mating Rate: 0.3
Mutation Probability: 0.2
Immigration Rate: 0.4

Percent Group Influence: 0.4
Annealing On: true
Ranked Selection Pressure: 2
Near To Best Random Pressure: 2

Dimensions: 1
N-Dimension Space: -5:5

Fitness Iterations:
0.00631556 (Initial Best)

6.70328, 0.20665, 6.32337, 12.9818, 16.7676, 7.78498, 0.0514831, 5.96695, 3.38223, 5.65253, 21.6718, 6.89048, 11.4711, 15.0844, 12.3808, 16.5804, 1.47091, 0.0292952, 0.145015, 0.00631556, 16.3551, 1.11722, 0.822385, 20.0185, 2.4371, 3.4166, 4.59306, 1.49836, 11.2848, 12.2428, 1.32003, 2.70781, 0.0520037, 9.83673, 15.434, 0.255835, 19.1063, 16.4779, 12.5345, 11.7132, 24.7731, 0.448243, 6.46782, 15.1706, 4.75468, 0.0870995, 3.14955, 22.0975, 13.6168, 21.5512, 

0.00354319, 0.10759, 0.0203328, 0.0514831, 5.21212, 8.14942, 0.000357494, 0.423915, 0.020245, 0.0054668, 0.0870995, 0.0121252, 0.00631556, 1.96751, 7.38637, 0.253465, 1.2992, 0.0470323, 0.00663525, 0.270643, 0.011289, 0.280579, 0.632779, 3.29485, 3.4166, 12.2428, 0.00842819, 0.265541, 0.0438645, 0.0292952, 0.5035, 0.749908, 0.0520037, 0.255835, 12.5345, 19.1063, 1.1094, 0.0036352, 0.0379869, 0.357215, 0.0137449, 0.506929, 0.449972, 0.448243, 1.476, 1.05737, 1.0892, 1.19961, 0.890541, 1.20625, 

1.05828e-05, 0.0137449, 0.000357494, 0.0054668, 0.020245, 0.423915, 3.6949, 0.0292952, 0.0322379, 0.000549238, 0.00514441, 0.033858, 0.00631556, 0.0470323, 0.253465, 1.2992, 0.339199, 0.0846269, 0.128547, 0.0144539, 0.011289, 0.0946133, 0.000995123, 0.265541, 3.29485, 3.4166, 0.00304069, 0.157841, 0.0231805, 0.00842819, 0.0279997, 0.0994945, 0.0036352, 0.00720545, 0.0520037, 0.574588, 7.03687, 0.00663525, 0.000171143, 0.0203328, 0.0155609, 0.248281, 0.0870995, 0.280579, 0.149143, 0.39955, 0.448243, 0.449972, 0.197426, 0.442656, 

1.05828e-05, 0.0117307, 0.000357494, 0.0054668, 0.020245, 0.0322379, 3.6949, 0.000549238, 0.128547, 0.0994756, 0.00343016, 0.00536352, 0.0846269, 0.121893, 0.253465, 0.339199, 0.0210977, 0.000995123, 0.00304069, 0.0292952, 0.00850522, 0.0262715, 0.00842819, 0.0231805, 0.157841, 3.4166, 3.48279, 0.136657, 0.00663525, 0.0470323, 0.00221539, 0.0155609, 0.000171143, 0.0036352, 0.0203328, 0.0520037, 0.574588, 0.00720545, 0.00631556, 0.0144539, 0.00514441, 0.0124569, 0.0159386, 0.0228879, 0.0870995, 0.248281, 0.280579, 0.448243, 0.197426, 0.423915, 

1.05828e-05, 0.000785621, 0.000549238, 0.020245, 0.128547, 2.35971, 0.74384, 0.0203328, 0.00720545, 0.0292952, 2.9851e-05, 0.00343016, 0.0210977, 0.0846269, 0.121893, 0.339199, 0.0591968, 0.0054668, 0.000357494, 0.00663525, 0.00424013, 0.0102065, 0.0231805, 0.0306213, 0.0470323, 1.16113, 0.0189368, 0.00304069, 0.0994756, 0.0322379, 0.000131145, 0.000411218, 0.000928824, 0.00631556, 0.0144539, 0.0520037, 0.000468721, 0.00842819, 0.000995123, 0.000171143, 0.0117307, 0.00850522, 0.00514441, 0.0167967, 0.0124569, 0.0155609, 0.0159386, 0.0228879, 0.157841, 0.197426, 

1.05828e-05, 0.000262724, 0.00720545, 0.020245, 0.128547, 2.35971, 0.247538, 0.000468721, 0.0591968, 0.0189368, 2.9851e-05, 0.000411218, 0.0054668, 0.00663525, 0.0210977, 0.121893, 3.99055, 0.000549238, 0.0292952, 0.00631556, 1.39565e-05, 0.0044551, 1.31784e-05, 0.0231805, 0.0306213, 0.0994756, 2.91838, 5.57288e-06, 0.000928824, 0.0470323, 0.000131145, 2.33836e-05, 0.000171143, 0.000995123, 0.00842819, 0.0144539, 0.0520037, 0.000357494, 0.00304069, 0.0203328, 0.00424013, 0.00343016, 0.0102065, 0.00514441, 0.00850522, 0.0117307, 0.0124569, 0.0155609, 0.0846269, 0.124122, 

3.09215e-08, 1.01696e-07, 0.000468721, 0.00200981, 0.00720545, 0.0189368, 3.58219, 0.00631556, 0.0203328, 0.00112567, 2.9851e-05, 0.000357803, 0.000549238, 0.0054668, 3.99055, 0.0672492, 1.68156, 8.90627e-06, 0.00304069, 0.0210977, 1.39565e-05, 0.00343016, 5.57288e-06, 0.00063956, 0.0231805, 0.0282542, 0.074642, 0.020245, 1.31784e-05, 0.000928824, 2.33836e-05, 0.00011284, 0.000171143, 0.00842819, 0.0520037, 0.211331, 0.312068, 0.000357494, 0.00663525, 0.000995123, 1.05828e-05, 0.000262724, 0.0044551, 0.00416052, 0.00514441, 0.00850522, 0.0102065, 0.0117307, 0.0292952, 0.0306213, 

3.09215e-08, 1.01696e-07, 0.00112567, 0.00200981, 0.00720545, 3.58219, 0.0967678, 0.0193289, 1.31784e-05, 0.00631556, 1.05828e-05, 2.9851e-05, 0.000549238, 0.0054668, 0.0210977, 0.00168247, 2.64818, 0.000468721, 5.57288e-06, 0.0203328, 1.39565e-05, 9.21519e-06, 0.00063956, 0.000928824, 0.0282542, 0.074642, 8.46071e-06, 0.0100168, 0.0189368, 8.90627e-06, 5.24571e-06, 3.43136e-05, 0.000171143, 0.000357494, 0.000995123, 0.00663525, 0.00842819, 0.00304069, 0.0292952, 0.020245, 2.51113e-05, 9.71759e-05, 0.000262724, 0.000778898, 0.00260327, 0.00343016, 0.00416052, 0.0044551, 0.0306213, 0.0520037, 

3.09215e-08, 1.01696e-07, 1.31784e-05, 0.00112567, 0.00720545, 0.0193289, 0.108432, 0.020245, 8.90627e-06, 0.000549238, 1.05828e-05, 2.51113e-05, 0.000468721, 0.00168247, 0.0054668, 0.0210977, 0.000705787, 0.000286358, 0.00631556, 0.00200981, 6.48051e-06, 9.14739e-06, 8.46071e-06, 0.000928824, 0.0189368, 0.0282542, 9.53694, 0.00063956, 0.00842819, 5.57288e-06, 5.24571e-06, 3.43136e-05, 0.000171143, 0.000995123, 0.00663525, 6.47062, 0.0132766, 0.000357494, 0.0100168, 0.00304069, 2.9851e-05, 9.71759e-05, 0.000262724, 0.000627927, 0.000778898, 0.00238279, 0.00260327, 0.00343016, 0.0203328, 0.0265017, 

3.09215e-08, 1.01696e-07, 8.90627e-06, 1.31784e-05, 0.000549238, 0.0192645, 0.0193289, 5.57288e-06, 8.46071e-06, 0.00663525, 2.46699e-06, 6.48051e-06, 0.000705787, 0.00200981, 0.0054668, 0.00631556, 0.0210977, 0.00304069, 0.00112567, 0.00720545, 2.41064e-06, 8.30914e-07, 0.000928824, 0.0189368, 0.0282542, 1.58617e-06, 0.91908, 0.00168247, 0.000468721, 0.000995123, 5.24571e-06, 2.9851e-05, 0.000357494, 0.0132766, 6.47062, 0.664224, 0.0226691, 0.000171143, 0.000286358, 1.26571e-07, 2.51113e-05, 3.43136e-05, 9.71759e-05, 0.000262724, 0.000298674, 0.000627927, 0.00238279, 0.00260327, 0.00842819, 0.0100168, 

3.09215e-08, 1.01696e-07, 8.46071e-06, 1.31784e-05, 0.000549238, 0.316695, 4.15303, 0.00200981, 0.0054668, 0.000138954, 2.46699e-06, 4.17229e-06, 0.000280359, 0.00112567, 0.00631556, 0.00720545, 0.00843525, 0.000357494, 5.57288e-06, 0.000171143, 7.96183e-07, 8.30914e-07, 1.58617e-06, 0.0189368, 0.0282542, 0.371368, 0.000661541, 0.00304069, 0.00168247, 8.90627e-06, 7.2162e-08, 2.51113e-05, 0.000286358, 0.0132766, 0.0226691, 0.664224, 3.43622, 1.26571e-07, 0.000995123, 0.000928824, 2.9851e-05, 3.43136e-05, 5.82115e-05, 9.71759e-05, 0.000262422, 0.000262724, 0.000298674, 0.000623305, 0.00663525, 0.00677833, 

3.09215e-08, 1.01696e-07, 8.46071e-06, 0.000138954, 0.00186166, 0.316695, 0.000622411, 0.000171143, 0.00663525, 1.58617e-06, 1.65397e-06, 2.46699e-06, 0.000280359, 0.000357494, 0.00631556, 0.00720545, 2.11447, 0.00112567, 0.00168247, 0.000549238, 7.96183e-07, 8.30914e-07, 8.90627e-06, 0.00124661, 0.00304069, 0.0189368, 0.0501729, 0.00200981, 0.000661541, 1.26571e-07, 7.2162e-08, 2.51113e-05, 0.000286358, 0.000928824, 0.000995123, 0.0226691, 0.0683967, 5.57288e-06, 0.00677833, 1.31784e-05, 2.9851e-05, 3.2435e-05, 3.43136e-05, 5.82115e-05, 9.71759e-05, 0.000262422, 0.000262724, 0.000298674, 0.00843525, 0.0118213, 

3.09215e-08, 1.01696e-07, 8.46071e-06, 0.000622411, 0.00186166, 0.000921476, 2.70658, 0.000928824, 0.00200981, 1.00202e-05, 1.65397e-06, 2.46699e-06, 0.000357494, 0.000549238, 0.00112567, 2.11447, 0.569535, 1.58617e-06, 0.000171143, 0.000280359, 3.74969e-07, 8.30914e-07, 8.90627e-06, 0.00124661, 0.00304069, 0.0189368, 0.0501729, 0.00168247, 1.31784e-05, 1.26571e-07, 7.2162e-08, 2.51113e-05, 5.57288e-06, 0.000286358, 0.000995123, 3.76756, 3.91401, 0.000183712, 0.000138954, 0.00187981, 2.9851e-05, 3.2435e-05, 3.43136e-05, 5.82115e-05, 9.71759e-05, 0.000262422, 0.000262724, 0.000298674, 0.00286663, 0.00720545, 

3.09215e-08, 1.01696e-07, 0.000921476, 0.00186166, 0.00200981, 1.13205, 1.04523e-05, 0.000286358, 0.000549238, 1.26571e-07, 1.43186e-06, 1.65397e-06, 1.58617e-06, 0.000357494, 0.910568, 1.68591e-06, 0.31732, 0.000171143, 0.000280359, 1.00202e-05, 4.87063e-08, 8.30914e-07, 0.00124661, 0.00168247, 0.00304069, 0.465126, 5.58303, 1.31784e-05, 0.000284745, 0.000183712, 7.2162e-08, 4.16457e-06, 5.57288e-06, 0.000138954, 0.000995123, 0.0358732, 0.390292, 8.46071e-06, 8.90627e-06, 8.2985e-05, 3.74969e-07, 1.73496e-06, 2.9851e-05, 3.2435e-05, 3.43136e-05, 5.82115e-05, 9.71759e-05, 0.000262422, 0.000622411, 0.000928824, 

3.09215e-08, 7.62035e-08, 1.26571e-07, 0.000549238, 0.00186166, 0.00200981, 8.79156e-08, 1.68591e-06, 8.2985e-05, 1.12279e-06, 1.01696e-07, 3.74969e-07, 1.00202e-05, 0.000171143, 0.000280359, 0.31732, 1.48754, 1.31784e-05, 0.000286358, 8.90627e-06, 1.3879e-08, 4.87063e-08, 0.00124661, 0.00168247, 0.465126, 5.58303, 6.14098, 1.04523e-05, 0.000284745, 0.000183712, 7.2162e-08, 1.43186e-06, 5.57288e-06, 8.46071e-06, 0.000138954, 0.390292, 1.64332, 0.000622411, 1.28045e-06, 0.000357494, 9.81852e-07, 1.12962e-06, 4.16457e-06, 1.73496e-06, 1.73932e-05, 2.9851e-05, 3.2435e-05, 5.82115e-05, 0.000921476, 0.000928824, 

3.09215e-08, 7.62035e-08, 8.01815e-08, 1.26571e-07, 0.000549238, 0.00200981, 1.44952, 0.000284745, 1.68591e-06, 0.000138954, 1.01696e-07, 3.74969e-07, 8.90627e-06, 1.00202e-05, 0.000286358, 0.719684, 1.15302, 1.12279e-06, 8.46071e-06, 0.000921476, 1.3879e-08, 1.94095e-08, 1.04523e-05, 0.000183712, 0.00124661, 0.465126, 8.20845e-05, 1.28045e-06, 0.000928824, 8.2985e-05, 7.2162e-08, 1.12962e-06, 5.57288e-06, 0.000357494, 0.000622411, 0.390292, 0.794937, 0.000280359, 0.000171143, 1.31784e-05, 9.81852e-07, 1.43186e-06, 1.73496e-06, 4.16457e-06, 1.73932e-05, 1.89631e-05, 2.9851e-05, 3.2435e-05, 0.00168247, 0.00186166, 

3.09215e-08, 7.62035e-08, 1.26571e-07, 0.000284745, 0.000549238, 0.156904, 0.0148802, 0.00168247, 0.00124661, 1.00202e-05, 1.6983e-09, 1.01696e-07, 8.46071e-06, 8.90627e-06, 0.000286358, 1.15302, 2.61601, 1.68591e-06, 1.12279e-06, 0.000921476, 1.06901e-08, 1.3879e-08, 1.28045e-06, 1.04523e-05, 8.20845e-05, 0.000183712, 0.0183468, 0.000928824, 8.2985e-05, 1.31784e-05, 7.2162e-08, 7.78427e-07, 5.57288e-06, 0.000171143, 0.000280359, 0.000357494, 0.0576969, 1.10375e-05, 8.01815e-08, 0.000138954, 9.81852e-07, 1.43186e-06, 1.73496e-06, 4.16457e-06, 1.73932e-05, 1.89631e-05, 2.9851e-05, 3.2435e-05, 0.00186166, 0.00200981, 

3.39186e-10, 3.09215e-08, 1.26571e-07, 0.000549238, 0.00124661, 0.00168247, 0.0148802, 1.00202e-05, 1.04523e-05, 5.57288e-06, 1.6983e-09, 2.4791e-08, 1.12279e-06, 0.000286358, 0.233732, 1.56593, 7.21993, 0.000284745, 8.46071e-06, 0.000171143, 1.06901e-08, 1.3879e-08, 1.28045e-06, 1.31784e-05, 8.2985e-05, 0.000183712, 0.0183468, 8.20845e-05, 8.90627e-06, 0.00028242, 7.2162e-08, 2.26782e-07, 8.01815e-08, 0.000138954, 0.000280359, 0.00185631, 0.00011069, 0.000194391, 1.10375e-05, 1.68591e-06, 9.81852e-07, 1.43186e-06, 1.73496e-06, 4.16457e-06, 1.73932e-05, 1.89631e-05, 2.9851e-05, 3.2435e-05, 0.000357494, 0.000921476, 

3.39186e-10, 3.09215e-08, 1.26571e-07, 5.57288e-06, 9.35951e-05, 0.0148802, 1.3416, 1.00202e-05, 0.000284745, 8.2985e-05, 1.6983e-09, 2.4791e-08, 1.12279e-06, 8.46071e-06, 0.000171143, 0.000286358, 0.00263063, 0.000183712, 0.000549238, 0.000357494, 1.06901e-08, 1.3879e-08, 1.28045e-06, 8.90627e-06, 8.20845e-05, 0.00028242, 0.0160425, 0.000280359, 0.00011069, 0.000137425, 7.2162e-08, 2.26782e-07, 8.01815e-08, 1.68591e-06, 1.10375e-05, 1.50551e-05, 0.000194391, 1.04523e-05, 0.000138954, 1.31784e-05, 9.81852e-07, 1.43186e-06, 1.73496e-06, 4.16457e-06, 1.73932e-05, 1.89631e-05, 2.9851e-05, 3.2435e-05, 0.000921476, 0.00168247, 

3.39186e-10, 3.09215e-08, 1.26571e-07, 5.57288e-06, 8.2985e-05, 0.0148802, 1.3416, 0.00011069, 1.50551e-05, 4.12972e-07, 1.6983e-09, 2.4791e-08, 1.12279e-06, 0.000183712, 0.000357494, 0.000549238, 3.80049e-05, 0.000138954, 0.000163259, 8.63668e-08, 1.06901e-08, 1.3879e-08, 1.28045e-06, 8.20845e-05, 0.000137425, 0.0160425, 0.394526, 1.00202e-05, 1.10375e-05, 9.35951e-05, 5.66996e-08, 2.26782e-07, 8.01815e-08, 1.68591e-06, 1.31784e-05, 0.000194391, 0.0425294, 1.04523e-05, 0.000171143, 8.46071e-06, 7.2162e-08, 9.81852e-07, 1.43186e-06, 1.73496e-06, 4.16457e-06, 1.73932e-05, 1.89631e-05, 2.9851e-05, 0.000280359, 0.00028242, 

3.39186e-10, 3.09215e-08, 1.26571e-07, 4.12972e-07, 1.50551e-05, 8.2985e-05, 0.0148802, 0.000137425, 8.46071e-06, 8.63668e-08, 1.6983e-09, 2.4791e-08, 1.12279e-06, 1.48043e-06, 0.000163259, 0.000549238, 22.2295, 5.57288e-06, 0.00011069, 0.000183712, 9.82932e-09, 1.06901e-08, 1.28045e-06, 1.00202e-05, 9.35951e-05, 0.394526, 0.00142025, 1.10375e-05, 8.20845e-05, 1.43537e-08, 5.66996e-08, 2.26782e-07, 1.68591e-06, 1.04523e-05, 0.000171143, 0.000194391, 6.47577e-07, 0.000138954, 8.01815e-08, 1.31784e-05, 4.73255e-08, 7.2162e-08, 9.81852e-07, 1.43186e-06, 1.73496e-06, 3.81053e-06, 4.16457e-06, 1.73932e-05, 0.000280359, 0.00028242, 

3.39186e-10, 3.09215e-08, 8.63668e-08, 1.26571e-07, 0.0148802, 0.883154, 0.207817, 1.10375e-05, 1.50551e-05, 9.35951e-05, 1.6983e-09, 1.69747e-08, 1.48043e-06, 5.57288e-06, 0.00011069, 22.2295, 0.0258721, 1.68591e-06, 1.28045e-06, 8.01815e-08, 9.82932e-09, 1.06901e-08, 1.43537e-08, 1.00202e-05, 8.20845e-05, 0.983474, 16.3441, 6.47577e-07, 4.12972e-07, 8.46071e-06, 4.73255e-08, 6.81069e-08, 1.04523e-05, 1.31784e-05, 0.000138954, 0.634787, 6.77599e-08, 1.12279e-06, 0.000137425, 8.2985e-05, 5.66996e-08, 7.2162e-08, 2.26782e-07, 9.81852e-07, 1.43186e-06, 1.73496e-06, 2.1195e-06, 3.81053e-06, 0.000163259, 0.000171143, 

3.39186e-10, 1.69747e-08, 1.50551e-05, 0.0148802, 0.883154, 0.0141652, 4.46851, 8.63668e-08, 1.68591e-06, 1.10375e-05, 1.6983e-09, 3.12084e-10, 8.01815e-08, 1.48043e-06, 0.0258721, 15.0856, 2.90847e-08, 1.28045e-06, 1.43537e-08, 5.57288e-06, 9.82932e-09, 1.0181e-08, 4.12972e-07, 6.47577e-07, 1.00202e-05, 5.01994, 0.00402497, 1.31784e-05, 1.26571e-07, 1.43266e-05, 4.73255e-08, 5.18419e-08, 6.77599e-08, 1.04523e-05, 8.2985e-05, 0.000138954, 0.30734, 8.20845e-05, 8.46071e-06, 1.12279e-06, 3.09215e-08, 5.66996e-08, 7.2162e-08, 2.26782e-07, 9.81852e-07, 1.43186e-06, 1.73496e-06, 2.1195e-06, 9.35951e-05, 0.00011069, 

1.98986e-10, 3.39186e-10, 8.63668e-08, 0.0141652, 0.045302, 0.0786434, 0.0909842, 4.12972e-07, 1.28045e-06, 3.82083e-06, 4.45219e-12, 4.05367e-11, 8.01815e-08, 5.57288e-06, 0.0258721, 15.0856, 0.0685847, 1.04523e-05, 1.50551e-05, 1.43537e-08, 9.82932e-09, 1.0181e-08, 1.00202e-05, 1.31784e-05, 1.43266e-05, 0.00402497, 1.22068, 1.26571e-07, 1.48043e-06, 6.47577e-07, 4.73255e-08, 5.18419e-08, 6.77599e-08, 1.12279e-06, 8.46071e-06, 8.2985e-05, 0.30734, 1.10375e-05, 1.68591e-06, 2.90847e-08, 3.09215e-08, 5.66996e-08, 7.2162e-08, 2.26782e-07, 9.81852e-07, 1.43186e-06, 1.73496e-06, 2.1195e-06, 8.20845e-05, 9.35951e-05, 

1.98986e-10, 3.39186e-10, 8.63668e-08, 4.12972e-07, 0.045302, 0.0520707, 0.000462658, 5.57288e-06, 1.43537e-08, 1.28045e-06, 4.45219e-12, 4.05367e-11, 8.01815e-08, 1.04523e-05, 1.50551e-05, 0.0258721, 0.0685847, 3.82083e-06, 1.48043e-06, 2.90847e-08, 9.82932e-09, 1.0181e-08, 6.47577e-07, 1.43266e-05, 0.00402497, 1.11687, 0.0566813, 1.12279e-06, 1.00202e-05, 6.77599e-08, 2.4585e-08, 3.09215e-08, 1.68591e-06, 1.10375e-05, 8.2985e-05, 0.280508, 1.97935, 1.31784e-05, 1.26571e-07, 8.46071e-06, 4.73255e-08, 5.66996e-08, 7.2162e-08, 2.26782e-07, 9.81852e-07, 1.43186e-06, 1.73496e-06, 2.1195e-06, 8.20845e-05, 9.35951e-05, 

1.98986e-10, 2.46108e-10, 1.43537e-08, 8.63668e-08, 4.12972e-07, 1.28045e-06, 0.0520707, 1.12279e-06, 2.90847e-08, 1.10375e-05, 4.45219e-12, 4.05367e-11, 8.01815e-08, 3.91899e-07, 1.04523e-05, 0.0258721, 0.0767471, 1.68591e-06, 5.57288e-06, 1.26571e-07, 4.05974e-09, 1.0181e-08, 6.77599e-08, 1.00202e-05, 0.0011451, 1.11687, 3.56344, 3.82083e-06, 8.46071e-06, 6.47577e-07, 2.4585e-08, 2.80592e-09, 1.31784e-05, 8.2985e-05, 1.97935, 1.61169e-08, 0.341487, 4.34873e-08, 8.20845e-05, 1.69683e-09, 9.82932e-09, 3.09215e-08, 4.73255e-08, 5.66996e-08, 7.2162e-08, 1.76058e-07, 2.26782e-07, 9.81852e-07, 9.35951e-05, 

1.98986e-10, 2.46108e-10, 1.12279e-06, 1.28045e-06, 1.10375e-05, 0.0520707, 4.07409, 4.45219e-12, 4.05367e-11, 8.01815e-08, 1.26571e-07, 3.91899e-07, 1.04523e-05, 0.238117, 1.21674e-09, 4.05974e-09, 6.77599e-08, 3.82083e-06, 8.46071e-06, 0.0011451, 3.56344, 2.80592e-09, 9.82932e-09, 1.69683e-09, 1.61169e-08, 1.31784e-05, 0.341487, 0.0242174, 1.53273e-08, 2.29283e-08, 3.09215e-08, 4.73255e-08, 5.66996e-08, 7.2162e-08, 1.76058e-07, 2.26782e-07, 1.43537e-08, 2.3087e-08, 

1.98986e-10, 2.46108e-10, 1.12279e-06, 1.28045e-06, 1.10375e-05, 0.0520707, 0.443701, 4.45219e-12, 1.00588e-11, 8.01815e-08, 1.26571e-07, 1.04523e-05, 0.238117, 6.49209, 1.21674e-09, 4.05974e-09, 6.77599e-08, 8.46071e-06, 0.0011451, 0.0138707, 0.00429996, 9.65181e-11, 9.82932e-09, 1.69683e-09, 1.61169e-08, 1.31784e-05, 0.0242174, 1.53528, 1.53273e-08, 2.29283e-08, 3.09215e-08, 4.73255e-08, 5.66996e-08, 7.2162e-08, 1.76058e-07, 2.26782e-07, 1.43537e-08, 2.3087e-08, 

1.98986e-10, 2.46108e-10, 1.12279e-06, 1.28045e-06, 1.10375e-05, 0.443701, 0.0482777, 4.45219e-12, 1.00588e-11, 8.01815e-08, 1.26571e-07, 1.04523e-05, 0.238117, 7.67535e-07, 1.21674e-09, 4.05974e-09, 6.77599e-08, 8.46071e-06, 0.00100869, 0.0011451, 0.0138707, 9.65181e-11, 5.65027e-09, 1.69683e-09, 1.61169e-08, 1.31784e-05, 0.0242174, 1.53528, 1.53273e-08, 2.29283e-08, 3.09215e-08, 4.73255e-08, 5.66996e-08, 7.2162e-08, 1.76058e-07, 2.26782e-07, 1.43537e-08, 2.3087e-08, 

1.78149e-10, 1.98986e-10, 1.12279e-06, 1.28045e-06, 1.10375e-05, 0.000152043, 0.443701, 4.45219e-12, 1.00588e-11, 8.01815e-08, 1.26571e-07, 7.67535e-07, 1.04523e-05, 1.04407, 1.21674e-09, 4.05974e-09, 6.77599e-08, 0.00100869, 0.0011451, 0.0138707, 1.02599, 9.65181e-11, 8.4896e-10, 1.69683e-09, 3.54427e-06, 0.0242174, 1.53528, 1.20305, 1.53273e-08, 2.29283e-08, 3.09215e-08, 4.73255e-08, 5.66996e-08, 7.2162e-08, 1.76058e-07, 2.26782e-07, 1.43537e-08, 2.3087e-08, 

1.70216e-10, 1.78149e-10, 1.12279e-06, 1.28045e-06, 1.10375e-05, 0.443701, 3.27926e-07, 4.45219e-12, 1.00588e-11, 8.01815e-08, 1.26571e-07, 1.04523e-05, 1.04407, 9.8907e-08, 1.21674e-09, 2.38733e-09, 0.00100869, 0.0011451, 0.0138707, 1.02599, 0.011768, 9.65181e-11, 5.76237e-10, 1.69683e-09, 3.54427e-06, 0.0242174, 1.53528, 0.149702, 1.53273e-08, 2.29283e-08, 3.09215e-08, 4.73255e-08, 5.66996e-08, 7.2162e-08, 1.76058e-07, 2.26782e-07, 1.43537e-08, 2.3087e-08, 

1.70216e-10, 1.78149e-10, 3.27926e-07, 1.12279e-06, 1.28045e-06, 0.443701, 2.472e-06, 4.45219e-12, 1.00588e-11, 8.01815e-08, 1.26571e-07, 1.04523e-05, 1.04407, 2.76434e-06, 1.75466e-10, 1.21674e-09, 0.000157179, 0.0011451, 0.0138707, 1.02599, 3.20024, 9.65181e-11, 5.76237e-10, 1.69683e-09, 0.0242174, 0.0711851, 0.149702, 1.8369, 1.53273e-08, 2.29283e-08, 3.09215e-08, 4.73255e-08, 5.66996e-08, 7.2162e-08, 1.76058e-07, 2.26782e-07, 1.43537e-08, 2.3087e-08, 

1.66306e-10, 1.70216e-10, 3.27926e-07, 1.12279e-06, 1.28045e-06, 2.472e-06, 0.443701, 1.99672e-13, 4.45219e-12, 8.01815e-08, 1.26571e-07, 2.76434e-06, 1.04523e-05, 1.04407, 1.75466e-10, 1.21674e-09, 0.000157179, 0.0138707, 0.3109, 1.25735, 0.0206669, 9.65181e-11, 5.76237e-10, 0.0242174, 0.0711851, 0.149702, 1.8369, 3.76744, 1.53273e-08, 2.29283e-08, 3.09215e-08, 4.73255e-08, 5.66996e-08, 7.2162e-08, 1.76058e-07, 2.26782e-07, 1.43537e-08, 2.3087e-08, 

1.66306e-10, 1.70216e-10, 1.12279e-06, 1.28045e-06, 2.472e-06, 0.443701, 0.979984, 1.99672e-13, 1.02005e-12, 8.01815e-08, 1.26571e-07, 2.76434e-06, 1.04523e-05, 0.286843, 2.64589e-11, 1.75466e-10, 0.000157179, 0.0138707, 0.0206669, 0.3109, 0.636999, 9.65181e-11, 5.76237e-10, 0.00485346, 0.0711851, 0.149702, 3.76744, 0.00134371, 1.53273e-08, 2.29283e-08, 3.09215e-08, 4.73255e-08, 5.66996e-08, 7.2162e-08, 1.76058e-07, 2.26782e-07, 1.43537e-08, 2.3087e-08, 

1.62912e-10, 1.66306e-10, 1.12279e-06, 2.472e-06, 1.95918e-05, 0.443701, 7.50621, 1.99672e-13, 1.02005e-12, 5.12817e-09, 8.01815e-08, 2.76434e-06, 1.04523e-05, 0.286843, 2.64589e-11, 1.75466e-10, 0.0138707, 0.020093, 0.0206669, 0.3109, 0.0488811, 9.65181e-11, 5.76237e-10, 0.00134371, 0.00340391, 0.0711851, 3.76744, 1.19126, 1.53273e-08, 2.29283e-08, 3.09215e-08, 4.73255e-08, 5.66996e-08, 7.2162e-08, 1.76058e-07, 2.26782e-07, 1.43537e-08, 2.3087e-08, 

1.62912e-10, 1.66306e-10, 6.93889e-08, 2.472e-06, 0.443701, 7.50621, 2.1624, 1.99672e-13, 7.33038e-13, 5.12817e-09, 8.01815e-08, 1.04523e-05, 0.286843, 0.511457, 2.64589e-11, 1.75466e-10, 0.0138707, 0.020093, 0.0206669, 0.146935, 0.346271, 9.65181e-11, 5.76237e-10, 0.00134371, 0.0711851, 1.19126, 3.76744, 0.000147674, 1.53273e-08, 2.29283e-08, 3.09215e-08, 4.73255e-08, 5.66996e-08, 7.2162e-08, 1.76058e-07, 2.26782e-07, 1.43537e-08, 2.3087e-08, 

1.62912e-10, 1.66306e-10, 6.93889e-08, 2.472e-06, 0.443701, 2.1624, 7.50621, 1.99672e-13, 7.33038e-13, 5.12817e-09, 8.01815e-08, 1.04523e-05, 0.286843, 0.511457, 2.64589e-11, 8.03644e-11, 0.0138707, 0.0206669, 0.146935, 0.346271, 1.11379, 9.65181e-11, 5.76237e-10, 0.000147674, 0.00134371, 0.0254956, 0.0711851, 1.19126, 1.53273e-08, 2.29283e-08, 3.09215e-08, 4.73255e-08, 5.66996e-08, 7.2162e-08, 1.76058e-07, 2.26782e-07, 1.43537e-08, 2.3087e-08, 

1.62912e-10, 1.65106e-10, 6.93889e-08, 2.472e-06, 0.443701, 0.67909, 2.1624, 1.99672e-13, 7.33038e-13, 5.12817e-09, 8.01815e-08, 1.04523e-05, 0.286843, 0.270495, 2.64589e-11, 5.69005e-11, 0.00955444, 0.0138707, 0.346271, 1.11379, 0.00102215, 9.65181e-11, 5.76237e-10, 0.000147674, 0.00134371, 0.0254956, 0.0711851, 0.0298722, 1.53273e-08, 2.29283e-08, 3.09215e-08, 4.73255e-08, 5.66996e-08, 7.2162e-08, 1.76058e-07, 2.26782e-07, 1.43537e-08, 2.3087e-08, 

1.62912e-10, 1.65106e-10, 6.93889e-08, 2.472e-06, 0.00103983, 0.443701, 0.834114, 1.99672e-13, 7.33038e-13, 5.12817e-09, 8.01815e-08, 1.04523e-05, 0.270495, 0.286843, 2.64589e-11, 5.69005e-11, 0.00955444, 0.0138707, 0.346271, 1.11379, 0.140282, 9.65181e-11, 5.76237e-10, 0.00134371, 0.00359149, 0.00531396, 0.0298722, 0.609673, 1.53273e-08, 2.29283e-08, 3.09215e-08, 4.73255e-08, 5.66996e-08, 7.2162e-08, 1.76058e-07, 2.26782e-07, 1.43537e-08, 2.3087e-08, 

1.62912e-10, 1.65106e-10, 6.93889e-08, 2.472e-06, 0.00103983, 0.211183, 14.8376, 1.13656e-13, 1.99672e-13, 5.12817e-09, 8.01815e-08, 1.04523e-05, 0.270495, 5.93369, 2.64589e-11, 5.69005e-11, 0.00046168, 0.00955444, 0.108551, 0.346271, 0.000149884, 9.65181e-11, 5.76237e-10, 1.76621e-08, 0.00134371, 0.00359149, 0.609673, 0.47537, 1.53273e-08, 2.29283e-08, 3.09215e-08, 4.73255e-08, 5.66996e-08, 7.2162e-08, 1.76058e-07, 2.26782e-07, 1.43537e-08, 2.3087e-08, 

1.62912e-10, 1.65106e-10, 6.93889e-08, 2.472e-06, 0.00103983, 14.8376, 8.7307, 1.13656e-13, 1.80843e-13, 5.12817e-09, 8.01815e-08, 1.04523e-05, 0.270495, 4.10637, 2.64589e-11, 5.69005e-11, 0.000149884, 0.00955444, 0.0440327, 0.108551, 0.0135701, 9.65181e-11, 5.76237e-10, 1.76621e-08, 0.00134371, 0.00359149, 0.609673, 0.507719, 1.53273e-08, 2.29283e-08, 3.09215e-08, 4.73255e-08, 5.66996e-08, 7.2162e-08, 1.76058e-07, 2.26782e-07, 1.43537e-08, 2.3087e-08, 

1.62912e-10, 1.65106e-10, 6.93889e-08, 0.00103983, 0.118568, 1.13649, 0.0221002, 1.13656e-13, 1.71537e-13, 5.12817e-09, 8.01815e-08, 1.04523e-05, 4.10637, 0.312924, 2.64589e-11, 5.69005e-11, 0.000149884, 0.00955444, 0.0130543, 0.0135701, 0.290519, 9.65181e-11, 5.76237e-10, 1.76621e-08, 0.00134371, 0.00359149, 0.507719, 0.466891, 1.53273e-08, 2.29283e-08, 3.09215e-08, 4.73255e-08, 5.66996e-08, 7.2162e-08, 1.76058e-07, 2.26782e-07, 1.43537e-08, 2.3087e-08, 

1.61737e-10, 1.62912e-10, 6.93889e-08, 0.0221002, 0.118568, 1.13649, 3.80169, 1.13656e-13, 1.71537e-13, 5.12817e-09, 8.01815e-08, 1.04523e-05, 4.10637, 8.38068, 2.64589e-11, 5.69005e-11, 0.000149884, 0.0130543, 0.0135701, 0.290519, 4.73794e-05, 9.65181e-11, 5.76237e-10, 1.76621e-08, 0.00134371, 0.00359149, 0.466891, 0.507719, 1.53273e-08, 2.29283e-08, 3.09215e-08, 4.73255e-08, 5.66996e-08, 7.2162e-08, 1.76058e-07, 2.26782e-07, 1.43537e-08, 2.3087e-08, 

1.61737e-10, 1.62555e-10, 6.93889e-08, 0.0221002, 0.118568, 1.13649, 3.80169, 9.79686e-14, 1.13656e-13, 5.12817e-09, 8.01815e-08, 4.10637, 8.38068, 2.63611, 2.64589e-11, 5.69005e-11, 4.73794e-05, 0.0130543, 0.0135701, 0.290519, 5.16794, 4.87551e-11, 9.65181e-11, 1.76621e-08, 0.00240669, 0.466891, 0.507719, 1.44971e-06, 1.53273e-08, 2.29283e-08, 3.09215e-08, 4.73255e-08, 5.66996e-08, 7.2162e-08, 1.76058e-07, 2.26782e-07, 1.43537e-08, 2.3087e-08, 

1.61737e-10, 1.62036e-10, 6.93889e-08, 0.0221002, 0.117242, 0.118568, 0.267341, 9.79686e-14, 1.11938e-13, 5.12817e-09, 8.01815e-08, 2.63611, 4.10637, 0.455321, 2.64589e-11, 5.12728e-11, 0.0130543, 0.0135701, 0.21777, 0.290519, 2.21729, 1.82188e-11, 4.87551e-11, 1.76621e-08, 0.00240669, 0.466891, 0.507719, 5.65437e-09, 1.53273e-08, 2.29283e-08, 3.09215e-08, 4.73255e-08, 5.66996e-08, 7.2162e-08, 1.76058e-07, 2.26782e-07, 1.43537e-08, 2.3087e-08, 

1.61618e-10, 1.61737e-10, 6.93889e-08, 0.0104816, 0.0221002, 0.267341, 2.4851, 9.79686e-14, 1.11938e-13, 5.12817e-09, 0.455321, 2.63611, 4.10637, 0.447239, 2.64589e-11, 5.12728e-11, 0.0130543, 0.0135701, 0.290519, 0.762923, 0.453175, 3.49927e-12, 1.82188e-11, 5.65437e-09, 1.76621e-08, 0.00240669, 0.466891, 0.507719, 1.53273e-08, 2.29283e-08, 3.09215e-08, 4.73255e-08, 5.66996e-08, 7.2162e-08, 1.76058e-07, 2.26782e-07, 1.43537e-08, 2.3087e-08, 

1.61618e-10, 1.61664e-10, 6.93889e-08, 0.0104816, 0.0221002, 0.267341, 2.4851, 9.79686e-14, 1.11938e-13, 5.12817e-09, 0.0615733, 0.447239, 2.02701, 0.183159, 2.64589e-11, 4.61074e-11, 0.0135701, 0.288828, 0.290519, 0.762923, 0.0326828, 2.85522e-12, 3.49927e-12, 5.65437e-09, 1.76621e-08, 0.00240669, 0.466891, 1.61409e-09, 1.53273e-08, 2.29283e-08, 3.09215e-08, 4.73255e-08, 5.66996e-08, 7.2162e-08, 1.76058e-07, 2.26782e-07, 1.43537e-08, 2.3087e-08, 

1.61618e-10, 1.61664e-10, 6.93889e-08, 0.0104816, 0.0221002, 0.0693407, 0.22873, 9.79686e-14, 1.09611e-13, 5.12817e-09, 0.183159, 0.447239, 2.02701, 0.417758, 2.64589e-11, 4.61074e-11, 0.0135701, 0.0326828, 0.290519, 0.762923, 0.418626, 2.6277e-12, 2.85522e-12, 7.18422e-10, 1.61409e-09, 1.76621e-08, 0.466891, 3.26933e-10, 1.53273e-08, 2.29283e-08, 3.09215e-08, 4.73255e-08, 5.66996e-08, 7.2162e-08, 1.76058e-07, 2.26782e-07, 1.43537e-08, 2.3087e-08, 

1.61595e-10, 1.61618e-10, 6.93889e-08, 0.0104816, 0.0221002, 0.22873, 0.002904, 9.79686e-14, 1.09611e-13, 0.00457541, 0.183159, 0.417758, 2.02701, 0.790132, 2.64589e-11, 4.61074e-11, 0.0249144, 0.0326828, 0.290519, 0.418626, 1.76347, 7.61124e-13, 7.34396e-13, 6.81052e-13, 1.61409e-09, 1.76621e-08, 0.466891, 7.53173e-13, 1.53273e-08, 2.29283e-08, 3.09215e-08, 4.73255e-08, 5.66996e-08, 7.2162e-08, 1.76058e-07, 2.26782e-07, 1.43537e-08, 2.3087e-08, 

1.61593e-10, 1.61595e-10, 6.93889e-08, 2.71211e-05, 0.0221002, 0.22873, 1.14964, 8.9126e-14, 9.79686e-14, 7.93066e-05, 0.00457541, 0.324756, 0.730345, 9.45644e-05, 2.64589e-11, 4.61074e-11, 0.00453601, 0.00833656, 0.0351716, 0.0353849, 6.46734, 6.47037e-13, 7.52712e-13, 6.81052e-13, 7.53173e-13, 1.61409e-09, 0.466891, 1.73723, 1.53273e-08, 2.29283e-08, 3.09215e-08, 4.73255e-08, 5.66996e-08, 7.2162e-08, 1.76058e-07, 2.26782e-07, 1.43537e-08, 2.3087e-08, 

1.61593e-10, 1.61595e-10, 2.71211e-05, 0.00138415, 0.0221002, 0.22873, 0.50907, 8.9126e-14, 9.79686e-14, 6.67205e-05, 0.00457541, 0.324756, 0.730345, 0.397526, 2.64589e-11, 4.2307e-11, 0.00453601, 0.0351716, 0.0353849, 6.46734, 7.3976, 6.47037e-13, 7.52712e-13, 6.81052e-13, 7.53173e-13, 1.61409e-09, 0.279766, 1.73723, 1.53273e-08, 2.29283e-08, 3.09215e-08, 4.73255e-08, 5.66996e-08, 7.2162e-08, 1.76058e-07, 2.26782e-07, 1.43537e-08, 2.3087e-08, 

Best:
(2.9854e-07, )

Fitness Evaluations:
2874

End Population
(1.271194e-05), (1.271201e-05), (5.207788e-03), (3.720413e-02), (-1.486613e-01), (4.782572e-01), (-7.134915e-01), (2.985399e-07), (3.129993e-07), (-8.168262e-03), (6.764181e-02), (5.698736e-01), (-8.546024e-01), (-6.304963e-01), (5.143824e-06), (6.504387e-06), (-6.734990e-02), (-1.875409e-01), (1.881088e-01), (2.543096e+00), (-2.719854e+00), (8.043859e-07), (8.675896e-07), (8.252588e-07), (8.678552e-07), (4.017578e-05), (-5.289294e-01), (-1.318039e+00), (-1.238036e-04), (-1.514209e-04), (1.758450e-04), (-2.175443e-04), (-2.381168e-04), (-2.686298e-04), (-4.195922e-04), (-4.762160e-04), (-1.198070e-04), (-1.519442e-04), 