Iterations: 50
Function Evaluations Limit: 150000
Population: 50

Prides Length: 4

Percent Nomads: 0.2
Percent Roaming: 0.2
Percent Sex: 0.8

Mating Rate: 0.3
Mutation Probability: 0.2
Immigration Rate: 0.4

Percent Group Influence: 0.4
Annealing On: true
Ranked Selection Pressure: 2
Near To Best Random Pressure: 2

Dimensions: 1
N-Dimension Space: -5:5

Fitness Iterations:
0.00651352 (Initial Best)

23.8153, 11.7347, 6.52541, 10.9151, 17.9937, 10.3196, 6.19498, 0.451716, 15.9825, 12.6156, 22.8284, 10.3594, 8.76343, 5.85822, 3.93811, 19.8194, 3.2066, 7.8134, 0.00651352, 16.2028, 14.9585, 0.152984, 10.5202, 7.85236, 14.7621, 23.7524, 6.10613, 2.36035, 14.7218, 16.4937, 10.1052, 21.5303, 0.181096, 14.6234, 0.534319, 17.213, 22.4803, 6.89127, 14.7242, 9.05885, 20.215, 18.3713, 4.38992, 0.00940014, 20.0974, 7.30553, 12.3614, 21.038, 12.5242, 0.104752, 

0.00940014, 0.0122131, 0.436978, 3.33703, 15.399, 17.9937, 2.05997, 5.85822, 4.6662, 0.534319, 0.00117972, 0.0152954, 0.00651352, 0.870007, 2.21809, 0.0383124, 16.5711, 3.14898, 0.181096, 3.86094, 0.152984, 0.202684, 2.36035, 6.75208, 7.73495, 7.85236, 0.101503, 2.51807, 1.34544, 0.000926865, 0.158627, 4.24174, 1.33455, 1.51557, 9.05885, 11.1466, 3.70594, 1.25875, 0.104752, 0.451716, 0.0466074, 1.08705, 0.0664721, 0.0152367, 0.346169, 0.434878, 0.712005, 1.1781, 6.09295, 6.19498, 

0.00940014, 0.0122131, 2.05415, 4.6662, 8.52865, 1.98998, 0.0408075, 0.101503, 1.33455, 0.072199, 0.00117972, 0.00291371, 0.00651352, 0.0383124, 0.870007, 3.86094, 16.5711, 0.104752, 0.436978, 1.25875, 0.0152367, 0.0290972, 0.000926865, 0.00763429, 2.36035, 2.51807, 0.0348919, 0.451716, 0.0232184, 0.181096, 0.0664721, 0.00745879, 0.203641, 3.70594, 4.21435, 0.005056, 0.36616, 2.05997, 0.0233088, 1.34544, 0.0152954, 0.152984, 0.0863508, 0.0466074, 0.158627, 0.202684, 0.330934, 0.422428, 3.14898, 3.21522, 

0.00940014, 0.0110731, 1.98998, 4.6662, 8.52865, 10.2516, 0.237775, 0.000926865, 0.0408075, 0.104752, 0.00117972, 0.00291371, 0.651209, 0.870007, 3.86094, 2.23569, 14.9837, 0.181096, 0.00651352, 0.00249056, 0.0152367, 0.0152954, 0.0232184, 0.0348919, 0.451716, 2.09553, 1.87983, 0.436978, 0.00763429, 0.101503, 0.00745879, 0.00250117, 0.005056, 0.0957017, 0.36616, 3.70594, 0.00125763, 0.0233088, 0.072199, 0.0383124, 0.0122131, 0.0290972, 0.02265, 0.0281059, 0.0466074, 0.0863508, 0.152984, 0.202684, 0.528291, 1.33455, 

0.0052285, 0.0110731, 0.000926865, 0.237775, 1.98998, 2.51445, 0.268525, 0.005056, 0.0247252, 0.000821867, 0.00117972, 0.00101336, 0.00249056, 0.00651352, 0.870007, 3.86094, 0.0244355, 0.0348919, 0.00125763, 0.000875265, 1.85626e-05, 0.0112248, 0.00763429, 0.0304875, 0.101503, 0.451716, 2.09553, 0.00095699, 0.0146796, 0.000521419, 0.000473258, 0.000815066, 0.0233088, 0.0383124, 0.072199, 0.0957017, 1.49276, 0.104752, 0.0408075, 0.0303622, 0.0152367, 0.00291371, 0.00940014, 0.0152954, 0.0122131, 0.0198921, 0.02265, 0.0281059, 0.205495, 0.36616, 

7.96808e-09, 2.97602e-05, 0.000926865, 0.005056, 1.98998, 2.51445, 1.28485, 0.00651352, 2.69386e-09, 0.000521419, 3.34213e-07, 0.00117972, 0.000875265, 0.00125763, 0.870007, 3.86094, 0.206111, 0.00249056, 0.0024967, 0.00424558, 4.92113e-07, 0.00157172, 5.4612e-07, 0.00095699, 0.00763429, 0.101503, 2.09553, 0.000286561, 0.00052839, 0.0233088, 0.000394248, 0.000372718, 0.0383124, 0.0408075, 0.0957017, 1.26004, 0.000357604, 0.00607933, 0.000821867, 0.000284666, 0.000794737, 0.0110731, 0.000141611, 0.000815066, 0.0067916, 0.00291371, 0.0122131, 0.0152367, 0.0304875, 0.0348919, 

2.11873e-09, 2.97602e-05, 0.000521419, 0.000852196, 1.28485, 1.73083, 0.0180638, 0.00424558, 0.000284666, 0.005056, 3.34213e-07, 0.000141611, 0.000875265, 0.00125763, 0.870007, 3.86094, 0.231772, 0.000926865, 0.00130382, 0.000398577, 4.92113e-07, 0.000815066, 5.4612e-07, 0.000286561, 0.00095699, 0.0222704, 0.101503, 0.000357604, 2.69386e-09, 0.00174148, 0.000365939, 0.000372718, 0.0123532, 0.0383124, 0.0408075, 1.26004, 0.0500952, 0.00052839, 0.000821867, 0.00249056, 0.000242297, 0.000794737, 0.00157172, 0.00117972, 0.00291371, 0.00429441, 0.00519306, 0.0067916, 0.00607933, 0.0174478, 

2.11873e-09, 1.18478e-08, 0.000284666, 0.000521419, 0.005056, 0.0180638, 2.69829, 0.000398577, 5.4032e-08, 0.00125763, 3.34213e-07, 0.000106772, 0.000875265, 0.870007, 3.86094, 8.81675, 1.79306, 0.00095699, 0.000357604, 1.15493e-06, 4.92113e-07, 0.000794737, 5.4612e-07, 0.0222704, 0.101503, 0.029727, 0.0186222, 2.56514e-08, 2.69386e-09, 0.00130382, 2.97602e-05, 0.000242297, 0.000821867, 0.0123532, 0.0383124, 0.0408075, 24.0865, 0.000926865, 0.00052839, 0.000286561, 0.000365939, 0.000141611, 0.000372718, 0.000815066, 0.00117972, 0.00157172, 0.00291371, 0.00429441, 0.00174148, 0.00249056, 

2.11873e-09, 7.335e-09, 5.4032e-08, 0.000521419, 0.00125763, 0.0180638, 0.541854, 0.00052839, 0.00174148, 5.4612e-07, 3.34213e-07, 0.000106772, 1.15493e-06, 0.000357604, 0.335007, 2.36594, 0.0617755, 0.000875265, 0.000286561, 0.00249056, 1.68805e-08, 0.000365939, 2.69386e-09, 0.0186222, 0.029727, 1.2968, 3.81097, 0.000821867, 0.000284666, 0.00130382, 2.97602e-05, 0.000141611, 0.000926865, 0.0123532, 0.0383124, 0.0408075, 0.0938304, 0.000398577, 2.56514e-08, 0.00095699, 1.44198e-06, 0.000242297, 0.000794737, 0.000372718, 0.000556803, 0.00117972, 0.00157172, 0.00291371, 0.00254283, 0.005056, 

2.11873e-09, 3.32365e-09, 5.4612e-07, 0.00052839, 0.000903649, 0.00125763, 1.40769e-08, 1.15493e-06, 0.000286561, 3.34114e-08, 1.21377e-08, 3.72379e-06, 0.000357604, 0.000875265, 0.00249056, 0.0039107, 0.140218, 5.4032e-08, 0.00095699, 0.00254283, 1.68805e-08, 0.000365939, 0.000284666, 0.0186222, 0.029727, 1.2968, 0.242006, 0.005056, 0.00130382, 2.69386e-09, 2.97602e-05, 0.000141611, 2.56514e-08, 0.000398577, 0.0938304, 3.35042, 0.501487, 0.000821867, 0.0123532, 0.000926865, 3.34213e-07, 1.44198e-06, 0.000242297, 0.000372718, 0.000556803, 0.000794737, 0.00117972, 0.00157172, 0.0180638, 0.0383124, 

2.11873e-09, 3.32365e-09, 1.15493e-06, 0.00052839, 0.000903649, 0.00125763, 2.49736, 0.00130382, 0.000286561, 0.00254283, 1.21377e-08, 4.11839e-08, 5.4032e-08, 0.000111693, 0.000875265, 0.00249056, 0.0039107, 0.0383124, 3.79779e-08, 3.34114e-08, 4.44692e-09, 8.99294e-07, 2.69386e-09, 0.000284666, 0.005056, 0.0186222, 0.029727, 0.00095699, 1.40769e-08, 5.4612e-07, 8.85604e-06, 6.7526e-05, 2.56514e-08, 0.000240296, 0.000926865, 0.0123532, 0.501487, 0.0180638, 0.0597075, 0.000398577, 3.34213e-07, 0.000262395, 1.44198e-06, 1.65973e-05, 0.000242297, 0.000372718, 0.000556803, 0.000600359, 0.0938304, 0.140218, 

2.11873e-09, 3.32365e-09, 0.00052839, 0.000903649, 0.00125763, 0.00254283, 0.625261, 3.79779e-08, 0.0039107, 1.15493e-06, 1.21377e-08, 1.89306e-08, 5.4032e-08, 0.000111693, 0.000875265, 0.0383124, 1.25304, 0.000284666, 0.005056, 0.000398577, 4.44692e-09, 3.42845e-07, 2.69386e-09, 1.40769e-08, 5.4612e-07, 0.0186222, 0.029727, 0.000286561, 0.00095699, 3.34114e-08, 6.91366e-07, 1.59586e-07, 0.000240296, 0.000926865, 0.0123532, 0.0597075, 0.901063, 0.00130382, 2.56514e-08, 0.00249056, 3.34213e-07, 8.99294e-07, 1.44198e-06, 6.35097e-06, 1.65973e-05, 0.000242297, 0.000262395, 0.000372718, 0.0180638, 0.0938304, 

2.11873e-09, 3.32365e-09, 3.79779e-08, 0.000903649, 0.00125763, 0.0039107, 0.625261, 0.00249056, 0.00095699, 0.00941519, 1.21377e-08, 1.70323e-08, 5.4032e-08, 0.000111693, 0.000284666, 0.000875265, 1.41169, 0.00052839, 3.34114e-08, 1.15493e-06, 4.44692e-09, 3.42845e-07, 1.40769e-08, 0.000286561, 0.0186222, 0.029727, 0.00940999, 0.000240296, 2.69386e-09, 5.4612e-07, 2.08211e-08, 6.91366e-07, 2.56514e-08, 0.000926865, 0.00130382, 0.0597075, 0.000529518, 0.00254283, 0.000398577, 0.005056, 3.34213e-07, 8.99294e-07, 1.44198e-06, 6.35097e-06, 1.65973e-05, 0.000125052, 0.000262395, 0.000372718, 0.0123532, 0.0180638, 

2.11873e-09, 3.32365e-09, 3.79779e-08, 0.00095699, 0.00249056, 0.0039107, 0.00941519, 1.40769e-08, 5.4612e-07, 0.000875265, 1.21377e-08, 1.70323e-08, 5.4032e-08, 1.15493e-06, 0.000111693, 0.00424503, 0.0530236, 0.00125763, 0.000374527, 0.000398577, 4.44692e-09, 3.34213e-07, 2.69386e-09, 0.000240296, 0.000286561, 0.00940999, 1.60874, 0.00052839, 0.000284666, 3.34114e-08, 8.24029e-09, 3.58818e-08, 2.56514e-08, 0.000529518, 0.000926865, 0.00254283, 0.0597075, 0.00232932, 0.000903649, 0.00165776, 3.42845e-07, 8.99294e-07, 1.44198e-06, 6.35097e-06, 1.65973e-05, 0.000125052, 0.000262395, 0.000372718, 0.005056, 0.00619964, 

2.11873e-09, 3.32365e-09, 0.000875265, 0.0039107, 0.00691563, 1.28653, 21.1487, 1.40769e-08, 5.4612e-07, 2.69386e-09, 1.21312e-08, 1.21377e-08, 0.000111693, 0.000398577, 0.00424503, 0.847946, 0.026568, 2.56514e-08, 1.15493e-06, 3.79779e-08, 4.44692e-09, 3.34213e-07, 0.000240296, 0.000284666, 0.00052839, 0.30807, 0.244818, 0.000286561, 3.34114e-08, 0.000374527, 8.24029e-09, 3.58818e-08, 0.000529518, 0.00165776, 0.00254283, 0.0562998, 0.0946416, 0.000926865, 5.4032e-08, 0.000903649, 2.05868e-08, 3.42845e-07, 8.99294e-07, 1.44198e-06, 6.35097e-06, 1.65973e-05, 0.000125052, 0.000262395, 0.00095699, 0.00125763, 

2.11873e-09, 3.14125e-09, 2.69386e-09, 0.000875265, 0.0039107, 0.00691563, 1.28653, 1.40769e-08, 0.00125763, 2.56514e-08, 1.21312e-08, 1.21359e-08, 1.15493e-06, 0.000111693, 0.00387837, 0.0225137, 10.9904, 5.4612e-07, 0.00095699, 0.00165776, 4.44692e-09, 3.34213e-07, 3.34114e-08, 3.94492e-05, 0.000286561, 0.244818, 0.47369, 0.000374527, 0.000240296, 0.000398577, 8.24029e-09, 3.58818e-08, 5.4032e-08, 0.000529518, 0.000926865, 0.00254283, 0.064174, 8.82923e-05, 3.79779e-08, 0.00052839, 2.05868e-08, 3.42845e-07, 8.99294e-07, 1.44198e-06, 6.35097e-06, 1.65973e-05, 0.000125052, 0.000262395, 0.00250848, 0.00424503, 

2.04905e-09, 2.11873e-09, 2.69386e-09, 1.40769e-08, 2.56514e-08, 0.000875265, 1.28653, 0.0013648, 0.000132059, 5.4032e-08, 1.21312e-08, 1.2133e-08, 1.15493e-06, 0.000111693, 0.00095699, 0.00387837, 0.553663, 0.00052839, 0.00165776, 0.00125763, 4.44692e-09, 3.34213e-07, 3.34114e-08, 3.94492e-05, 0.000286561, 0.000374527, 0.000398577, 0.000240296, 5.4612e-07, 0.000529518, 8.24029e-09, 1.83277e-09, 8.82923e-05, 0.000926865, 0.00254283, 0.064174, 0.00312715, 0.000161613, 3.79779e-08, 7.96035e-10, 2.05868e-08, 3.58818e-08, 3.42845e-07, 8.99294e-07, 1.44198e-06, 6.35097e-06, 1.65973e-05, 0.000125052, 0.00229617, 0.00250848, 

2.04905e-09, 2.07501e-09, 2.69386e-09, 2.56514e-08, 0.0013648, 0.129075, 0.002077, 0.000286561, 7.23459e-05, 1.40769e-08, 1.21312e-08, 1.2133e-08, 1.15493e-06, 0.000111693, 0.00125763, 0.0977004, 0.254682, 5.4612e-07, 0.000240296, 0.000161613, 4.44692e-09, 2.05868e-08, 3.34114e-08, 3.94492e-05, 0.000398577, 0.000529518, 1.87878, 3.32906e-05, 8.82923e-05, 0.000132059, 1.83277e-09, 8.24029e-09, 3.79779e-08, 0.000926865, 0.064174, 2.40694, 0.44373, 7.96035e-10, 1.01775e-09, 0.000374527, 2.91059e-07, 3.58818e-08, 3.42845e-07, 8.99294e-07, 1.44198e-06, 6.35097e-06, 1.65973e-05, 0.000122846, 0.00052839, 0.000875265, 

2.04905e-09, 2.07501e-09, 2.56514e-08, 7.23459e-05, 0.002077, 0.129075, 3.68174, 7.96035e-10, 1.76381e-07, 0.000286561, 7.9707e-09, 1.2133e-08, 5.4612e-07, 1.15493e-06, 0.000111693, 0.000240296, 0.157017, 0.000132059, 3.32906e-05, 8.82923e-05, 4.44692e-09, 2.05868e-08, 3.34114e-08, 0.000529518, 1.87878, 0.367775, 0.819875, 3.94492e-05, 2.69386e-09, 1.01775e-09, 1.83277e-09, 8.24029e-09, 3.79779e-08, 0.000374527, 0.000926865, 0.44373, 0.00112925, 0.000161613, 0.000398577, 1.40769e-08, 1.21312e-08, 3.58818e-08, 1.84185e-07, 2.91059e-07, 3.42845e-07, 8.99294e-07, 1.44198e-06, 6.35097e-06, 0.00052839, 0.000875265, 

2.04905e-09, 2.07501e-09, 7.96035e-10, 7.23459e-05, 0.000286561, 3.68174, 9.92873, 2.69386e-09, 2.56514e-08, 3.79779e-08, 6.52943e-09, 1.2133e-08, 8.82923e-05, 0.000111693, 0.000132059, 0.000240296, 0.0597674, 3.0425e-10, 5.4612e-07, 0.00052839, 4.44692e-09, 5.17819e-10, 1.01775e-09, 3.34114e-08, 0.000529518, 0.367775, 2.04785, 3.94492e-05, 1.15493e-06, 1.76381e-07, 1.83277e-09, 8.24029e-09, 0.000161613, 0.000374527, 0.000398577, 23.5596, 0.00165079, 1.40769e-08, 3.32906e-05, 7.98897e-09, 7.9707e-09, 1.21312e-08, 1.34998e-08, 3.58818e-08, 1.84185e-07, 2.91059e-07, 3.42845e-07, 8.99294e-07, 0.000875265, 0.000926865, 

1.65498e-10, 2.07501e-09, 4.60596e-10, 7.96035e-10, 3.79779e-08, 0.000286561, 0.342984, 2.58455e-05, 0.000132059, 0.000240296, 1.16051e-09, 8.79201e-09, 3.0425e-10, 8.82923e-05, 0.000111693, 0.00052839, 0.078893, 5.4612e-07, 0.000161396, 1.76381e-07, 4.5252e-10, 5.17819e-10, 1.01775e-09, 0.000529518, 0.367775, 2.04785, 0.28712, 2.69386e-09, 7.23459e-05, 1.15493e-06, 1.83277e-09, 8.24029e-09, 7.98897e-09, 1.40769e-08, 0.000161613, 0.264979, 0.776852, 3.32906e-05, 3.94492e-05, 3.34114e-08, 7.9707e-09, 1.21312e-08, 1.34998e-08, 3.58818e-08, 1.84185e-07, 2.91059e-07, 3.42845e-07, 8.99294e-07, 0.000374527, 0.000875265, 

1.65498e-10, 2.07501e-09, 7.96035e-10, 2.58455e-05, 0.000240296, 0.000286561, 0.342984, 3.79779e-08, 5.4612e-07, 3.0425e-10, 5.11701e-11, 1.20469e-09, 1.76381e-07, 0.000111693, 0.078893, 1.52192, 0.165309, 4.60596e-10, 3.34114e-08, 7.23459e-05, 2.83452e-10, 3.53169e-10, 1.01775e-09, 2.69386e-09, 0.28712, 0.00193349, 0.692822, 3.32906e-05, 0.000132059, 1.15493e-06, 5.41206e-11, 1.88038e-10, 1.40769e-08, 3.94492e-05, 0.000161613, 0.776852, 1.44881, 8.82923e-05, 7.98897e-09, 0.000161396, 7.9707e-09, 1.21312e-08, 1.34998e-08, 3.58818e-08, 1.84185e-07, 2.91059e-07, 3.42845e-07, 8.99294e-07, 0.000374527, 0.00052839, 

1.65498e-10, 2.95348e-10, 3.0425e-10, 3.79779e-08, 5.4612e-07, 0.000240296, 0.342984, 0.000286561, 3.87072e-09, 1.40769e-08, 5.11701e-11, 1.28186e-10, 4.60596e-10, 3.34114e-08, 1.76381e-07, 0.078893, 1.30625e-10, 7.23459e-05, 7.96035e-10, 2.58455e-05, 2.83452e-10, 3.53169e-10, 1.01775e-09, 2.69386e-09, 3.32906e-05, 0.00193349, 5.11961, 0.000111693, 0.000374527, 8.82923e-05, 5.41206e-11, 1.88038e-10, 7.98897e-09, 3.94492e-05, 0.000161396, 0.000161613, 1.44881, 0.000132059, 1.15493e-06, 3.74561e-05, 2.07501e-09, 2.4083e-09, 7.9707e-09, 1.21312e-08, 1.34998e-08, 3.58818e-08, 1.84185e-07, 2.91059e-07, 0.00052839, 

5.64743e-12, 1.28186e-10, 1.40769e-08, 5.4612e-07, 0.000240296, 0.0282683, 0.00866613, 7.98897e-09, 0.000100309, 3.94492e-05, 5.11701e-11, 2.02671e-11, 2.65971e-11, 4.60596e-10, 2.58455e-05, 7.23459e-05, 0.078893, 2.69386e-09, 3.79779e-08, 3.0425e-10, 2.83452e-10, 3.53169e-10, 1.01775e-09, 3.32906e-05, 8.82923e-05, 0.000374527, 18.6051, 3.34114e-08, 7.96035e-10, 1.15493e-06, 1.89694e-12, 1.88038e-10, 3.74561e-05, 0.000132059, 0.000161396, 0.000161613, 4.89427, 3.87072e-09, 1.76381e-07, 1.77255e-11, 2.95348e-10, 2.07501e-09, 2.4083e-09, 7.9707e-09, 1.21312e-08, 1.34998e-08, 3.58818e-08, 1.84185e-07, 0.000111693, 0.00052839, 

5.64743e-12, 1.28186e-10, 5.4612e-07, 0.000100309, 0.000240296, 0.00866613, 3.35294e-09, 4.07181e-10, 1.40769e-08, 0.000111693, 2.02671e-11, 5.11701e-11, 3.0425e-10, 4.60596e-10, 2.58455e-05, 0.078893, 0.747263, 7.98897e-09, 3.87072e-09, 3.79779e-08, 1.28717e-10, 2.83452e-10, 7.96035e-10, 3.34114e-08, 1.15493e-06, 8.82923e-05, 0.130814, 1.01775e-09, 3.94492e-05, 2.69386e-09, 1.89694e-12, 1.88038e-10, 1.77255e-11, 1.76381e-07, 3.74561e-05, 9.89066e-05, 0.32116, 2.65971e-11, 3.32906e-05, 7.23459e-05, 2.95348e-10, 1.29615e-09, 2.07501e-09, 2.4083e-09, 7.9707e-09, 1.21312e-08, 1.34998e-08, 3.58818e-08, 

5.64743e-12, 1.28186e-10, 4.07181e-10, 0.000240296, 0.00866613, 0.661437, 1.75966, 7.98897e-09, 3.87072e-09, 7.96035e-10, 2.02671e-11, 5.11701e-11, 3.0425e-10, 3.79779e-08, 2.58455e-05, 0.078893, 4.01388, 3.35294e-09, 5.4612e-07, 4.60596e-10, 1.28717e-10, 2.83452e-10, 1.01775e-09, 2.69386e-09, 8.82923e-05, 0.130814, 0.957126, 1.15493e-06, 8.38794e-11, 3.74561e-05, 1.89694e-12, 1.08089e-10, 1.77255e-11, 2.65971e-11, 1.76381e-07, 2.95289e-06, 9.89066e-05, 3.34114e-08, 1.40769e-08, 3.94492e-05, 2.95348e-10, 1.29615e-09, 2.07501e-09, 2.4083e-09, 7.9707e-09, 1.21312e-08, 1.34998e-08, 3.58818e-08, 7.23459e-05, 

5.64743e-12, 8.285e-12, 7.96035e-10, 3.87072e-09, 7.98897e-09, 0.00866613, 0.155385, 2.02671e-11, 4.65527e-11, 4.60596e-10, 3.35294e-09, 3.79779e-08, 2.58455e-05, 0.0308349, 1.28717e-10, 2.83452e-10, 2.69386e-09, 3.74561e-05, 0.130814, 0.737577, 0.292465, 1.89694e-12, 2.97257e-12, 1.76381e-07, 2.95289e-06, 3.94492e-05, 21.4073, 0.369664, 1.28186e-10, 2.95348e-10, 1.29615e-09, 2.07501e-09, 2.4083e-09, 7.9707e-09, 1.21312e-08, 1.34998e-08, 1.77255e-11, 2.65971e-11, 

5.1437e-12, 5.64743e-12, 2.65223e-10, 7.98897e-09, 0.00866613, 0.155385, 0.463064, 2.02671e-11, 4.65527e-11, 4.60596e-10, 3.35294e-09, 3.79779e-08, 2.58455e-05, 0.0308349, 1.28717e-10, 1.77917e-10, 2.69386e-09, 3.74561e-05, 0.130814, 0.292465, 0.765364, 1.89694e-12, 2.97257e-12, 1.76381e-07, 3.94492e-05, 0.369664, 1.73094, 0.597203, 1.28186e-10, 2.95348e-10, 1.29615e-09, 2.07501e-09, 2.4083e-09, 7.9707e-09, 1.21312e-08, 1.34998e-08, 1.77255e-11, 2.65971e-11, 

5.1437e-12, 5.64743e-12, 2.65223e-10, 7.98897e-09, 0.00866613, 0.463064, 0.0612551, 1.78863e-11, 2.02671e-11, 4.60596e-10, 3.35294e-09, 3.79779e-08, 2.58455e-05, 0.0308349, 1.28186e-10, 1.77917e-10, 2.69386e-09, 3.74561e-05, 0.130814, 0.292465, 0.765364, 1.89694e-12, 2.97257e-12, 1.76381e-07, 3.94492e-05, 0.172937, 1.53141, 0.121244, 1.28717e-10, 2.95348e-10, 1.29615e-09, 2.07501e-09, 2.4083e-09, 7.9707e-09, 1.21312e-08, 1.34998e-08, 1.77255e-11, 2.65971e-11, 

5.1437e-12, 5.64743e-12, 7.98897e-09, 0.00866613, 0.0280017, 0.463064, 0.192329, 1.78863e-11, 2.02671e-11, 4.60596e-10, 3.35294e-09, 3.79779e-08, 2.58455e-05, 0.0308349, 1.28186e-10, 1.28717e-10, 2.99827e-05, 0.130814, 0.292465, 0.765364, 0.0026604, 1.89694e-12, 2.97257e-12, 1.76381e-07, 3.94492e-05, 0.121244, 0.172937, 0.165633, 1.77917e-10, 2.95348e-10, 1.29615e-09, 2.07501e-09, 2.4083e-09, 7.9707e-09, 1.21312e-08, 1.34998e-08, 1.77255e-11, 2.65971e-11, 

5.1437e-12, 5.64743e-12, 7.98897e-09, 0.0280017, 0.192329, 0.463064, 2.68223e-09, 1.78863e-11, 2.02671e-11, 3.35294e-09, 3.79779e-08, 2.58455e-05, 0.0308349, 0.00776224, 1.28186e-10, 1.28717e-10, 2.99827e-05, 0.00500534, 0.292465, 0.765364, 0.180621, 1.89694e-12, 2.97257e-12, 1.76381e-07, 3.94492e-05, 0.121244, 0.165633, 0.172937, 1.77917e-10, 2.95348e-10, 1.29615e-09, 2.07501e-09, 2.4083e-09, 7.9707e-09, 1.21312e-08, 1.34998e-08, 1.77255e-11, 2.65971e-11, 

4.8114e-12, 5.1437e-12, 1.15585e-09, 2.68223e-09, 0.0280017, 0.463064, 3.67173e-10, 1.67317e-11, 1.78863e-11, 3.35294e-09, 3.79779e-08, 2.58455e-05, 0.0308349, 0.0550557, 1.28186e-10, 1.28717e-10, 2.99827e-05, 0.00500534, 0.074161, 0.292465, 1.58519, 1.64063e-12, 1.89694e-12, 1.76381e-07, 3.94492e-05, 0.121244, 0.172937, 9.62576, 1.77917e-10, 2.95348e-10, 1.29615e-09, 2.07501e-09, 2.4083e-09, 7.9707e-09, 1.21312e-08, 1.34998e-08, 1.77255e-11, 2.65971e-11, 

4.8114e-12, 5.1437e-12, 3.67173e-10, 1.15585e-09, 0.00049805, 0.463064, 0.0313879, 1.56515e-11, 1.67317e-11, 3.35294e-09, 2.58455e-05, 0.0308349, 0.0550557, 1.80548, 1.27698e-10, 1.28186e-10, 2.99827e-05, 0.00500534, 0.0701064, 0.074161, 0.0828199, 1.64063e-12, 1.89694e-12, 1.76381e-07, 3.94492e-05, 0.121244, 3.2112, 0.93303, 1.77917e-10, 2.95348e-10, 1.29615e-09, 2.07501e-09, 2.4083e-09, 7.9707e-09, 1.21312e-08, 1.34998e-08, 1.77255e-11, 2.65971e-11, 

4.8114e-12, 5.1437e-12, 3.67173e-10, 1.15585e-09, 0.00049805, 0.0313879, 0.126535, 1.56515e-11, 1.67317e-11, 3.35294e-09, 2.58455e-05, 0.00719716, 0.0550557, 1.80548, 1.27653e-10, 1.27698e-10, 2.99827e-05, 0.00500534, 0.074161, 0.0828199, 1.12939e-05, 1.64063e-12, 1.89694e-12, 1.76381e-07, 1.4065e-06, 0.121244, 0.93303, 3.2112, 1.77917e-10, 2.95348e-10, 1.29615e-09, 2.07501e-09, 2.4083e-09, 7.9707e-09, 1.21312e-08, 1.34998e-08, 1.77255e-11, 2.65971e-11, 

4.8114e-12, 5.1437e-12, 3.67173e-10, 1.15585e-09, 0.000346568, 0.00049805, 0.0313879, 1.56515e-11, 1.66308e-11, 3.35294e-09, 0.00111093, 0.0550557, 1.80548, 3.55237, 1.27653e-10, 1.27698e-10, 1.22039e-07, 1.12939e-05, 0.00500534, 0.074161, 0.0828199, 1.64063e-12, 1.89694e-12, 1.76381e-07, 1.4065e-06, 0.121244, 0.93303, 0.346999, 1.77917e-10, 2.95348e-10, 1.29615e-09, 2.07501e-09, 2.4083e-09, 7.9707e-09, 1.21312e-08, 1.34998e-08, 1.77255e-11, 2.65971e-11, 

4.8114e-12, 5.1437e-12, 3.67173e-10, 1.15585e-09, 0.000346568, 0.00049805, 23.6852, 1.56515e-11, 1.66308e-11, 3.35294e-09, 0.0550557, 1.80548, 2.73726, 0.292233, 1.27653e-10, 1.27698e-10, 1.22039e-07, 1.12939e-05, 0.00500534, 0.0058801, 2.00074, 1.64063e-12, 1.89694e-12, 1.76381e-07, 1.4065e-06, 0.101174, 0.121244, 0.225826, 1.77917e-10, 2.95348e-10, 1.29615e-09, 2.07501e-09, 2.4083e-09, 7.9707e-09, 1.21312e-08, 1.34998e-08, 1.77255e-11, 2.65971e-11, 

4.72146e-12, 4.8114e-12, 3.67173e-10, 1.15585e-09, 0.000346568, 0.00049805, 23.6852, 1.56515e-11, 1.66308e-11, 3.35294e-09, 0.0550557, 0.292233, 1.80548, 2.10806, 1.27653e-10, 1.27698e-10, 1.22039e-07, 0.000843525, 0.00500534, 2.00074, 0.626797, 1.64063e-12, 1.89694e-12, 1.76381e-07, 1.4065e-06, 0.121244, 0.225826, 0.159092, 1.77917e-10, 2.95348e-10, 1.29615e-09, 2.07501e-09, 2.4083e-09, 7.9707e-09, 1.21312e-08, 1.34998e-08, 1.77255e-11, 2.65971e-11, 

4.72146e-12, 4.8114e-12, 3.67173e-10, 0.000346568, 0.00049805, 1.8643, 0.677941, 1.56515e-11, 1.66308e-11, 3.35294e-09, 0.000169468, 1.80548, 2.10806, 0.381503, 1.27653e-10, 1.27698e-10, 1.22039e-07, 0.000843525, 0.00500534, 0.626797, 2.09591e-08, 1.64063e-12, 1.89694e-12, 1.76381e-07, 1.4065e-06, 0.00103011, 0.121244, 0.225826, 1.77917e-10, 2.95348e-10, 1.29615e-09, 2.07501e-09, 2.4083e-09, 7.9707e-09, 1.21312e-08, 1.34998e-08, 1.77255e-11, 2.65971e-11, 

4.70243e-12, 4.72146e-12, 3.67173e-10, 0.000346568, 0.00049805, 0.677941, 4.65554, 1.52689e-11, 1.56515e-11, 0.000169468, 0.105986, 0.381503, 1.80548, 0.0170665, 1.27653e-10, 1.27662e-10, 2.09591e-08, 1.22039e-07, 0.000843525, 0.00500534, 0.626797, 1.48286e-12, 1.64063e-12, 1.76381e-07, 0.00103011, 0.121244, 0.225826, 1.50951, 1.77917e-10, 2.95348e-10, 1.29615e-09, 2.07501e-09, 2.4083e-09, 7.9707e-09, 1.21312e-08, 1.34998e-08, 1.77255e-11, 2.65971e-11, 

4.69276e-12, 4.70243e-12, 3.67173e-10, 0.00049805, 0.677941, 4.65554, 2.74069, 1.52689e-11, 1.53835e-11, 0.000169468, 0.0170665, 0.105986, 1.80548, 0.0557717, 1.27648e-10, 1.27653e-10, 2.09591e-08, 0.000843525, 0.00500534, 0.626797, 1.85874, 1.48286e-12, 1.62726e-12, 1.76381e-07, 0.00103011, 0.121244, 0.225826, 3.17468, 1.77917e-10, 2.95348e-10, 1.29615e-09, 2.07501e-09, 2.4083e-09, 7.9707e-09, 1.21312e-08, 1.34998e-08, 1.77255e-11, 2.65971e-11, 

4.69276e-12, 4.70243e-12, 3.67173e-10, 0.00049805, 2.74069, 4.65554, 8.71768e-11, 1.52689e-11, 1.53835e-11, 0.000169468, 0.0130642, 0.0170665, 0.105986, 0.00198574, 1.27648e-10, 1.27648e-10, 2.09591e-08, 0.000843525, 0.00500534, 1.85874, 2.42076, 1.48286e-12, 1.62726e-12, 1.76381e-07, 0.121244, 0.225826, 1.84889, 4.23864e-08, 1.77917e-10, 2.95348e-10, 1.29615e-09, 2.07501e-09, 2.4083e-09, 7.9707e-09, 1.21312e-08, 1.34998e-08, 1.77255e-11, 2.65971e-11, 

4.69276e-12, 4.70243e-12, 3.67173e-10, 0.00049805, 0.041894, 2.39738, 0.236944, 1.52689e-11, 1.53835e-11, 0.00198574, 0.0106056, 0.0130642, 0.0170665, 0.00111371, 1.27648e-10, 1.27648e-10, 0.000843525, 0.00335681, 0.625482, 1.85874, 2.34988, 1.41219e-12, 1.48286e-12, 4.23864e-08, 1.76381e-07, 0.121244, 0.225826, 0.00188969, 1.77917e-10, 2.95348e-10, 1.29615e-09, 2.07501e-09, 2.4083e-09, 7.9707e-09, 1.21312e-08, 1.34998e-08, 1.77255e-11, 2.65971e-11, 

4.69276e-12, 4.70243e-12, 3.67173e-10, 0.00049805, 0.041894, 2.39738, 2.84549, 1.52689e-11, 1.5371e-11, 0.00111371, 0.00198574, 0.0130642, 0.0170665, 0.00687398, 1.27648e-10, 1.27648e-10, 0.000843525, 0.00335681, 0.423771, 0.625482, 0.145602, 1.41219e-12, 1.48286e-12, 4.23864e-08, 0.000382405, 0.00188969, 0.0805695, 0.00460847, 1.77917e-10, 2.95348e-10, 1.29615e-09, 2.07501e-09, 2.4083e-09, 7.9707e-09, 1.21312e-08, 1.34998e-08, 1.77255e-11, 2.65971e-11, 

4.69276e-12, 4.69881e-12, 3.67173e-10, 0.00049805, 0.041894, 2.39738, 2.40349, 1.52689e-11, 1.5371e-11, 0.00111371, 0.00198574, 0.00687398, 0.0130642, 0.540547, 1.27648e-10, 1.27648e-10, 0.000843525, 0.00335681, 0.145602, 0.625482, 0.0381662, 1.41219e-12, 1.48286e-12, 4.23864e-08, 0.000382405, 0.00188969, 0.00460847, 1.3937, 1.77917e-10, 2.95348e-10, 1.29615e-09, 2.07501e-09, 2.4083e-09, 7.9707e-09, 1.21312e-08, 1.34998e-08, 1.77255e-11, 2.65971e-11, 

4.69276e-12, 4.69578e-12, 3.67173e-10, 0.00049805, 0.041894, 2.40349, 0.225454, 1.5197e-11, 1.52689e-11, 0.00198574, 0.00687398, 0.0130642, 0.540547, 5.62806, 1.27648e-10, 1.27648e-10, 0.000843525, 0.00335681, 0.0381662, 0.625482, 0.273489, 1.41219e-12, 1.48286e-12, 4.23864e-08, 0.000382405, 0.00188969, 0.00460847, 1.3937, 1.77917e-10, 2.95348e-10, 1.29615e-09, 2.07501e-09, 2.4083e-09, 7.9707e-09, 1.21312e-08, 1.34998e-08, 1.77255e-11, 2.65971e-11, 

4.69276e-12, 4.69578e-12, 3.67173e-10, 0.00049805, 0.225454, 2.40349, 0.675158, 1.5197e-11, 1.52472e-11, 0.00198574, 0.00687398, 0.540547, 5.62806, 5.34686, 1.27648e-10, 1.27648e-10, 0.000843525, 0.00335681, 0.273489, 0.380967, 0.817623, 1.41219e-12, 1.48286e-12, 0.000382405, 0.00188969, 0.00460847, 1.3937, 1.47028e-08, 1.77917e-10, 2.95348e-10, 1.29615e-09, 2.07501e-09, 2.4083e-09, 7.9707e-09, 1.21312e-08, 1.34998e-08, 1.77255e-11, 2.65971e-11, 

4.69276e-12, 4.69578e-12, 0.00049805, 0.225454, 0.675158, 2.40349, 2.04703, 1.51829e-11, 1.5197e-11, 0.00198574, 0.00687398, 5.34686, 5.62806, 1.82141, 1.27648e-10, 1.27648e-10, 0.000843525, 0.00157502, 0.18202, 0.273489, 0.380967, 1.41219e-12, 1.48286e-12, 1.47028e-08, 0.00188969, 0.00460847, 1.3937, 1.1982, 1.77917e-10, 2.95348e-10, 1.29615e-09, 2.07501e-09, 2.4083e-09, 7.9707e-09, 1.21312e-08, 1.34998e-08, 1.77255e-11, 2.65971e-11, 

4.69276e-12, 4.69384e-12, 0.00049805, 0.021313, 0.0935961, 0.168105, 0.761757, 1.51755e-11, 1.51829e-11, 0.00198574, 0.00687398, 0.371489, 5.62806, 0.15738, 1.27648e-10, 1.27648e-10, 2.78254e-05, 0.000843525, 0.00157502, 0.380967, 7.67625e-06, 1.41219e-12, 1.43802e-12, 1.47028e-08, 0.00188969, 0.00460847, 1.3937, 0.000810367, 1.77917e-10, 2.95348e-10, 1.29615e-09, 2.07501e-09, 2.4083e-09, 7.9707e-09, 1.21312e-08, 1.34998e-08, 1.77255e-11, 2.65971e-11, 

4.69276e-12, 4.69297e-12, 0.00049805, 0.021313, 0.168105, 0.761757, 0.0103344, 1.51755e-11, 1.51829e-11, 0.00198574, 0.00566973, 0.00687398, 5.62806, 1.43799, 1.27648e-10, 1.27648e-10, 7.67625e-06, 2.78254e-05, 0.000843525, 0.00157502, 0.11195, 1.40729e-12, 1.41219e-12, 1.47028e-08, 0.00188969, 0.00460847, 1.3937, 0.17475, 1.77917e-10, 2.95348e-10, 1.29615e-09, 2.07501e-09, 2.4083e-09, 7.9707e-09, 1.21312e-08, 1.34998e-08, 1.77255e-11, 2.65971e-11, 

4.69261e-12, 4.69276e-12, 0.00049805, 0.00153198, 0.0103344, 0.168105, 0.520428, 1.51754e-11, 1.51755e-11, 0.00198574, 0.00566973, 0.00687398, 1.43799, 2.43967, 1.27648e-10, 1.27648e-10, 7.67625e-06, 0.000843525, 0.00157502, 0.11195, 0.0346717, 1.40729e-12, 1.41219e-12, 1.47028e-08, 0.00460847, 0.17475, 1.3937, 3.32187, 1.77917e-10, 2.95348e-10, 1.29615e-09, 2.07501e-09, 2.4083e-09, 7.9707e-09, 1.21312e-08, 1.34998e-08, 1.77255e-11, 2.65971e-11, 

4.69259e-12, 4.69261e-12, 0.00049805, 0.00153198, 0.0103344, 0.168105, 0.520428, 1.51754e-11, 1.51754e-11, 0.000220588, 0.00198574, 0.00566973, 0.00687398, 0.612107, 1.27648e-10, 1.27648e-10, 7.67625e-06, 0.000843525, 0.0346717, 0.11195, 0.0559049, 1.40729e-12, 1.41219e-12, 1.47028e-08, 0.00228303, 0.00460847, 0.17475, 1.40043, 1.77917e-10, 2.95348e-10, 1.29615e-09, 2.07501e-09, 2.4083e-09, 7.9707e-09, 1.21312e-08, 1.34998e-08, 1.77255e-11, 2.65971e-11, 

Best:
(-1.18629e-06, )

Fitness Evaluations:
2854

End Population
(-2.166238e-06), (-2.166243e-06), (-2.231703e-02), (3.914052e-02), (-1.016580e-01), (-4.100060e-01), (7.214071e-01), (-3.895561e-06), (-3.895567e-06), (1.485220e-02), (4.456161e-02), (7.529760e-02), (-8.290945e-02), (-7.823724e-01), (1.129814e-05), (1.129814e-05), (2.770605e-03), (2.904350e-02), (1.862034e-01), (3.345895e-01), (-2.364421e-01), (-1.186293e-06), (-1.188358e-06), (1.212553e-04), (4.778106e-02), (-6.788568e-02), (-4.180306e-01), (1.183399e+00), (1.333857e-05), (-1.718570e-05), (3.600214e-05), (4.555225e-05), (4.907443e-05), (8.927876e-05), (1.101419e-04), (1.161888e-04), (-4.210172e-06), (-5.157237e-06), 