Iterations: 50
Function Evaluations Limit: 150000
Population: 50

Prides Length: 4

Percent Nomads: 0.2
Percent Roaming: 0.2
Percent Sex: 0.8

Mating Rate: 0.3
Mutation Probability: 0.2
Immigration Rate: 0.4

Percent Group Influence: 0.4
Annealing On: true
Ranked Selection Pressure: 2
Near To Best Random Pressure: 2

Dimensions: 1
N-Dimension Space: -5:5

Fitness Iterations:
0.0267066 (Initial Best)

8.30809, 17.347, 11.2434, 14.7142, 4.49809, 0.0697621, 12.8705, 1.07303, 0.296656, 0.0267066, 1.52705, 13.678, 12.0926, 2.93607, 1.58101, 17.4071, 17.5181, 1.86701, 11.4874, 9.67012, 14.4863, 13.1315, 20.2345, 5.22521, 0.678136, 6.04853, 3.65628, 9.14611, 4.15268, 4.06814, 13.5349, 4.42047, 12.5038, 13.5211, 11.114, 0.158736, 2.56252, 9.93577, 4.43922, 22.8673, 1.11269, 0.744534, 6.12898, 16.2848, 14.3466, 0.074581, 12.0489, 10.8777, 22.9901, 6.4381, 

0.0263196, 0.074581, 0.296656, 12.8705, 14.7142, 15.0132, 0.220574, 1.58101, 0.127501, 0.0317655, 0.00730649, 1.03481, 1.20399, 10.9457, 11.4874, 10.9474, 0.49145, 2.43079, 0.0396852, 0.0267066, 0.0031665, 0.106277, 0.0624929, 0.190746, 0.44003, 17.2122, 0.000863688, 0.000987769, 4.18355, 1.07303, 0.000299664, 0.157383, 0.497718, 0.881181, 2.56252, 4.43922, 0.153023, 0.186209, 2.32816, 0.0697621, 1.40192, 0.120072, 0.198965, 0.744534, 1.22327, 1.11269, 2.08893, 6.12898, 4.49809, 4.5622, 

0.00028789, 0.00334924, 3.65736e-05, 0.00644603, 0.220574, 0.296656, 1.58101, 0.190746, 0.0624929, 0.00783009, 0.00730649, 0.0765296, 0.116699, 0.206896, 2.43079, 0.0675524, 0.296502, 0.0159993, 0.186209, 0.152827, 0.0031665, 0.0913289, 0.000863688, 0.000987769, 0.00668241, 0.44003, 4.18355, 0.00795381, 0.066989, 0.127501, 0.000299664, 0.00272186, 0.0697621, 0.153023, 0.497718, 0.00823849, 1.9019, 0.0384529, 0.0267066, 0.0317655, 0.00238408, 0.00899597, 0.0263196, 0.0786396, 0.0990127, 0.105343, 0.198965, 0.223189, 0.49145, 0.881181, 

0.00028789, 0.00278245, 0.00644603, 0.0624929, 0.0807811, 0.26865, 0.343851, 3.65736e-05, 0.0384529, 0.00823849, 0.00730649, 0.000704899, 0.00540713, 0.0675524, 0.116699, 1.92981, 0.00021331, 0.0622289, 0.127501, 0.186209, 5.09575e-05, 0.00899597, 0.000863688, 0.000987769, 0.00221919, 0.44003, 0.0897815, 0.0159993, 0.206896, 0.00795381, 0.000299664, 0.00238408, 0.0267066, 0.0317655, 0.0697621, 0.153023, 0.154286, 0.296502, 0.00783009, 0.066989, 0.00272186, 0.0203093, 0.0263196, 0.0620885, 0.0655046, 0.0786396, 0.0990127, 0.105343, 0.296656, 0.49145, 

0.00028789, 0.00144017, 0.00644603, 0.0384529, 0.0624929, 0.0807811, 5.44369, 0.00823849, 0.00607209, 0.00795381, 0.000704899, 0.00272186, 0.00021331, 0.0622289, 0.0675524, 0.127501, 0.31206, 3.65736e-05, 0.0267066, 0.00527572, 5.09575e-05, 0.000321753, 0.000863688, 0.00221919, 0.0897815, 0.000345571, 0.00789484, 0.0317655, 0.0697621, 0.00540713, 0.000299664, 0.00238408, 0.00783009, 0.153023, 0.296502, 5.14358, 1.46423, 0.0159993, 0.055452, 0.000987769, 0.00278245, 0.00730649, 0.00704953, 0.0203093, 0.0263196, 0.0434752, 0.0567592, 0.0619683, 0.105204, 0.116699, 

3.68006e-05, 0.00144017, 0.00795381, 0.0384529, 0.0624929, 5.44369, 0.37939, 0.044353, 0.0451526, 0.00644603, 0.00019488, 0.00227425, 3.65736e-05, 0.00527572, 0.0267066, 0.0675524, 0.31206, 0.00024582, 0.00823849, 0.000345571, 5.09575e-05, 0.000321753, 0.00122009, 0.00540713, 0.00789484, 0.0317655, 0.0438057, 0.00021331, 0.0622289, 0.000863688, 0.000299664, 0.00111294, 0.000987769, 0.0056104, 0.055452, 0.11374, 0.414851, 0.0159993, 0.000553876, 0.00221919, 0.00028789, 0.00272186, 0.00278245, 0.00704953, 0.012393, 0.0191497, 0.0203093, 0.0215419, 0.0807811, 0.0897815, 

3.54016e-05, 0.000265999, 0.00795381, 0.0213954, 0.0624929, 0.420225, 1.03586, 0.00115676, 0.000345571, 0.00527572, 0.00019488, 0.00227425, 3.65736e-05, 0.00024582, 0.0267066, 0.182839, 0.150317, 0.00789484, 0.000797594, 0.00644603, 5.09575e-05, 0.000201029, 0.000863688, 0.00540713, 0.0438057, 0.0622289, 1.50457, 0.00221919, 0.000553876, 0.000987769, 3.35075e-06, 0.000194826, 0.000837611, 0.0159993, 0.055452, 0.414851, 2.67978e-05, 0.00253608, 0.00021331, 0.0316198, 3.68006e-05, 0.00144017, 0.00028789, 0.000299664, 0.00272186, 0.00278245, 0.00704953, 0.012393, 0.0317655, 0.0384529, 

3.54016e-05, 3.68006e-05, 0.00115676, 0.00527572, 0.0624929, 0.368482, 1.03586, 0.000907347, 0.0213954, 0.00789484, 7.15742e-05, 7.35176e-05, 0.00024582, 0.0267066, 0.150317, 0.284419, 0.111248, 0.000797594, 0.000345571, 0.000553876, 5.09575e-05, 0.000201029, 0.000987769, 0.00221919, 0.00540713, 8.76805, 2.49077, 0.00795381, 0.000167505, 0.000863688, 3.35075e-06, 7.61562e-05, 2.67978e-05, 0.000837611, 0.00253608, 0.055452, 1.81541, 3.65736e-05, 0.00021331, 0.00644603, 0.000242493, 0.000265999, 0.00028789, 0.000299664, 0.00144017, 0.00272186, 0.00278245, 0.00704953, 0.0316198, 0.0317655, 

3.54016e-05, 3.68006e-05, 0.000907347, 0.00527572, 0.00789484, 0.0213954, 0.0624929, 0.000553876, 0.000987769, 0.000476813, 7.15742e-05, 7.35176e-05, 0.00024582, 0.000345571, 0.0267066, 0.150317, 0.3794, 0.00649531, 3.65736e-05, 0.00253608, 5.09575e-05, 0.000201029, 0.000167505, 0.000863688, 0.00795381, 2.49077, 0.164532, 0.0125609, 0.00221919, 0.0316198, 3.35075e-06, 7.61562e-05, 2.67978e-05, 0.00021331, 0.000762058, 0.00644603, 0.000479124, 0.00115676, 0.00540713, 0.000797594, 0.000242493, 0.000265999, 0.00028789, 0.000299664, 0.000336855, 0.00144017, 0.00272186, 0.00278245, 0.0317655, 0.055452, 

3.54016e-05, 3.68006e-05, 0.000476813, 0.000907347, 0.000987769, 0.0624929, 1.02958, 0.000137855, 0.00115676, 0.00024582, 2.62597e-06, 7.35176e-05, 0.00253608, 0.150317, 0.3794, 1.53712, 1.8841, 0.00192789, 0.000345571, 0.000762058, 7.08774e-06, 0.000121569, 0.00795381, 0.012255, 2.49077, 0.00182162, 0.000128173, 1.13008e-06, 0.000553876, 2.67978e-05, 1.49224e-06, 1.28626e-06, 0.00021331, 0.000797594, 0.00540713, 0.00644603, 1.70719, 6.55804e-07, 3.65736e-05, 0.000167505, 7.15742e-05, 5.09575e-05, 0.000131003, 0.000242493, 0.000265999, 0.00028789, 0.000299664, 0.000336855, 0.00221919, 0.00527572, 

2.81791e-05, 2.30578e-06, 0.00024582, 0.000476813, 0.00115676, 1.02958, 17.6369, 0.00253608, 0.00527572, 0.00192789, 2.62597e-06, 5.5706e-06, 0.000762058, 0.150317, 0.3794, 1.53712, 9.08019, 0.00221919, 0.000345571, 0.000137855, 7.08774e-06, 3.68006e-05, 1.13008e-06, 6.57389e-05, 0.000128173, 0.000553876, 0.012255, 0.000987769, 2.67978e-05, 0.000167505, 1.28626e-06, 1.31203e-06, 3.65736e-05, 0.00021331, 0.000797594, 0.00644603, 0.219767, 6.55804e-07, 0.000907347, 6.46157e-06, 5.81287e-05, 3.54016e-05, 0.000106962, 5.09575e-05, 7.15742e-05, 0.000131003, 0.000242493, 0.000265999, 0.00540713, 0.00795381, 

1.31203e-06, 1.12844e-06, 0.00024582, 0.000476813, 0.00253608, 1.02958, 0.187647, 0.000797594, 0.000137855, 0.000345571, 2.62597e-06, 5.5706e-06, 0.00221919, 0.150317, 1.53712, 9.08019, 0.000102242, 6.57389e-05, 6.55804e-07, 1.13008e-06, 2.6033e-06, 1.49209e-05, 2.67978e-05, 0.000167505, 0.000553876, 2.7374, 15.0086, 0.00021331, 4.79927e-05, 0.000128173, 5.5616e-07, 7.35271e-07, 6.46157e-06, 3.65736e-05, 0.000907347, 0.00644603, 4.13842, 8.9223e-06, 0.000762058, 7.53358e-07, 7.67974e-07, 2.30578e-06, 3.68006e-05, 3.54016e-05, 5.09575e-05, 5.81287e-05, 6.56038e-05, 7.15742e-05, 0.000987769, 0.00192789, 

7.67974e-07, 1.31203e-06, 0.000137855, 0.000345571, 0.000476813, 0.000797594, 0.406006, 6.46157e-06, 8.16362e-06, 0.000907347, 2.62597e-06, 5.5706e-06, 6.55804e-07, 6.57389e-05, 0.00221919, 0.150317, 1.18444, 1.13008e-06, 0.00024582, 4.79927e-05, 2.6033e-06, 6.50241e-06, 0.000128173, 0.000167505, 0.00021331, 2.7374, 9.20445, 0.000762058, 2.67978e-05, 0.000102242, 5.5616e-07, 7.35271e-07, 7.53358e-07, 3.65736e-05, 0.00644603, 4.13842, 0.944863, 0.000553876, 0.00192789, 0.000987769, 1.12844e-06, 2.30578e-06, 1.21449e-05, 3.54016e-05, 3.68006e-05, 5.09575e-05, 5.81287e-05, 6.56038e-05, 0.00253608, 0.145133, 

7.67974e-07, 8.63543e-07, 0.000137855, 0.000345571, 0.000476813, 0.000907347, 5.77597, 6.55804e-07, 4.79927e-05, 7.38696e-07, 1.12844e-06, 1.31203e-06, 1.13008e-06, 0.150317, 1.18444, 0.47358, 0.407193, 0.000128173, 3.65736e-05, 4.11558e-07, 1.64342e-07, 2.6033e-06, 0.000102242, 0.000167505, 0.00471607, 0.632418, 0.830147, 1.08781e-06, 6.46157e-06, 0.00021331, 5.5616e-07, 7.35271e-07, 7.53358e-07, 0.000553876, 0.00644603, 0.944863, 2.90708, 8.16362e-06, 6.57389e-05, 2.67978e-05, 1.04876e-06, 2.62597e-06, 5.5706e-06, 2.30578e-06, 1.21449e-05, 3.54016e-05, 3.68006e-05, 5.09575e-05, 0.00024582, 0.000762058, 

7.67974e-07, 8.63543e-07, 0.000137855, 0.000345571, 0.000476813, 0.000907347, 3.97038e-05, 7.38696e-07, 2.67978e-05, 4.11558e-07, 1.12844e-06, 1.31203e-06, 3.65736e-05, 0.407193, 0.47358, 2.22413, 1.34724, 1.13008e-06, 6.55804e-07, 0.000128173, 1.64342e-07, 2.29768e-10, 6.46157e-06, 0.000102242, 0.830147, 21.4459, 3.111e-09, 0.000167505, 0.00024582, 4.79927e-05, 5.5616e-07, 7.35271e-07, 7.53358e-07, 6.57389e-05, 0.00644603, 0.421207, 4.69292, 0.00021331, 8.16362e-06, 6.78176e-08, 1.04876e-06, 2.30578e-06, 2.6033e-06, 2.62597e-06, 5.5706e-06, 1.21449e-05, 3.54016e-05, 3.68006e-05, 0.000553876, 0.000762058, 

7.67974e-07, 5.78303e-09, 4.11558e-07, 2.67978e-05, 0.000137855, 0.000476813, 3.31615e-08, 8.16362e-06, 3.65736e-05, 3.97038e-05, 1.04876e-06, 1.40076e-07, 1.13008e-06, 0.000128173, 0.407193, 0.704859, 0.0386655, 6.55804e-07, 0.000102242, 0.000345571, 2.29768e-10, 1.64342e-07, 6.46157e-06, 0.000167505, 0.830147, 5.20751, 5.2686, 3.111e-09, 0.00024582, 4.79927e-05, 5.5616e-07, 7.35271e-07, 6.78176e-08, 7.53358e-07, 6.57389e-05, 0.00021331, 0.00362451, 8.85717e-08, 0.000553876, 7.38696e-07, 8.63543e-07, 1.12844e-06, 1.31203e-06, 2.30578e-06, 2.6033e-06, 2.62597e-06, 5.5706e-06, 1.21449e-05, 0.000762058, 0.000907347, 

5.78303e-09, 7.67974e-07, 2.7355e-06, 8.16362e-06, 3.97038e-05, 0.000137855, 0.523017, 4.11558e-07, 0.000102242, 7.38696e-07, 1.40076e-07, 2.20532e-07, 1.13008e-06, 0.000345571, 0.407193, 0.704859, 4.45859, 0.000115737, 3.31615e-08, 3.65736e-05, 2.29768e-10, 4.74948e-09, 3.111e-09, 0.000167505, 0.00024582, 0.4133, 0.005649, 4.79927e-05, 2.06221e-07, 2.28396e-07, 4.01678e-07, 7.35271e-07, 8.85717e-08, 7.53358e-07, 6.57389e-05, 0.00021331, 0.425163, 6.78176e-08, 0.000128173, 6.46157e-06, 8.63543e-07, 1.04876e-06, 1.12844e-06, 1.31203e-06, 2.30578e-06, 2.6033e-06, 2.62597e-06, 5.5706e-06, 0.000380471, 0.000476813, 

5.78303e-09, 5.44855e-07, 4.11558e-07, 3.97038e-05, 0.000102242, 0.000137855, 0.523017, 4.79927e-05, 6.78176e-08, 2.7355e-06, 1.82919e-09, 1.40076e-07, 3.31615e-08, 3.65736e-05, 0.000115737, 0.407193, 0.704859, 3.111e-09, 7.38696e-07, 4.88845e-07, 2.29768e-10, 1.01826e-09, 2.06221e-07, 2.28396e-07, 0.005649, 1.01438, 1.19156, 6.57389e-05, 0.000167505, 0.00021331, 2.88804e-07, 7.35271e-07, 8.85717e-08, 7.53358e-07, 6.46157e-06, 0.000128173, 0.402263, 8.16362e-06, 2.21687e-05, 1.13008e-06, 7.67974e-07, 8.63543e-07, 1.04876e-06, 1.12844e-06, 1.31203e-06, 2.30578e-06, 2.6033e-06, 2.62597e-06, 0.00024582, 0.000345571, 

5.78303e-09, 2.60713e-07, 2.7355e-06, 3.97038e-05, 4.79927e-05, 0.000102242, 2.38105e-07, 6.57389e-05, 0.00021331, 6.78176e-08, 1.82919e-09, 2.08031e-09, 2.53741e-09, 3.31615e-08, 7.38696e-07, 0.407193, 2.08066e-09, 2.21687e-05, 4.88845e-07, 0.000137855, 8.3614e-11, 2.29768e-10, 2.06221e-07, 2.28396e-07, 0.005649, 8.79864, 5.16801, 7.53358e-07, 0.000115737, 1.13008e-06, 2.78361e-08, 1.09926e-07, 8.85717e-08, 6.46157e-06, 8.16362e-06, 0.000128173, 0.402263, 0.000167505, 4.11558e-07, 3.65736e-05, 2.00361e-07, 5.44855e-07, 7.67974e-07, 8.63543e-07, 1.04876e-06, 1.12844e-06, 1.31203e-06, 2.30578e-06, 0.00024582, 0.000345571, 

5.78303e-09, 2.56694e-07, 6.78176e-08, 6.57389e-05, 0.000102242, 0.00021331, 0.120368, 6.46157e-06, 1.97665e-09, 2.08066e-09, 1.82919e-09, 1.9293e-09, 2.53741e-09, 3.31615e-08, 7.38696e-07, 0.000137855, 0.407193, 8.85717e-08, 2.28396e-07, 2.38105e-07, 8.3614e-11, 2.29768e-10, 7.53358e-07, 1.13008e-06, 3.38191, 4.23799, 1.79445, 4.88845e-07, 2.06221e-07, 2.7355e-06, 2.78361e-08, 6.42864e-08, 3.65736e-05, 0.000167505, 0.402263, 2.18832, 1.25776, 8.16362e-06, 4.11558e-07, 2.21687e-05, 2.08031e-09, 2.00361e-07, 5.44855e-07, 7.67974e-07, 8.63543e-07, 1.04876e-06, 1.12844e-06, 1.31203e-06, 3.97038e-05, 4.79927e-05, 

2.80562e-09, 2.56694e-07, 1.97665e-09, 2.08066e-09, 0.000102242, 0.00021331, 0.00342341, 2.53741e-09, 4.11558e-07, 3.97038e-05, 1.82919e-09, 1.92311e-09, 3.31615e-08, 8.85717e-08, 2.38105e-07, 7.38696e-07, 0.000137855, 2.21687e-05, 2.28396e-07, 3.65736e-05, 2.6479e-11, 8.3614e-11, 2.06221e-07, 7.53358e-07, 2.7355e-06, 3.38191, 0.724583, 1.28621e-07, 2.33326e-07, 6.78176e-08, 2.78361e-08, 6.42864e-08, 8.16362e-06, 0.402263, 1.25776, 17.4569, 4.56874, 1.13008e-06, 4.88845e-07, 6.46157e-06, 2.08031e-09, 1.1115e-07, 2.00361e-07, 5.44855e-07, 7.67974e-07, 8.63543e-07, 1.04876e-06, 1.12844e-06, 4.79927e-05, 6.57389e-05, 

2.80562e-09, 1.1115e-07, 2.08066e-09, 2.53741e-09, 4.11558e-07, 0.000102242, 0.00342341, 2.7355e-06, 6.46157e-06, 2.06221e-07, 1.82919e-09, 1.92311e-09, 2.28396e-07, 7.38696e-07, 2.21687e-05, 3.65736e-05, 1.1979, 4.79927e-05, 8.85717e-08, 3.31615e-08, 2.6479e-11, 8.3614e-11, 6.78176e-08, 1.28621e-07, 0.724583, 1.05779, 3.47391, 1.37759e-07, 2.38105e-07, 7.53358e-07, 2.08031e-09, 1.27315e-08, 4.88845e-07, 1.13008e-06, 8.16362e-06, 0.402263, 0.114475, 3.97038e-05, 2.33326e-07, 1.97665e-09, 2.78361e-08, 6.42864e-08, 1.8096e-07, 2.00361e-07, 2.91595e-07, 5.44855e-07, 7.67974e-07, 8.63543e-07, 6.57389e-05, 

2.80562e-09, 6.42864e-08, 2.53741e-09, 2.06221e-07, 6.46157e-06, 0.000102242, 24.3785, 1.37759e-07, 1.97665e-09, 2.21687e-05, 1.82919e-09, 1.92311e-09, 8.85717e-08, 7.38696e-07, 3.65736e-05, 4.79927e-05, 1.1979, 4.88845e-07, 3.97038e-05, 2.7355e-06, 2.6479e-11, 7.40528e-11, 6.78176e-08, 2.38105e-07, 7.53358e-07, 1.05779, 0.611014, 1.28621e-07, 2.08066e-09, 3.31615e-08, 2.08031e-09, 1.27315e-08, 1.13008e-06, 8.16362e-06, 0.114475, 0.46856, 0.023859, 2.33326e-07, 2.28396e-07, 4.11558e-07, 2.78361e-08, 1.1115e-07, 1.8096e-07, 2.00361e-07, 2.91595e-07, 5.44855e-07, 7.67974e-07, 8.63543e-07, 6.57389e-05, 

2.80562e-09, 6.42864e-08, 6.46157e-06, 2.21687e-05, 24.3785, 7.48298e-08, 0.0152742, 1.97665e-09, 7.38696e-07, 1.37759e-07, 1.82919e-09, 1.92311e-09, 8.85717e-08, 4.88845e-07, 3.65736e-05, 4.79927e-05, 0.302276, 2.38105e-07, 2.08066e-09, 2.53741e-09, 2.61806e-11, 2.6479e-11, 6.78176e-08, 7.53358e-07, 0.780157, 4.24253, 3.21941, 3.31615e-08, 2.33326e-07, 1.13008e-06, 2.08031e-09, 1.27315e-08, 2.28396e-07, 8.16362e-06, 0.114475, 0.0500482, 2.53829, 2.06221e-07, 1.28621e-07, 4.11558e-07, 2.78361e-08, 1.1115e-07, 1.23677e-07, 1.8096e-07, 2.00361e-07, 2.91595e-07, 5.44855e-07, 7.67974e-07, 2.7355e-06, 7.96965e-06, 

2.80562e-09, 2.38395e-09, 1.37759e-07, 7.38696e-07, 6.46157e-06, 0.00422392, 24.3785, 7.48298e-08, 1.28621e-07, 1.97665e-09, 1.82919e-09, 1.92311e-09, 2.38105e-07, 4.88141e-07, 4.88845e-07, 0.302276, 0.182194, 2.62506e-09, 2.53741e-09, 2.08066e-09, 2.61806e-11, 2.6479e-11, 6.78176e-08, 2.33326e-07, 1.03044, 2.71723, 11.5745, 3.31615e-08, 4.11558e-07, 8.85717e-08, 2.08031e-09, 1.27315e-08, 2.06221e-07, 2.28396e-07, 8.16362e-06, 0.00342791, 6.31864, 7.53358e-07, 1.13008e-06, 2.7355e-06, 2.78361e-08, 6.42864e-08, 1.1115e-07, 1.23677e-07, 1.8096e-07, 2.00361e-07, 2.91595e-07, 5.44855e-07, 7.96965e-06, 2.21687e-05, 

1.51115e-09, 2.38395e-09, 1.97665e-09, 7.38696e-07, 6.46157e-06, 0.00422392, 0.0352883, 2.62506e-09, 7.48298e-08, 6.78176e-08, 1.82919e-09, 1.92311e-09, 2.08066e-09, 2.38105e-07, 0.182194, 0.302276, 4.42279, 2.33326e-07, 4.11558e-07, 3.31615e-08, 2.61806e-11, 2.63752e-11, 8.85717e-08, 1.03044, 2.71723, 11.5745, 0.881061, 1.37759e-07, 1.28621e-07, 4.88845e-07, 2.08031e-09, 1.27315e-08, 2.06221e-07, 2.7355e-06, 8.16362e-06, 0.00342791, 1.39671, 2.53741e-09, 2.28396e-07, 1.22824e-07, 2.78361e-08, 6.42864e-08, 1.1115e-07, 1.23677e-07, 1.8096e-07, 2.00361e-07, 2.91595e-07, 5.44855e-07, 7.53358e-07, 1.13008e-06, 

1.01001e-09, 1.51115e-09, 1.97665e-09, 7.38696e-07, 6.46157e-06, 0.0352883, 2.10879, 6.78176e-08, 2.06221e-07, 2.62506e-09, 1.82919e-09, 1.92311e-09, 2.33326e-07, 2.38105e-07, 0.302276, 1.88454, 2.66993, 4.11558e-07, 7.48298e-08, 4.88845e-07, 2.61806e-11, 2.63752e-11, 0.0843918, 0.881061, 2.71723, 9.39068, 1.82437, 2.08066e-09, 7.53358e-07, 8.85717e-08, 2.08031e-09, 1.27315e-08, 2.53741e-09, 1.22824e-07, 2.28396e-07, 8.16362e-06, 0.0100401, 3.31615e-08, 1.37759e-07, 1.28621e-07, 2.78361e-08, 6.42864e-08, 1.1115e-07, 1.23677e-07, 1.8096e-07, 2.00361e-07, 2.91595e-07, 5.44855e-07, 1.13008e-06, 

1.01001e-09, 1.51115e-09, 6.78176e-08, 7.38696e-07, 6.46157e-06, 0.00122443, 0.908742, 1.82919e-09, 1.92311e-09, 2.33326e-07, 2.38105e-07, 0.302276, 2.66993, 2.44287, 2.61806e-11, 2.63752e-11, 2.08066e-09, 7.53358e-07, 0.0843918, 2.92704, 0.690138, 2.08031e-09, 3.7811e-09, 1.22824e-07, 1.37759e-07, 2.28396e-07, 8.16362e-06, 0.0100401, 2.78361e-08, 6.42864e-08, 1.1115e-07, 1.23677e-07, 1.8096e-07, 2.00361e-07, 2.91595e-07, 5.44855e-07, 1.97665e-09, 2.53741e-09, 

1.01001e-09, 1.51115e-09, 6.78176e-08, 7.38696e-07, 6.46157e-06, 0.00122443, 6.34127, 1.82446e-09, 1.82919e-09, 2.33326e-07, 2.38105e-07, 0.000255664, 0.302276, 2.66993, 2.61806e-11, 2.63752e-11, 2.08066e-09, 7.53358e-07, 0.0843918, 0.690138, 3.15515, 2.08031e-09, 3.7811e-09, 1.22824e-07, 1.37759e-07, 2.28396e-07, 0.0100401, 4.92663, 2.78361e-08, 6.42864e-08, 1.1115e-07, 1.23677e-07, 1.8096e-07, 2.00361e-07, 2.91595e-07, 5.44855e-07, 1.97665e-09, 2.53741e-09, 

7.31777e-10, 1.01001e-09, 6.78176e-08, 6.46157e-06, 0.00122443, 1.29669, 2.23431, 1.82355e-09, 1.82446e-09, 2.38105e-07, 1.24155e-05, 0.302276, 2.66993, 0.610413, 2.61806e-11, 2.63752e-11, 2.08066e-09, 7.53358e-07, 0.0843918, 3.15515, 0.196555, 1.93009e-09, 2.08031e-09, 1.22824e-07, 1.37759e-07, 2.28396e-07, 0.0100401, 3.96386e-08, 2.78361e-08, 3.8471e-08, 6.42864e-08, 1.1115e-07, 1.23677e-07, 1.8096e-07, 2.00361e-07, 2.91595e-07, 1.97665e-09, 2.53741e-09, 

6.27299e-10, 7.31777e-10, 6.78176e-08, 6.46157e-06, 0.00122443, 0.0603856, 2.23431, 1.82355e-09, 1.82446e-09, 2.38105e-07, 3.54872e-07, 0.610413, 2.66993, 0.050546, 2.61806e-11, 2.63752e-11, 7.53358e-07, 0.00651451, 0.0843918, 3.15515, 0.188362, 1.93009e-09, 1.96132e-09, 3.96386e-08, 1.22824e-07, 1.37759e-07, 2.28396e-07, 0.00635574, 2.78361e-08, 3.8471e-08, 6.42864e-08, 1.1115e-07, 1.23677e-07, 1.8096e-07, 2.00361e-07, 2.91595e-07, 1.97665e-09, 2.53741e-09, 

6.27299e-10, 7.31777e-10, 6.78176e-08, 6.46157e-06, 0.00122443, 0.0603856, 2.23431, 1.82274e-09, 1.82355e-09, 2.38105e-07, 0.050546, 0.610413, 2.66993, 0.0183843, 2.61549e-11, 2.61806e-11, 7.53358e-07, 0.00651451, 0.176596, 0.188362, 0.395655, 1.93009e-09, 1.96132e-09, 3.96386e-08, 1.22824e-07, 2.28396e-07, 0.00635574, 3.4492, 2.78361e-08, 3.8471e-08, 6.42864e-08, 1.1115e-07, 1.23677e-07, 1.8096e-07, 2.00361e-07, 2.91595e-07, 1.97665e-09, 2.53741e-09, 

6.27299e-10, 7.31777e-10, 6.78176e-08, 9.15636e-07, 0.00122443, 0.0603856, 0.0479303, 1.82274e-09, 1.82295e-09, 0.0183843, 0.0472832, 0.181942, 2.66993, 0.0081528, 2.61549e-11, 2.61806e-11, 7.53358e-07, 0.176596, 0.188362, 0.395655, 1.19314e-07, 1.93009e-09, 1.96132e-09, 3.96386e-08, 1.22824e-07, 2.28396e-07, 0.00635574, 0.0130096, 2.78361e-08, 3.8471e-08, 6.42864e-08, 1.1115e-07, 1.23677e-07, 1.8096e-07, 2.00361e-07, 2.91595e-07, 1.97665e-09, 2.53741e-09, 

5.60493e-10, 6.27299e-10, 6.78176e-08, 5.50222e-07, 0.00122443, 0.0479303, 0.0603856, 1.82274e-09, 1.82295e-09, 0.0081528, 0.00890456, 0.0472832, 0.181942, 0.178613, 2.61446e-11, 2.61549e-11, 1.19314e-07, 7.53358e-07, 0.176596, 0.188362, 0.395655, 1.93009e-09, 1.96132e-09, 3.96386e-08, 1.22824e-07, 2.28396e-07, 0.00635574, 2.66096, 2.78361e-08, 3.8471e-08, 6.42864e-08, 1.1115e-07, 1.23677e-07, 1.8096e-07, 2.00361e-07, 2.91595e-07, 1.97665e-09, 2.53741e-09, 

5.60493e-10, 6.27299e-10, 6.78176e-08, 0.00122443, 0.0164474, 0.0603856, 9.29548, 1.82274e-09, 1.82295e-09, 0.000697969, 0.0081528, 0.00890456, 0.181942, 0.226942, 2.61446e-11, 2.61549e-11, 1.19314e-07, 0.176596, 0.188362, 0.395655, 0.130873, 1.93009e-09, 1.93114e-09, 3.96386e-08, 1.22824e-07, 2.28396e-07, 2.66096, 10.7255, 2.78361e-08, 3.8471e-08, 6.42864e-08, 1.1115e-07, 1.23677e-07, 1.8096e-07, 2.00361e-07, 2.91595e-07, 1.97665e-09, 2.53741e-09, 

5.60493e-10, 6.27299e-10, 6.78176e-08, 0.00122443, 0.0164474, 1.99156, 0.415158, 1.82274e-09, 1.82295e-09, 0.000697969, 0.0081528, 0.0450463, 0.181942, 0.0799857, 2.61446e-11, 2.61533e-11, 1.19314e-07, 0.130873, 0.188362, 0.395655, 2.53446e-08, 3.41806e-11, 5.95817e-11, 4.88253e-10, 3.96386e-08, 1.22824e-07, 2.66096, 7.95985, 2.78361e-08, 3.8471e-08, 6.42864e-08, 1.1115e-07, 1.23677e-07, 1.8096e-07, 2.00361e-07, 2.91595e-07, 1.97665e-09, 2.53741e-09, 

5.60493e-10, 6.27299e-10, 6.78176e-08, 0.00122443, 0.415158, 1.99156, 0.598468, 1.82274e-09, 1.82295e-09, 0.000697969, 0.0081528, 0.0450463, 0.0502607, 0.181942, 2.61439e-11, 2.61446e-11, 1.19314e-07, 0.130873, 0.188362, 0.395655, 1.17265, 3.41806e-11, 5.95817e-11, 4.88253e-10, 3.96386e-08, 1.22824e-07, 7.95985, 0.218421, 2.78361e-08, 3.8471e-08, 6.42864e-08, 1.1115e-07, 1.23677e-07, 1.8096e-07, 2.00361e-07, 2.91595e-07, 1.97665e-09, 2.53741e-09, 

5.60493e-10, 6.27299e-10, 6.78176e-08, 0.00122443, 0.415158, 0.598468, 1.99156, 1.82274e-09, 1.82295e-09, 0.000697969, 0.0081528, 0.0450463, 0.181942, 0.76315, 2.61439e-11, 2.61446e-11, 1.19314e-07, 0.0151384, 0.130873, 0.188362, 0.234786, 3.41806e-11, 5.95817e-11, 4.88253e-10, 3.96386e-08, 0.00105734, 0.218421, 0.473115, 2.78361e-08, 3.8471e-08, 6.42864e-08, 1.1115e-07, 1.23677e-07, 1.8096e-07, 2.00361e-07, 2.91595e-07, 1.97665e-09, 2.53741e-09, 

5.60493e-10, 5.7172e-10, 6.78176e-08, 0.00122443, 0.598468, 1.99156, 0.337689, 1.82274e-09, 1.82295e-09, 0.000697969, 0.0081528, 0.0450463, 0.76315, 0.00124498, 2.61439e-11, 2.61446e-11, 1.19314e-07, 0.0151384, 0.188362, 0.234786, 4.80205, 3.41806e-11, 5.95817e-11, 4.88253e-10, 3.96386e-08, 0.00060519, 0.218421, 0.473115, 2.78361e-08, 3.8471e-08, 6.42864e-08, 1.1115e-07, 1.23677e-07, 1.8096e-07, 2.00361e-07, 2.91595e-07, 1.97665e-09, 2.53741e-09, 

5.60493e-10, 5.7172e-10, 6.78176e-08, 0.00122443, 0.337689, 0.598468, 1.99156, 1.82274e-09, 1.82295e-09, 0.00124498, 0.00649092, 0.0450463, 0.76315, 8.0418, 2.61439e-11, 2.61441e-11, 1.19314e-07, 0.00682067, 0.0151384, 0.234786, 0.597545, 3.41806e-11, 5.95817e-11, 4.88253e-10, 3.96386e-08, 0.00060519, 0.218421, 0.696091, 1.93103e-09, 8.65009e-09, 2.78361e-08, 6.42864e-08, 1.23677e-07, 1.8096e-07, 2.00361e-07, 2.91595e-07, 1.97665e-09, 2.53741e-09, 

5.52933e-10, 5.60493e-10, 6.78176e-08, 0.00122443, 0.168771, 0.598468, 2.37914, 1.82274e-09, 1.82291e-09, 0.00124498, 0.00649092, 0.0450463, 0.76315, 8.0418, 2.61439e-11, 2.61441e-11, 0.00682067, 0.0151384, 0.234786, 0.597545, 1.03516, 3.41806e-11, 5.95817e-11, 4.88253e-10, 0.00060519, 0.218421, 0.696091, 0.627304, 1.93103e-09, 8.65009e-09, 2.78361e-08, 6.42864e-08, 1.23677e-07, 1.8096e-07, 2.00361e-07, 2.91595e-07, 1.97665e-09, 2.53741e-09, 

5.52933e-10, 5.59797e-10, 6.78176e-08, 0.168771, 0.598468, 2.37914, 6.50022, 1.82274e-09, 1.8229e-09, 0.00649092, 0.0450463, 0.76315, 3.47255, 0.000279052, 2.61439e-11, 2.61441e-11, 0.00682067, 0.0151384, 0.0483668, 0.234786, 1.03516, 3.41806e-11, 5.95817e-11, 4.88253e-10, 0.00060519, 0.627304, 0.696091, 0.00331582, 1.93103e-09, 8.65009e-09, 2.78361e-08, 6.42864e-08, 1.23677e-07, 1.8096e-07, 2.00361e-07, 2.91595e-07, 1.97665e-09, 2.53741e-09, 

5.52933e-10, 5.59797e-10, 6.78176e-08, 0.168771, 0.40852, 0.685186, 1.18159, 1.82274e-09, 1.8229e-09, 0.00649092, 0.0450463, 0.76315, 3.47255, 2.28937, 2.61439e-11, 2.61441e-11, 0.00682067, 0.0151384, 0.0513996, 1.03516, 8.76954, 3.41806e-11, 5.95817e-11, 2.47414e-08, 0.00331582, 0.627304, 0.696091, 4.04857e-09, 1.93103e-09, 8.65009e-09, 2.78361e-08, 6.42864e-08, 1.23677e-07, 1.8096e-07, 2.00361e-07, 2.91595e-07, 1.97665e-09, 2.53741e-09, 

5.51824e-10, 5.52933e-10, 6.78176e-08, 0.168771, 0.40852, 0.685186, 2.23634, 1.82274e-09, 1.8229e-09, 0.0450463, 0.0503703, 0.27057, 0.76315, 0.15614, 2.61439e-11, 2.61441e-11, 0.0151384, 0.0513996, 0.166274, 0.934493, 0.0918309, 7.61829e-13, 6.23817e-14, 4.78244e-13, 4.04857e-09, 0.627304, 0.696091, 4.69047e-15, 1.93103e-09, 8.65009e-09, 2.78361e-08, 6.42864e-08, 1.23677e-07, 1.8096e-07, 2.00361e-07, 2.91595e-07, 1.97665e-09, 2.53741e-09, 

5.51824e-10, 5.52933e-10, 0.0372449, 0.108357, 0.40852, 2.23634, 1.57428, 1.82274e-09, 1.8229e-09, 0.0450463, 0.0503703, 0.15614, 0.27057, 0.76315, 2.61439e-11, 2.61441e-11, 0.0151384, 0.0513996, 0.166274, 0.934493, 19.1827, 2.08817e-14, 6.23817e-14, 4.69047e-15, 7.72196e-14, 4.04857e-09, 0.627304, 3.45583, 1.93103e-09, 8.65009e-09, 2.78361e-08, 6.42864e-08, 1.23677e-07, 1.8096e-07, 2.00361e-07, 2.91595e-07, 1.97665e-09, 2.53741e-09, 

5.51824e-10, 5.52933e-10, 0.00167263, 0.0372449, 0.108357, 2.23634, 0.70156, 1.82274e-09, 1.82287e-09, 0.0450463, 0.0503703, 0.15614, 0.27057, 1.80702, 2.61439e-11, 2.61441e-11, 0.0151384, 0.166274, 0.190432, 0.934493, 0.0370551, 2.03494e-14, 5.22919e-14, 7.72196e-14, 4.04857e-09, 0.0258591, 0.0348579, 8.04093e-10, 1.93103e-09, 8.65009e-09, 2.78361e-08, 6.42864e-08, 1.23677e-07, 1.8096e-07, 2.00361e-07, 2.91595e-07, 1.97665e-09, 2.53741e-09, 

5.51824e-10, 5.52933e-10, 0.00167263, 0.0214325, 0.108357, 2.23634, 0.0902239, 1.82274e-09, 1.82275e-09, 0.000123499, 0.00779691, 0.0145623, 0.0503703, 0.000967229, 2.61439e-11, 2.6144e-11, 0.0151384, 0.0170134, 0.116748, 0.135035, 0.934493, 2.03494e-14, 5.22919e-14, 7.72196e-14, 8.04093e-10, 4.04857e-09, 0.0258591, 0.0348579, 1.93103e-09, 8.65009e-09, 2.78361e-08, 6.42864e-08, 1.23677e-07, 1.8096e-07, 2.00361e-07, 2.91595e-07, 1.97665e-09, 2.53741e-09, 

5.51824e-10, 5.52933e-10, 0.00167263, 0.0214325, 0.0224741, 0.0985726, 0.0677612, 1.82274e-09, 1.82275e-09, 0.000123499, 0.000967229, 0.00779691, 0.0503703, 15.7972, 2.61438e-11, 2.61439e-11, 0.000761268, 0.0151384, 0.116748, 0.934493, 0.000123246, 2.03494e-14, 5.22919e-14, 7.72196e-14, 4.04857e-09, 0.0258591, 0.0348579, 0.0353661, 1.93103e-09, 8.65009e-09, 2.78361e-08, 6.42864e-08, 1.23677e-07, 1.8096e-07, 2.00361e-07, 2.91595e-07, 1.97665e-09, 2.53741e-09, 

5.51824e-10, 5.52933e-10, 0.00167263, 0.0214325, 0.0224741, 0.0677612, 0.0985726, 1.82274e-09, 1.82275e-09, 0.000123499, 0.000967229, 0.0503703, 15.7972, 2.69353, 2.61437e-11, 2.61438e-11, 0.000761268, 0.0151384, 0.116748, 0.934493, 2.60434, 1.53503e-15, 2.03494e-14, 7.72196e-14, 4.04857e-09, 0.000293908, 0.0353661, 3.40156, 1.93103e-09, 8.65009e-09, 2.78361e-08, 6.42864e-08, 1.23677e-07, 1.8096e-07, 2.00361e-07, 2.91595e-07, 1.97665e-09, 2.53741e-09, 

5.51824e-10, 5.52933e-10, 0.00013595, 0.0214325, 0.0224741, 0.0677612, 0.535698, 1.82274e-09, 1.82275e-09, 0.000123499, 0.000967229, 0.0503703, 0.0802697, 2.69353, 2.61437e-11, 2.61438e-11, 0.0151384, 0.116748, 0.934493, 2.60434, 0.131926, 1.53503e-15, 2.03494e-14, 4.04857e-09, 0.000293908, 0.0306698, 3.40156, 0.00680552, 1.93103e-09, 8.65009e-09, 2.78361e-08, 6.42864e-08, 1.23677e-07, 1.8096e-07, 2.00361e-07, 2.91595e-07, 1.97665e-09, 2.53741e-09, 

5.51824e-10, 5.52933e-10, 0.00013595, 0.0214325, 0.0677612, 0.535698, 1.20065, 1.82274e-09, 1.82275e-09, 0.000123499, 0.000967229, 0.0503703, 0.0802697, 0.0530683, 2.61437e-11, 2.61438e-11, 0.0151384, 0.024139, 0.116748, 0.934493, 0.0129361, 1.53503e-15, 2.03494e-14, 4.04857e-09, 0.000293908, 0.00205468, 0.00680552, 0.644603, 1.93103e-09, 8.65009e-09, 2.78361e-08, 6.42864e-08, 1.23677e-07, 1.8096e-07, 2.00361e-07, 2.91595e-07, 1.97665e-09, 2.53741e-09, 

Best:
(-3.91794e-08, )

Fitness Evaluations:
2829

End Population
(2.349094e-05), (2.351453e-05), (1.165975e-02), (1.463983e-01), (-2.603099e-01), (7.319141e-01), (1.095741e+00), (4.269360e-05), (4.269369e-05), (-1.111301e-02), (-3.110030e-02), (-2.244333e-01), (-2.833191e-01), (-2.303655e-01), (-5.113095e-06), (-5.113103e-06), (1.230382e-01), (-1.553672e-01), (3.416836e-01), (9.666920e-01), (-1.137372e-01), (-3.917941e-08), (1.426513e-07), (-6.362836e-05), (1.714374e-02), (4.532855e-02), (8.249560e-02), (8.028719e-01), (-4.394351e-05), (-9.300588e-05), (1.668415e-04), (2.535476e-04), (3.516773e-04), (4.253935e-04), (4.476173e-04), (5.399952e-04), (4.445951e-05), (5.037275e-05), 