Iterations: 50
Function Evaluations Limit: 150000
Population: 50

Prides Length: 4

Percent Nomads: 0.2
Percent Roaming: 0.2
Percent Sex: 0.8

Mating Rate: 0.3
Mutation Probability: 0.2
Immigration Rate: 0.4

Percent Group Influence: 0.4
Annealing On: true
Ranked Selection Pressure: 2
Near To Best Random Pressure: 2

Dimensions: 1
N-Dimension Space: -5:5

Fitness Iterations:
9.71418e-05 (Initial Best)

0.576365, 6.82328, 0.63648, 9.45766, 19.8408, 0.451733, 5.34826, 4.89126, 18.8017, 2.25226, 3.91421, 2.73528, 9.71418e-05, 1.40447, 9.71278, 5.87407, 5.48327, 3.77492, 9.28807, 0.262575, 14.5439, 2.14413, 16.7527, 1.22001, 5.12458, 0.835319, 8.05807, 1.69926, 2.40735, 0.0459807, 0.801275, 16.212, 3.05603, 1.08079, 11.525, 7.24441, 22.5301, 3.38729, 0.119665, 0.676523, 2.0261, 7.58495, 1.70041, 0.0070306, 9.20784, 13.5891, 0.134669, 6.06869, 0.0283392, 20.1991, 

0.182688, 0.15089, 0.309499, 0.451733, 1.33595, 0.0344418, 0.892625, 0.848807, 1.27356, 0.0167173, 0.000109584, 0.0262839, 1.40447, 5.48327, 5.87407, 0.0471103, 0.833617, 1.08079, 0.0283392, 0.835319, 0.0070306, 0.679516, 0.0459807, 0.50807, 2.40735, 5.12458, 4.54172, 3.77492, 3.38729, 1.69926, 0.801275, 0.855289, 0.119665, 0.676523, 0.828919, 23.7062, 3.73356, 9.71418e-05, 0.262575, 0.63648, 0.617654, 1.97285, 0.134669, 0.576365, 0.909015, 1.78557, 2.0261, 2.14413, 6.07864, 7.24441, 

0.020674, 0.0262839, 0.0177951, 0.109647, 0.235225, 0.451733, 1.27356, 0.00011904, 0.0161876, 0.0283392, 0.000109584, 1.61592e-07, 0.0471103, 1.40447, 5.48327, 6.11302e-07, 1.35217, 0.326654, 0.573101, 0.570139, 0.0070306, 0.264171, 0.0459807, 0.129296, 0.138358, 2.40735, 12.0502, 0.0481409, 0.119665, 0.228083, 0.00705333, 0.00918301, 9.71418e-05, 0.0358207, 0.246307, 23.7062, 13.4211, 0.262575, 0.500614, 0.0167173, 0.0464824, 0.0506464, 0.0464849, 0.134669, 0.14164, 0.15089, 0.286731, 0.576365, 0.63648, 0.676523, 

5.46932e-07, 0.00083621, 0.00011904, 0.0161876, 0.451733, 0.599718, 0.593992, 0.0613093, 0.0358207, 3.55004e-05, 3.32381e-08, 5.99344e-08, 6.11302e-07, 0.573101, 1.35217, 1.40447, 5.48327, 0.0177951, 0.00440986, 3.12481e-08, 0.000109584, 0.00527413, 0.00348022, 0.00816916, 0.0459807, 0.119665, 0.00587279, 0.138358, 0.0283392, 0.0540089, 1.55927e-05, 6.15689e-05, 9.71418e-05, 0.0167173, 0.262575, 0.500614, 23.7062, 0.015012, 0.129296, 0.109647, 1.61592e-07, 0.0102977, 0.0070306, 0.0262839, 0.0166494, 0.0236222, 0.0464849, 0.0688496, 0.180844, 0.228083, 

1.61592e-07, 1.37512e-05, 0.0161876, 0.0358207, 0.0613093, 0.451733, 5.16052, 0.0167173, 0.00396912, 0.00011904, 3.32381e-08, 5.99344e-08, 6.11302e-07, 0.0177951, 0.149353, 0.0495695, 1.41891, 0.00563689, 9.71418e-05, 3.12481e-08, 0.000109584, 0.000361507, 0.00176969, 0.00587279, 0.0540089, 0.119665, 0.138358, 0.00464993, 0.000158408, 0.00440986, 1.55927e-05, 3.4804e-05, 0.000147659, 0.015012, 0.129296, 0.262575, 0.125888, 3.55004e-05, 0.00348022, 6.47668e-08, 5.46932e-07, 0.000461434, 0.0070306, 0.0102977, 0.0166494, 0.0236222, 0.0262839, 0.0464849, 0.0283392, 0.0459807, 

1.61592e-07, 5.46932e-07, 0.00396912, 0.0161876, 0.0167173, 3.82616, 0.80796, 0.028031, 0.00176969, 9.71418e-05, 3.32381e-08, 3.62219e-08, 6.11302e-07, 0.00563689, 0.0177951, 0.456093, 3.80279e-08, 0.0110708, 0.0283392, 3.12481e-08, 4.34958e-08, 0.000351747, 0.00440986, 0.00587279, 0.119665, 0.138358, 0.219807, 0.000147659, 6.47668e-08, 0.00348022, 1.55927e-05, 3.4804e-05, 3.55004e-05, 0.015012, 0.129296, 0.262575, 10.9956, 0.00011904, 0.00464993, 0.000158408, 0.000109584, 1.37512e-05, 0.000461434, 0.00354753, 0.0070306, 0.00850282, 0.0102977, 0.0125049, 0.0358207, 0.0408348, 

1.61592e-07, 5.46932e-07, 9.71418e-05, 0.00176969, 0.00396912, 0.0167173, 1.28279, 0.015012, 0.00464993, 0.00563689, 3.32381e-08, 3.62219e-08, 3.80279e-08, 6.11302e-07, 0.0110708, 0.0283392, 0.456093, 0.00587279, 0.0358207, 0.0161876, 4.34958e-08, 1.60606e-06, 6.47668e-08, 9.55936e-05, 0.000147659, 0.00440986, 0.219807, 0.0139614, 3.12481e-08, 0.0388293, 5.96436e-06, 1.55927e-05, 3.55004e-05, 0.00011904, 0.000158408, 2.3601e-05, 7.14364, 0.00480725, 0.0177951, 0.00326956, 4.12323e-05, 1.37512e-05, 2.54913e-05, 0.000109584, 0.000461434, 0.0070306, 0.00850282, 0.00893765, 0.119665, 0.129296, 

1.61592e-07, 2.01957e-07, 0.00176969, 0.00396912, 0.00464993, 0.00563689, 0.0422817, 0.00440986, 0.0139614, 0.00326956, 3.32381e-08, 3.37191e-08, 6.11302e-07, 0.00587279, 0.0161876, 0.0358207, 0.456093, 0.000158408, 0.00666933, 0.00011904, 2.25689e-08, 7.52188e-07, 3.12481e-08, 6.47668e-08, 1.69304e-05, 0.000147659, 0.290907, 0.0020591, 0.0110708, 9.55936e-05, 5.96436e-06, 1.55927e-05, 2.3601e-05, 2.37987e-05, 3.55004e-05, 0.0177951, 6.17251, 9.71418e-05, 3.80279e-08, 0.015012, 1.37512e-05, 2.54913e-05, 4.12323e-05, 0.000109584, 0.000461434, 0.00221949, 0.0070306, 0.00850282, 0.0154684, 0.0167173, 

1.61592e-07, 2.01957e-07, 0.00326956, 0.00464993, 0.00563689, 0.0139614, 0.0422817, 3.55004e-05, 0.000758643, 3.12481e-08, 3.32381e-08, 3.37191e-08, 6.11302e-07, 0.00011904, 0.456093, 0.329357, 3.48736, 2.11309e-08, 0.0020591, 0.00396912, 2.25689e-08, 2.13724e-08, 1.83399e-08, 6.47668e-08, 0.000147659, 0.290907, 17.5261, 0.00176969, 0.000158408, 2.37987e-05, 2.9673e-07, 5.96436e-06, 2.3601e-05, 9.71418e-05, 0.0177951, 1.83372, 0.0208216, 9.55936e-05, 0.00440986, 3.80279e-08, 1.04417e-06, 8.52769e-06, 1.37512e-05, 2.54913e-05, 4.12323e-05, 0.000109584, 0.000654705, 0.000851895, 0.00587279, 0.00666933, 

9.76193e-10, 2.01957e-07, 3.12481e-08, 0.00044835, 0.00326956, 0.0422817, 8.60024e-05, 1.83399e-08, 0.00011904, 8.73605e-05, 8.00099e-10, 2.21567e-08, 2.11309e-08, 0.0020591, 0.00396912, 0.456093, 23.0882, 0.000758643, 3.55004e-05, 0.00146885, 2.13724e-08, 2.02461e-08, 6.47668e-08, 0.00176969, 0.290907, 14.4013, 1.97419e-08, 2.37987e-05, 6.11302e-07, 0.0010449, 2.9673e-07, 3.20736e-06, 2.3601e-05, 9.55936e-05, 9.71418e-05, 0.00440986, 0.396504, 3.80279e-08, 0.000147659, 0.000158408, 2.97259e-09, 3.37191e-08, 1.04417e-06, 8.52769e-06, 1.37512e-05, 2.54913e-05, 4.12323e-05, 0.000109584, 0.00464993, 0.00468627, 

9.76193e-10, 2.97259e-09, 3.12481e-08, 5.99184e-06, 0.00326956, 0.0422817, 3.02507, 6.47668e-08, 2.65073e-05, 6.11302e-07, 8.00099e-10, 2.07906e-09, 3.55004e-05, 0.00396912, 15.7335, 4.93211, 3.61249, 1.97419e-08, 0.000158408, 8.60024e-05, 2.02461e-08, 2.13724e-08, 2.37987e-05, 0.00176969, 0.290907, 1.17289, 0.253227, 3.80279e-08, 1.83399e-08, 0.00011904, 3.86129e-08, 2.9673e-07, 2.3601e-05, 9.71418e-05, 0.000147659, 0.396504, 0.68569, 0.00044835, 2.11309e-08, 9.55936e-05, 2.01957e-07, 3.37191e-08, 1.04417e-06, 2.6959e-06, 8.52769e-06, 1.37512e-05, 2.54913e-05, 4.12323e-05, 0.000758643, 0.0010449, 

9.76193e-10, 2.97259e-09, 2.65073e-05, 0.0422817, 3.02507, 5.6461, 0.760135, 6.11302e-07, 9.55936e-05, 3.80279e-08, 2.77075e-10, 8.00099e-10, 1.97419e-08, 8.60024e-05, 0.000158408, 0.00396912, 2.85238, 0.00011904, 2.3601e-05, 5.99184e-06, 2.02461e-08, 2.13724e-08, 1.83399e-08, 2.37987e-05, 0.00176969, 0.171293, 0.149452, 6.47668e-08, 3.12481e-08, 0.0010449, 3.86129e-08, 3.8662e-10, 2.11309e-08, 0.000147659, 0.00044835, 0.68569, 1.62292e-10, 3.55004e-05, 0.000758643, 9.71418e-05, 3.37191e-08, 2.01957e-07, 2.9673e-07, 1.04417e-06, 2.6959e-06, 8.52769e-06, 1.37512e-05, 2.54913e-05, 0.00326956, 0.0160738, 

9.76193e-10, 2.97259e-09, 3.80279e-08, 9.55936e-05, 0.760135, 3.02507, 0.323673, 0.000147659, 2.37987e-05, 9.71418e-05, 2.77075e-10, 8.00099e-10, 2.3601e-05, 0.000158408, 2.85238, 2.42261e-05, 0.406334, 5.99184e-06, 0.00011904, 2.65073e-05, 1.64555e-08, 1.93708e-08, 1.83399e-08, 3.12481e-08, 0.0010449, 0.149452, 0.0270246, 1.97419e-08, 6.11302e-07, 6.47668e-08, 3.02711e-12, 3.72859e-11, 1.62292e-10, 3.55004e-05, 0.68569, 7.01077e-11, 0.00812799, 2.11309e-08, 0.00044835, 8.60024e-05, 3.37191e-08, 3.86129e-08, 2.01957e-07, 2.9673e-07, 1.04417e-06, 2.6959e-06, 8.52769e-06, 1.37512e-05, 0.000449411, 0.000758643, 

3.26922e-12, 9.76193e-10, 3.80279e-08, 2.37987e-05, 9.55936e-05, 9.71418e-05, 0.323673, 1.51497e-07, 0.000449411, 1.62292e-10, 2.77075e-10, 3.14074e-10, 5.99184e-06, 2.65073e-05, 0.000158408, 0.406334, 0.772068, 2.42261e-05, 0.000147659, 1.97419e-08, 1.64555e-08, 1.93708e-08, 1.83399e-08, 6.47668e-08, 0.0010449, 0.149452, 6.11126, 2.11309e-08, 2.3601e-05, 3.55004e-05, 3.02711e-12, 3.72859e-11, 7.01077e-11, 8.60024e-05, 0.00044835, 0.00812799, 0.0411474, 0.00011904, 3.12481e-08, 6.11302e-07, 3.37191e-08, 3.86129e-08, 2.01957e-07, 2.7707e-07, 2.9673e-07, 1.04417e-06, 2.6959e-06, 8.52769e-06, 0.000758643, 0.0104575, 

3.26922e-12, 8.64008e-10, 1.62292e-10, 1.51497e-07, 9.71418e-05, 4.04249e-11, 16.6171, 6.11302e-07, 0.000449411, 9.55936e-05, 2.77075e-10, 3.14074e-10, 1.97419e-08, 5.99184e-06, 2.65073e-05, 0.000158408, 0.772068, 3.80279e-08, 0.000147659, 0.00011904, 1.64555e-08, 1.93708e-08, 1.83399e-08, 6.47668e-08, 3.55004e-05, 6.11126, 5.49314, 2.11309e-08, 2.3601e-05, 0.000758643, 3.02711e-12, 3.72859e-11, 7.01077e-11, 3.12481e-08, 0.00044835, 0.00812799, 0.111939, 2.42261e-05, 2.37987e-05, 8.60024e-05, 3.37191e-08, 3.86129e-08, 2.01957e-07, 2.7707e-07, 2.9673e-07, 1.04417e-06, 2.6959e-06, 8.52769e-06, 0.0010449, 0.0104575, 

3.26922e-12, 8.64008e-10, 1.62292e-10, 6.11302e-07, 9.55936e-05, 0.000449411, 0.184815, 2.37987e-05, 2.3601e-05, 1.51497e-07, 2.77075e-10, 3.14074e-10, 1.97419e-08, 0.00011904, 0.000147659, 4.45229, 0.869623, 7.01077e-11, 9.71418e-05, 3.80279e-08, 1.64555e-08, 1.93708e-08, 1.83399e-08, 2.11309e-08, 3.55004e-05, 0.000758643, 6.11126, 0.000195687, 2.65073e-05, 6.47668e-08, 3.02711e-12, 3.72859e-11, 3.12481e-08, 2.42261e-05, 8.60024e-05, 0.0208787, 3.36677e-05, 5.99184e-06, 4.04249e-11, 0.000158408, 3.37191e-08, 3.86129e-08, 2.01957e-07, 2.7707e-07, 2.9673e-07, 1.04417e-06, 2.6959e-06, 8.52769e-06, 0.00044835, 0.0010449, 

3.26922e-12, 8.64008e-10, 1.62292e-10, 6.11302e-07, 2.37987e-05, 0.184815, 12.3107, 2.11309e-08, 3.12481e-08, 0.00044835, 2.19786e-10, 2.77075e-10, 7.01077e-11, 3.80279e-08, 9.71418e-05, 0.00011904, 0.869623, 0.000147659, 9.55936e-05, 1.51497e-07, 1.64555e-08, 1.89531e-08, 1.83399e-08, 2.65073e-05, 0.000195687, 0.17217, 0.0524746, 1.97419e-08, 3.36677e-05, 6.47668e-08, 2.26174e-12, 3.02711e-12, 4.04249e-11, 2.42261e-05, 8.60024e-05, 0.000158408, 0.0688721, 5.99184e-06, 3.55004e-05, 2.3601e-05, 3.37191e-08, 3.86129e-08, 2.01957e-07, 2.7707e-07, 2.9673e-07, 1.04417e-06, 2.6959e-06, 8.52769e-06, 0.000449411, 0.000597567, 

3.26922e-12, 8.64008e-10, 2.11309e-08, 3.12481e-08, 6.11302e-07, 0.00044835, 0.0169168, 2.37987e-05, 3.80279e-08, 6.47668e-08, 2.19786e-10, 2.77075e-10, 1.51497e-07, 9.55936e-05, 9.71418e-05, 0.00011904, 0.000147659, 2.65073e-05, 4.05301e-06, 1.62292e-10, 1.59555e-08, 1.64555e-08, 1.97419e-08, 0.0524746, 0.17217, 3.27517, 1.71896e-08, 2.3601e-05, 4.04249e-11, 1.83399e-08, 2.26174e-12, 3.02711e-12, 5.99184e-06, 2.42261e-05, 3.55004e-05, 8.60024e-05, 0.000158408, 0.000195687, 7.01077e-11, 3.36677e-05, 1.73522e-08, 3.37191e-08, 3.86129e-08, 2.01957e-07, 2.7707e-07, 2.9673e-07, 1.04417e-06, 2.6959e-06, 0.000449411, 0.000597567, 

3.26922e-12, 8.64008e-10, 3.80279e-08, 2.37987e-05, 4.60724e-05, 0.00044835, 3.71635, 4.04249e-11, 1.51497e-07, 1.83399e-08, 1.81545e-11, 2.77075e-10, 2.65073e-05, 9.55936e-05, 0.00011904, 0.000147659, 4.37068e-05, 3.08103e-10, 3.12481e-08, 5.99184e-06, 4.54787e-09, 1.64555e-08, 1.97419e-08, 2.3601e-05, 0.17217, 0.80923, 0.0137755, 6.11302e-07, 6.47668e-08, 4.05301e-06, 8.92483e-13, 3.02711e-12, 7.01077e-11, 2.42261e-05, 0.000158408, 0.000195687, 0.00119052, 1.62292e-10, 3.42469e-11, 2.11309e-08, 1.53253e-10, 1.73522e-08, 3.37191e-08, 3.86129e-08, 2.01957e-07, 2.7707e-07, 2.9673e-07, 1.04417e-06, 3.36677e-05, 3.55004e-05, 

3.26922e-12, 8.64008e-10, 4.04249e-11, 3.80279e-08, 1.51497e-07, 2.37987e-05, 0.00044835, 2.3601e-05, 4.60724e-05, 2.11309e-08, 1.81545e-11, 1.53253e-10, 3.08103e-10, 5.99184e-06, 4.37068e-05, 9.55936e-05, 0.00011904, 1.62292e-10, 1.83399e-08, 3.55004e-05, 4.54787e-09, 1.64555e-08, 6.11302e-07, 4.05301e-06, 0.0137755, 0.17217, 0.497588, 1.97419e-08, 3.36677e-05, 2.65073e-05, 8.92483e-13, 3.02711e-12, 7.01077e-11, 3.15837e-06, 2.42261e-05, 0.000158408, 0.000195687, 3.12481e-08, 3.42469e-11, 6.47668e-08, 2.77075e-10, 1.73522e-08, 3.37191e-08, 3.86129e-08, 2.01957e-07, 2.7707e-07, 2.9673e-07, 1.04417e-06, 

3.26922e-12, 1.53253e-10, 6.41934e-10, 2.11309e-08, 1.51497e-07, 2.3601e-05, 0.989165, 6.11302e-07, 4.37068e-05, 7.4662e-11, 1.81545e-11, 6.98809e-11, 1.62292e-10, 3.08103e-10, 3.55004e-05, 9.55936e-05, 0.133172, 2.37987e-05, 4.05301e-06, 2.65073e-05, 2.77075e-10, 1.4285e-08, 1.97419e-08, 3.36677e-05, 0.0137755, 0.497588, 2.7833, 4.04249e-11, 3.12481e-08, 2.42261e-05, 8.92483e-13, 3.02711e-12, 3.42469e-11, 7.01077e-11, 3.15837e-06, 2.93046, 1.1172, 1.83399e-08, 5.99184e-06, 6.47668e-08, 8.62931e-10, 4.54787e-09, 1.73522e-08, 3.37191e-08, 3.86129e-08, 2.01957e-07, 2.7707e-07, 2.9673e-07, 4.60724e-05, 

3.26922e-12, 1.53253e-10, 7.4662e-11, 2.3601e-05, 4.37068e-05, 6.36145, 0.60729, 3.85292e-12, 1.81545e-11, 4.05301e-06, 2.37987e-05, 2.65073e-05, 3.55004e-05, 0.133172, 2.77075e-10, 3.79608e-09, 4.04249e-11, 1.97419e-08, 3.12481e-08, 0.497588, 0.436631, 8.92483e-13, 3.02711e-12, 3.42469e-11, 7.01077e-11, 1.83399e-08, 3.15837e-06, 5.99184e-06, 9.33727e-11, 8.62931e-10, 4.54787e-09, 1.73522e-08, 3.37191e-08, 3.86129e-08, 2.01957e-07, 2.7707e-07, 3.89699e-11, 1.62292e-10, 

3.26922e-12, 4.46635e-11, 7.4662e-11, 2.3601e-05, 4.37068e-05, 6.36145, 0.0731774, 3.85084e-12, 3.85292e-12, 4.05301e-06, 2.37987e-05, 3.55004e-05, 0.133172, 0.221746, 9.33727e-11, 8.62931e-10, 4.04249e-11, 3.12481e-08, 0.00058577, 0.497588, 0.0782572, 8.92483e-13, 3.02711e-12, 3.42469e-11, 7.01077e-11, 1.83399e-08, 3.15837e-06, 5.99184e-06, 2.77075e-10, 3.79608e-09, 4.54787e-09, 1.73522e-08, 3.37191e-08, 3.86129e-08, 2.01957e-07, 2.7707e-07, 3.89699e-11, 1.62292e-10, 

3.26922e-12, 4.46635e-11, 7.4662e-11, 2.3601e-05, 0.0731774, 3.82608, 5.91852, 3.85084e-12, 3.85292e-12, 4.05301e-06, 2.37987e-05, 3.55004e-05, 0.218559, 22.074, 9.33727e-11, 3.53215e-10, 4.04249e-11, 3.12481e-08, 0.0782572, 0.497588, 6.93846, 3.65451e-13, 8.92483e-13, 3.42469e-11, 7.01077e-11, 1.83399e-08, 3.15837e-06, 0.398385, 2.77075e-10, 3.79608e-09, 4.54787e-09, 1.73522e-08, 3.37191e-08, 3.86129e-08, 2.01957e-07, 2.7707e-07, 3.89699e-11, 1.62292e-10, 

7.11649e-13, 3.26922e-12, 7.4662e-11, 2.3601e-05, 0.0731774, 0.975637, 2.94257, 3.85084e-12, 3.8514e-12, 2.37987e-05, 3.55004e-05, 0.218559, 22.074, 0.92161, 9.33727e-11, 2.78966e-10, 4.04249e-11, 3.59838e-09, 0.413236, 2.54595, 0.614441, 3.65451e-13, 8.92483e-13, 3.42469e-11, 7.01077e-11, 1.83399e-08, 3.15837e-06, 0.813463, 2.77075e-10, 3.79608e-09, 4.54787e-09, 1.73522e-08, 3.37191e-08, 3.86129e-08, 2.01957e-07, 2.7707e-07, 3.89699e-11, 1.62292e-10, 

7.11649e-13, 3.26922e-12, 7.4662e-11, 2.3601e-05, 0.0731774, 0.975637, 2.94257, 3.85084e-12, 3.85106e-12, 2.37987e-05, 0.218559, 0.92161, 6.72556, 0.48281, 3.43615e-11, 9.33727e-11, 4.04249e-11, 3.59838e-09, 0.413236, 2.54595, 3.59329, 3.65451e-13, 8.92483e-13, 3.42469e-11, 7.01077e-11, 1.83399e-08, 0.322975, 0.0098891, 2.77075e-10, 3.79608e-09, 4.54787e-09, 1.73522e-08, 3.37191e-08, 3.86129e-08, 2.01957e-07, 2.7707e-07, 3.89699e-11, 1.62292e-10, 

7.11649e-13, 3.26922e-12, 7.4662e-11, 2.3601e-05, 0.975637, 2.94257, 0.981569, 3.85084e-12, 3.85106e-12, 2.37987e-05, 0.0140648, 0.218559, 6.72556, 0.328294, 3.43615e-11, 7.03842e-11, 4.04249e-11, 0.317831, 0.413236, 2.54595, 3.16554, 3.65451e-13, 8.92483e-13, 3.42469e-11, 7.01077e-11, 1.83399e-08, 0.0098891, 0.322975, 1.40198e-11, 2.77075e-10, 3.79608e-09, 4.54787e-09, 1.73522e-08, 3.37191e-08, 3.86129e-08, 2.01957e-07, 7.35667e-12, 3.89699e-11, 

7.11649e-13, 3.26922e-12, 7.4662e-11, 2.3601e-05, 0.981569, 1.79511, 0.510662, 3.85084e-12, 3.85104e-12, 2.37987e-05, 0.218559, 0.328294, 6.72556, 6.46969e-06, 1.40198e-11, 5.5505e-11, 0.066058, 0.413236, 0.717326, 2.54595, 0.00754935, 3.65451e-13, 8.42622e-13, 1.29787e-11, 7.01077e-11, 0.0098891, 0.322975, 0.0156659, 3.43615e-11, 2.77075e-10, 3.79608e-09, 4.54787e-09, 1.73522e-08, 3.37191e-08, 3.86129e-08, 2.01957e-07, 7.35667e-12, 3.89699e-11, 

8.53193e-14, 7.11649e-13, 7.4662e-11, 2.3601e-05, 0.510662, 1.14666, 0.00194821, 3.85084e-12, 3.85104e-12, 6.46969e-06, 2.37987e-05, 0.218559, 0.328294, 0.0192692, 3.05621e-12, 1.40198e-11, 8.9174e-06, 0.00754935, 0.363354, 0.717326, 2.54595, 3.65451e-13, 8.42622e-13, 1.29787e-11, 7.01077e-11, 0.0098891, 0.322975, 0.489533, 3.43615e-11, 2.77075e-10, 3.79608e-09, 4.54787e-09, 1.73522e-08, 3.37191e-08, 3.86129e-08, 2.01957e-07, 7.35667e-12, 3.89699e-11, 

8.53193e-14, 7.11649e-13, 7.4662e-11, 2.3601e-05, 3.70285e-05, 0.510662, 0.0807376, 3.85066e-12, 3.85084e-12, 6.46969e-06, 2.37987e-05, 0.218559, 0.328294, 1.42986, 3.05621e-12, 1.40198e-11, 0.00754935, 0.26509, 0.717326, 2.54595, 0.155741, 3.65451e-13, 8.42622e-13, 1.29787e-11, 0.00409333, 0.0939118, 0.322975, 0.118362, 3.43615e-11, 2.77075e-10, 3.79608e-09, 4.54787e-09, 1.73522e-08, 3.37191e-08, 3.86129e-08, 2.01957e-07, 7.35667e-12, 3.89699e-11, 

8.53193e-14, 7.11649e-13, 7.4662e-11, 4.6617e-06, 3.70285e-05, 0.510662, 0.0952369, 3.85066e-12, 3.85084e-12, 6.46969e-06, 2.37987e-05, 0.218559, 0.328294, 1.42986, 4.84137e-13, 3.05621e-12, 0.00754935, 0.155741, 0.26509, 0.717326, 1.45572, 3.65451e-13, 8.42622e-13, 1.29787e-11, 0.00352746, 0.0939118, 0.322975, 1.50632, 3.43615e-11, 2.77075e-10, 3.79608e-09, 4.54787e-09, 1.73522e-08, 3.37191e-08, 3.86129e-08, 2.01957e-07, 7.35667e-12, 3.89699e-11, 

8.53193e-14, 7.11649e-13, 4.6617e-06, 3.70285e-05, 0.0952369, 0.510662, 0.243089, 3.85057e-12, 3.85066e-12, 6.46969e-06, 2.37987e-05, 0.0135071, 0.328294, 0.26563, 4.84137e-13, 8.72084e-13, 0.00754935, 0.155741, 0.26509, 0.717326, 0.0194369, 3.5659e-13, 3.65451e-13, 1.29787e-11, 0.00352746, 0.178289, 1.50632, 0.000287515, 3.43615e-11, 2.77075e-10, 3.79608e-09, 4.54787e-09, 1.73522e-08, 3.37191e-08, 3.86129e-08, 2.01957e-07, 7.35667e-12, 3.89699e-11, 

8.53193e-14, 4.11012e-13, 4.6617e-06, 3.70285e-05, 0.00272234, 0.0952369, 0.0010604, 3.85049e-12, 3.85057e-12, 6.46969e-06, 2.37987e-05, 0.0135071, 0.328294, 0.598051, 4.84137e-13, 8.72084e-13, 0.000441382, 0.00754935, 0.26509, 0.717326, 0.000200813, 3.5659e-13, 3.64093e-13, 1.29787e-11, 0.000287515, 0.00352746, 0.058889, 5.01536, 3.43615e-11, 2.77075e-10, 3.79608e-09, 4.54787e-09, 1.73522e-08, 3.37191e-08, 3.86129e-08, 2.01957e-07, 7.35667e-12, 3.89699e-11, 

8.53193e-14, 4.11012e-13, 4.6617e-06, 3.70285e-05, 0.00272234, 0.0805411, 0.405461, 3.85049e-12, 3.85057e-12, 6.46969e-06, 2.37987e-05, 0.328294, 0.598051, 2.88251, 4.84137e-13, 6.01313e-13, 0.000441382, 0.00754935, 0.100161, 0.26509, 1.08822, 3.5659e-13, 3.64093e-13, 0.000287515, 0.00352746, 0.058889, 0.492706, 0.931973, 3.43615e-11, 2.77075e-10, 3.79608e-09, 4.54787e-09, 1.73522e-08, 3.37191e-08, 3.86129e-08, 2.01957e-07, 7.35667e-12, 3.89699e-11, 

8.53193e-14, 4.11012e-13, 4.6617e-06, 3.70285e-05, 0.00272234, 0.0805411, 0.100424, 3.85049e-12, 3.85057e-12, 6.46969e-06, 2.37987e-05, 0.328294, 0.598051, 2.28647, 4.84137e-13, 6.01313e-13, 0.000441382, 0.00754935, 0.100161, 1.08822, 0.791963, 3.5659e-13, 3.57369e-13, 0.000287515, 0.00352746, 0.058889, 0.492706, 7.27252e-05, 3.43615e-11, 2.77075e-10, 3.79608e-09, 4.54787e-09, 1.73522e-08, 3.37191e-08, 3.86129e-08, 2.01957e-07, 7.35667e-12, 3.89699e-11, 

8.53193e-14, 4.11012e-13, 4.6617e-06, 3.70285e-05, 0.00272234, 0.0118097, 0.0805411, 3.85049e-12, 3.85057e-12, 6.46969e-06, 0.328294, 0.598051, 2.28647, 2.08838, 4.84137e-13, 6.01313e-13, 0.000441382, 0.00376481, 0.00754935, 0.100161, 1.08822, 3.5659e-13, 3.57369e-13, 7.27252e-05, 0.000287515, 0.00352746, 0.492706, 1.0202, 3.43615e-11, 2.77075e-10, 3.79608e-09, 4.54787e-09, 1.73522e-08, 3.37191e-08, 3.86129e-08, 2.01957e-07, 7.35667e-12, 3.89699e-11, 

8.53193e-14, 4.11012e-13, 4.6617e-06, 0.00139343, 0.0118097, 0.0805411, 0.017669, 3.85049e-12, 3.85057e-12, 6.46969e-06, 0.136055, 0.214299, 0.2959, 13.3319, 4.84137e-13, 6.01313e-13, 0.000441382, 0.00376481, 0.00754935, 1.08822, 4.60391, 3.56034e-13, 3.5659e-13, 7.27252e-05, 0.000287515, 0.00352746, 1.0202, 5.35392, 3.43615e-11, 2.77075e-10, 3.79608e-09, 4.54787e-09, 1.73522e-08, 3.37191e-08, 3.86129e-08, 2.01957e-07, 7.35667e-12, 3.89699e-11, 

8.53193e-14, 4.11012e-13, 4.6617e-06, 0.0118097, 0.017669, 0.0805411, 0.0195793, 3.85047e-12, 3.85049e-12, 6.46969e-06, 0.042461, 0.136055, 0.214299, 0.210035, 4.84137e-13, 6.01313e-13, 0.000441382, 0.00376481, 0.958635, 4.60391, 1.25391, 3.56034e-13, 3.5659e-13, 7.27252e-05, 0.000287515, 0.00352746, 0.0242627, 2.01831, 3.43615e-11, 2.77075e-10, 3.79608e-09, 4.54787e-09, 1.73522e-08, 3.37191e-08, 3.86129e-08, 2.01957e-07, 7.35667e-12, 3.89699e-11, 

1.72225e-15, 8.53193e-14, 4.6617e-06, 0.0118097, 0.0195793, 0.0327852, 2.23107, 3.85047e-12, 3.85049e-12, 6.46969e-06, 0.0142612, 0.042461, 0.136055, 0.341622, 4.84137e-13, 5.49294e-13, 0.000441382, 0.00376481, 0.958635, 1.25391, 4.60391, 3.56034e-13, 3.5659e-13, 7.27252e-05, 0.000287515, 0.000291102, 0.00352746, 7.42532e-05, 3.43615e-11, 2.77075e-10, 3.79608e-09, 4.54787e-09, 1.73522e-08, 3.37191e-08, 3.86129e-08, 2.01957e-07, 7.35667e-12, 3.89699e-11, 

1.72225e-15, 8.53193e-14, 4.6617e-06, 0.0118097, 0.0327852, 0.443104, 0.22325, 3.85047e-12, 3.85048e-12, 0.0142612, 0.042461, 0.136055, 0.341622, 2.79631e-06, 4.84137e-13, 5.49294e-13, 0.00376481, 0.958635, 1.25391, 4.60391, 0.554482, 3.56034e-13, 3.5659e-13, 4.72908e-05, 7.42532e-05, 7.74366e-05, 0.00352746, 2.20904e-05, 3.43615e-11, 2.77075e-10, 3.79608e-09, 4.54787e-09, 1.73522e-08, 3.37191e-08, 3.86129e-08, 2.01957e-07, 7.35667e-12, 3.89699e-11, 

1.72225e-15, 8.53193e-14, 4.6617e-06, 0.0118097, 0.0327852, 0.22325, 0.0262869, 3.85047e-12, 3.85048e-12, 2.51862e-07, 0.0142612, 0.042461, 0.341622, 0.0511535, 4.84137e-13, 5.49294e-13, 0.00376481, 0.0069612, 0.554482, 1.25391, 3.8684, 3.56034e-13, 3.56041e-13, 4.20801e-06, 7.42532e-05, 7.74366e-05, 0.00352746, 1.9767e-06, 3.43615e-11, 2.77075e-10, 3.79608e-09, 4.54787e-09, 1.73522e-08, 3.37191e-08, 3.86129e-08, 2.01957e-07, 7.35667e-12, 3.89699e-11, 

1.72225e-15, 8.53193e-14, 4.6617e-06, 0.0118097, 0.0327852, 0.22325, 0.873863, 3.85047e-12, 3.85047e-12, 4.55329e-08, 0.00294785, 0.042461, 0.341622, 7.76584e-09, 4.84137e-13, 5.49294e-13, 0.0069612, 0.554482, 1.25391, 3.8684, 2.48432, 3.56034e-13, 3.56041e-13, 4.20801e-06, 7.42532e-05, 7.74366e-05, 0.00352746, 1.92025e-08, 3.43615e-11, 2.77075e-10, 3.79608e-09, 4.54787e-09, 1.73522e-08, 3.37191e-08, 3.86129e-08, 2.01957e-07, 7.35667e-12, 3.89699e-11, 

1.72225e-15, 8.53193e-14, 4.6617e-06, 0.0327852, 0.22325, 0.873863, 1.72674, 3.85047e-12, 3.85047e-12, 7.76584e-09, 0.00294785, 0.042461, 0.341622, 2.89919e-09, 4.84137e-13, 5.49294e-13, 0.0069612, 0.554482, 0.845615, 1.25391, 17.6252, 3.56034e-13, 3.56036e-13, 1.92025e-08, 2.44642e-06, 7.42532e-05, 7.74366e-05, 8.16421e-06, 3.43615e-11, 2.77075e-10, 3.79608e-09, 4.54787e-09, 1.73522e-08, 3.37191e-08, 3.86129e-08, 2.01957e-07, 7.35667e-12, 3.89699e-11, 

1.72225e-15, 8.53193e-14, 0.0327852, 0.112986, 0.22325, 0.873863, 3.39763, 3.55323e-13, 3.10862e-12, 1.73241e-12, 7.76584e-09, 0.042461, 0.341622, 2.23802e-12, 4.39657e-13, 4.84137e-13, 0.0069612, 0.554482, 0.845615, 17.6252, 0.398758, 3.56034e-13, 3.56034e-13, 2.44642e-06, 8.16421e-06, 6.66726e-05, 7.74366e-05, 0.0126494, 3.43615e-11, 2.77075e-10, 3.79608e-09, 4.54787e-09, 1.73522e-08, 3.37191e-08, 3.86129e-08, 2.01957e-07, 7.35667e-12, 3.89699e-11, 

1.72225e-15, 8.53193e-14, 0.0224646, 0.0226982, 0.0327852, 0.873863, 0.004129, 3.55323e-13, 1.73237e-12, 1.73241e-12, 2.23802e-12, 7.76584e-09, 0.042461, 0.056036, 4.39657e-13, 4.84137e-13, 0.314218, 0.398758, 0.845615, 17.6252, 0.00318919, 3.56034e-13, 3.56034e-13, 8.16421e-06, 6.66726e-05, 7.74366e-05, 0.0126494, 0.0817766, 3.43615e-11, 2.77075e-10, 3.79608e-09, 4.54787e-09, 1.73522e-08, 3.37191e-08, 3.86129e-08, 2.01957e-07, 7.35667e-12, 3.89699e-11, 

1.72225e-15, 8.53193e-14, 0.000767344, 0.0204083, 0.0224646, 0.0226982, 0.873863, 3.55323e-13, 1.73237e-12, 1.73241e-12, 2.23802e-12, 7.76584e-09, 0.00170553, 2.26014, 4.39657e-13, 4.84137e-13, 0.00318919, 0.398758, 0.845615, 5.5481, 0.789478, 3.56033e-13, 3.56034e-13, 8.16421e-06, 6.66726e-05, 7.74366e-05, 0.0126494, 0.301951, 3.43615e-11, 2.77075e-10, 3.79608e-09, 4.54787e-09, 1.73522e-08, 3.37191e-08, 3.86129e-08, 2.01957e-07, 7.35667e-12, 3.89699e-11, 

1.72225e-15, 8.53193e-14, 0.000767344, 0.0223307, 0.0224646, 0.873863, 2.44299, 3.55323e-13, 1.73237e-12, 2.23802e-12, 7.76584e-09, 0.00170553, 2.26014, 1.60405, 4.39657e-13, 4.84137e-13, 0.00318919, 0.147169, 0.27874, 0.789478, 0.0492895, 3.56033e-13, 3.56034e-13, 8.16421e-06, 7.74366e-05, 0.0126494, 0.301951, 1.06858, 3.43615e-11, 2.77075e-10, 3.79608e-09, 4.54787e-09, 1.73522e-08, 3.37191e-08, 3.86129e-08, 2.01957e-07, 7.35667e-12, 3.89699e-11, 

1.72225e-15, 5.32843e-15, 0.000767344, 0.0223307, 0.0224646, 0.873863, 2.44299, 3.55323e-13, 1.73237e-12, 2.23802e-12, 7.76584e-09, 0.00170553, 1.60405, 2.26014, 4.39657e-13, 4.69717e-13, 0.00318919, 0.0256396, 0.0492895, 0.789478, 0.00463183, 3.56033e-13, 3.56034e-13, 7.74366e-05, 0.0126494, 0.301951, 1.06858, 2.44326, 3.43615e-11, 2.77075e-10, 3.79608e-09, 4.54787e-09, 1.73522e-08, 3.37191e-08, 3.86129e-08, 2.01957e-07, 7.35667e-12, 3.89699e-11, 

1.71754e-16, 1.72225e-15, 0.000767344, 0.0223307, 0.0224646, 0.873863, 0.000181613, 1.57006e-13, 1.56399e-12, 2.23802e-12, 7.76584e-09, 0.676319, 2.26014, 1.53052e-09, 4.39657e-13, 4.68057e-13, 0.00318919, 0.0256396, 0.0492895, 0.789478, 0.00625226, 3.56033e-13, 3.56033e-13, 7.74366e-05, 0.0126494, 0.301951, 1.06858, 2.44326, 3.43615e-11, 2.77075e-10, 3.79608e-09, 4.54787e-09, 1.73522e-08, 3.37191e-08, 3.86129e-08, 2.01957e-07, 7.35667e-12, 3.89699e-11, 

1.71754e-16, 1.72225e-15, 6.91803e-05, 0.000181613, 0.0224646, 0.873863, 0.000145547, 1.57006e-13, 1.56399e-12, 2.23802e-12, 1.53052e-09, 0.676319, 2.26014, 1.42638, 4.39657e-13, 4.68057e-13, 0.00318919, 0.0256396, 0.0492895, 0.789478, 1.44378, 3.56033e-13, 3.56033e-13, 7.74366e-05, 0.0126494, 0.301951, 1.06858, 4.12885, 3.43615e-11, 2.77075e-10, 3.79608e-09, 4.54787e-09, 1.73522e-08, 3.37191e-08, 3.86129e-08, 2.01957e-07, 7.35667e-12, 3.89699e-11, 

1.71754e-16, 1.72225e-15, 6.91803e-05, 0.000181613, 0.0224646, 0.873863, 0.216628, 1.32167e-15, 1.57006e-13, 2.23802e-12, 0.00947674, 0.676319, 1.42638, 0.357596, 4.39657e-13, 4.68057e-13, 1.31808e-05, 0.00318919, 0.0256396, 0.0492895, 4.4398e-06, 3.56033e-13, 3.56033e-13, 7.74366e-05, 0.0126494, 0.301951, 1.06858, 1.91383, 3.43615e-11, 2.77075e-10, 3.79608e-09, 4.54787e-09, 1.73522e-08, 3.37191e-08, 3.86129e-08, 2.01957e-07, 7.35667e-12, 3.89699e-11, 

Best:
(-1.31055e-08, )

Fitness Evaluations:
2702

End Population
(-1.310551e-08), (-4.150005e-08), (-8.317467e-03), (1.347637e-02), (1.498819e-01), (-9.348064e-01), (4.654329e-01), (3.635472e-08), (3.962401e-07), (-1.496000e-06), (9.734853e-02), (8.223860e-01), (-1.194311e+00), (-5.979932e-01), (6.630660e-07), (6.841470e-07), (-3.630540e-03), (-5.647288e-02), (-1.601238e-01), (-2.220124e-01), (-2.107083e-03), (5.966854e-07), (5.966854e-07), (-8.799806e-03), (1.124694e-01), (-5.495004e-01), (1.033721e+00), (-1.383412e+00), (5.861866e-06), (1.664556e-05), (-6.161235e-05), (6.743793e-05), (1.317277e-04), (1.836276e-04), (-1.965016e-04), (4.493963e-04), (2.712319e-06), (6.242587e-06), 