Iterations: 50
Function Evaluations Limit: 150000
Population: 50

Prides Length: 4

Percent Nomads: 0.2
Percent Roaming: 0.2
Percent Sex: 0.8

Mating Rate: 0.3
Mutation Probability: 0.2
Immigration Rate: 0.4

Dimensions: 1
N-Dimension Space: -5:5

Fitness Iterations:
0.00651352
23.8153, 0.451716, 12.6156, 17.9937, 10.9151, 11.7347, 6.52541, 6.19498, 15.9825, 10.3196, 3.2066, 0.00651352, 16.2028, 20.0974, 5.85822, 22.8284, 7.30553, 12.3614, 7.8134, 19.8194, 23.7524, 18.3713, 6.10613, 10.5202, 14.7621, 12.5242, 16.4937, 20.215, 21.038, 2.36035, 17.213, 6.89127, 21.5303, 0.104752, 0.534319, 14.6234, 0.181096, 7.85236, 0.00940014, 22.4803, 0.152984, 9.05885, 8.76343, 14.7218, 10.3594, 4.38992, 10.1052, 14.7242, 3.93811, 14.9585, 

0.152984, 0.451716, 17.9937, 10.9151, 6.52541, 6.19498, 15.9825, 0.705437, 7.04333, 0.850682, 0.00651352, 0.0887684, 16.2028, 15.0419, 0.749486, 12.3614, 0.0912583, 3.93811, 5.85822, 2.6861, 0.167481, 2.50638, 0.770573, 9.06907, 3.60259, 9.83861, 5.16069, 0.104752, 0.13536, 5.78035, 3.87882, 1.07469, 10.7612, 0.534319, 9.69845, 0.181096, 2.47811, 0.391612, 0.00940014, 1.92101, 4.38992, 3.69043, 2.01348, 6.37543, 3.2066, 0.170861, 0.495817, 6.774, 7.8134, 10.0205, 

0.0383029, 0.391061, 0.262956, 6.19498, 15.9825, 7.04333, 0.658267, 0.0113039, 0.104752, 0.245688, 0.00651352, 0.0887684, 16.2028, 15.0419, 12.3614, 0.0912583, 2.36371, 0.749486, 0.632957, 0.00940014, 0.0172101, 0.170861, 3.42628, 0.687863, 5.16069, 0.791627, 1.20598, 0.770573, 0.018618, 0.36451, 0.495817, 0.12518, 6.03669, 0.534319, 0.181096, 0.410158, 4.3016, 0.888157, 0.333068, 0.391612, 0.519431, 0.179316, 0.152984, 0.451716, 0.888383, 0.000402213, 0.167481, 0.567039, 1.92101, 2.47811, 

0.0383029, 0.105603, 0.262956, 0.658267, 0.104752, 1.85799, 0.896288, 0.0912583, 0.672498, 0.0113039, 0.000402213, 0.0417217, 0.702713, 2.943, 2.56418, 0.749486, 0.00147737, 0.00940014, 0.03796, 0.36451, 0.0172101, 0.152984, 3.42628, 3.2282, 1.20598, 0.770573, 0.112098, 0.534319, 0.422399, 0.181096, 0.105822, 0.201012, 0.120812, 4.3016, 0.391612, 4.24609, 0.428827, 0.163779, 0.018618, 0.11125, 0.179316, 0.170861, 0.451716, 0.0887684, 0.00651352, 0.167481, 0.391061, 0.133122, 0.687863, 0.791627, 

0.00651352, 0.0417217, 0.262956, 0.658267, 1.85799, 0.0113039, 3.11627, 0.722298, 0.0926774, 0.672498, 0.000402213, 0.0218003, 0.702713, 2.56418, 0.00147737, 0.03796, 0.0156404, 0.104752, 0.749486, 0.0912583, 0.0172101, 0.152984, 1.20598, 0.770573, 0.112098, 0.534319, 0.181096, 0.428827, 0.00468568, 0.422399, 0.105822, 0.108656, 0.120812, 0.391612, 0.163779, 0.018618, 0.11125, 0.108382, 0.687863, 0.00940014, 0.179316, 0.170861, 0.0887684, 0.0383029, 0.167481, 0.133122, 0.105603, 0.201012, 0.791627, 0.857978, 

0.00651352, 0.0383029, 0.262956, 0.722298, 0.0926774, 0.672498, 2.10065, 0.120812, 0.112098, 0.00217942, 0.000402213, 0.0218003, 0.702713, 1.72637, 0.00147737, 0.191199, 0.103052, 0.0156404, 0.03796, 0.428827, 0.0172101, 0.00289309, 1.20598, 0.534319, 0.181096, 0.422399, 0.563308, 0.00468568, 0.0912583, 0.018618, 0.0787006, 0.108656, 0.391612, 0.163779, 0.107411, 0.108382, 0.196344, 0.00940014, 0.00800372, 0.0113039, 0.170861, 0.105822, 0.0417217, 0.167481, 0.133122, 0.105603, 0.0887684, 0.126915, 0.600296, 0.658267, 

0.00651352, 0.0194203, 0.00176783, 2.10065, 0.112098, 1.66939, 2.21345, 0.00468568, 0.026281, 0.0435838, 0.000402213, 0.0218003, 1.72637, 0.191199, 0.0333934, 0.830401, 0.130566, 0.00147737, 0.00940014, 0.00663566, 0.0172101, 0.00289309, 0.534319, 0.422399, 0.563308, 0.577078, 0.292741, 0.0156404, 0.018618, 0.0926774, 0.0120413, 0.0128584, 0.0102299, 0.00800372, 0.0113039, 0.00158063, 0.00734136, 0.03796, 0.00217942, 0.0912583, 0.105822, 0.0417217, 0.133122, 0.105603, 0.0887684, 0.126915, 0.0787006, 0.0383029, 0.107411, 0.120812, 

0.000623209, 4.24208e-05, 0.112098, 1.66939, 2.21345, 0.026281, 0.614736, 0.00940014, 0.00217942, 0.0102299, 0.000402213, 0.000483801, 1.72637, 0.191199, 0.130566, 0.00147737, 3.25361, 0.0069855, 0.00663566, 0.00176783, 0.0172101, 0.00289309, 0.534319, 0.577078, 0.018618, 1.11997, 0.555972, 0.00158063, 0.0333934, 0.00734136, 0.00480722, 0.00393474, 0.00800372, 0.0113039, 0.03796, 0.0912583, 2.19046, 9.53742e-08, 2.24918e-05, 0.00468568, 0.105822, 0.0417217, 0.105603, 0.0887684, 0.126915, 0.0787006, 0.0383029, 0.0194203, 0.0926774, 0.107411, 

0.000623209, 4.24208e-05, 0.026281, 0.614736, 0.00217942, 0.496159, 0.876907, 7.28129e-07, 0.0476112, 0.00663566, 0.000402213, 0.000483801, 0.191199, 0.130566, 0.0069855, 0.00176783, 0.267543, 0.0102299, 0.00158063, 0.000112229, 0.00477581, 0.00289309, 0.534319, 0.577078, 0.018618, 1.11997, 7.4684, 0.00734136, 0.0926774, 0.00454868, 0.00393474, 0.00447902, 0.00800372, 0.0113039, 0.03796, 9.53742e-08, 0.00468568, 0.00940014, 0.0912583, 2.24918e-05, 0.105822, 0.0417217, 0.105603, 0.0887684, 0.0787006, 0.0383029, 0.0194203, 0.0172101, 0.107411, 0.112098, 

0.000623209, 3.37437e-05, 0.026281, 0.496159, 0.367138, 7.28129e-07, 0.00663566, 0.000112229, 0.112098, 0.107411, 0.000402213, 0.000483801, 0.0069855, 0.00176783, 0.0102299, 0.00158063, 3.7835, 0.00468568, 0.00454868, 0.0166647, 0.00289309, 0.00388144, 0.534319, 1.11997, 7.4684, 0.00734136, 0.0926774, 0.0912583, 0.03796, 2.24918e-05, 0.00393474, 0.00329248, 0.00800372, 0.0113039, 9.53742e-08, 0.00940014, 0.0443577, 0.0476112, 0.00217942, 0.0296342, 0.0417217, 0.0787006, 0.0383029, 0.0194203, 0.0172101, 0.00477581, 0.062989, 0.0252255, 0.130566, 0.191199, 

0.000249233, 3.37437e-05, 0.026281, 0.161372, 0.367138, 7.28129e-07, 0.00663566, 0.0443577, 0.00800372, 0.000112229, 0.000402213, 0.000483801, 0.00176783, 0.0102299, 0.00158063, 0.0142631, 0.00468568, 0.00454868, 0.0113039, 0.0069855, 0.00289309, 0.00388144, 0.534319, 0.00734136, 0.0926774, 2.24918e-05, 2.21447, 0.000157366, 0.00495554, 0.0476112, 0.000564154, 0.00012977, 9.53742e-08, 0.00940014, 0.00197071, 0.0296342, 0.644995, 0.0912583, 0.0305898, 0.0166647, 0.0417217, 0.0383029, 0.0194203, 0.0172101, 0.00477581, 0.0252255, 0.00876225, 0.00393474, 0.107411, 0.112098, 

0.000249233, 3.37437e-05, 0.026281, 0.00663566, 0.00800372, 0.000112229, 0.537577, 9.53742e-08, 0.0305898, 0.000157366, 0.000402213, 0.000483801, 0.00176783, 0.00158063, 0.00468568, 0.00454868, 0.0113039, 0.0166647, 7.28129e-07, 0.0069855, 0.00147975, 0.000622421, 0.0926774, 2.24918e-05, 0.00495554, 0.0476112, 0.00872942, 0.00734136, 0.00252526, 0.0443577, 0.000238281, 0.00012977, 0.00940014, 0.00197071, 0.0296342, 0.0643852, 0.0159742, 0.0912583, 0.00107648, 0.0102299, 0.0194203, 0.0172101, 0.00477581, 0.0252255, 0.00876225, 0.00393474, 0.00289309, 0.0103665, 0.107411, 0.112098, 

3.9775e-05, 3.37437e-05, 0.026281, 0.00663566, 0.00800372, 0.000112229, 0.000157366, 0.00197071, 0.00495554, 0.00107648, 0.000402213, 0.000483801, 0.00176783, 0.0113039, 0.0166647, 0.0069855, 2.70405, 9.53742e-08, 0.00468568, 0.00252526, 0.00117039, 0.000622421, 0.0926774, 2.24918e-05, 0.0476112, 0.0443577, 0.000421594, 0.00734136, 7.28129e-07, 0.00872942, 0.000238281, 0.00012977, 0.0296342, 0.0912583, 0.0102299, 16.0943, 0.702901, 0.00454868, 0.00940014, 0.00158063, 0.0172101, 0.00477581, 0.00876225, 0.00393474, 0.00289309, 0.0103665, 0.00973832, 0.00126518, 0.0159742, 0.0305898, 

3.9775e-05, 3.37437e-05, 0.00663566, 0.00800372, 0.00197071, 0.00107648, 1.5534, 0.00158063, 0.00252526, 9.53742e-08, 0.000402213, 0.000483801, 0.00176783, 0.0113039, 2.70405, 7.11581, 3.21994, 0.000157366, 0.000112229, 0.0069855, 0.00117039, 6.87249e-06, 0.0926774, 2.24918e-05, 0.000421594, 0.00734136, 2.98348, 7.28129e-07, 0.00872942, 0.00454868, 0.000238281, 0.00012977, 0.0912583, 0.0102299, 0.00940014, 3.00963, 2.10383, 0.00495554, 0.0159742, 0.00468568, 0.0172101, 0.00477581, 0.00876225, 0.00393474, 0.00289309, 0.0103665, 0.00973832, 0.00126518, 0.0166647, 0.026281, 

3.9775e-05, 1.55923e-09, 0.00663566, 0.00800372, 0.00158063, 1.28576, 0.0258722, 0.00872942, 0.000421594, 0.00454868, 0.000402213, 0.000483801, 7.11581, 3.21994, 0.000112229, 0.0069855, 0.000912939, 0.00495554, 0.00468568, 0.00197071, 0.00107952, 1.31314e-07, 2.24918e-05, 0.00734136, 7.28129e-07, 2.35534, 9.67458, 9.53742e-08, 0.000157366, 0.00176783, 0.000238281, 0.00012977, 0.0102299, 0.00940014, 3.00963, 2.10383, 0.946965, 0.00107648, 0.0113039, 0.00252526, 0.00477581, 0.00876225, 0.00393474, 0.00289309, 0.0103665, 0.00973832, 0.00126518, 0.00117039, 0.0159742, 0.0166647, 

1.77585e-05, 1.55923e-09, 0.00663566, 0.00158063, 2.7089e-05, 0.00872942, 0.00454868, 0.0038326, 0.000421594, 0.00940014, 0.000402213, 0.000483801, 0.129655, 2.66247, 0.0069855, 0.000912939, 0.00197071, 0.00468568, 0.000112229, 0.00495554, 0.000905011, 1.31314e-07, 2.24918e-05, 7.28129e-07, 9.53742e-08, 0.00176783, 4.79666, 0.00800372, 0.000157366, 0.0102299, 0.00014154, 0.00012977, 3.00963, 2.10383, 0.946965, 0.00252526, 8.59067, 0.0113039, 0.00107648, 0.00493686, 0.00477581, 0.00876225, 0.00393474, 0.00289309, 0.00973832, 0.00126518, 0.00117039, 0.00315336, 0.0159742, 0.0166647, 

1.77585e-05, 1.55923e-09, 2.7089e-05, 0.0038326, 0.000421594, 0.00940014, 0.00784132, 0.00495554, 0.00663566, 0.00197071, 0.000402213, 0.000406105, 0.129655, 0.0069855, 0.000112229, 0.75995, 0.18605, 0.00176783, 0.00107648, 0.00468568, 1.31314e-07, 3.34391e-05, 7.28129e-07, 0.00800372, 0.000157366, 20.4441, 5.07556e-05, 0.000912939, 9.53742e-08, 0.00454868, 0.00014154, 0.00012977, 2.10383, 8.59067, 0.0113039, 0.00493686, 0.13153, 2.24918e-05, 0.00252526, 0.00158063, 0.00477581, 0.00393474, 0.00289309, 0.00126518, 0.00117039, 0.00315336, 0.000465228, 0.000905011, 0.00872942, 0.0102299, 

1.77585e-05, 1.55923e-09, 0.0038326, 0.00940014, 0.00784132, 0.00287418, 0.00197071, 0.00107648, 0.000112229, 0.00465504, 0.000402213, 0.000406105, 0.129655, 0.0069855, 0.0106369, 0.18605, 0.00468568, 7.28129e-07, 0.00176783, 0.00252526, 1.31314e-07, 3.34391e-05, 0.000912939, 9.53742e-08, 0.00454868, 0.753689, 1.58094, 2.7089e-05, 0.000421594, 5.07556e-05, 0.00014154, 0.00012977, 8.59067, 0.00493686, 0.13153, 0.00158063, 7.32774, 0.000157366, 2.24918e-05, 0.00139711, 0.00289309, 0.00126518, 0.00117039, 0.00315336, 0.000465228, 0.000905011, 0.00303153, 0.0019604, 0.00495554, 0.00800372, 

1.77585e-05, 1.55923e-09, 0.0038326, 0.00287418, 0.00107648, 0.000112229, 2.30862, 0.000157366, 0.00252526, 0.00465504, 0.000402213, 0.000406105, 0.129655, 0.0106369, 0.00468568, 7.28129e-07, 0.399047, 5.07556e-05, 0.000912939, 0.0069855, 7.6166e-08, 2.16732e-05, 0.753689, 1.58094, 2.7089e-05, 0.822217, 2.42796, 0.000421594, 0.00454868, 9.53742e-08, 0.00014154, 0.00012977, 0.00493686, 0.00158063, 2.24918e-05, 0.00139711, 6.57056, 0.00197071, 0.00495554, 0.00176783, 0.00289309, 0.00126518, 0.00117039, 0.00315336, 0.000465228, 0.000905011, 0.00303153, 0.0019604, 0.00711008, 0.00784132, 

1.14582e-05, 1.55923e-09, 0.00287418, 0.00107648, 2.13448e-11, 0.000157366, 0.0395612, 0.00465504, 0.0038326, 0.00252526, 0.000402213, 0.000406105, 0.00468568, 7.28129e-07, 0.399047, 5.07556e-05, 3.81446, 0.00359939, 2.24918e-05, 0.000421594, 7.6166e-08, 1.36555e-06, 0.753689, 2.7089e-05, 2.42796, 9.53742e-08, 5.84151, 0.00197071, 0.000300645, 0.000912939, 0.00014154, 0.00012977, 1.51864e-05, 0.00139711, 0.00495554, 0.00176783, 3.14553, 0.0069855, 0.000201965, 0.00493686, 0.00289309, 0.00126518, 0.00117039, 0.000465228, 0.000905011, 0.00303153, 0.0019604, 0.00270604, 0.00711008, 0.00784132, 

1.14582e-05, 1.55923e-09, 0.00287418, 0.00107648, 0.000157366, 0.0395612, 0.00465504, 0.000912939, 0.00139711, 0.0038326, 0.000402213, 8.27913e-05, 0.00468568, 5.07556e-05, 0.00359939, 0.000421594, 7.77861, 0.000201965, 0.00252526, 2.13448e-11, 7.6166e-08, 1.36555e-06, 0.753689, 2.7089e-05, 2.42796, 0.00197071, 19.4043, 9.53742e-08, 0.000300645, 1.51864e-05, 0.00014154, 0.00012977, 0.00495554, 0.00176783, 3.14553, 0.00493686, 2.87733, 7.28129e-07, 0.0069855, 2.24918e-05, 0.00289309, 0.00126518, 0.00117039, 0.000465228, 0.000905011, 0.00303153, 0.0019604, 0.00270604, 0.00711008, 0.00784132, 

1.14582e-05, 1.55923e-09, 0.00287418, 0.00107648, 0.000157366, 0.0395612, 0.00465504, 0.000606865, 0.00252526, 0.000912939, 8.27913e-05, 1.74222e-06, 5.07556e-05, 0.000421594, 7.77861, 0.000201965, 3.55371e-06, 0.000300645, 0.00359939, 9.53742e-08, 7.6166e-08, 1.36555e-06, 0.753689, 2.7089e-05, 0.412654, 1.51864e-05, 0.586622, 7.28129e-07, 0.00169617, 0.00197071, 0.00014154, 8.41119e-05, 0.00495554, 0.00176783, 3.14553, 0.00493686, 5.95368, 2.24918e-05, 0.00139711, 2.13448e-11, 0.00126518, 0.00117039, 0.000465228, 0.000905011, 0.0019604, 0.00270604, 0.000220157, 0.000240245, 0.00468568, 0.0069855, 

1.14582e-05, 1.55923e-09, 2.32868e-05, 0.00107648, 0.00252526, 0.000347915, 2.04141, 0.000606865, 0.000300645, 0.00197071, 8.27913e-05, 4.15071e-07, 5.07556e-05, 0.000421594, 3.55371e-06, 9.53742e-08, 4.3947, 0.00465504, 2.13448e-11, 0.00359939, 7.6166e-08, 1.36555e-06, 1.51864e-05, 7.28129e-07, 0.00169617, 0.195318, 0.000330025, 2.24918e-05, 0.000201965, 0.00468568, 0.00014154, 8.41119e-05, 0.00495554, 0.00176783, 5.95368, 0.00139711, 0.979068, 0.000157366, 2.7089e-05, 0.000912939, 0.00126518, 0.00117039, 0.000465228, 0.000905011, 0.000220157, 0.000240245, 0.000199314, 0.000702359, 0.00493686, 0.0069855, 

1.14582e-05, 1.55923e-09, 0.00107648, 0.00252526, 2.04141, 0.000606865, 0.000300645, 3.55371e-06, 0.00176783, 7.28129e-07, 5.28776e-05, 4.15071e-07, 5.07556e-05, 0.000421594, 0.00465504, 2.13448e-11, 4.45201, 2.7089e-05, 0.000157366, 2.24918e-05, 7.6166e-08, 1.36555e-06, 1.51864e-05, 0.00169617, 0.167786, 0.00468568, 0.0536551, 2.32868e-05, 0.000330025, 9.53742e-08, 6.97081e-06, 1.59146e-06, 0.00495554, 1.70992, 0.00139711, 0.000912939, 0.547226, 0.000201965, 0.00197071, 9.61698e-08, 0.00117039, 0.000465228, 0.000905011, 0.000220157, 0.000240245, 0.000199314, 0.000702359, 0.000699882, 0.00204077, 0.00230719, 

7.91348e-06, 1.55923e-09, 0.00107648, 0.00252526, 0.000606865, 0.000300645, 1.07386, 0.00197071, 2.32868e-05, 3.55371e-06, 3.36728e-05, 4.15071e-07, 2.13448e-11, 4.45201, 2.7089e-05, 0.000157366, 6.23708, 2.24918e-05, 0.000201965, 4.69211e-06, 7.6166e-08, 1.36555e-06, 6.47969e-05, 0.0536551, 0.000330025, 9.53742e-08, 0.557861, 7.28129e-07, 5.07556e-05, 0.00176783, 3.28399e-06, 1.59146e-06, 0.00495554, 0.00139711, 1.36559e-05, 0.547226, 6.77676, 1.51864e-05, 0.000421594, 9.61698e-08, 0.00117039, 0.000465228, 0.000905011, 0.000220157, 0.000240245, 0.000199314, 0.000702359, 0.000699882, 0.00204077, 0.00230719, 

7.91348e-06, 1.55923e-09, 0.000606865, 0.000300645, 1.07386, 2.32868e-05, 3.55371e-06, 6.47969e-05, 0.000906271, 4.69211e-06, 1.03372e-06, 2.86453e-07, 4.45201, 2.7089e-05, 2.24918e-05, 0.000201965, 0.713638, 0.00197071, 2.13448e-11, 0.00204077, 7.6166e-08, 1.36555e-06, 0.0536551, 0.000330025, 7.28129e-07, 5.07556e-05, 0.00176783, 9.53742e-08, 0.00107648, 0.00252526, 3.28399e-06, 1.59146e-06, 0.00495554, 0.00139711, 1.36559e-05, 0.000421594, 9.61698e-08, 0.000157366, 1.51864e-05, 0.00230719, 0.00117039, 0.000465228, 0.000905011, 0.000220157, 0.000240245, 0.000199314, 0.000702359, 0.000699882, 0.383799, 0.50041, 

7.91348e-06, 1.55923e-09, 0.000606865, 1.07386, 2.32868e-05, 2.11206, 9.48248e-05, 4.69211e-06, 9.61698e-08, 6.47969e-05, 1.63049e-07, 2.86453e-07, 0.111501, 2.13448e-11, 0.00204077, 24.4949, 0.0228101, 9.53742e-08, 5.07556e-05, 0.000300645, 7.6166e-08, 1.34663e-08, 0.000330025, 7.28129e-07, 0.000306146, 0.00252526, 1.93312, 2.7089e-05, 0.000201965, 3.55371e-06, 3.28399e-06, 1.59146e-06, 0.00495554, 0.00139711, 1.36559e-05, 1.51864e-05, 0.774871, 0.000157366, 2.24918e-05, 0.000421594, 0.00117039, 0.000465228, 0.000905011, 0.000220157, 0.000240245, 0.000199314, 0.000702359, 0.000699882, 0.000906271, 0.00107648, 

7.91348e-06, 1.55923e-09, 0.000606865, 0.0644216, 2.32868e-05, 9.48248e-05, 4.35605, 1.73219e-05, 0.000906271, 7.28129e-07, 1.63049e-07, 2.35056e-07, 0.00204077, 0.0228101, 9.53742e-08, 5.07556e-05, 0.000300645, 2.7089e-05, 0.00139711, 9.61698e-08, 7.6166e-08, 1.34663e-08, 0.000330025, 0.000306146, 1.93312, 0.000201965, 3.55371e-06, 2.13448e-11, 6.47969e-05, 0.00107648, 3.28399e-06, 1.59146e-06, 0.00495554, 1.51864e-05, 2.24918e-05, 0.000421594, 0.0931081, 1.36559e-05, 4.69211e-06, 7.88649e-05, 0.00117039, 0.000465228, 0.000905011, 0.000220157, 0.000240245, 0.000199314, 0.000702359, 0.000699882, 0.00252526, 0.0418853, 

1.55923e-09, 1.30558e-06, 0.0644216, 2.32868e-05, 9.48248e-05, 1.73219e-05, 1.20448e-06, 1.36559e-05, 2.24918e-05, 5.07556e-05, 1.63049e-07, 2.01421e-07, 0.00204077, 0.0228101, 9.53742e-08, 0.00139711, 0.0697673, 0.000330025, 0.000300645, 7.28129e-07, 7.6166e-08, 1.34663e-08, 1.93312, 3.55371e-06, 6.47969e-05, 3.17779, 3.50433, 0.000306146, 2.13448e-11, 0.000201965, 3.28399e-06, 1.35007e-06, 0.00495554, 1.51864e-05, 4.69211e-06, 0.350908, 0.000144216, 9.61698e-08, 2.7089e-05, 7.88649e-05, 0.000465228, 0.000220157, 0.000240245, 0.000199314, 0.000699882, 7.91348e-06, 0.000523501, 9.38119e-05, 0.000421594, 0.000479215, 

1.55923e-09, 1.78964e-08, 0.0644216, 9.48248e-05, 1.20448e-06, 0.138228, 0.0148198, 2.31094e-05, 2.32868e-05, 5.07556e-05, 1.63049e-07, 2.01421e-07, 0.0228101, 0.00139711, 9.91836e-05, 0.000300645, 0.41876, 2.13448e-11, 9.53742e-08, 1.73219e-05, 1.27318e-08, 1.34663e-08, 3.55371e-06, 6.47969e-05, 2.33522, 0.000306146, 0.000201965, 2.24918e-05, 1.36559e-05, 9.61698e-08, 3.28399e-06, 1.35007e-06, 0.00495554, 1.51864e-05, 4.69211e-06, 0.000144216, 1.01153, 7.28129e-07, 2.7089e-05, 7.88649e-05, 0.000465228, 0.000220157, 0.000240245, 0.000199314, 7.91348e-06, 0.000523501, 9.38119e-05, 2.21189e-05, 0.000421594, 0.000479215, 

1.55923e-09, 1.78964e-08, 0.0644216, 0.138228, 0.0148198, 2.32868e-05, 5.07556e-05, 9.48248e-05, 2.31094e-05, 1.36559e-05, 1.63049e-07, 2.01421e-07, 0.0228101, 0.000300645, 0.00384414, 9.53742e-08, 0.000225852, 2.7089e-05, 9.61698e-08, 1.20448e-06, 1.27318e-08, 1.24954e-08, 6.47969e-05, 0.00315737, 0.000306146, 0.000201965, 2.24918e-05, 2.13448e-11, 1.73219e-05, 3.55371e-06, 3.28399e-06, 1.35007e-06, 1.51864e-05, 0.000144216, 7.28129e-07, 7.88649e-05, 3.64004, 9.91836e-05, 4.69211e-06, 0.000421594, 0.000465228, 0.000220157, 0.000240245, 0.000199314, 7.91348e-06, 0.000523501, 9.38119e-05, 2.21189e-05, 0.000479215, 0.00139711, 

1.55923e-09, 1.78964e-08, 0.0148198, 2.32868e-05, 5.07556e-05, 1.36559e-05, 0.588112, 9.48248e-05, 0.000201965, 2.31094e-05, 1.63049e-07, 2.01421e-07, 0.00384414, 9.53742e-08, 9.61698e-08, 1.27951, 5.93069, 0.000306146, 4.69211e-06, 3.55371e-06, 1.27318e-08, 1.24954e-08, 6.47969e-05, 2.24918e-05, 2.13448e-11, 1.73219e-05, 1.83398, 7.28129e-07, 0.000300645, 1.20448e-06, 1.35007e-06, 2.03609e-06, 1.51864e-05, 0.000144216, 7.88649e-05, 9.91836e-05, 1.71121e-06, 0.000421594, 2.57472e-07, 0.000225852, 0.000465228, 0.000220157, 0.000240245, 0.000199314, 7.91348e-06, 9.38119e-05, 2.21189e-05, 3.28399e-06, 0.000479215, 0.00139711, 

1.55923e-09, 1.26651e-08, 0.0148198, 2.32868e-05, 5.07556e-05, 0.588112, 9.48248e-05, 2.47861e-09, 1.20448e-06, 3.55371e-06, 1.63049e-07, 2.01421e-07, 0.00384414, 9.53742e-08, 9.61698e-08, 5.07504, 2.27642, 0.000300645, 2.31094e-05, 7.88649e-05, 1.24954e-08, 4.53922e-09, 6.47969e-05, 2.24918e-05, 2.13448e-11, 1.73219e-05, 1.83398, 7.28129e-07, 4.69211e-06, 1.71121e-06, 3.60917e-07, 1.48731e-06, 1.51864e-05, 9.91836e-05, 2.57472e-07, 0.000225852, 13.9978, 1.36559e-05, 0.000144216, 0.000201965, 0.000220157, 0.000240245, 0.000199314, 7.91348e-06, 9.38119e-05, 2.21189e-05, 3.28399e-06, 1.78964e-08, 0.000306146, 0.000421594, 

1.55923e-09, 1.26651e-08, 9.48248e-05, 1.20448e-06, 3.55371e-06, 0.868502, 0.57581, 1.73219e-05, 2.32868e-05, 7.88649e-05, 1.63049e-07, 8.31135e-08, 0.00384414, 5.07504, 0.000300645, 2.31094e-05, 11.2689, 2.47861e-09, 0.000144216, 9.61698e-08, 1.24954e-08, 4.53922e-09, 2.24918e-05, 2.13448e-11, 0.956636, 4.69211e-06, 0.590533, 1.71121e-06, 6.47969e-05, 1.36559e-05, 1.78964e-08, 4.77242e-07, 1.51864e-05, 9.91836e-05, 2.57472e-07, 13.9978, 5.28162e-07, 7.28129e-07, 9.53742e-08, 5.07556e-05, 0.000199314, 7.91348e-06, 9.38119e-05, 2.21189e-05, 3.28399e-06, 3.60917e-07, 3.51399e-07, 1.48731e-06, 0.000201965, 0.000225852, 

1.55923e-09, 1.26651e-08, 9.48248e-05, 0.0792302, 2.32868e-05, 7.88649e-05, 0.0170311, 9.91836e-05, 4.69211e-06, 1.71121e-06, 1.63049e-07, 8.31135e-08, 5.07504, 2.31094e-05, 11.2689, 0.000144216, 9.61698e-08, 1.20448e-06, 5.28162e-07, 5.07556e-05, 1.24954e-08, 4.53922e-09, 2.24918e-05, 2.13448e-11, 0.590533, 21.5437, 1.85036, 1.51864e-05, 2.47861e-09, 1.36559e-05, 1.78964e-08, 1.96447e-07, 2.57472e-07, 0.0896374, 6.02632e-07, 9.53742e-08, 16.6448, 1.73219e-05, 3.55371e-06, 6.47969e-05, 0.000199314, 7.91348e-06, 9.38119e-05, 2.21189e-05, 3.28399e-06, 3.60917e-07, 3.51399e-07, 1.48731e-06, 0.000201965, 0.000225852, 

1.55923e-09, 1.24954e-08, 9.48248e-05, 2.32868e-05, 9.91836e-05, 1.71121e-06, 0.529913, 2.13448e-11, 4.69211e-06, 7.88649e-05, 1.63049e-07, 8.31135e-08, 1.12419, 2.31094e-05, 11.2689, 0.000144216, 1.20448e-06, 1.51864e-05, 9.53742e-08, 5.28162e-07, 4.53922e-09, 5.02469e-09, 21.5437, 1.85036, 2.47861e-09, 1.36559e-05, 8.2235e-09, 2.24918e-05, 2.57472e-07, 1.73219e-05, 1.78964e-08, 1.96447e-07, 0.0896374, 6.02632e-07, 6.19016, 6.47969e-05, 2.86768, 5.07556e-05, 3.55371e-06, 9.61698e-08, 7.91348e-06, 9.38119e-05, 2.21189e-05, 3.28399e-06, 3.60917e-07, 3.51399e-07, 1.48731e-06, 1.26651e-08, 0.000201965, 0.000225852, 

2.72243e-10, 2.8391e-13, 9.48248e-05, 2.32868e-05, 1.71121e-06, 0.529913, 2.13448e-11, 0.000144216, 7.88649e-05, 6.47969e-05, 1.13518e-09, 1.26651e-08, 0.500191, 2.31094e-05, 1.51864e-05, 9.53742e-08, 0.000780748, 1.20448e-06, 9.61698e-08, 4.69211e-06, 4.53922e-09, 5.02469e-09, 1.75881, 1.36559e-05, 2.24918e-05, 2.57472e-07, 1.73219e-05, 9.91836e-05, 6.02632e-07, 0.000201965, 1.78964e-08, 1.96447e-07, 0.0801387, 0.0724493, 5.07556e-05, 3.55371e-06, 0.24316, 8.2235e-09, 5.28162e-07, 2.47861e-09, 7.91348e-06, 9.38119e-05, 2.21189e-05, 3.28399e-06, 3.60917e-07, 3.51399e-07, 1.48731e-06, 8.31135e-08, 0.000225852, 0.00647821, 

2.72243e-10, 2.8391e-13, 9.48248e-05, 0.529913, 2.13448e-11, 7.88649e-05, 0.0414603, 2.57472e-07, 1.51864e-05, 1.73219e-05, 1.13518e-09, 8.63804e-09, 0.500191, 9.53742e-08, 1.20448e-06, 9.61698e-08, 0.0711757, 4.69211e-06, 6.47969e-05, 1.36559e-05, 4.53922e-09, 5.02469e-09, 1.75881, 2.24918e-05, 6.02632e-07, 0.000201965, 6.05644e-05, 2.32868e-05, 8.2235e-09, 1.71121e-06, 1.78964e-08, 8.31135e-08, 0.0033996, 5.07556e-05, 3.55371e-06, 0.24316, 2.56561, 2.31094e-05, 2.47861e-09, 5.28162e-07, 7.91348e-06, 2.21189e-05, 3.28399e-06, 3.60917e-07, 3.51399e-07, 1.48731e-06, 1.36797e-07, 4.04272e-05, 9.91836e-05, 0.000144216, 

2.91821e-13, 2.8391e-13, 9.48248e-05, 7.88649e-05, 0.0414603, 1.51864e-05, 1.14515e-06, 6.02632e-07, 5.28162e-07, 1.73219e-05, 1.13518e-09, 8.63804e-09, 0.500191, 9.61698e-08, 4.69211e-06, 6.47969e-05, 0.0094221, 2.47861e-09, 1.20448e-06, 2.13448e-11, 4.53922e-09, 5.02469e-09, 6.05644e-05, 2.32868e-05, 8.2235e-09, 0.00521419, 7.76633, 2.57472e-07, 3.55371e-06, 1.71121e-06, 1.78964e-08, 7.79436e-08, 5.07556e-05, 0.24316, 0.436173, 0.319628, 0.00898128, 1.36559e-05, 2.24918e-05, 9.53742e-08, 7.91348e-06, 2.21189e-05, 3.28399e-06, 3.60917e-07, 3.51399e-07, 1.48731e-06, 1.36797e-07, 7.99417e-06, 2.31094e-05, 9.91836e-05, 

2.91821e-13, 2.8391e-13, 9.48248e-05, 6.02632e-07, 1.73219e-05, 0.830632, 0.693155, 9.61698e-08, 5.569e-07, 5.07556e-05, 1.69281e-10, 8.63804e-09, 4.69211e-06, 6.47969e-05, 0.0094221, 1.20448e-06, 5.71621e-07, 2.32868e-05, 2.57472e-07, 8.2235e-09, 4.53922e-09, 5.02469e-09, 6.05644e-05, 0.00521419, 3.55371e-06, 1.71121e-06, 0.132835, 2.13448e-11, 2.47861e-09, 2.31094e-05, 1.78964e-08, 7.79436e-08, 0.436173, 1.36559e-05, 9.53742e-08, 1.5359, 1.81256, 1.51864e-05, 2.24918e-05, 5.28162e-07, 7.91348e-06, 3.28399e-06, 3.60917e-07, 3.51399e-07, 1.48731e-06, 1.36797e-07, 7.99417e-06, 1.07861e-07, 7.88649e-05, 9.91836e-05, 

2.91821e-13, 2.8391e-13, 9.48248e-05, 6.02632e-07, 1.73219e-05, 0.830632, 1.13287, 2.24918e-05, 2.57472e-07, 9.53742e-08, 1.69281e-10, 8.63804e-09, 6.47969e-05, 1.20448e-06, 2.32868e-05, 8.2235e-09, 0.502891, 1.36559e-05, 2.13448e-11, 2.47861e-09, 4.53922e-09, 5.02469e-09, 6.05644e-05, 0.00521419, 2.31094e-05, 5.27509e-07, 13.5884, 4.69211e-06, 5.71621e-07, 1.71121e-06, 1.78964e-08, 7.79436e-08, 1.81256, 1.51864e-05, 5.28162e-07, 1.75998, 2.33927, 9.61698e-08, 3.55371e-06, 5.569e-07, 7.91348e-06, 3.28399e-06, 3.60917e-07, 3.51399e-07, 1.48731e-06, 1.36797e-07, 1.07861e-07, 1.50789e-06, 5.07556e-05, 7.88649e-05, 

2.91821e-13, 2.8391e-13, 6.02632e-07, 0.830632, 2.24918e-05, 2.57472e-07, 9.53742e-08, 7.88649e-05, 3.55371e-06, 5.569e-07, 1.69281e-10, 1.05467e-09, 6.47969e-05, 2.32868e-05, 0.0726737, 1.36559e-05, 2.47861e-09, 5.07556e-05, 2.31094e-05, 1.71121e-06, 4.53922e-09, 5.02469e-09, 5.27509e-07, 1.96955, 4.69211e-06, 5.71621e-07, 0.035081, 1.51864e-05, 2.13448e-11, 1.20448e-06, 1.78964e-08, 7.79436e-08, 1.81256, 5.28162e-07, 2.33927, 9.61698e-08, 0.833748, 8.2235e-09, 6.05644e-05, 1.73219e-05, 7.91348e-06, 3.28399e-06, 3.60917e-07, 3.51399e-07, 1.48731e-06, 1.36797e-07, 1.07861e-07, 1.50789e-06, 9.48248e-05, 0.00521419, 

2.91821e-13, 2.8391e-13, 6.02632e-07, 2.24918e-05, 9.53742e-08, 3.55371e-06, 5.96384, 1.51864e-05, 5.28162e-07, 1.73219e-05, 1.69281e-10, 1.05467e-09, 0.0726737, 1.36559e-05, 5.07556e-05, 1.71121e-06, 7.0452e-10, 2.57472e-07, 7.88649e-05, 6.47969e-05, 4.53922e-09, 5.02469e-09, 5.27509e-07, 1.96955, 5.71621e-07, 0.035081, 1.20448e-06, 5.569e-07, 2.47861e-09, 2.31094e-05, 1.78964e-08, 7.79436e-08, 9.61698e-08, 0.41411, 8.2235e-09, 6.05644e-05, 0.00254549, 2.13448e-11, 4.69211e-06, 2.32868e-05, 7.91348e-06, 3.28399e-06, 3.60917e-07, 3.51399e-07, 1.48731e-06, 1.36797e-07, 1.07861e-07, 1.50789e-06, 9.48248e-05, 0.00521419, 

2.91821e-13, 2.8391e-13, 9.53742e-08, 3.55371e-06, 1.51864e-05, 5.28162e-07, 1.73219e-05, 5.569e-07, 2.47861e-09, 2.24918e-05, 1.69281e-10, 1.05467e-09, 0.0726737, 1.36559e-05, 7.0452e-10, 2.57472e-07, 7.88649e-05, 1.30872e-08, 1.71121e-06, 6.05644e-05, 4.53922e-09, 5.02469e-09, 5.27509e-07, 1.96955, 1.20448e-06, 2.31094e-05, 2.2989, 5.07556e-05, 2.69035e-07, 8.2235e-09, 1.78964e-08, 9.35117e-09, 9.61698e-08, 0.41411, 4.69211e-06, 2.32868e-05, 0.180406, 6.02632e-07, 2.13448e-11, 2.6101e-07, 3.60917e-07, 3.51399e-07, 1.48731e-06, 1.36797e-07, 1.07861e-07, 1.50789e-06, 6.38686e-07, 7.79436e-08, 6.47969e-05, 9.48248e-05, 

2.91821e-13, 2.8391e-13, 9.53742e-08, 5.28162e-07, 1.73219e-05, 2.47861e-09, 0.835064, 1.71121e-06, 5.569e-07, 8.2235e-09, 1.69281e-10, 1.05467e-09, 2.57472e-07, 7.88649e-05, 1.30872e-08, 6.05644e-05, 7.80361, 1.36559e-05, 4.69211e-06, 1.03031e-07, 4.53922e-09, 5.02469e-09, 1.96955, 0.695659, 5.07556e-05, 2.69035e-07, 12.8867, 6.02632e-07, 1.20448e-06, 1.51864e-05, 1.78964e-08, 9.35117e-09, 9.61698e-08, 2.32868e-05, 0.180406, 2.13448e-11, 0.120907, 3.55371e-06, 5.27509e-07, 7.0452e-10, 3.60917e-07, 3.51399e-07, 1.48731e-06, 1.36797e-07, 1.07861e-07, 1.50789e-06, 6.38686e-07, 7.79436e-08, 2.24918e-05, 2.31094e-05, 

2.91821e-13, 2.8391e-13, 5.28162e-07, 2.47861e-09, 0.835064, 0.0260885, 1.43466, 9.53742e-08, 1.71121e-06, 5.569e-07, 1.69281e-10, 1.05467e-09, 1.21686e-07, 7.88649e-05, 6.05644e-05, 2.94931, 17.9379, 1.30872e-08, 3.55371e-06, 8.2235e-09, 4.53922e-09, 5.02469e-09, 0.377301, 0.50416, 6.02632e-07, 1.20448e-06, 1.51864e-05, 1.36559e-05, 2.69035e-07, 1.03031e-07, 1.78964e-08, 9.35117e-09, 0.180406, 2.13448e-11, 0.120907, 5.27509e-07, 0.843603, 9.61698e-08, 4.69211e-06, 7.0452e-10, 3.60917e-07, 3.51399e-07, 1.48731e-06, 1.36797e-07, 1.07861e-07, 1.50789e-06, 6.38686e-07, 7.79436e-08, 1.73219e-05, 2.24918e-05, 

2.88778e-13, 2.8391e-13, 2.47861e-09, 0.0260885, 9.53742e-08, 5.569e-07, 3.31282, 0.00508992, 6.02632e-07, 8.2235e-09, 1.69281e-10, 1.05467e-09, 1.21686e-07, 7.88649e-05, 6.05644e-05, 17.9379, 1.30872e-08, 2.69035e-07, 1.73219e-05, 4.69211e-06, 4.53922e-09, 5.02469e-09, 0.377301, 1.51864e-05, 1.36559e-05, 1.03031e-07, 2.21441, 2.24918e-05, 1.71121e-06, 1.20448e-06, 1.78964e-08, 9.35117e-09, 2.13448e-11, 5.27509e-07, 0.843603, 9.61698e-08, 1.35524, 3.55371e-06, 7.0452e-10, 5.28162e-07, 3.60917e-07, 3.51399e-07, 1.48731e-06, 1.36797e-07, 1.07861e-07, 1.50789e-06, 6.38686e-07, 7.79436e-08, 0.120907, 0.180406, 

2.88778e-13, 2.8391e-13, 2.47861e-09, 9.53742e-08, 3.31282, 0.00508992, 0.104209, 1.03031e-07, 1.30872e-08, 2.69035e-07, 1.69281e-10, 1.05467e-09, 1.21686e-07, 1.73219e-05, 3.69668e-06, 5.21318, 2.61189, 3.55371e-06, 5.569e-07, 1.51864e-05, 5.16912e-10, 5.02469e-09, 1.36559e-05, 2.21441, 2.24918e-05, 1.20448e-06, 3.87298, 6.02632e-07, 8.2235e-09, 2.13448e-11, 1.64218e-08, 9.35117e-09, 5.27509e-07, 9.61698e-08, 5.28162e-07, 6.21143, 0.0237275, 1.71121e-06, 7.0452e-10, 7.60932e-10, 3.60917e-07, 3.51399e-07, 1.48731e-06, 1.36797e-07, 1.07861e-07, 6.38686e-07, 7.79436e-08, 4.53922e-09, 6.05644e-05, 7.88649e-05, 

2.88778e-13, 2.8391e-13, 9.53742e-08, 0.00508992, 0.104209, 1.30872e-08, 1.24636, 1.20448e-06, 5.27509e-07, 1.36559e-05, 1.69281e-10, 1.05467e-09, 1.21686e-07, 1.73219e-05, 3.55371e-06, 1.51864e-05, 0.573433, 7.88649e-05, 2.69035e-07, 2.47861e-09, 3.95737e-12, 4.53922e-09, 1.17379, 6.02632e-07, 8.2235e-09, 2.13448e-11, 0.129565, 1.03031e-07, 5.28162e-07, 6.05644e-05, 1.64218e-08, 9.35117e-09, 9.61698e-08, 6.21143, 1.71121e-06, 7.0452e-10, 7.60932e-10, 2.24918e-05, 3.69668e-06, 5.569e-07, 3.60917e-07, 3.51399e-07, 1.48731e-06, 1.36797e-07, 1.07861e-07, 6.38686e-07, 7.79436e-08, 5.02469e-09, 0.0237275, 0.0680308, 

2.88778e-13, 2.8391e-13, 0.104209, 1.30872e-08, 5.27509e-07, 1.36559e-05, 0.0131818, 9.53742e-08, 5.569e-07, 7.60932e-10, 1.69281e-10, 1.05467e-09, 1.21686e-07, 7.88649e-05, 2.69035e-07, 2.47861e-09, 0.140779, 2.13448e-11, 1.03031e-07, 1.51864e-05, 3.95737e-12, 4.53922e-09, 1.17379, 8.2235e-09, 0.129565, 6.05644e-05, 0.0161969, 6.02632e-07, 1.76885e-08, 1.20448e-06, 8.25803e-12, 9.35117e-09, 1.71121e-06, 7.0452e-10, 2.24918e-05, 3.69668e-06, 0.135147, 9.61698e-08, 5.28162e-07, 1.73219e-05, 3.60917e-07, 3.51399e-07, 1.48731e-06, 1.36797e-07, 1.07861e-07, 6.38686e-07, 7.79436e-08, 5.02469e-09, 6.05007e-05, 0.0128191, 

2.88778e-13, 2.8391e-13, 5.27509e-07, 1.36559e-05, 5.569e-07, 0.0948739, 0.761171, 1.76885e-08, 9.53742e-08, 2.69035e-07, 1.69281e-10, 1.05467e-09, 2.47861e-09, 0.140779, 1.03031e-07, 1.51864e-05, 0.410464, 7.60932e-10, 7.0452e-10, 1.20268e-06, 3.95737e-12, 4.53922e-09, 1.17379, 8.2235e-09, 6.05644e-05, 0.0161969, 0.0330898, 6.02632e-07, 1.21686e-07, 2.13448e-11, 8.25803e-12, 9.35117e-09, 3.69668e-06, 0.135147, 9.61698e-08, 5.28162e-07, 1.73219e-05, 1.30872e-08, 1.20448e-06, 1.71121e-06, 3.60917e-07, 3.51399e-07, 1.48731e-06, 1.36797e-07, 1.07861e-07, 6.38686e-07, 7.79436e-08, 5.02469e-09, 2.24918e-05, 6.05007e-05, 

Best:
-5.32833e-07	

Fitness Evaluations:
3293

End Population
(-5.373805e-07), (-5.328325e-07), (-7.262984e-04), (-3.695388e-03), (-7.462570e-04), (3.080161e-01), (8.724509e-01), (-1.329982e-04), (-3.088272e-04), (-5.186859e-04), (1.301082e-05), (-3.247568e-05), (-4.978560e-05), (3.752055e-01), (-3.209850e-04), (-3.896976e-03), (-6.406746e-01), (-2.758500e-05), (-2.654280e-05), (-1.096667e-03), (1.989314e-06), (-6.737374e-05), (-1.083417e+00), (-9.068349e-05), (7.782316e-03), (-1.272671e-01), (1.819059e-01), (-7.762936e-04), (-3.488355e-04), (-4.620047e-06), (2.873678e-06), (-9.670146e-05), (1.922675e-03), (-3.676240e-01), (3.101126e-04), (-7.267474e-04), (4.161955e-03), (-1.143992e-04), (-1.097489e-03), (-1.308132e-03), (-6.007635e-04), (-5.927892e-04), (-1.219552e-03), (-3.698614e-04), (-3.284218e-04), (-7.991784e-04), (-2.791838e-04), (-7.088505e-05), (4.742554e-03), (-7.778222e-03), 