Iterations: 50
Function Evaluations Limit: 150000
Population: 50

Prides Length: 4

Percent Nomads: 0.2
Percent Roaming: 0.2
Percent Sex: 0.8

Mating Rate: 0.3
Mutation Probability: 0.2
Immigration Rate: 0.4

Dimensions: 1
N-Dimension Space: -5:5

Fitness Iterations:
0.00631556
5.65253, 6.70328, 5.96695, 0.0514831, 0.0870995, 0.20665, 7.78498, 3.14955, 3.38223, 16.7676, 16.5804, 11.4711, 12.3808, 15.0844, 0.0292952, 0.822385, 21.6718, 0.145015, 2.4371, 6.89048, 22.0975, 13.6168, 11.7132, 1.11722, 21.5512, 4.59306, 11.2848, 4.75468, 3.4166, 1.49836, 0.0520037, 19.1063, 6.46782, 15.1706, 9.83673, 12.5345, 0.255835, 16.4779, 2.70781, 15.434, 12.9818, 20.0185, 0.448243, 1.32003, 12.2428, 6.32337, 24.7731, 0.00631556, 16.3551, 1.47091, 

0.00631556, 0.168239, 5.96695, 0.0514831, 0.0870995, 0.20665, 0.00108234, 3.14955, 0.822385, 0.145015, 0.411878, 1.32003, 12.3808, 0.0075498, 21.6718, 2.4371, 9.12916, 0.0451877, 0.00586665, 1.47091, 0.0610894, 0.430525, 11.7132, 1.11722, 4.75468, 0.0154936, 0.210378, 1.49836, 0.0292952, 1.59921, 0.040658, 0.411237, 5.60556, 15.1706, 5.31371, 0.255835, 2.70781, 7.1576e-05, 0.00540752, 1.87695, 4.90971, 0.478207, 5.65253, 1.86824, 0.448243, 1.05298, 0.726653, 6.21396, 3.16084, 4.65465, 

0.00631556, 0.0830187, 1.19986, 0.0514831, 0.0870995, 0.20665, 0.691575, 0.822385, 0.0154936, 0.00108234, 0.0221685, 0.0996921, 2.4371, 0.0202584, 0.00586665, 6.0426, 1.80635, 0.00540752, 0.00686963, 0.0292952, 0.014396, 0.139844, 4.95, 4.75468, 1.49836, 1.59921, 4.55494, 0.210378, 0.255835, 0.819621, 1.42617e-05, 0.00855466, 15.1706, 2.70781, 1.87695, 0.00324202, 0.213889, 1.11722, 7.1576e-05, 0.0075498, 0.000596238, 0.324502, 0.448243, 0.118654, 0.168239, 0.153359, 0.411237, 0.248906, 1.36368, 1.39924, 

0.00631556, 0.052024, 0.0514831, 0.20665, 0.822385, 0.0154936, 1.75279, 0.00540752, 0.00108234, 0.00669885, 0.000596238, 0.00358574, 0.0202584, 0.00586665, 6.0426, 0.00394943, 0.964668, 0.691575, 0.819621, 0.0292952, 0.014396, 0.125332, 0.678785, 1.49836, 4.55494, 0.210378, 2.65783, 0.895164, 0.0870995, 0.0075498, 1.42617e-05, 0.00046633, 0.0192426, 2.70781, 1.87695, 0.00324202, 0.213889, 7.1576e-05, 1.09365, 0.132328, 0.00326666, 0.324502, 0.118654, 0.168239, 0.153359, 0.411237, 0.248906, 0.00713603, 1.11722, 1.19986, 

0.00114171, 0.00713603, 0.00418888, 0.0154936, 0.00540752, 0.749228, 0.000952029, 0.359657, 0.00108234, 0.0107804, 0.000596238, 0.00358574, 0.0202584, 0.00356695, 0.964668, 0.691575, 0.819621, 0.257418, 0.439549, 0.20665, 0.00326666, 0.00967948, 0.678785, 1.49836, 0.210378, 2.65783, 0.0870995, 7.1576e-05, 0.132328, 0.0292952, 1.42617e-05, 0.00046633, 0.0192426, 1.87695, 0.00324202, 0.213889, 1.09365, 0.00394943, 0.0075498, 0.00669885, 0.014396, 0.125332, 0.168239, 0.153359, 0.0147134, 0.118654, 0.052024, 0.145609, 0.492507, 0.659672, 

0.00114171, 0.00713603, 0.0154936, 0.749228, 0.000952029, 0.00108234, 5.21237, 0.00540752, 0.20665, 0.0107804, 0.000596238, 0.00358574, 0.00356695, 0.964668, 0.257418, 1.20923, 22.1197, 0.0253774, 0.00394943, 7.1576e-05, 0.00326666, 0.00967948, 0.0455499, 0.147829, 0.808099, 0.0292952, 0.0154826, 0.00324202, 0.0075498, 0.0202584, 1.42617e-05, 0.00046633, 0.0192426, 0.0600872, 0.213889, 0.00669885, 0.593123, 0.0175521, 0.00418888, 0.0870995, 0.014396, 0.125332, 0.0147134, 0.118654, 0.052024, 0.145609, 0.149076, 0.0435021, 0.210378, 0.359657, 

0.00046633, 0.000827188, 0.0154936, 0.024427, 5.21237, 0.0439973, 0.0107804, 0.0368886, 0.00540752, 7.1576e-05, 0.000223548, 0.00358574, 0.00356695, 0.964668, 1.12822, 0.0253774, 0.432585, 0.000902159, 0.0192426, 0.000952029, 0.00326666, 0.00104651, 0.0455499, 0.0292952, 0.00324202, 0.0075498, 4.10488, 0.00126855, 0.0202584, 0.0154826, 1.42617e-05, 2.69334e-06, 0.00669885, 0.593123, 0.00418888, 0.0870995, 0.00965824, 0.00394943, 0.0157348, 0.00108234, 0.014396, 0.0147134, 0.052024, 0.0435021, 0.00713603, 0.0612672, 0.0133131, 0.00106793, 0.0595095, 0.0866041, 

0.00046633, 0.000827188, 0.024427, 5.21237, 0.0439973, 0.0368886, 0.00540752, 0.00324202, 0.000952029, 0.00394943, 0.000223548, 0.00358574, 0.00356695, 0.964668, 0.432585, 0.0192426, 3.04486, 0.000902159, 0.00965824, 0.0107804, 0.000924531, 0.00104651, 0.0455499, 0.0292952, 0.0075498, 0.0202584, 0.0154826, 0.0253774, 0.00126855, 0.00669885, 1.42617e-05, 5.22831e-07, 0.00747676, 0.00418888, 0.0870995, 0.0157348, 0.00108234, 7.1576e-05, 0.00340028, 0.0154936, 0.014396, 0.0147134, 0.052024, 0.0435021, 0.00713603, 0.0133131, 0.00106793, 0.00326666, 0.0595095, 0.0866041, 

0.00046633, 0.000827188, 0.024427, 0.00540752, 0.00324202, 0.00394943, 0.119544, 0.000952029, 0.0154936, 0.0107804, 0.000223548, 0.00106793, 0.0192426, 3.04486, 0.000902159, 0.00965824, 0.00108476, 0.0595095, 0.0455499, 0.0154826, 0.000924531, 0.00104651, 0.0292952, 0.0075498, 0.0202584, 0.0253774, 0.430549, 0.0368886, 0.00126855, 0.0439973, 1.42617e-05, 5.22831e-07, 0.000238008, 0.0157348, 0.00108234, 7.1576e-05, 0.00340028, 0.00356695, 0.00669885, 0.00418888, 0.014396, 0.0147134, 0.0435021, 0.00713603, 0.0133131, 0.00174221, 0.00326666, 0.00358574, 0.0866041, 0.0870995, 

2.76509e-05, 0.000827188, 0.00367007, 0.00394943, 0.119544, 0.000952029, 1.16762, 0.00108476, 0.0154936, 0.00418888, 0.000223548, 0.00106793, 3.04486, 0.00965824, 0.0595095, 0.0455499, 0.0154826, 0.00108234, 0.0107804, 0.0075498, 0.000924531, 0.00104651, 0.0202584, 0.0253774, 0.0194675, 0.0439973, 2.96409, 0.000902159, 0.00126855, 0.0157348, 1.42617e-05, 5.22831e-07, 0.000238008, 7.1576e-05, 0.00340028, 0.00669885, 1.73504, 0.00324202, 0.00356695, 2.97202e-05, 0.014396, 0.00713603, 0.0133131, 0.00174221, 0.00326666, 0.00358574, 0.0145134, 0.00046633, 0.0192426, 0.024427, 

1.42617e-05, 3.11974e-05, 0.00394943, 0.000952029, 1.16762, 0.00108476, 5.44945, 0.0192426, 0.00356695, 0.0154826, 0.000223548, 0.00046633, 0.0574298, 0.00108234, 0.0075498, 0.139446, 1.37899, 0.00324202, 2.47502e-08, 0.000161408, 0.000924531, 0.00104651, 0.0439973, 2.96409, 0.000902159, 0.00126855, 3.91614, 0.00418888, 0.00340028, 0.0157348, 5.22831e-07, 6.41383e-07, 0.000238008, 7.1576e-05, 0.00669885, 1.73504, 1.66819e-06, 0.0107804, 0.0154936, 0.00965824, 0.014396, 0.00713603, 0.0133131, 0.00174221, 0.00326666, 0.00358574, 0.00106793, 2.76509e-05, 0.0194675, 0.0202584, 

1.42617e-05, 3.11974e-05, 0.000952029, 0.00108476, 5.44945, 0.0192426, 0.0154826, 0.0194675, 0.00965824, 0.000164288, 2.76509e-05, 0.00046633, 0.00108234, 0.00207996, 0.00324202, 0.000161408, 0.00134356, 0.00394943, 0.000238008, 0.0154936, 0.000349722, 0.000578407, 0.000902159, 0.00126855, 3.91614, 0.000594013, 0.0286522, 0.0116447, 0.0202584, 0.0157348, 5.22831e-07, 6.41383e-07, 7.1576e-05, 0.00669885, 1.66819e-06, 0.0107804, 0.000425478, 0.00340028, 0.00356695, 2.47502e-08, 0.00174221, 0.00326666, 0.00358574, 0.00106793, 0.000223548, 0.000890903, 0.00104651, 0.000571373, 0.0439973, 0.0574298, 

1.42617e-05, 3.11974e-05, 0.000952029, 0.00108476, 0.0154826, 0.00965824, 4.83214, 1.66819e-06, 0.00108234, 0.000238008, 2.76509e-05, 0.000118619, 0.00207996, 0.000161408, 0.00134356, 0.0154936, 0.000959948, 0.000425478, 7.1576e-05, 2.47502e-08, 0.000349722, 0.000531693, 0.000902159, 0.000583395, 0.000594013, 0.0157348, 6.03286, 0.0116447, 0.00669885, 0.00324202, 5.22831e-07, 6.41383e-07, 0.0107804, 0.00340028, 0.00356695, 0.823386, 0.0646628, 0.00284721, 0.00394943, 0.000164288, 0.00174221, 0.00326666, 0.00106793, 0.000223548, 0.000890903, 0.00104651, 0.000578407, 0.000571373, 0.0192426, 0.0194675, 

1.42617e-05, 3.11974e-05, 0.00108476, 0.00965824, 1.66819e-06, 0.00108234, 3.49488, 0.000161408, 0.00324202, 0.000952029, 2.76509e-05, 0.000118619, 0.00207996, 0.0154936, 0.000959948, 7.1576e-05, 0.00661248, 0.000238008, 0.000902159, 2.47502e-08, 0.000349722, 0.000531693, 0.000583395, 0.0157348, 6.03286, 0.0116447, 0.00669885, 0.00134356, 0.00356695, 0.00340028, 5.22831e-07, 5.4035e-07, 0.823386, 0.00394943, 0.000164288, 0.00313606, 5.13305, 0.000425478, 0.00284721, 0.000594013, 0.00174221, 0.00326666, 0.00106793, 0.000223548, 0.000890903, 0.00104651, 0.000578407, 0.000571373, 0.0107804, 0.0154826, 

1.42617e-05, 3.11974e-05, 1.66819e-06, 0.00108234, 3.49488, 0.000952029, 1.41169, 0.000575698, 0.00108476, 0.000583395, 1.70191e-05, 0.000118619, 0.00207996, 0.000959948, 0.00661248, 0.125212, 3.53287, 7.1576e-05, 2.47502e-08, 0.000902159, 0.000223548, 0.000531693, 0.0157348, 0.000149679, 0.00134356, 0.00340028, 0.0128664, 0.00324202, 0.000161408, 0.000425478, 5.22831e-07, 5.06158e-07, 0.00394943, 0.00313606, 0.086501, 0.00221657, 0.000594013, 0.00356695, 0.000238008, 0.000164288, 0.00174221, 0.00106793, 0.000349722, 0.000890903, 0.00104651, 0.000578407, 0.000571373, 0.000566631, 0.00669885, 0.00965824, 

1.09413e-05, 3.11974e-05, 1.88558, 0.000952029, 0.00108476, 0.281761, 2.37674, 0.00134356, 0.00108234, 1.34983e-05, 1.70191e-05, 0.000118619, 0.00115949, 0.213505, 2.47502e-08, 0.000902159, 1.21056, 0.000575698, 1.66819e-06, 7.1576e-05, 0.000209411, 0.000530119, 0.000149679, 0.00340028, 0.0128664, 0.00324202, 0.000161408, 0.000959948, 0.00221657, 0.000425478, 5.21992e-07, 5.06158e-07, 0.000594013, 0.00356695, 0.000238008, 0.000164288, 1.32356, 0.000583395, 0.00207996, 3.92476e-05, 0.00106793, 0.000349722, 0.000890903, 0.00104651, 0.000578407, 0.000571373, 0.000566631, 1.42617e-05, 0.00313606, 0.00661248, 

1.09413e-05, 1.42617e-05, 0.53909, 0.00108476, 0.281761, 1.30371, 0.00036117, 7.1576e-05, 1.66819e-06, 1.34983e-05, 1.70191e-05, 0.000118619, 0.00115949, 0.213505, 0.00754056, 0.000575698, 4.55573, 0.000902159, 0.000149679, 0.000164288, 0.000209411, 4.70024e-05, 0.00340028, 0.000959948, 0.00221657, 5.11377, 0.0142867, 0.00108234, 3.92476e-05, 2.47502e-08, 5.21992e-07, 5.06158e-07, 0.000594013, 0.000238008, 0.000583395, 0.00207996, 0.45246, 0.000161408, 0.000425478, 0.000952029, 0.000349722, 0.000890903, 0.00104651, 0.000578407, 0.000571373, 0.000566631, 3.11974e-05, 0.000379466, 0.00134356, 0.00313606, 

1.09413e-05, 8.26914e-07, 0.254421, 0.281761, 1.15196, 0.00036117, 1.26099, 0.00108234, 0.000164288, 0.000583395, 1.70191e-05, 0.000103928, 0.213505, 0.000575698, 0.000902159, 0.000102643, 0.30741, 0.000149679, 0.000161408, 1.66819e-06, 3.11974e-05, 4.70024e-05, 0.00340028, 0.000959948, 0.00119265, 2.47502e-08, 0.0669342, 7.1576e-05, 3.92476e-05, 0.00108476, 5.084e-07, 5.06158e-07, 0.000594013, 0.00207996, 0.45246, 0.000425478, 0.000952029, 1.34983e-05, 0.000487602, 0.000238008, 0.000349722, 0.000578407, 0.000571373, 0.000566631, 0.000209411, 0.000379466, 0.000118619, 0.000372831, 0.00115949, 0.00134356, 

1.09413e-05, 8.26914e-07, 0.254421, 0.281761, 0.00108234, 6.36854, 2.33074, 0.00115949, 3.92351e-05, 1.34983e-05, 1.70191e-05, 0.000103676, 0.000575698, 0.000902159, 0.000161408, 1.66819e-06, 0.614718, 0.000583395, 0.00036117, 7.1576e-05, 3.11974e-05, 4.70024e-05, 0.00340028, 0.000959948, 2.47502e-08, 0.00108476, 17.2932, 0.00119265, 0.000149679, 3.92476e-05, 2.44879e-07, 5.06158e-07, 0.000594013, 0.000952029, 0.000487602, 0.000238008, 0.00908646, 0.000102643, 0.000164288, 0.000425478, 0.000349722, 0.000571373, 0.000566631, 0.000209411, 0.000379466, 0.000118619, 0.000372831, 0.000111854, 0.00134356, 0.00207996, 

4.21815e-06, 8.26914e-07, 0.254421, 0.00478888, 0.00108234, 3.92351e-05, 0.506083, 0.000952029, 0.00036117, 0.000161408, 1.70191e-05, 0.000103676, 0.000575698, 1.66819e-06, 0.614718, 2.61036, 0.048022, 0.000164288, 0.000902159, 0.000487602, 3.11974e-05, 4.70024e-05, 0.00340028, 2.47502e-08, 0.00108476, 0.570483, 0.00795995, 0.000238008, 1.34983e-05, 7.1576e-05, 2.44879e-07, 5.06158e-07, 0.000594013, 0.000806947, 0.000102643, 0.000425478, 0.351408, 0.000583395, 0.000149679, 3.92476e-05, 0.000349722, 0.000571373, 0.000566631, 0.000209411, 0.000379466, 0.000118619, 0.000372831, 0.000111854, 0.000959948, 0.00115949, 

4.21815e-06, 8.26914e-07, 0.00478888, 0.00108234, 0.00036117, 0.000161408, 0.559118, 3.92351e-05, 1.34983e-05, 0.000594013, 1.70191e-05, 0.000103676, 0.614718, 0.048022, 0.000164288, 0.000902159, 0.047561, 0.000149679, 0.000806947, 0.000487602, 3.11974e-05, 4.70024e-05, 2.47502e-08, 0.000238008, 7.1576e-05, 0.0749317, 9.45662, 1.66819e-06, 0.000575698, 0.000102643, 2.44879e-07, 5.06158e-07, 0.000425478, 0.000583395, 3.92476e-05, 1.06605, 0.000101075, 0.000959948, 0.000952029, 0.00108476, 0.000349722, 0.000566631, 0.000209411, 0.000379466, 0.000118619, 0.000372831, 0.000111854, 0.000109521, 0.00115949, 0.00340028, 

8.06711e-07, 8.26914e-07, 0.00108234, 5.05832e-06, 0.559118, 3.92351e-05, 1.34983e-05, 0.000583395, 0.000594013, 0.000425478, 1.70191e-05, 0.000103676, 0.614718, 0.048022, 0.000164288, 0.00488367, 0.000487602, 0.000238008, 2.47502e-08, 0.00036117, 3.11974e-05, 5.65182e-06, 9.45662, 1.66819e-06, 0.000102643, 0.00151323, 2.23692, 0.000902159, 7.1576e-05, 0.000149679, 2.44879e-07, 5.06158e-07, 0.000101075, 0.000959948, 0.000952029, 0.00108476, 0.0470381, 3.92476e-05, 0.000806947, 0.000575698, 0.000349722, 0.000566631, 0.000209411, 0.000379466, 0.000118619, 0.000372831, 0.000111854, 0.000109521, 0.00115949, 0.00340028, 

8.06711e-07, 8.26914e-07, 0.00108234, 0.559118, 3.92351e-05, 1.34983e-05, 0.000583395, 1.80082e-05, 0.000102643, 0.000902159, 1.23398e-06, 4.42886e-06, 0.614718, 0.000164288, 0.000238008, 2.47502e-08, 4.34459, 0.000952029, 0.000594013, 0.000487602, 3.11974e-05, 5.65182e-06, 0.222503, 1.66819e-06, 0.00151323, 7.1576e-05, 1.61695, 0.000806947, 0.000149679, 5.05832e-06, 2.44879e-07, 5.06158e-07, 0.000101075, 0.00108476, 0.000575698, 2.81608, 9.96737, 0.00036117, 0.000425478, 3.92476e-05, 0.000349722, 0.000209411, 0.000118619, 0.000372831, 0.000111854, 0.000109521, 1.70191e-05, 1.378e-05, 0.000959948, 0.000989182, 

8.06711e-07, 8.26914e-07, 0.559118, 1.34983e-05, 1.80082e-05, 0.000102643, 0.000902159, 0.000575698, 0.000583395, 1.66819e-06, 1.23398e-06, 4.42886e-06, 0.000164288, 0.000238008, 2.47502e-08, 0.175069, 21.4443, 0.000806947, 3.92476e-05, 0.000487602, 3.11974e-05, 5.65182e-06, 0.00151323, 7.1576e-05, 1.61695, 5.05832e-06, 11.2691, 0.000959948, 0.000149679, 0.000594013, 2.44879e-07, 5.06158e-07, 0.000101075, 0.00108476, 0.00036117, 0.000425478, 0.168699, 0.000989182, 0.000952029, 3.92351e-05, 0.000349722, 0.000209411, 0.000118619, 0.000372831, 0.000111854, 0.000109521, 1.70191e-05, 1.378e-05, 0.00108234, 0.0611172, 

8.06711e-07, 8.26914e-07, 0.559118, 1.80082e-05, 0.000902159, 0.000583395, 0.146751, 0.000102643, 0.000806947, 1.66819e-06, 1.23398e-06, 4.42886e-06, 0.000164288, 0.000238008, 0.175069, 21.4443, 0.103271, 3.92351e-05, 5.05832e-06, 7.1576e-05, 1.70191e-05, 5.65182e-06, 0.00151323, 0.000959948, 0.000149679, 0.000594013, 0.259034, 2.47502e-08, 0.000487602, 1.34983e-05, 2.44879e-07, 5.06158e-07, 0.000101075, 0.00108476, 0.000425478, 0.000989182, 0.000952029, 0.00036117, 0.000575698, 3.92476e-05, 0.000349722, 0.000209411, 0.000118619, 0.000372831, 0.000111854, 0.000109521, 3.11974e-05, 1.378e-05, 0.00108234, 0.0108876, 

4.68405e-07, 8.26914e-07, 1.80082e-05, 0.000902159, 0.000396734, 1.66819e-06, 0.666996, 0.000425478, 0.000959948, 0.000149679, 1.23398e-06, 4.42886e-06, 0.000164288, 0.175069, 3.92351e-05, 7.1576e-05, 3.64319, 0.000101075, 0.000102643, 5.05832e-06, 1.378e-05, 5.65182e-06, 0.00151323, 0.000594013, 0.259034, 1.34983e-05, 7.64068, 0.000575698, 0.000238008, 0.000487602, 2.44879e-07, 5.06158e-07, 0.00108476, 0.000989182, 0.000952029, 3.92476e-05, 2.07584, 0.00036117, 0.000806947, 2.47502e-08, 0.000349722, 0.000209411, 0.000118619, 0.000372831, 0.000111854, 0.000109521, 3.11974e-05, 1.70191e-05, 0.00108234, 0.00228217, 

4.68405e-07, 8.26914e-07, 0.000902159, 4.46289e-05, 0.000425478, 0.000149679, 0.777795, 0.000989182, 0.000806947, 7.1576e-05, 1.23398e-06, 4.42886e-06, 1.21784e-05, 0.00199452, 3.92351e-05, 3.64319, 0.000102643, 0.000487602, 5.05832e-06, 0.000959948, 4.46156e-06, 5.65182e-06, 0.000594013, 1.34983e-05, 7.64068, 0.000238008, 1.7671, 0.000575698, 1.66819e-06, 3.92476e-05, 2.44879e-07, 5.06158e-07, 0.00108476, 0.000952029, 2.07584, 0.00036117, 2.47502e-08, 7.40474e-05, 1.80082e-05, 0.000101075, 0.000349722, 0.000209411, 0.000118619, 0.000111854, 0.000109521, 3.11974e-05, 1.70191e-05, 1.378e-05, 0.00108234, 0.00151323, 

4.68405e-07, 8.26914e-07, 0.000902159, 0.000149679, 0.777795, 0.000108238, 2.06283, 0.000425478, 0.00036117, 3.92476e-05, 1.23398e-06, 3.95465e-06, 1.21784e-05, 3.92351e-05, 0.893534, 5.05832e-06, 2.55737, 0.000102643, 0.000487602, 4.46289e-05, 4.42886e-06, 5.65182e-06, 1.34983e-05, 7.64068, 0.000238008, 1.7671, 5.40565, 0.000594013, 1.66819e-06, 4.71185e-06, 2.44879e-07, 5.06158e-07, 0.00108476, 2.47502e-08, 1.50309e-05, 0.000101075, 0.00175501, 7.1576e-05, 0.000575698, 7.40474e-05, 0.000209411, 0.000118619, 0.000111854, 0.000109521, 3.11974e-05, 1.70191e-05, 1.378e-05, 4.46156e-06, 0.000806947, 0.000952029, 

4.68405e-07, 3.6702e-07, 0.000149679, 0.153195, 0.000108238, 0.000425478, 3.92476e-05, 1.21784e-05, 0.000238008, 1.34983e-05, 1.23398e-06, 2.91774e-06, 3.92351e-05, 0.893534, 5.05832e-06, 4.46289e-05, 1.16186, 0.000575698, 0.000594013, 2.47502e-08, 4.42886e-06, 3.18194e-07, 0.886726, 1.7671, 5.40565, 1.66819e-06, 4.71185e-06, 0.00036117, 0.000487602, 6.19087e-08, 2.44879e-07, 5.06158e-07, 0.000101075, 5.46793e-05, 7.1576e-05, 0.188862, 0.00489825, 1.50309e-05, 0.000102643, 7.40474e-05, 0.000118619, 0.000111854, 0.000109521, 3.11974e-05, 1.70191e-05, 1.378e-05, 4.46156e-06, 5.65182e-06, 0.000806947, 0.000902159, 

4.68405e-07, 3.6702e-07, 0.153195, 3.92476e-05, 1.34983e-05, 1.71956, 2.62261, 0.000425478, 7.40474e-05, 0.000149679, 1.23398e-06, 2.91774e-06, 0.206791, 4.46289e-05, 1.16186, 0.000594013, 2.47502e-08, 1.21784e-05, 0.00036117, 5.05832e-06, 3.10141e-07, 3.18194e-07, 4.71185e-06, 0.000487602, 6.19087e-08, 2.7897, 4.69113, 0.000238008, 1.66819e-06, 3.92351e-05, 2.44879e-07, 5.06158e-07, 5.46793e-05, 7.1576e-05, 0.188862, 0.00489825, 1.50309e-05, 0.000101075, 0.000102643, 0.000108238, 0.000118619, 0.000111854, 0.000109521, 3.11974e-05, 1.70191e-05, 1.378e-05, 4.46156e-06, 5.65182e-06, 0.000575698, 0.000806947, 

4.68405e-07, 3.6702e-07, 0.153195, 3.92476e-05, 0.000425478, 7.40474e-05, 0.000149679, 0.000575698, 0.00036117, 5.46793e-05, 1.23398e-06, 2.91774e-06, 4.46289e-05, 1.16186, 2.47502e-08, 5.05832e-06, 0.00419614, 1.21784e-05, 7.1576e-05, 0.000238008, 3.10141e-07, 3.07023e-07, 4.71185e-06, 0.000487602, 2.7897, 3.92351e-05, 5.73711, 8.19216e-05, 0.000102643, 0.000806947, 2.44879e-07, 1.72064e-07, 0.188862, 0.00489825, 1.50309e-05, 0.000101075, 0.000108238, 1.66819e-06, 1.34983e-05, 6.19087e-08, 0.000118619, 0.000111854, 0.000109521, 3.11974e-05, 1.70191e-05, 1.378e-05, 4.46156e-06, 5.65182e-06, 0.0758716, 0.29066, 

4.68405e-07, 3.38648e-07, 0.153195, 0.000575698, 0.00036117, 9.64444e-05, 20.8848, 5.46793e-05, 0.000108238, 1.21784e-05, 1.23398e-06, 2.91774e-06, 4.46289e-05, 1.16186, 2.47502e-08, 7.1576e-05, 0.00460359, 4.71185e-06, 1.66819e-06, 0.000102643, 3.10141e-07, 3.07023e-07, 0.000487602, 3.92351e-05, 2.86069, 0.232025, 2.32815, 8.19216e-05, 1.50309e-05, 7.40474e-05, 2.44879e-07, 1.72064e-07, 0.00489825, 0.000101075, 1.34983e-05, 6.19087e-08, 0.415677, 3.92476e-05, 7.41359e-05, 5.05832e-06, 0.000118619, 0.000111854, 0.000109521, 3.11974e-05, 1.70191e-05, 1.378e-05, 4.46156e-06, 5.65182e-06, 0.000149679, 0.000425478, 

4.68405e-07, 3.38648e-07, 0.153195, 9.64444e-05, 5.46793e-05, 0.000108238, 2.1949, 5.05832e-06, 0.000102643, 0.000149679, 1.23398e-06, 2.91774e-06, 4.46289e-05, 1.16186, 2.47502e-08, 7.1576e-05, 4.71185e-06, 0.000487602, 1.50309e-05, 3.92476e-05, 3.10141e-07, 3.07023e-07, 3.92351e-05, 2.86069, 8.19216e-05, 0.179654, 3.71778, 1.21784e-05, 0.000575698, 1.66819e-06, 1.71399e-07, 1.62675e-07, 0.000101075, 1.34983e-05, 6.19087e-08, 0.00245866, 7.41359e-05, 0.000425478, 0.00036117, 7.40474e-05, 0.000118619, 0.000111854, 0.000109521, 3.11974e-05, 1.70191e-05, 1.378e-05, 4.46156e-06, 5.65182e-06, 0.00460359, 0.00489825, 

4.68405e-07, 3.38648e-07, 0.153195, 5.46793e-05, 5.05832e-06, 0.000102643, 1.71853, 9.64444e-05, 2.47502e-08, 6.19087e-08, 1.23398e-06, 1.66931e-06, 4.46289e-05, 1.16186, 0.000487602, 3.92476e-05, 18.3633, 4.71185e-06, 8.19216e-05, 7.41359e-05, 3.10141e-07, 3.07023e-07, 3.92351e-05, 2.86069, 0.000575698, 1.66819e-06, 7.23514, 0.000171729, 0.000108238, 1.19186e-06, 1.71399e-07, 1.62675e-07, 0.000101075, 1.34983e-05, 0.00245866, 7.40474e-05, 1.3828, 7.1576e-05, 1.21784e-05, 0.000149679, 0.000109521, 3.11974e-05, 1.70191e-05, 1.378e-05, 4.46156e-06, 5.65182e-06, 4.89519e-05, 6.28199e-05, 0.000270282, 0.00036117, 

4.68405e-07, 1.85878e-09, 5.46793e-05, 1.71853, 9.64444e-05, 6.19087e-08, 0.00320117, 0.000101075, 1.09202e-05, 0.00036117, 3.07023e-07, 5.31575e-07, 3.92476e-05, 4.71185e-06, 8.19216e-05, 7.41359e-05, 1.68284, 5.05832e-06, 0.000270282, 3.92351e-05, 3.04337e-07, 4.54102e-08, 1.66819e-06, 0.000171729, 0.000108238, 1.19186e-06, 9.2675, 1.34983e-05, 4.46289e-05, 0.000149679, 1.71399e-07, 1.62675e-07, 0.00245866, 7.40474e-05, 0.9576, 7.1576e-05, 1.21784e-05, 2.47502e-08, 0.000448505, 0.000102643, 3.11974e-05, 1.70191e-05, 1.378e-05, 4.46156e-06, 5.65182e-06, 4.89519e-05, 4.97796e-06, 1.23398e-06, 0.000487602, 0.000575698, 

4.68405e-07, 1.85878e-09, 6.19087e-08, 0.00320117, 0.000101075, 1.09202e-05, 0.00036117, 5.46793e-05, 6.38503e-05, 1.34983e-05, 3.07023e-07, 5.31575e-07, 3.92326e-05, 4.71185e-06, 8.19216e-05, 0.000270282, 3.92351e-05, 5.05832e-06, 9.64444e-05, 1.21784e-05, 3.04337e-07, 4.54102e-08, 0.000171729, 9.2675, 4.46289e-05, 0.786655, 7.43835, 1.66819e-06, 2.47502e-08, 0.000108238, 1.71399e-07, 1.62675e-07, 7.40474e-05, 0.299994, 7.1576e-05, 0.0157394, 1.1454e-05, 0.000102643, 1.19186e-06, 7.41359e-05, 3.11974e-05, 1.70191e-05, 1.378e-05, 4.46156e-06, 5.65182e-06, 4.97796e-06, 1.23398e-06, 2.18328e-05, 0.000149679, 0.000448505, 

4.68405e-07, 1.85878e-09, 0.000101075, 0.00036117, 1.22079e-06, 1.34983e-05, 0.110268, 1.19186e-06, 1.1454e-05, 6.19087e-08, 3.07023e-07, 5.31575e-07, 3.92326e-05, 9.64444e-05, 1.21784e-05, 0.857245, 0.014458, 3.92351e-05, 0.000149679, 4.71185e-06, 3.04337e-07, 4.54102e-08, 0.000171729, 9.2675, 4.46289e-05, 2.47502e-08, 0.000108238, 5.05832e-06, 1.09202e-05, 5.46793e-05, 1.71399e-07, 1.62675e-07, 7.40474e-05, 0.299994, 7.1576e-05, 7.41359e-05, 0.00248161, 8.19216e-05, 0.000102643, 1.66819e-06, 3.11974e-05, 1.70191e-05, 1.378e-05, 4.46156e-06, 5.65182e-06, 4.97796e-06, 1.23398e-06, 2.18328e-05, 0.000270282, 0.000448505, 

4.68405e-07, 1.85878e-09, 0.000101075, 1.34983e-05, 1.19186e-06, 1.1454e-05, 2.1342, 4.71185e-06, 7.61185e-05, 1.01616e-06, 3.07023e-07, 5.31575e-07, 3.92326e-05, 0.857245, 0.014458, 3.92351e-05, 0.812887, 1.66819e-06, 7.41359e-05, 7.40474e-05, 3.04337e-07, 4.54102e-08, 0.000171729, 9.2675, 2.47502e-08, 5.05832e-06, 0.420748, 6.19087e-08, 0.000108238, 1.21784e-05, 1.71399e-07, 1.62675e-07, 0.299994, 7.1576e-05, 0.00248161, 8.19216e-05, 0.000102643, 1.09202e-05, 5.46793e-05, 4.46289e-05, 1.70191e-05, 1.378e-05, 4.46156e-06, 5.65182e-06, 4.97796e-06, 1.23398e-06, 2.18328e-05, 9.37535e-07, 0.000149679, 0.000270282, 

4.68405e-07, 1.85878e-09, 1.34983e-05, 1.19186e-06, 1.1454e-05, 3.04848e-06, 2.64764, 4.71185e-06, 7.1576e-05, 7.41359e-05, 3.07023e-07, 5.31575e-07, 3.92326e-05, 3.92351e-05, 1.66819e-06, 7.40474e-05, 0.325736, 0.000108238, 0.00248161, 0.000270282, 2.68041e-07, 4.54102e-08, 0.000171729, 2.47502e-08, 5.05832e-06, 1.21784e-05, 0.143917, 1.09202e-05, 0.000101075, 5.46793e-05, 1.71399e-07, 1.62675e-07, 0.299994, 8.19216e-05, 7.9562e-05, 4.46289e-05, 2.47664, 1.01616e-06, 6.19087e-08, 0.000149679, 1.70191e-05, 1.378e-05, 4.46156e-06, 5.65182e-06, 4.97796e-06, 1.23398e-06, 2.18328e-05, 9.37535e-07, 0.00641285, 0.014458, 

4.68405e-07, 1.85878e-09, 1.19186e-06, 4.71185e-06, 7.1576e-05, 7.41359e-05, 0.23025, 5.05832e-06, 8.80444e-06, 1.34983e-05, 3.07023e-07, 5.31575e-07, 3.92326e-05, 1.66819e-06, 0.00248161, 0.526053, 9.81683, 4.46289e-05, 6.19087e-08, 0.000108238, 2.0038e-08, 2.49202e-08, 0.000171729, 1.21784e-05, 0.143917, 1.09202e-05, 0.000101075, 7.9562e-05, 2.47502e-08, 3.04848e-06, 1.71399e-07, 1.62675e-07, 8.19216e-05, 2.47664, 1.01616e-06, 0.000149679, 6.60642, 1.1454e-05, 5.46793e-05, 7.40474e-05, 1.70191e-05, 1.378e-05, 4.46156e-06, 5.65182e-06, 4.97796e-06, 1.23398e-06, 2.18328e-05, 9.37535e-07, 0.000270282, 0.00641285, 

4.68405e-07, 1.85878e-09, 7.41359e-05, 5.05832e-06, 8.80444e-06, 1.34983e-05, 2.09415, 3.04848e-06, 7.40474e-05, 1.19186e-06, 3.07023e-07, 5.31575e-07, 0.00248161, 6.19087e-08, 0.000108238, 0.166354, 0.287346, 1.01616e-06, 1.66819e-06, 7.1576e-05, 5.32964e-09, 2.49202e-08, 1.21784e-05, 0.143917, 1.09202e-05, 0.000101075, 0.575493, 1.1454e-05, 3.92326e-05, 4.71185e-06, 1.71399e-07, 1.62675e-07, 8.19216e-05, 2.47664, 6.60642, 2.02759, 0.0164385, 5.46793e-05, 4.46289e-05, 2.47502e-08, 1.70191e-05, 1.378e-05, 4.46156e-06, 5.65182e-06, 4.97796e-06, 1.23398e-06, 9.37535e-07, 5.90813e-07, 7.9562e-05, 0.000149679, 

4.68405e-07, 1.85878e-09, 5.05832e-06, 1.34983e-05, 0.013001, 1.19186e-06, 1.15977, 6.19087e-08, 7.41359e-05, 1.66819e-06, 3.07023e-07, 5.31575e-07, 0.166354, 0.287346, 1.01616e-06, 7.1576e-05, 0.36571, 7.97441e-06, 7.9562e-05, 7.40474e-05, 5.32964e-09, 2.49202e-08, 1.21784e-05, 1.09202e-05, 0.575493, 0.927691, 0.398458, 5.46793e-05, 3.92326e-05, 8.19216e-05, 1.71399e-07, 1.62675e-07, 1.10389, 2.02759, 4.46289e-05, 2.47502e-08, 3.69117, 3.04848e-06, 4.71185e-06, 1.1454e-05, 1.70191e-05, 1.378e-05, 4.46156e-06, 5.65182e-06, 4.97796e-06, 1.23398e-06, 9.37535e-07, 5.90813e-07, 0.000101075, 0.000108238, 

4.68405e-07, 1.85878e-09, 1.34983e-05, 0.013001, 1.15977, 6.19087e-08, 1.18557, 4.71185e-06, 3.92326e-05, 1.66819e-06, 3.07023e-07, 5.31575e-07, 0.166354, 1.01616e-06, 0.36571, 7.97441e-06, 5.01692e-07, 5.05832e-06, 7.40474e-05, 8.50779e-06, 5.32964e-09, 2.49202e-08, 1.21784e-05, 0.398458, 5.46793e-05, 8.19216e-05, 1.11918, 1.09202e-05, 1.19186e-06, 2.47502e-08, 1.71399e-07, 2.86934e-08, 1.10389, 3.69117, 3.04848e-06, 1.1454e-05, 2.14579, 7.1576e-05, 4.46289e-05, 1.03255e-05, 1.378e-05, 4.46156e-06, 5.65182e-06, 4.97796e-06, 1.23398e-06, 9.37535e-07, 5.90813e-07, 7.29048e-07, 7.41359e-05, 7.9562e-05, 

4.68405e-07, 1.85878e-09, 1.34983e-05, 4.71185e-06, 3.92326e-05, 1.66819e-06, 0.186473, 2.47502e-08, 1.01616e-06, 7.40474e-05, 1.30238e-07, 4.97595e-07, 0.302027, 5.05832e-06, 5.70391e-09, 0.020358, 0.00517529, 1.03255e-05, 0.013001, 7.97441e-06, 5.32964e-09, 2.49202e-08, 1.21784e-05, 8.19216e-05, 1.09202e-05, 1.19186e-06, 1.76006e-05, 7.1576e-05, 7.9562e-05, 5.01692e-07, 1.71399e-07, 2.86934e-08, 1.10389, 3.04848e-06, 1.1454e-05, 2.14579, 4.46289e-05, 5.46793e-05, 7.41359e-05, 6.19087e-08, 1.378e-05, 4.46156e-06, 5.65182e-06, 4.97796e-06, 1.23398e-06, 9.37535e-07, 5.90813e-07, 7.29048e-07, 0.0306072, 0.194598, 

4.68405e-07, 1.85878e-09, 1.34983e-05, 3.92326e-05, 1.01616e-06, 9.57603, 0.0598589, 1.09202e-05, 7.41359e-05, 5.05832e-06, 1.30238e-07, 4.97595e-07, 0.020358, 0.00517529, 1.03255e-05, 7.97441e-06, 4.32416, 1.19186e-06, 1.66819e-06, 5.70391e-09, 5.32964e-09, 2.49202e-08, 1.21784e-05, 1.76006e-05, 7.1576e-05, 5.01692e-07, 0.153435, 7.9562e-05, 2.47502e-08, 7.40474e-05, 1.71399e-07, 2.86934e-08, 1.10389, 1.1454e-05, 4.46289e-05, 6.19087e-08, 0.698353, 5.46793e-05, 3.04848e-06, 4.71185e-06, 1.378e-05, 4.46156e-06, 5.65182e-06, 4.97796e-06, 1.23398e-06, 9.37535e-07, 5.90813e-07, 7.29048e-07, 8.19216e-05, 0.013001, 

4.68405e-07, 1.85878e-09, 1.34983e-05, 9.57603, 0.0598589, 1.09202e-05, 7.41359e-05, 1.19186e-06, 3.04848e-06, 7.97441e-06, 1.30238e-07, 1.97502e-07, 1.03255e-05, 4.32416, 1.66819e-06, 5.70391e-09, 0.188755, 2.47502e-08, 7.1576e-05, 5.46793e-05, 5.32964e-09, 2.49202e-08, 1.21784e-05, 1.76006e-05, 7.9562e-05, 7.40474e-05, 3.34168, 2.49157e-05, 1.01616e-06, 4.46289e-05, 1.71399e-07, 2.86934e-08, 1.1454e-05, 6.19087e-08, 4.71185e-06, 0.797402, 0.0202298, 5.05832e-06, 3.92326e-05, 5.01692e-07, 4.46156e-06, 5.65182e-06, 4.97796e-06, 1.23398e-06, 9.37535e-07, 5.90813e-07, 7.29048e-07, 1.31519e-05, 8.19216e-05, 0.00517529, 

4.68405e-07, 1.85878e-09, 1.34983e-05, 0.670097, 0.0598589, 3.04848e-06, 0.00132567, 1.09202e-05, 1.66819e-06, 1.1454e-05, 2.20827e-09, 2.44772e-10, 1.03255e-05, 2.47502e-08, 7.1576e-05, 0.458351, 0.493052, 5.01692e-07, 7.97441e-06, 5.70391e-09, 5.32964e-09, 2.36933e-08, 1.21784e-05, 1.76006e-05, 7.9562e-05, 3.34168, 0.648919, 1.01616e-06, 4.46289e-05, 4.71185e-06, 1.71399e-07, 2.86934e-08, 0.797402, 0.0202298, 5.05832e-06, 3.92326e-05, 0.858381, 2.49157e-05, 6.19087e-08, 1.19186e-06, 4.46156e-06, 5.65182e-06, 4.97796e-06, 1.23398e-06, 9.37535e-07, 5.90813e-07, 7.29048e-07, 1.31519e-05, 5.46793e-05, 7.40474e-05, 

4.68405e-07, 1.85878e-09, 1.34983e-05, 0.670097, 9.89347e-05, 1.09202e-05, 1.2892, 1.01616e-06, 1.66819e-06, 7.97441e-06, 6.76164e-10, 2.44772e-10, 1.03255e-05, 0.493052, 5.70391e-09, 0.317974, 3.36222e-06, 1.76006e-05, 2.47502e-08, 3.04848e-06, 5.32964e-09, 2.36933e-08, 7.9562e-05, 0.648919, 4.46289e-05, 1.56931, 12.1051, 1.1454e-05, 5.01692e-07, 1.19186e-06, 1.71399e-07, 2.86934e-08, 0.797402, 3.92326e-05, 2.49157e-05, 6.19087e-08, 1.64923, 1.21784e-05, 4.71185e-06, 5.05832e-06, 4.46156e-06, 5.65182e-06, 4.97796e-06, 1.23398e-06, 9.37535e-07, 5.90813e-07, 7.29048e-07, 1.96147e-06, 5.46793e-05, 7.1576e-05, 

2.07922e-07, 1.85878e-09, 2.63669e-05, 1.01616e-06, 7.97441e-06, 0.168258, 0.0490314, 1.66819e-06, 5.70391e-09, 4.71185e-06, 6.76164e-10, 2.44772e-10, 0.0144544, 3.36222e-06, 1.76006e-05, 2.36674, 2.53095, 5.05832e-06, 3.04848e-06, 1.03255e-05, 5.32964e-09, 2.36933e-08, 7.9562e-05, 0.648919, 4.46289e-05, 0.390991, 0.179975, 1.19186e-06, 1.34983e-05, 5.01692e-07, 1.71399e-07, 2.86934e-08, 2.49157e-05, 6.19087e-08, 1.64923, 1.21784e-05, 4.39098, 2.47502e-08, 1.1454e-05, 1.09202e-05, 4.46156e-06, 5.65182e-06, 4.97796e-06, 1.23398e-06, 9.37535e-07, 5.90813e-07, 7.29048e-07, 1.96147e-06, 1.50631e-05, 3.92326e-05, 

1.11523e-08, 1.85878e-09, 1.01616e-06, 7.97441e-06, 0.0490314, 1.66819e-06, 4.71185e-06, 3.04848e-06, 1.03255e-05, 1.09202e-05, 6.76164e-10, 2.44772e-10, 3.36222e-06, 0.306235, 0.270563, 0.000164716, 2.09725, 4.46289e-05, 1.50631e-05, 5.70391e-09, 5.32964e-09, 1.97572e-08, 7.9562e-05, 0.648919, 1.19186e-06, 1.34983e-05, 2.21592e-07, 3.92326e-05, 5.05832e-06, 5.01692e-07, 1.32954e-07, 2.86934e-08, 2.49157e-05, 6.19087e-08, 4.39098, 2.47502e-08, 1.1454e-05, 2.63669e-05, 1.76006e-05, 1.21784e-05, 4.46156e-06, 4.97796e-06, 1.23398e-06, 9.37535e-07, 5.90813e-07, 7.29048e-07, 1.96147e-06, 3.44816e-07, 0.000665768, 0.168258, 

1.11523e-08, 1.85878e-09, 1.01616e-06, 0.0490314, 1.03255e-05, 1.09202e-05, 2.13337, 1.66819e-06, 4.71185e-06, 3.36222e-06, 6.76164e-10, 2.44772e-10, 0.000164716, 0.215364, 4.46289e-05, 1.50631e-05, 5.70391e-09, 5.5743e-07, 7.97441e-06, 1.76006e-05, 5.32964e-09, 1.97572e-08, 7.9562e-05, 1.34983e-05, 2.21592e-07, 3.92326e-05, 10.0067, 3.04848e-06, 1.19186e-06, 5.05832e-06, 3.9282e-09, 2.20758e-08, 6.19087e-08, 4.39098, 2.47502e-08, 2.63669e-05, 1.21784e-05, 2.60538e-06, 5.01692e-07, 1.1454e-05, 4.46156e-06, 4.97796e-06, 1.23398e-06, 9.37535e-07, 5.90813e-07, 7.29048e-07, 1.96147e-06, 3.44816e-07, 2.49157e-05, 0.000665768, 

Best:
-1.56452e-05	

Fitness Evaluations:
3299

End Population
(1.056045e-04), (-4.311357e-05), (1.008049e-03), (2.214304e-01), (-3.213336e-03), (-3.304567e-03), (-1.460608e+00), (-1.291585e-03), (-2.170679e-03), (-1.833636e-03), (-2.600315e-05), (-1.564518e-05), (1.283417e-02), (-4.640738e-01), (6.680483e-03), (3.881126e-03), (-7.552424e-05), (7.466123e-04), (-2.823899e-03), (4.195301e-03), (-7.300436e-05), (1.405602e-04), (8.919752e-03), (-3.673998e-03), (-4.707357e-04), (-6.263592e-03), (-3.163342e+00), (-1.745990e-03), (-1.091724e-03), (2.249071e-03), (-6.267538e-05), (-1.485794e-04), (2.488146e-04), (-2.095466e+00), (1.573220e-04), (5.134868e-03), (3.489763e-03), (1.614120e-03), (7.083023e-04), (-3.384369e-03), (2.112241e-03), (-2.231135e-03), (-1.110845e-03), (9.682637e-04), (7.686434e-04), (8.538428e-04), (-1.400524e-03), (-5.872100e-04), (-4.991563e-03), (2.580248e-02), 