Iterations: 50
Function Evaluations Limit: 150000
Population: 50

Prides Length: 4

Percent Nomads: 0.2
Percent Roaming: 0.2
Percent Sex: 0.8

Mating Rate: 0.3
Mutation Probability: 0.2
Immigration Rate: 0.4

Dimensions: 1
N-Dimension Space: -5:5

Fitness Iterations:
2.18016e-05
1.36128, 0.144895, 0.0192851, 5.64482, 11.3453, 2.17625, 0.0285879, 3.74262, 17.2167, 5.5291, 1.76821, 0.240488, 0.669704, 4.07807, 2.90247, 18.8891, 4.50703, 1.57828, 14.1686, 3.37079, 0.880295, 0.604858, 12.1359, 2.18016e-05, 3.6936, 1.44534, 3.48652, 2.0081, 19.3466, 3.37352, 13.815, 18.0424, 22.4231, 12.4791, 2.83169, 5.89721, 9.27268, 4.66641, 5.0938, 3.12053, 0.000719557, 6.54818, 0.00161917, 0.561796, 13.8878, 0.69507, 4.22557, 2.50642, 1.92135, 0.687608, 

0.000719557, 0.00161917, 0.0192851, 1.48863, 1.21322, 1.41691, 0.371677, 2.78063, 3.37352, 1.92135, 0.27736, 0.240488, 2.00078, 4.50703, 1.57828, 3.37079, 8.61572, 1.98374, 0.669704, 3.30417, 0.28458, 0.150153, 11.2225, 2.18016e-05, 3.48652, 2.0081, 0.662897, 0.687608, 0.892838, 2.26972, 2.42485, 0.00211031, 1.06491, 2.83169, 4.66641, 3.12053, 0.829708, 0.00102181, 1.44534, 1.29279, 0.17804, 0.880295, 0.144895, 0.561796, 0.69507, 0.605523, 1.31518, 0.492764, 3.93082, 4.07807, 

0.000719557, 0.00161917, 1.48863, 1.12469, 0.371677, 0.263789, 0.00485418, 0.662897, 0.205815, 0.00516889, 0.0710923, 0.140598, 0.0208296, 0.162221, 3.37079, 1.98374, 3.30417, 0.00102181, 0.892838, 0.669704, 0.144895, 0.248287, 0.564863, 2.18016e-05, 2.26972, 0.430889, 0.711572, 0.759803, 0.381761, 0.687608, 0.00211031, 0.27736, 2.83169, 4.66641, 0.829708, 1.29279, 1.06295, 0.0328101, 0.618721, 0.0192851, 0.226335, 0.150153, 0.561796, 0.103989, 0.00507298, 0.554623, 0.447818, 0.159441, 1.06491, 1.41691, 

0.000719557, 0.000624065, 1.48863, 0.371677, 0.662897, 0.0504593, 3.66667, 0.00485418, 0.00754805, 0.204673, 0.00507298, 0.03567, 0.0208296, 0.279354, 0.193984, 0.205228, 0.00178297, 0.00102181, 0.0184208, 0.26049, 0.0736912, 0.159441, 0.564863, 2.18016e-05, 0.430889, 0.759803, 0.381761, 0.258407, 0.00498604, 0.162221, 0.00211031, 0.150153, 1.7978, 0.0191782, 1.06295, 0.0328101, 0.0192851, 0.00516889, 0.263789, 0.262783, 0.248287, 0.27736, 0.144895, 0.0710923, 0.447818, 0.226335, 0.0164139, 0.103989, 0.618721, 0.711572, 

0.000609458, 0.000624065, 1.48863, 0.662897, 3.50729, 0.00754805, 0.164228, 0.0504593, 0.0192851, 0.0443987, 0.00507298, 0.03567, 0.165797, 0.00178297, 0.0184208, 0.0319628, 0.658074, 0.00485418, 0.162221, 0.00561862, 0.0710923, 0.0727711, 2.18016e-05, 0.759803, 0.191596, 0.184407, 0.00498604, 6.26165e-07, 0.00516889, 0.00102181, 0.000191787, 0.0164139, 0.0191782, 1.06295, 0.263789, 0.440735, 0.500621, 0.000869355, 0.127586, 0.0328101, 0.159441, 0.0736912, 0.226335, 0.150153, 0.144895, 0.103989, 0.0807435, 0.185432, 0.180164, 0.193984, 

0.000609458, 0.000624065, 1.48863, 0.111662, 0.164228, 0.0504593, 0.0443987, 0.00561862, 0.00723524, 0.00178297, 0.00507298, 0.0197021, 0.165797, 0.0184208, 0.658074, 0.00485418, 21.683, 0.0126906, 0.00516889, 0.0192851, 0.0526092, 0.00519096, 0.0592842, 0.00498604, 6.26165e-07, 0.00102181, 0.0548533, 0.00552083, 0.00754805, 0.121948, 0.000191787, 0.0164139, 0.0191782, 0.263789, 0.00510057, 0.500621, 0.0328101, 2.18016e-05, 0.000869355, 0.0317362, 0.159441, 0.0736912, 0.150153, 0.144895, 0.103989, 0.0807435, 0.0727711, 0.0440543, 0.127586, 0.162221, 

0.000609458, 0.000624065, 0.164228, 0.0504593, 0.00723524, 0.00178297, 4.44305, 0.00498604, 0.00112146, 0.0136379, 0.0048176, 0.00702957, 3.07729, 0.0126906, 0.00516889, 0.012855, 1.86267, 6.26165e-07, 0.00309914, 0.00485418, 1.00774e-05, 0.00115255, 0.0592842, 0.00102181, 0.0548533, 0.00754805, 0.00182531, 0.00561862, 0.000869355, 0.0184208, 0.000191787, 0.00874932, 0.263789, 0.0328101, 2.18016e-05, 0.0317362, 0.869095, 0.00552083, 0.0191782, 0.00510057, 0.0736912, 0.103989, 0.0807435, 0.0727711, 0.0440543, 0.00900839, 0.00507298, 0.0132807, 0.111662, 0.121948, 

0.000609458, 0.000624065, 0.164228, 0.0199877, 0.00112146, 0.0136379, 0.819931, 0.00754805, 2.18016e-05, 0.00498604, 0.0048176, 0.000157166, 2.78102, 0.00516889, 0.00131823, 0.00485418, 0.000274036, 0.00510057, 0.0126906, 6.26165e-07, 1.00774e-05, 0.00115255, 0.0592842, 0.00102181, 0.0548533, 0.00561862, 0.0169459, 0.00178297, 0.00723524, 0.00182531, 0.000191787, 0.00507298, 0.263789, 0.869095, 0.00552083, 0.0191782, 0.0116588, 0.000869355, 0.00326144, 0.012855, 0.0440543, 0.00900839, 0.00874932, 0.0132807, 0.00353245, 0.0715796, 0.00702957, 0.0127699, 0.0184208, 0.0317362, 

0.00015603, 0.000122311, 0.164228, 0.00112146, 0.0136379, 2.18016e-05, 0.00498604, 0.00723524, 0.00237731, 0.0317362, 0.0048176, 0.000157166, 0.000274036, 0.00510057, 0.0126906, 6.26165e-07, 1.08718, 0.0184208, 0.012855, 0.00326144, 1.00774e-05, 0.000319239, 0.0592842, 0.00102181, 0.00561862, 0.00178297, 0.00182531, 5.62954e-05, 0.00485418, 0.0199877, 0.000191787, 0.00134841, 0.00552083, 0.0191782, 0.00857557, 0.000869355, 0.915465, 0.00516889, 0.0169459, 0.00131823, 0.00900839, 0.00874932, 0.0132807, 0.00353245, 0.00702957, 0.0127699, 0.0437017, 0.00507298, 0.0548533, 0.061117, 

0.00015603, 0.000122311, 0.0136379, 2.18016e-05, 0.00498604, 0.00723524, 0.00237731, 0.00112146, 0.000274036, 0.00485418, 0.00217299, 0.000157166, 6.26165e-07, 1.08718, 0.00326144, 2.80989, 5.1354, 0.0026786, 0.00561862, 0.00510057, 1.00774e-05, 9.19327e-05, 0.0592842, 0.00178297, 0.00182531, 0.915858, 0.317191, 0.00857557, 0.00552083, 0.00131823, 0.000191787, 0.00134841, 0.000869355, 0.686755, 0.00516889, 0.0169459, 0.0516994, 0.00102181, 5.62954e-05, 0.0126906, 0.00900839, 0.00874932, 0.0132807, 0.00353245, 0.00702957, 0.0127699, 0.00507298, 0.00497151, 0.012855, 0.0170385, 

0.000115329, 0.000122311, 0.0136379, 2.18016e-05, 0.00498604, 0.00112146, 1.30136, 0.00131823, 0.00237731, 0.000274036, 0.00217299, 3.70705e-06, 6.26165e-07, 2.80989, 0.00561862, 0.00510057, 1.21047, 0.000469043, 0.00485418, 0.0126906, 1.00774e-05, 9.19327e-05, 0.0018862, 0.00182531, 0.915858, 0.00552083, 0.000975567, 0.00857557, 0.00102181, 0.00178297, 0.000191376, 0.00109266, 0.000869355, 0.686755, 0.00516889, 0.000969074, 1.47272, 0.00326144, 5.62954e-05, 0.00723524, 0.00900839, 0.00874932, 0.00353245, 0.00702957, 0.0127699, 0.00507298, 0.00497151, 0.00277269, 0.012855, 0.0170385, 

2.6738e-05, 1.37487e-06, 0.00498604, 0.00112146, 0.000274036, 3.29366, 1.75657, 0.00237731, 0.00561862, 0.00552083, 0.00217299, 3.70705e-06, 6.26165e-07, 2.80989, 0.887074, 0.879436, 1.60316, 0.00485418, 0.000469043, 0.00178297, 1.00774e-05, 9.19327e-05, 0.000264183, 0.00182531, 0.915858, 0.00102181, 0.261085, 0.00131823, 0.00516889, 0.00510057, 6.88478e-05, 0.00109266, 0.000869355, 0.686755, 0.000969074, 0.00326144, 0.221555, 5.62954e-05, 0.000975567, 2.18016e-05, 0.00900839, 0.00874932, 0.00353245, 0.00702957, 0.0127699, 0.00507298, 0.00497151, 0.00277269, 0.00723524, 0.00857557, 

2.6738e-05, 1.37487e-06, 0.00498604, 0.00112146, 0.000274036, 0.00552083, 3.96447, 0.00237731, 0.00131823, 0.00269679, 0.000352582, 3.70705e-06, 2.80989, 0.879436, 0.000469043, 0.579148, 1.09992, 0.00516889, 0.00561862, 0.00326144, 1.00774e-05, 9.19327e-05, 0.000264183, 0.00182531, 0.915858, 0.00102181, 0.000308535, 0.00485418, 0.000969074, 6.26165e-07, 6.88478e-05, 0.00108296, 0.221555, 5.62954e-05, 0.000975567, 2.18016e-05, 2.25531, 0.00510057, 0.00178297, 0.000869355, 0.00874932, 0.00353245, 0.00702957, 0.00507298, 0.00497151, 0.00277269, 0.00451271, 0.00217299, 0.00723524, 0.00857557, 

2.6738e-05, 1.37487e-06, 0.00112146, 0.00552083, 0.00264029, 0.00237731, 0.00269679, 0.000274036, 5.62954e-05, 0.00223804, 0.000352582, 3.70705e-06, 2.80989, 0.000469043, 1.09992, 0.00561862, 7.85788, 0.00485418, 0.000630555, 0.000869355, 1.00774e-05, 9.19327e-05, 0.00182531, 0.00102181, 0.000308535, 0.000969074, 5.00489, 0.000264183, 0.00326144, 0.00510057, 8.48894e-06, 0.00108296, 0.221555, 0.000975567, 2.18016e-05, 0.00178297, 1.02887, 6.26165e-07, 0.00131823, 0.00498604, 0.00353245, 0.00702957, 0.00507298, 0.00497151, 0.00277269, 0.00451271, 0.00217299, 0.00171567, 0.00516889, 0.00723524, 

8.82526e-06, 1.37487e-06, 0.00112146, 0.00264029, 0.00237731, 0.00269679, 0.0015431, 0.00102181, 0.000264183, 0.00326144, 0.000352582, 3.70705e-06, 2.80989, 1.29137, 0.000869355, 0.91028, 7.7588, 0.000969074, 0.000274036, 3.30727e-05, 1.00774e-05, 9.19327e-05, 0.00182531, 0.000308535, 1.1238, 0.00510057, 0.72929, 0.000975567, 0.000469043, 6.26165e-07, 8.48894e-06, 0.00108296, 0.221555, 2.18016e-05, 0.00498604, 0.172874, 0.683233, 0.00131823, 0.000630555, 5.62954e-05, 0.00353245, 0.00507298, 0.00497151, 0.00277269, 0.00451271, 0.00217299, 0.00171567, 0.00135368, 0.00485418, 0.00516889, 

8.82526e-06, 1.37487e-06, 0.00112146, 0.00237731, 0.00326144, 0.000456761, 0.0399543, 0.000969074, 6.26165e-07, 0.00264029, 0.000352582, 3.70705e-06, 1.29137, 0.000869355, 0.91028, 7.7588, 0.000274036, 0.000630555, 0.00102181, 0.000469043, 1.00774e-05, 9.19327e-05, 0.000308535, 1.1238, 0.00510057, 0.000975567, 0.660704, 0.000264183, 0.00131823, 0.0015431, 8.48894e-06, 0.000863545, 0.221555, 2.18016e-05, 0.172874, 0.683233, 0.624868, 3.30727e-05, 0.00182531, 5.62954e-05, 0.00353245, 0.00497151, 0.00277269, 0.00451271, 0.00217299, 0.00171567, 0.00135368, 0.00108296, 0.00269679, 0.00485418, 

3.72954e-06, 1.37487e-06, 0.00112146, 3.1277e-05, 0.0399543, 6.26165e-07, 1.4512, 0.000969074, 0.0015431, 0.00264029, 0.000117888, 3.70705e-06, 0.484669, 3.88013, 0.000274036, 0.000630555, 0.000469043, 0.000869355, 0.000939144, 2.18016e-05, 1.00774e-05, 5.99407e-05, 1.1238, 0.00510057, 0.000264183, 0.00131823, 1.1069, 0.000308535, 0.000456761, 0.00102181, 8.48894e-06, 0.000706953, 0.221555, 0.172874, 3.30727e-05, 0.00182531, 7.26702, 0.00237731, 0.000975567, 5.62954e-05, 0.00353245, 0.00497151, 0.00277269, 0.00451271, 0.00217299, 0.00171567, 0.00135368, 0.00108296, 0.00269679, 0.00485418, 

3.72954e-06, 1.37487e-06, 3.1277e-05, 0.000227871, 6.26165e-07, 0.0227247, 0.000969074, 0.000469043, 3.30727e-05, 0.00060325, 0.000117888, 3.70705e-06, 0.484669, 0.000274036, 0.000630555, 2.18016e-05, 24.5977, 0.00237731, 0.000939144, 0.000456761, 1.00774e-05, 5.99407e-05, 0.000264183, 0.00131823, 1.1069, 0.000308535, 0.00102181, 0.00112146, 0.0015431, 0.00182531, 8.48894e-06, 0.000706953, 0.172874, 0.000975567, 5.62954e-05, 0.415971, 0.00309874, 0.00264029, 0.00269679, 0.000869355, 0.00277269, 0.00217299, 0.00171567, 0.00135368, 0.00108296, 0.00120842, 0.000765333, 0.00272808, 0.00485418, 0.00510057, 

3.72954e-06, 1.37487e-06, 0.000227871, 6.26165e-07, 0.000469043, 3.30727e-05, 1.63642, 0.00060325, 0.000975567, 0.000274036, 0.000117888, 3.70705e-06, 2.18016e-05, 1.10252, 0.00237731, 0.000939144, 22.8447, 0.000264183, 0.000630555, 0.000969074, 1.6509e-08, 2.34975e-05, 0.000566073, 1.1069, 0.00112146, 0.00182531, 0.000218018, 0.000869355, 3.1277e-05, 0.000308535, 8.48894e-06, 0.000706953, 5.62954e-05, 0.00309874, 0.00264029, 0.00269679, 9.04617, 0.00102181, 0.0015431, 0.000456761, 0.00217299, 0.00171567, 0.00135368, 0.00108296, 0.00120842, 0.000765333, 0.00272808, 0.000192496, 0.00485418, 0.00510057, 

9.05442e-07, 1.37487e-06, 3.30727e-05, 0.00060325, 0.000975567, 0.565126, 9.35497, 0.00182531, 0.000308535, 0.000939144, 3.15014e-05, 3.70705e-06, 2.18016e-05, 0.00237731, 0.000630555, 1.22166, 3.86987, 0.000469043, 3.1277e-05, 0.00102181, 1.6509e-08, 2.34975e-05, 0.000566073, 1.1069, 0.000218018, 0.000869355, 0.912251, 0.000274036, 0.000227871, 0.00112146, 8.48894e-06, 0.000192496, 5.62954e-05, 0.00264029, 0.0015431, 0.000456761, 1.4412, 6.26165e-07, 0.000264183, 0.000969074, 0.00217299, 0.00171567, 0.00135368, 0.00108296, 0.00120842, 0.000765333, 0.00272808, 0.000706953, 0.00269679, 0.00309874, 

9.05442e-07, 1.37487e-06, 0.000975567, 0.755145, 0.000939144, 1.55926, 1.50468, 3.30727e-05, 0.000218018, 1.13545e-08, 3.70705e-06, 1.52624e-07, 2.18016e-05, 0.00237731, 0.000630555, 1.82006e-05, 7.3896, 0.000264183, 0.00060325, 0.000469043, 1.6509e-08, 2.34975e-05, 0.000566073, 1.1069, 0.912251, 0.000274036, 0.00112146, 0.000869355, 6.26165e-07, 3.1277e-05, 8.48894e-06, 3.15014e-05, 5.62954e-05, 0.00264029, 0.0015431, 0.463283, 0.0900142, 0.000211773, 0.000456761, 0.000227871, 0.00217299, 0.00171567, 0.00135368, 0.00108296, 0.00120842, 0.000765333, 0.000706953, 0.000192496, 0.000969074, 0.00102181, 

9.05442e-07, 7.21464e-08, 0.000975567, 1.55926, 1.50468, 1.13545e-08, 6.44054, 0.000630555, 3.30727e-05, 0.000227871, 3.70705e-06, 1.52624e-07, 2.18016e-05, 1.82006e-05, 0.038015, 0.000264183, 0.000298873, 0.000939144, 8.55458e-05, 0.00060325, 1.6509e-08, 1.01192e-06, 0.000566073, 1.1069, 0.912251, 6.26165e-07, 3.1277e-05, 0.000274036, 0.000346647, 0.000969074, 8.48894e-06, 3.15014e-05, 5.62954e-05, 0.00264029, 0.463283, 0.000456761, 1.63655, 0.000211773, 0.000218018, 0.000869355, 0.00171567, 0.00135368, 0.00108296, 0.00120842, 0.000765333, 0.000706953, 0.000192496, 0.000174744, 0.00102181, 0.00106308, 

9.05442e-07, 7.21464e-08, 0.000975567, 1.50468, 1.13545e-08, 0.1519, 0.000227871, 3.1277e-05, 0.000630555, 0.000298873, 3.70705e-06, 1.52624e-07, 2.18016e-05, 1.82006e-05, 9.6426e-05, 0.000264183, 0.000704848, 0.000939144, 0.000218018, 8.55458e-05, 1.6509e-08, 1.01192e-06, 0.000566073, 1.1069, 0.000346647, 0.000969074, 5.93853e-05, 3.30727e-05, 6.26165e-07, 0.00060325, 8.48894e-06, 3.15014e-05, 5.62954e-05, 0.00264029, 0.000211773, 0.000869355, 1.12105, 0.000456761, 0.000274036, 0.00102181, 0.00108296, 0.00120842, 0.000765333, 0.000706953, 0.000192496, 0.000174744, 0.000474608, 8.86437e-05, 0.00106308, 0.182777, 

9.05442e-07, 7.21464e-08, 1.13545e-08, 0.1519, 3.1277e-05, 0.000298873, 0.0621829, 3.30727e-05, 0.000264183, 0.000227871, 3.70705e-06, 1.52624e-07, 9.6426e-05, 0.000939144, 0.000218018, 2.31546, 9.90892e-06, 1.82006e-05, 8.55458e-05, 0.000704848, 1.6509e-08, 1.01192e-06, 0.000969074, 6.26165e-07, 0.00060325, 0.00657744, 0.544819, 2.18016e-05, 0.000456761, 5.93853e-05, 8.48894e-06, 2.10355e-05, 5.62954e-05, 0.00264029, 0.000211773, 0.000274036, 0.00102181, 0.000566073, 0.000346647, 0.000630555, 0.00108296, 0.000765333, 0.000706953, 0.000192496, 0.000174744, 0.000474608, 8.86437e-05, 1.18801e-05, 0.000869355, 0.000975567, 

9.05442e-07, 7.21464e-08, 3.1277e-05, 3.30727e-05, 0.000264183, 0.000227871, 0.136246, 0.000969074, 0.000566073, 0.000298873, 3.70705e-06, 1.52624e-07, 0.000218018, 2.31546, 1.82006e-05, 8.55458e-05, 0.000704848, 2.18016e-05, 0.000346647, 9.90892e-06, 1.6509e-08, 7.49729e-07, 0.00060325, 0.544819, 0.000456761, 5.93853e-05, 0.0233896, 0.000630555, 6.26165e-07, 1.13545e-08, 8.48894e-06, 2.10355e-05, 5.62954e-05, 0.000211773, 0.000274036, 0.00102181, 6.30262e-05, 0.000939144, 0.000869355, 9.6426e-05, 0.000765333, 0.000706953, 0.000192496, 0.000174744, 0.000474608, 8.86437e-05, 1.18801e-05, 3.7126e-05, 0.000975567, 0.00264029, 

9.05442e-07, 7.21464e-08, 3.1277e-05, 3.30727e-05, 0.000969074, 0.000566073, 0.00588114, 0.000264183, 0.000869355, 0.000227871, 3.70705e-06, 1.52624e-07, 1.82006e-05, 8.55458e-05, 0.000704848, 0.000346647, 1.83437, 0.000939144, 2.18016e-05, 0.000298873, 6.6142e-09, 7.49729e-07, 0.00060325, 0.000456761, 5.93853e-05, 0.0233896, 6.26165e-07, 9.90892e-06, 1.13545e-08, 0.000218018, 8.48894e-06, 3.71788e-06, 5.62954e-05, 0.000211773, 0.000274036, 0.00102181, 9.6426e-05, 3.33002e-06, 0.000630555, 6.30262e-05, 0.000706953, 0.000192496, 0.000174744, 0.000474608, 8.86437e-05, 1.18801e-05, 3.7126e-05, 2.10355e-05, 0.000975567, 0.00264029, 

9.05442e-07, 7.21464e-08, 3.30727e-05, 0.000566073, 0.00588114, 0.000227871, 1.56802, 0.000264183, 6.26165e-07, 0.000456761, 3.70705e-06, 1.52624e-07, 1.82006e-05, 8.55458e-05, 0.000704848, 0.000939144, 0.889524, 5.62954e-05, 0.000211773, 0.000346647, 6.6142e-09, 7.49729e-07, 0.00060325, 0.0233896, 9.90892e-06, 0.000218018, 1.02266, 3.1277e-05, 2.18016e-05, 9.6426e-05, 9.36696e-07, 3.71788e-06, 0.000274036, 3.33002e-06, 0.000630555, 6.30262e-05, 0.717232, 0.000298873, 1.13545e-08, 5.93853e-05, 0.000706953, 0.000192496, 0.000174744, 0.000474608, 8.86437e-05, 1.18801e-05, 3.7126e-05, 2.10355e-05, 0.000869355, 0.000969074, 

9.05442e-07, 7.21464e-08, 0.00588114, 1.56802, 6.26165e-07, 0.000456761, 1.71682, 5.93853e-05, 8.55458e-05, 1.82006e-05, 3.70705e-06, 1.52624e-07, 0.000704848, 0.000939144, 0.889524, 5.62954e-05, 1.33433e-05, 3.1277e-05, 5.40849e-06, 3.30727e-05, 6.6142e-09, 7.49729e-07, 0.0233896, 0.000218018, 1.02266, 2.18016e-05, 9.6426e-05, 0.000227871, 0.000211773, 6.30262e-05, 9.36696e-07, 3.71788e-06, 3.33002e-06, 0.717232, 0.000298873, 1.13545e-08, 9.42299, 0.000264183, 9.90892e-06, 0.000274036, 0.000192496, 0.000174744, 8.86437e-05, 1.18801e-05, 3.7126e-05, 2.10355e-05, 4.04953e-05, 5.11789e-06, 0.000346647, 0.000566073, 

9.05442e-07, 7.21464e-08, 0.00588114, 6.26165e-07, 0.000456761, 5.93853e-05, 8.55458e-05, 0.000704848, 0.000298873, 1.13545e-08, 2.40113e-06, 1.52624e-07, 0.000939144, 1.33433e-05, 5.40849e-06, 3.30727e-05, 0.0281552, 1.82006e-05, 0.000346647, 0.000264183, 6.6142e-09, 7.49729e-07, 0.000218018, 1.02266, 2.18016e-05, 9.6426e-05, 6.30262e-05, 0.000211773, 5.62954e-05, 0.000227871, 9.36696e-07, 4.74673e-08, 3.33002e-06, 9.42299, 9.90892e-06, 8.38824e-08, 20.6161, 3.1277e-05, 0.000566073, 0.000274036, 0.000174744, 8.86437e-05, 1.18801e-05, 3.7126e-05, 2.10355e-05, 4.04953e-05, 5.11789e-06, 3.13185e-06, 0.0233896, 0.214811, 

9.05442e-07, 7.21464e-08, 0.000456761, 5.93853e-05, 0.000298873, 1.13545e-08, 1.25397, 9.90892e-06, 5.62954e-05, 0.000566073, 2.40113e-06, 1.52624e-07, 0.000939144, 5.40849e-06, 0.000346647, 0.000264183, 2.48387, 6.30262e-05, 1.33433e-05, 3.33002e-06, 6.6142e-09, 2.16935e-09, 1.02266, 2.18016e-05, 9.6426e-05, 0.000211773, 0.000227871, 1.82006e-05, 0.000218018, 3.30727e-05, 8.65232e-07, 4.74673e-08, 3.23646, 8.38824e-08, 3.1277e-05, 0.000274036, 0.0326859, 0.000704848, 6.26165e-07, 8.55458e-05, 0.000174744, 8.86437e-05, 1.18801e-05, 3.7126e-05, 2.10355e-05, 4.04953e-05, 5.11789e-06, 3.13185e-06, 0.00588114, 0.0233896, 

9.05442e-07, 7.21464e-08, 5.93853e-05, 0.000298873, 9.90892e-06, 0.000566073, 0.679271, 0.000456761, 6.30262e-05, 3.30727e-05, 2.40113e-06, 1.52624e-07, 0.000939144, 0.000264183, 1.33433e-05, 3.33002e-06, 5.18884e-05, 0.000346647, 0.000227871, 5.62954e-05, 6.6142e-09, 2.16935e-09, 1.02266, 9.6426e-05, 0.000211773, 1.82006e-05, 0.000218018, 0.00588114, 0.000226735, 8.38824e-08, 8.65232e-07, 4.74673e-08, 3.1277e-05, 0.000274036, 0.000704848, 6.26165e-07, 8.55458e-05, 1.13545e-08, 5.40849e-06, 2.18016e-05, 8.86437e-05, 1.18801e-05, 3.7126e-05, 2.10355e-05, 4.04953e-05, 5.11789e-06, 3.13185e-06, 0.000119186, 0.00990886, 0.0233896, 

8.65232e-07, 7.21464e-08, 5.93853e-05, 0.679271, 3.30727e-05, 1.01716, 12.4471, 5.40849e-06, 8.38824e-08, 6.30262e-05, 2.18055e-06, 1.52624e-07, 0.000939144, 1.33433e-05, 3.33002e-06, 5.18884e-05, 0.117617, 1.82006e-05, 3.1277e-05, 0.000264183, 6.6142e-09, 2.16935e-09, 1.02266, 0.000211773, 0.000218018, 0.00588114, 3.94417, 9.90892e-06, 0.000227871, 9.6426e-05, 4.74673e-08, 4.24018e-12, 6.26165e-07, 8.55458e-05, 1.13545e-08, 2.18016e-05, 0.340503, 0.000226735, 5.62954e-05, 3.19851e-05, 8.86437e-05, 1.18801e-05, 3.7126e-05, 2.10355e-05, 4.04953e-05, 5.11789e-06, 3.13185e-06, 9.05442e-07, 0.000274036, 0.000298873, 

8.65232e-07, 7.21464e-08, 5.93853e-05, 3.30727e-05, 5.40849e-06, 8.38824e-08, 6.30262e-05, 1.33433e-05, 0.000218018, 0.0368428, 2.18055e-06, 1.52624e-07, 3.33002e-06, 1.82006e-05, 3.1277e-05, 0.000264183, 5.41397, 0.000226735, 0.00588114, 9.90892e-06, 6.6142e-09, 2.16935e-09, 1.02266, 0.000211773, 0.000227871, 2.24295, 0.421457, 9.6426e-05, 0.000939144, 1.13545e-08, 4.74673e-08, 4.24018e-12, 6.26165e-07, 8.55458e-05, 2.18016e-05, 5.62954e-05, 3.19851e-05, 5.18884e-05, 0.000298873, 0.000274036, 8.86437e-05, 1.18801e-05, 3.7126e-05, 2.10355e-05, 4.04953e-05, 5.11789e-06, 3.13185e-06, 9.05442e-07, 0.117617, 0.501238, 

3.52931e-07, 7.21464e-08, 5.40849e-06, 8.38824e-08, 1.33433e-05, 0.000218018, 0.0368428, 5.93853e-05, 0.000211773, 1.82006e-05, 1.0142e-08, 1.52624e-07, 0.000264183, 0.000226735, 9.90892e-06, 0.000291326, 0.119912, 6.30262e-05, 3.1277e-05, 3.30727e-05, 6.6142e-09, 2.16935e-09, 2.24295, 0.000939144, 1.13545e-08, 1.50526, 0.815077, 9.6426e-05, 0.000274036, 6.26165e-07, 4.74673e-08, 4.24018e-12, 8.55458e-05, 5.62954e-05, 3.19851e-05, 5.18884e-05, 0.702803, 0.000227871, 3.33002e-06, 2.18016e-05, 8.86437e-05, 1.18801e-05, 3.7126e-05, 2.10355e-05, 4.04953e-05, 5.11789e-06, 3.13185e-06, 9.05442e-07, 0.000298873, 0.0010167, 

3.52931e-07, 7.21464e-08, 0.000218018, 0.0368428, 0.000211773, 1.54378, 11.1848, 9.6426e-05, 3.33002e-06, 3.1277e-05, 1.0142e-08, 1.52624e-07, 0.000264183, 0.000226735, 0.000291326, 0.119912, 7.14136, 2.18016e-05, 8.38824e-08, 1.33433e-05, 6.6142e-09, 2.16935e-09, 0.000939144, 1.13545e-08, 6.26165e-07, 0.317038, 1.27268, 9.90892e-06, 1.82006e-05, 6.30262e-05, 4.74673e-08, 4.24018e-12, 7.68267e-05, 5.62954e-05, 3.19851e-05, 5.18884e-05, 0.702803, 5.93853e-05, 3.30727e-05, 5.40849e-06, 8.86437e-05, 1.18801e-05, 3.7126e-05, 2.10355e-05, 4.04953e-05, 5.11789e-06, 3.13185e-06, 9.05442e-07, 0.000227871, 0.000274036, 

3.52931e-07, 7.21464e-08, 0.000218018, 0.000211773, 3.1277e-05, 7.37657e-05, 1.8393, 0.000227871, 5.18884e-05, 7.68267e-05, 1.0142e-08, 1.52624e-07, 0.000264183, 0.000226735, 0.000291326, 0.119912, 8.38824e-08, 3.33002e-06, 2.18016e-05, 9.60489e-08, 6.6142e-09, 2.16935e-09, 6.26165e-07, 1.27268, 9.90892e-06, 1.82006e-05, 6.30262e-05, 3.19851e-05, 1.33433e-05, 9.6426e-05, 4.74673e-08, 4.24018e-12, 5.62954e-05, 0.702803, 5.93853e-05, 3.30727e-05, 5.40849e-06, 1.13545e-08, 0.000939144, 0.000274036, 1.18801e-05, 3.7126e-05, 2.10355e-05, 4.04953e-05, 5.11789e-06, 3.13185e-06, 9.05442e-07, 2.78747e-07, 0.0368428, 0.0909118, 

2.78747e-07, 7.21464e-08, 0.000211773, 7.37657e-05, 1.8393, 7.68267e-05, 0.124822, 1.33433e-05, 3.30727e-05, 3.1277e-05, 1.0142e-08, 1.52624e-07, 0.000264183, 0.000226735, 0.000291326, 8.38824e-08, 1.02958, 5.18884e-05, 0.000218018, 5.62954e-05, 6.6142e-09, 2.16935e-09, 9.90892e-06, 1.82006e-05, 6.30262e-05, 3.19851e-05, 9.6426e-05, 2.50699e-06, 9.60489e-08, 3.33002e-06, 1.90392e-08, 4.24018e-12, 5.93853e-05, 5.40849e-06, 0.000939144, 2.52733e-07, 7.95447, 1.13545e-08, 6.26165e-07, 2.18016e-05, 1.18801e-05, 3.7126e-05, 2.10355e-05, 5.11789e-06, 3.13185e-06, 9.05442e-07, 3.52931e-07, 4.4778e-06, 0.000227871, 0.0238528, 

1.44207e-07, 7.21464e-08, 0.000211773, 7.37657e-05, 0.124822, 3.30727e-05, 11.7721, 3.33002e-06, 7.68267e-05, 9.6426e-05, 1.0142e-08, 1.52624e-07, 0.000264183, 1.02958, 5.18884e-05, 0.000218018, 5.62954e-05, 1.33433e-05, 3.1277e-05, 1.85638e-06, 6.6142e-09, 2.16935e-09, 9.90892e-06, 1.82006e-05, 6.30262e-05, 3.19851e-05, 2.50699e-06, 6.26165e-07, 1.13545e-08, 9.60489e-08, 1.90392e-08, 4.24018e-12, 4.4799e-05, 0.000939144, 2.52733e-07, 0.684237, 2.18016e-05, 8.38824e-08, 5.40849e-06, 1.00477e-05, 1.18801e-05, 5.11789e-06, 3.13185e-06, 9.05442e-07, 3.52931e-07, 4.4778e-06, 3.12575e-06, 1.34057e-05, 0.000226735, 0.000227871, 

1.44207e-07, 7.21464e-08, 0.000211773, 3.33002e-06, 9.6426e-05, 0.00307473, 3.16246e-07, 2.18016e-05, 6.30262e-05, 9.60489e-08, 1.0142e-08, 1.33789e-07, 0.000218018, 5.62954e-05, 3.1277e-05, 1.85638e-06, 0.000385212, 3.30727e-05, 0.000226735, 7.37657e-05, 6.6142e-09, 2.16935e-09, 3.66504e-07, 1.82006e-05, 3.19851e-05, 2.50699e-06, 6.26165e-07, 2.50232e-06, 6.5429e-08, 1.13545e-08, 1.90392e-08, 4.24018e-12, 4.4799e-05, 2.52733e-07, 8.38824e-08, 5.40849e-06, 1.00477e-05, 1.33433e-05, 2.35986e-06, 5.18884e-05, 3.13185e-06, 9.05442e-07, 3.52931e-07, 4.4778e-06, 3.12575e-06, 5.63873e-07, 3.54731e-06, 7.19727e-08, 0.000227871, 0.000229572, 

6.6142e-09, 7.21464e-08, 0.00307473, 3.16246e-07, 6.30262e-05, 9.60489e-08, 7.45604, 1.33433e-05, 2.52733e-07, 3.19851e-05, 1.0142e-08, 1.33789e-07, 5.62954e-05, 3.1277e-05, 0.000226735, 7.37657e-05, 0.00997737, 3.66504e-07, 3.30727e-05, 1.82006e-05, 2.16935e-09, 2.24043e-09, 2.50699e-06, 2.50232e-06, 1.13545e-08, 0.000673384, 5.8676e-09, 1.85638e-06, 6.5429e-08, 8.38824e-08, 1.90392e-08, 4.24018e-12, 5.40849e-06, 1.00477e-05, 2.35986e-06, 5.18884e-05, 1.30832, 3.33002e-06, 2.18016e-05, 6.26165e-07, 3.13185e-06, 9.05442e-07, 3.52931e-07, 3.12575e-06, 5.63873e-07, 3.54731e-06, 1.44207e-07, 7.19727e-08, 4.4799e-05, 9.6426e-05, 

6.6142e-09, 7.19727e-08, 6.30262e-05, 7.45604, 1.33433e-05, 2.52733e-07, 0.891063, 6.00799e-06, 3.16246e-07, 1.82006e-05, 1.0142e-08, 1.33789e-07, 3.1277e-05, 7.37657e-05, 3.66504e-07, 0.64177, 2.14809e-06, 2.18016e-05, 3.33002e-06, 9.60489e-08, 2.16935e-09, 2.24043e-09, 1.13545e-08, 1.85638e-06, 8.38824e-08, 0.567478, 0.0263915, 2.35986e-06, 5.8676e-09, 2.50699e-06, 1.90392e-08, 4.24018e-12, 5.40849e-06, 5.18884e-05, 6.26165e-07, 13.9348, 1.71922, 2.50232e-06, 6.5429e-08, 1.00477e-05, 3.13185e-06, 9.05442e-07, 3.52931e-07, 3.12575e-06, 5.63873e-07, 1.44207e-07, 7.21464e-08, 7.82831e-07, 3.19851e-05, 3.30727e-05, 

6.6142e-09, 7.19727e-08, 1.33433e-05, 2.52733e-07, 0.891063, 3.16246e-07, 0.205135, 6.26165e-07, 2.14809e-06, 3.19851e-05, 1.0142e-08, 5.76517e-08, 3.1277e-05, 3.66504e-07, 0.0819644, 2.18016e-05, 3.33002e-06, 1.13545e-08, 1.82006e-05, 9.60489e-08, 2.16935e-09, 2.24043e-09, 8.38824e-08, 0.567478, 0.0263915, 2.35986e-06, 2.50699e-06, 6.00799e-06, 2.76031e-09, 6.5429e-08, 1.90392e-08, 4.24018e-12, 5.18884e-05, 0.129553, 1.71922, 1.00477e-05, 0.450452, 5.40849e-06, 1.85638e-06, 2.50232e-06, 3.13185e-06, 9.05442e-07, 3.52931e-07, 3.12575e-06, 5.63873e-07, 1.44207e-07, 7.21464e-08, 7.82831e-07, 3.30727e-05, 6.30262e-05, 

2.24043e-09, 7.19727e-08, 2.52733e-07, 3.16246e-07, 0.205135, 2.14809e-06, 0.152177, 1.33433e-05, 2.50232e-06, 6.26165e-07, 1.0142e-08, 3.65752e-09, 3.66504e-07, 1.82006e-05, 9.60489e-08, 0.621831, 0.0158335, 2.18016e-05, 5.40849e-06, 3.19851e-05, 1.97084e-11, 1.9601e-09, 8.38824e-08, 2.35986e-06, 6.00799e-06, 6.5429e-08, 8.82833e-10, 3.1277e-05, 3.30727e-05, 2.76031e-09, 1.90392e-08, 4.24018e-12, 0.129553, 1.71922, 1.00477e-05, 1.85638e-06, 1.33933, 1.13545e-08, 2.50699e-06, 3.33002e-06, 9.05442e-07, 3.52931e-07, 3.12575e-06, 5.63873e-07, 1.44207e-07, 7.21464e-08, 7.82831e-07, 6.6142e-09, 5.18884e-05, 6.30262e-05, 

2.24043e-09, 7.19727e-08, 3.16246e-07, 0.144818, 2.14809e-06, 6.26165e-07, 0.116118, 2.50232e-06, 2.71303e-07, 8.82833e-10, 1.0142e-08, 3.65752e-09, 3.66504e-07, 1.82006e-05, 0.0158335, 3.19851e-05, 0.0987045, 5.40849e-06, 4.00133e-06, 3.33002e-06, 1.97084e-11, 1.9601e-09, 8.38824e-08, 2.35986e-06, 6.00799e-06, 6.5429e-08, 2.76031e-09, 1.33433e-05, 2.50699e-06, 2.52733e-07, 1.90392e-08, 4.24018e-12, 0.129553, 1.71922, 1.00477e-05, 1.85638e-06, 2.77633, 2.18016e-05, 1.13545e-08, 9.60489e-08, 9.05442e-07, 3.52931e-07, 3.12575e-06, 5.63873e-07, 1.44207e-07, 7.21464e-08, 7.82831e-07, 6.6142e-09, 3.30727e-05, 5.18884e-05, 

2.24043e-09, 1.4284e-08, 3.16246e-07, 2.14809e-06, 6.26165e-07, 3.04728e-08, 0.283033, 3.66504e-07, 2.35986e-06, 6.00799e-06, 1.0142e-08, 3.65752e-09, 1.82006e-05, 0.00032293, 5.40849e-06, 3.33002e-06, 4.2397e-05, 8.82833e-10, 9.60489e-08, 2.50232e-06, 1.97084e-11, 1.9601e-09, 8.38824e-08, 6.5429e-08, 2.76031e-09, 2.50699e-06, 2.52733e-07, 4.00133e-06, 2.71303e-07, 1.33433e-05, 6.6142e-09, 4.24018e-12, 0.504864, 1.00477e-05, 1.85638e-06, 2.18016e-05, 0.414976, 3.19851e-05, 1.13545e-08, 3.30727e-05, 9.05442e-07, 3.52931e-07, 5.63873e-07, 1.44207e-07, 7.21464e-08, 7.82831e-07, 1.90392e-08, 7.19727e-08, 5.18884e-05, 0.00323936, 

2.24043e-09, 1.4284e-08, 3.04728e-08, 0.0326514, 3.66504e-07, 2.35986e-06, 0.158338, 9.60489e-08, 2.71303e-07, 1.13545e-08, 2.65165e-09, 3.65752e-09, 1.82006e-05, 5.40849e-06, 3.33002e-06, 4.2397e-05, 2.50232e-06, 6.5429e-08, 3.16246e-07, 8.38824e-08, 1.97084e-11, 1.9601e-09, 2.76031e-09, 2.50699e-06, 1.33433e-05, 0.068646, 0.138906, 6.26165e-07, 4.26568e-06, 4.00133e-06, 6.6142e-09, 4.24018e-12, 1.85638e-06, 2.18016e-05, 3.19851e-05, 3.56436, 1.00531, 2.52733e-07, 8.82833e-10, 2.14809e-06, 9.05442e-07, 3.52931e-07, 5.63873e-07, 1.44207e-07, 7.21464e-08, 7.82831e-07, 1.90392e-08, 7.19727e-08, 6.00799e-06, 1.00477e-05, 

2.24043e-09, 9.45494e-09, 3.04728e-08, 2.35986e-06, 0.158338, 2.71303e-07, 20.469, 2.14809e-06, 3.66504e-07, 1.18881e-07, 2.65165e-09, 3.65752e-09, 1.82006e-05, 3.33002e-06, 4.2397e-05, 6.5429e-08, 3.16246e-07, 8.38824e-08, 1.13545e-08, 8.60175e-09, 1.97084e-11, 1.9601e-09, 2.76031e-09, 2.50699e-06, 0.068646, 0.138906, 0.670906, 9.60489e-08, 6.86738e-07, 4.76303e-07, 6.6142e-09, 4.24018e-12, 3.19851e-05, 0.00798547, 2.52733e-07, 0.392895, 0.0436522, 6.26165e-07, 8.82833e-10, 2.50232e-06, 3.52931e-07, 5.63873e-07, 1.44207e-07, 7.21464e-08, 1.90392e-08, 7.19727e-08, 1.4284e-08, 7.62627e-07, 4.00133e-06, 4.26568e-06, 

2.24043e-09, 9.45494e-09, 2.35986e-06, 0.158338, 2.71303e-07, 7.64444, 2.1707e-07, 2.50699e-06, 2.14809e-06, 3.16246e-07, 2.65165e-09, 3.65752e-09, 4.2397e-05, 6.5429e-08, 1.13545e-08, 8.60175e-09, 4.52621, 3.66504e-07, 1.18881e-07, 6.26165e-07, 1.97084e-11, 1.9601e-09, 0.068646, 9.60489e-08, 6.86738e-07, 2.43705e-07, 0.17426, 2.76031e-09, 3.33002e-06, 8.38824e-08, 2.63131e-11, 4.24018e-12, 0.00798547, 2.52733e-07, 0.0125701, 0.0436522, 0.12046, 8.82833e-10, 2.50232e-06, 3.04728e-08, 3.52931e-07, 5.63873e-07, 1.44207e-07, 7.21464e-08, 1.90392e-08, 7.19727e-08, 1.4284e-08, 7.62627e-07, 4.00133e-06, 4.26568e-06, 

2.24043e-09, 9.45494e-09, 2.35986e-06, 0.0472871, 2.50699e-06, 3.16246e-07, 0.669322, 3.04728e-08, 4.00133e-06, 1.18881e-07, 2.65165e-09, 3.65752e-09, 1.13545e-08, 8.60175e-09, 3.66504e-07, 6.26165e-07, 0.182647, 2.71303e-07, 2.14809e-06, 2.1707e-07, 1.97084e-11, 1.9601e-09, 0.068646, 0.17426, 3.33002e-06, 8.38824e-08, 4.85375, 6.86738e-07, 2.76031e-09, 6.5429e-08, 2.63131e-11, 4.24018e-12, 0.00798547, 2.52733e-07, 0.0436522, 0.12046, 2.50232e-06, 2.43705e-07, 8.82833e-10, 9.60489e-08, 3.52931e-07, 5.63873e-07, 1.44207e-07, 7.21464e-08, 1.90392e-08, 7.19727e-08, 1.4284e-08, 7.62627e-07, 4.26568e-06, 4.2397e-05, 

2.24043e-09, 9.45494e-09, 3.16246e-07, 0.261606, 3.04728e-08, 4.00133e-06, 2.43141, 2.1707e-07, 2.43705e-07, 2.71303e-07, 2.65165e-09, 3.65752e-09, 1.13545e-08, 0.182647, 2.14809e-06, 0.240907, 3.16846, 2.50699e-06, 2.35986e-06, 1.18881e-07, 1.97084e-11, 1.9601e-09, 0.068646, 8.38824e-08, 4.85375, 2.76031e-09, 3.12175, 6.26165e-07, 6.86738e-07, 3.66504e-07, 2.63131e-11, 4.24018e-12, 2.52733e-07, 2.50232e-06, 8.82833e-10, 9.60489e-08, 0.570084, 8.60175e-09, 3.33002e-06, 6.5429e-08, 3.52931e-07, 5.63873e-07, 1.44207e-07, 7.21464e-08, 1.90392e-08, 7.19727e-08, 1.4284e-08, 7.62627e-07, 4.26568e-06, 4.2397e-05, 

2.24043e-09, 9.45494e-09, 3.04728e-08, 4.00133e-06, 2.43141, 2.43705e-07, 0.0842583, 3.16246e-07, 6.5429e-08, 1.18881e-07, 2.65165e-09, 3.65752e-09, 1.13545e-08, 0.182647, 0.240907, 2.50699e-06, 0.560179, 2.35986e-06, 2.50232e-06, 3.66504e-07, 1.97084e-11, 3.89881e-11, 0.068646, 8.38824e-08, 4.85375, 2.76031e-09, 6.26165e-07, 2.14809e-06, 9.60489e-08, 2.71303e-07, 2.63131e-11, 4.24018e-12, 2.52733e-07, 8.82833e-10, 8.60175e-09, 0.981704, 0.442734, 2.1707e-07, 6.86738e-07, 2.45146e-07, 3.52931e-07, 5.63873e-07, 1.44207e-07, 7.21464e-08, 1.90392e-08, 7.19727e-08, 1.4284e-08, 7.62627e-07, 3.33002e-06, 4.26568e-06, 

Best:
-2.05917e-06	

Fitness Evaluations:
3356

End Population
(4.733315e-05), (9.723654e-05), (1.745647e-04), (2.000333e-03), (1.559298e+00), (4.936648e-04), (-2.902728e-01), (5.623578e-04), (-2.557910e-04), (3.447907e-04), (5.149420e-05), (6.047745e-05), (1.065577e-04), (-4.273717e-01), (4.908233e-01), (-1.583349e-03), (7.484513e-01), (-1.536183e-03), (1.581873e-03), (-6.053961e-04), (-4.439413e-06), (-6.244047e-06), (-2.620039e-01), (2.896246e-04), (2.203122e+00), (5.253864e-05), (-7.913061e-04), (-1.465635e-03), (-3.099176e-04), (5.208678e-04), (5.129628e-06), (-2.059169e-06), (-5.027254e-04), (2.971250e-05), (9.274561e-05), (-9.908097e-01), (-6.653827e-01), (-4.659082e-04), (8.286964e-04), (-4.951222e-04), (5.940802e-04), (7.509149e-04), (3.797457e-04), (-2.686009e-04), (1.379826e-04), (-2.682774e-04), (1.195157e-04), (-8.732851e-04), (1.824835e-03), (-2.065353e-03), 