Iterations: 50
Function Evaluations Limit: 150000
Population: 50

Prides Length: 4

Percent Nomads: 0.2
Percent Roaming: 0.2
Percent Sex: 0.8

Mating Rate: 0.3
Mutation Probability: 0.2
Immigration Rate: 0.4

Percent Group Influence: 0.4
Annealing On: true
Ranked Selection Pressure: 2
Near To Best Random Pressure: 2

Dimensions: 1
N-Dimension Space: -100:100

Fitness Iterations:
0.000655669 (Initial Best)

0.000655669, 0.447742, 1.1852, 1.33007, 1.5678, 2.63768, 1.89717, 0.166081, 0.2879, 0.502216, 0.0104541, 0.553415, 0.56988, 0.836758, 1.9654, 2.63768, 0.0429957, 0.219674, 0.613158, 0.25855, 0.456317, 0.471814, 0.569012, 1.48526, 1.69728, 3.21523, 2.01285, 0.457409, 0.325937, 0.453042, 0.336011, 0.0562173, 0.0799642, 0.383225, 0.516018, 1.47341, 0.0909364, 0.569659, 0.101552, 0.650514, 0.431549, 1.07587, 1.28927, 1.35871, 0.864933, 0.560506, 0.676976, 1.03421, 0.664218, 1.09333, 

0.000655669, 0.00539337, 0.015466, 0.166081, 1.1852, 1.89717, 1.94961, 0.502216, 0.453042, 0.664218, 0.0104541, 0.126595, 0.0429957, 0.219674, 0.56988, 1.9654, 0.893169, 0.383225, 0.25855, 0.115426, 0.456317, 0.139407, 0.263506, 0.457409, 0.569012, 0.158371, 0.267029, 0.0909364, 0.343508, 0.466342, 0.0444568, 0.0562173, 0.0799642, 0.267022, 0.516018, 1.47341, 1.1919, 0.325937, 0.101552, 0.613158, 0.0902878, 0.431549, 0.471814, 0.560506, 0.643394, 0.864933, 0.988882, 1.03421, 0.836758, 1.09333, 

0.000655669, 0.00411958, 0.166081, 0.271362, 0.502216, 0.664218, 1.63287, 0.383225, 0.015466, 0.466342, 0.0104541, 0.0902878, 0.0429957, 0.0565245, 0.0653935, 0.115426, 0.56988, 0.156748, 0.402682, 0.411192, 0.139407, 0.368042, 0.0909364, 0.158371, 0.263506, 0.343508, 0.569012, 0.453042, 0.0763909, 0.0799642, 0.0444568, 0.0518552, 0.325937, 0.516018, 0.613158, 1.1919, 1.99256, 0.164095, 0.219674, 0.101552, 0.0860761, 0.126595, 0.367816, 0.446777, 0.456317, 0.471814, 0.560506, 0.643394, 0.836758, 0.920418, 

0.000655669, 0.00411958, 0.271362, 0.383225, 0.502216, 0.243954, 1.83643, 0.015466, 0.453042, 0.115426, 0.0104541, 0.0130237, 0.00999442, 0.0429957, 0.0565245, 0.0653935, 2.10461, 0.0909364, 0.233148, 0.0953785, 0.0100838, 0.0416921, 0.0763909, 0.0799642, 0.263506, 0.343508, 1.987, 0.466342, 0.402682, 0.166081, 0.0444568, 0.0467401, 0.101552, 0.164095, 0.219674, 0.613158, 1.99256, 0.158671, 0.43019, 0.158371, 0.139407, 0.0902878, 0.100373, 0.0860761, 0.126595, 0.368042, 0.446777, 0.451073, 0.516018, 0.537916, 

0.000239921, 0.000655669, 0.0110854, 0.015466, 0.146102, 0.246842, 0.265748, 0.0799642, 0.00602993, 0.164095, 0.0104541, 0.0130237, 0.00999442, 0.0429957, 0.0653935, 0.233148, 0.395899, 0.343508, 0.243954, 0.0909364, 0.0100838, 0.0416921, 0.0763909, 0.166081, 1.987, 0.862551, 3.444, 0.263506, 0.0175614, 0.0613688, 0.0444568, 0.0467401, 0.158371, 0.158671, 0.219674, 0.43019, 0.757701, 0.0565245, 0.0953785, 0.101552, 0.0692052, 0.0860761, 0.0902878, 0.100373, 0.126595, 0.139407, 0.163514, 0.368042, 0.383225, 0.402682, 

0.000239921, 0.000655669, 0.015466, 0.246842, 0.265748, 0.111008, 1.15236, 0.158371, 0.0653935, 0.00999442, 0.0104541, 0.0105561, 0.0909364, 0.114479, 0.343508, 0.395899, 1.21794, 0.0429957, 0.0110854, 0.0565245, 0.0100838, 0.0416921, 0.0175614, 1.54521, 1.987, 0.499268, 1.09775, 0.146102, 0.0763909, 0.0613688, 0.0100682, 0.0467401, 0.0953785, 0.101552, 0.158671, 1.93662, 1.78007, 0.00602993, 0.0799642, 0.0975039, 0.0444568, 0.0692052, 0.0860761, 0.0902878, 0.100373, 0.126595, 0.139407, 0.163514, 0.166081, 0.219674, 

0.000239921, 0.000655669, 0.015466, 0.111008, 0.246842, 0.265748, 1.77603, 0.00999442, 0.0763909, 0.158371, 0.0104541, 0.0105561, 0.0110854, 0.0565245, 0.453244, 1.34728, 1.22488, 0.0953785, 0.0909364, 0.0653935, 0.0100838, 0.0416921, 0.0175614, 0.0613688, 0.290003, 0.499268, 0.167057, 0.0801357, 0.0429957, 0.146102, 0.00208811, 0.0467401, 0.0799642, 0.101552, 0.158671, 1.78007, 2.30587, 0.0975039, 0.00602993, 0.114479, 0.0444568, 0.0692052, 0.0860761, 0.0882473, 0.0902878, 0.100373, 0.122294, 0.126595, 0.161264, 0.166081, 

0.00015391, 0.000239921, 0.0763909, 0.158371, 0.246842, 2.12414, 0.747905, 0.0801357, 0.0613688, 0.0565245, 0.0104541, 0.0103578, 0.0653935, 0.453244, 1.22488, 1.34728, 0.208594, 0.0110854, 0.0909364, 0.0799642, 0.00333704, 0.0193147, 0.167057, 0.290003, 0.499268, 1.74633, 1.64913, 0.00602993, 0.000225568, 0.0175614, 0.00208811, 0.0105561, 0.0975039, 0.158671, 1.0988, 2.30587, 0.166083, 0.0429957, 0.00999442, 0.015466, 0.0100838, 0.0467401, 0.0444568, 0.0692052, 0.0802199, 0.0860761, 0.0882473, 0.0902878, 0.0953785, 0.101552, 

0.00015391, 0.000239921, 0.0613688, 0.158371, 0.246842, 0.747905, 0.355917, 0.055412, 0.0110854, 0.0565245, 0.0100838, 0.0104541, 0.0536629, 0.453244, 1.34728, 2.08839, 1.47184, 0.0801357, 0.0175614, 0.0653935, 0.00115613, 0.00151446, 0.00602993, 0.167057, 0.290003, 1.74633, 1.62485, 0.0975039, 0.0799642, 0.0953785, 0.00208811, 0.0100785, 0.015466, 0.0429957, 0.166083, 0.711403, 1.66981, 0.0763909, 0.000225568, 0.00999442, 0.0103578, 0.0444568, 0.0467401, 0.0692052, 0.0802199, 0.0860761, 0.0882473, 0.0902878, 0.101552, 0.158671, 

0.00015391, 0.000223568, 0.0613688, 0.158371, 0.246842, 0.747905, 0.00495777, 0.101552, 0.055412, 0.0653935, 0.0100838, 0.0104541, 0.0801357, 0.453244, 1.34728, 1.47184, 1.91611, 0.0565245, 0.0536629, 0.000225568, 0.00115613, 0.00151446, 0.00602993, 0.0799642, 0.0953785, 0.636513, 1.53495, 0.0110854, 0.0849357, 0.0480496, 0.00208811, 0.00248863, 0.00999442, 0.0429957, 0.711403, 1.66981, 0.526323, 0.015466, 0.0175614, 0.0763909, 0.0100785, 0.0103578, 0.0121033, 0.0444568, 0.0467401, 0.047022, 0.0692052, 0.0802199, 0.158671, 0.167057, 

0.000147193, 0.00015391, 0.00495777, 0.055412, 0.101552, 0.158371, 0.747905, 0.00602993, 0.159632, 0.0653935, 0.00986629, 0.0103578, 0.000225568, 0.0130688, 0.0536629, 0.0801357, 1.47184, 0.0613688, 0.0799642, 0.0175614, 0.00115613, 0.00151446, 0.0110854, 0.0480496, 0.0953785, 0.636513, 0.378725, 0.167057, 0.0916581, 0.158671, 0.000145639, 0.00248863, 0.00999442, 0.015466, 0.0429957, 1.66981, 1.24026, 0.0849357, 0.246842, 0.0763909, 0.00208811, 0.0100785, 0.0104541, 0.0121033, 0.0444568, 0.047022, 0.0692052, 0.0802199, 0.358072, 0.453244, 

0.000147193, 0.00015391, 0.00602993, 0.101552, 0.158371, 0.747905, 0.0853585, 0.0849357, 0.0130688, 0.0653935, 0.00986629, 0.0103578, 0.000225568, 0.0175614, 0.0536629, 1.47184, 0.928069, 0.0183236, 0.00495777, 0.0613688, 0.000719714, 0.00115613, 0.0110854, 0.0480496, 0.378725, 0.636513, 2.70742, 0.0801357, 0.00999442, 0.0799642, 0.000145639, 0.00248863, 0.015466, 0.0429957, 0.483837, 0.927201, 0.596125, 0.0763909, 0.055412, 0.00535045, 0.00208811, 0.00392865, 0.0100785, 0.0104541, 0.0121033, 0.0444568, 0.047022, 0.0692052, 0.0953785, 0.158671, 

0.000147193, 0.00015391, 0.00602993, 0.0130688, 0.0849357, 0.101552, 0.158371, 0.0536629, 0.0175614, 0.00837657, 0.00986629, 0.0100785, 0.00495777, 0.0183236, 0.0613688, 0.928069, 1.01349, 0.0429957, 0.0291468, 0.000225568, 0.000719714, 0.00115613, 0.00999442, 0.0110854, 0.0480496, 0.0801357, 2.63768, 0.0651889, 0.015466, 0.0653935, 0.000145639, 0.00208811, 0.0763909, 0.483837, 0.596125, 0.927201, 1.98804, 0.0184209, 0.00535045, 0.0799642, 0.00248863, 0.00392865, 0.0103578, 0.0104541, 0.0121033, 0.0444568, 0.0455985, 0.047022, 0.0853585, 0.0953785, 

0.000147193, 0.000153314, 0.00837657, 0.0130688, 0.0175614, 0.0849357, 0.101552, 0.000225568, 0.0613688, 0.0853585, 0.00248863, 0.0100785, 0.00495777, 0.0291468, 0.0429957, 0.928069, 0.0888176, 0.0953785, 0.0536629, 0.00602993, 0.000719714, 0.00115613, 0.00999442, 0.015466, 0.0331063, 0.0480496, 2.01285, 0.0183236, 0.0184209, 0.0801357, 0.000145639, 0.00208811, 0.00535045, 0.0763909, 0.318862, 0.927201, 1.98804, 0.0110854, 0.0799642, 0.0651889, 0.00986629, 0.00392865, 0.0103578, 0.0104541, 0.0121033, 0.0444568, 0.0455985, 0.047022, 0.124284, 0.158371, 

0.000147193, 0.000153314, 0.0130688, 0.0175614, 0.0853585, 0.101552, 0.0351259, 0.0183236, 0.0110854, 0.00535045, 0.00248863, 0.00986629, 0.00495777, 0.00602993, 0.0291468, 0.0429957, 0.0953785, 0.000225568, 0.0613688, 0.0763909, 0.000719714, 0.00115613, 0.015466, 0.0331063, 0.0480496, 0.576675, 0.794927, 0.0184209, 0.0849357, 0.00999442, 0.000145639, 0.00208811, 0.0651889, 0.0799642, 0.318862, 0.927201, 1.32863, 0.0801357, 0.0536629, 0.00837657, 0.00392865, 0.0100785, 0.0103578, 0.0104541, 0.0121033, 0.0444568, 0.0455985, 0.047022, 0.0888176, 0.124284, 

0.000147193, 0.000153314, 0.0130688, 0.0291501, 0.0853585, 0.522209, 2.23255, 0.000225568, 0.0763909, 0.0331063, 0.000317476, 0.00392865, 0.00602993, 0.0291468, 0.0429957, 0.0613688, 0.616461, 0.0175614, 0.0164342, 0.0183236, 0.000267576, 0.000719714, 0.015466, 0.0184209, 0.0480496, 0.0849357, 1.90159, 0.0536629, 0.0110854, 0.00535045, 6.1925e-05, 0.000145639, 0.00837657, 0.0651889, 0.249153, 0.318862, 1.29603, 0.00999442, 0.00495777, 0.0351259, 0.00986629, 0.0100785, 0.0103578, 0.0104541, 0.0121033, 0.0444568, 0.0455985, 0.047022, 0.0799642, 0.0801357, 

0.000147193, 0.000153314, 0.0130688, 0.0331063, 0.0763909, 2.23255, 0.812045, 0.00999442, 0.000225568, 0.0183236, 0.000317476, 0.00392865, 0.0164342, 0.0175614, 0.0291468, 0.0613688, 0.171231, 0.0480496, 0.0536629, 0.0442263, 0.000267576, 0.000719714, 0.00535045, 0.015466, 0.0184209, 1.97033, 1.69979, 0.00837657, 0.0291501, 0.00495777, 6.1925e-05, 0.000145639, 0.0351259, 0.0651889, 0.318862, 1.29603, 0.43072, 0.00602993, 0.0429957, 0.0110854, 0.00986629, 0.0100785, 0.0103578, 0.0104541, 0.0121033, 0.0444568, 0.0455985, 0.047022, 0.0799642, 0.0801357, 

0.000147193, 0.000153314, 0.00999442, 0.0130688, 0.0183236, 0.0763909, 1.73354, 0.000306324, 0.00495777, 0.0442263, 0.000317476, 0.00179122, 0.0164342, 0.0291468, 0.0480496, 0.0536629, 1.93057, 0.0799642, 0.0613688, 0.00535045, 0.000267576, 0.000719714, 0.00837657, 0.015466, 0.0291501, 1.20929, 0.00197689, 0.0331063, 0.0175614, 0.0184209, 6.1925e-05, 0.000136004, 0.00602993, 0.0651889, 0.43072, 2.06638, 1.38835, 0.0351259, 0.000225568, 0.0429957, 0.000787428, 0.00392865, 0.0100785, 0.0103578, 0.0104541, 0.0121033, 0.0444568, 0.0455985, 0.0801357, 0.171231, 

0.000147193, 0.000153314, 0.00495777, 0.00999442, 0.0130688, 0.0442263, 1.5435, 0.00602993, 0.0183236, 0.0763909, 0.000317476, 0.00179122, 0.00535045, 0.0164342, 0.0536629, 0.0613688, 2.01734, 0.0291468, 0.0291501, 0.0801357, 0.000267576, 0.000719714, 0.00197689, 0.00837657, 0.0175614, 0.0184209, 0.0331063, 0.0480496, 0.000306324, 0.0351259, 6.1925e-05, 0.000136004, 0.000225568, 0.0429957, 0.0651889, 0.437326, 1.98918, 0.0799642, 0.015466, 2.63352e-06, 0.000787428, 0.00392865, 0.0100785, 0.0103578, 0.0104541, 0.0121033, 0.0418374, 0.0444568, 

0.000147193, 0.000151651, 0.00495777, 0.0130688, 0.0442263, 0.0763909, 0.163716, 0.00195139, 0.000306324, 0.0175614, 8.55066e-07, 0.000317476, 0.00535045, 0.0164342, 0.0291501, 0.0613688, 1.63684, 0.0291468, 0.00837657, 0.0184209, 0.000267576, 0.000719714, 0.00197689, 0.0331063, 0.0351259, 0.116834, 1.99654, 0.0225153, 0.015466, 0.00602993, 6.1925e-05, 0.000136004, 0.000225568, 0.0651889, 1.98918, 0.151134, 0.0402345, 0.00999442, 2.63352e-06, 0.0183236, 0.000787428, 0.00209918, 0.00392865, 0.0100785, 0.0103578, 0.0104541, 0.0121033, 0.0418374, 0.0429957, 0.0480496, 

0.000147193, 0.000151201, 0.00495777, 0.0130688, 0.0175614, 0.0442263, 0.979744, 1.05101e-06, 0.00195139, 0.0183236, 8.55066e-07, 0.000267576, 0.00535045, 0.0184209, 0.0291468, 0.0613688, 1.67037, 0.0291501, 0.000225568, 0.0351259, 1.95965e-05, 4.90213e-06, 0.000172099, 0.0225153, 0.0331063, 0.116834, 1.1684, 0.000306324, 0.00197689, 0.015466, 4.76039e-05, 6.1925e-05, 2.63352e-06, 0.0402345, 0.0651889, 1.63589, 0.581842, 0.0164342, 0.00999442, 0.000984042, 0.000317476, 0.000787428, 0.00209918, 0.00392865, 0.0100785, 0.0103578, 0.0104541, 0.0121033, 0.0429957, 0.0480496, 

2.00415e-05, 5.19808e-05, 0.00495777, 0.0175614, 0.0183236, 0.0442263, 2.71856, 0.000172099, 1.05101e-06, 0.00195139, 3.4673e-07, 0.000267576, 0.000225568, 0.0184209, 0.0613688, 1.67037, 1.70321, 0.00999442, 0.0291468, 0.0164342, 4.90213e-06, 1.08194e-05, 0.00188854, 0.015466, 0.0225153, 1.1684, 3.53525, 0.000404395, 0.00197689, 0.000306324, 4.76039e-05, 6.1925e-05, 2.63352e-06, 0.000984042, 0.0402345, 0.581842, 0.527327, 0.00535045, 0.0130688, 0.00941728, 0.000317476, 0.000787428, 0.00209918, 0.00392865, 0.0100785, 0.0103578, 0.0104541, 0.0121033, 0.0291501, 0.0351259, 

1.97109e-06, 1.33896e-05, 1.05101e-06, 0.00195139, 0.0442263, 2.71856, 0.284308, 0.00495777, 0.0184209, 0.0183236, 3.4673e-07, 2.67219e-05, 0.0164342, 0.0613688, 0.194186, 1.25709, 4.04318, 0.000404395, 0.015466, 2.63352e-06, 4.90213e-06, 1.08194e-05, 0.00188854, 0.00197689, 0.0225153, 0.652688, 0.0724732, 0.00535045, 0.0175614, 0.000172099, 4.11317e-07, 4.76039e-05, 0.000984042, 0.00941728, 0.0130688, 0.527327, 0.0261551, 0.00999442, 0.000306324, 0.000225568, 0.000317476, 0.000787428, 0.00117524, 0.00209918, 0.00215388, 0.0100785, 0.0103578, 0.0121033, 0.0291468, 0.0291501, 

6.90037e-07, 1.33896e-05, 1.05101e-06, 0.00495777, 0.0183236, 0.0442263, 0.284308, 3.4673e-07, 1.39869e-06, 2.63352e-06, 0.000404395, 0.0164342, 0.0613688, 0.194186, 4.90213e-06, 1.08194e-05, 0.000172099, 0.00197689, 0.0225153, 1.13938, 0.0886507, 4.11317e-07, 2.67219e-05, 0.000225568, 0.00941728, 0.00999442, 0.0130688, 0.0261551, 2.85151e-05, 0.000317476, 0.000787428, 0.00117524, 0.00209918, 0.00215388, 0.0100785, 0.0103578, 1.05881e-06, 0.000306324, 

6.90037e-07, 2.41712e-06, 1.05101e-06, 0.00495777, 0.0183236, 0.0442263, 0.284308, 3.4673e-07, 1.39869e-06, 2.63352e-06, 0.0164342, 0.0613688, 0.194186, 2.02197, 1.54693e-06, 4.90213e-06, 0.000172099, 0.00197689, 0.0225153, 0.0886507, 4.87745e-05, 4.11317e-07, 1.93706e-05, 0.000225568, 0.00941728, 0.0130688, 0.0261551, 1.94966, 2.67219e-05, 2.85151e-05, 0.000317476, 0.00069221, 0.000787428, 0.00117524, 0.00215388, 0.0100785, 1.05881e-06, 0.000306324, 

6.90037e-07, 1.91791e-06, 1.05101e-06, 0.00495777, 0.0183236, 0.0442263, 0.173881, 3.4673e-07, 1.39869e-06, 2.63352e-06, 0.0613688, 0.194186, 0.74793, 0.257187, 1.54693e-06, 4.90213e-06, 4.87745e-05, 0.00197689, 0.0225153, 0.0886507, 2.00116, 4.11317e-07, 1.30056e-05, 0.00941728, 0.0130688, 0.0261551, 1.01935, 0.159155, 2.67219e-05, 2.85151e-05, 0.000277908, 0.000317476, 0.00069221, 0.000787428, 0.00117524, 0.0100785, 1.05881e-06, 0.000172099, 

4.53881e-07, 6.90037e-07, 1.05101e-06, 0.00495777, 0.0442263, 0.173881, 1.81347, 3.4673e-07, 1.39869e-06, 2.63352e-06, 0.0355731, 0.0613688, 0.74793, 2.09235, 1.54693e-06, 4.90213e-06, 4.87745e-05, 0.00197689, 0.0225153, 0.836505, 0.000479587, 4.11317e-07, 1.30056e-05, 0.00941728, 0.0261551, 0.159155, 1.01935, 0.875219, 2.67219e-05, 2.85151e-05, 0.000277908, 0.000317476, 0.000567002, 0.00069221, 0.000787428, 0.00117524, 1.05881e-06, 0.000172099, 

4.53881e-07, 6.90037e-07, 1.05101e-06, 0.00495777, 0.0442263, 0.173881, 1.81347, 3.4673e-07, 1.39869e-06, 0.0355731, 0.0613688, 0.550358, 2.09235, 0.694283, 1.14931e-06, 1.54693e-06, 4.87745e-05, 0.000479587, 0.00197689, 0.0225153, 0.836505, 4.11317e-07, 1.30056e-05, 0.00941728, 0.159155, 0.875219, 1.01935, 1.56962, 2.67219e-05, 2.85151e-05, 0.000277908, 0.000317476, 0.000567002, 0.00069221, 0.000787428, 0.00117524, 1.05881e-06, 0.000172099, 

4.53881e-07, 6.90037e-07, 1.05101e-06, 0.00495777, 0.0442263, 0.173881, 1.81347, 3.4673e-07, 1.39869e-06, 0.0613688, 0.454561, 0.694283, 2.09235, 0.649971, 9.87955e-07, 1.14931e-06, 4.87745e-05, 0.000479587, 0.00197689, 0.0225153, 0.119656, 4.11317e-07, 1.30056e-05, 0.159155, 0.875219, 1.01935, 1.56962, 0.251084, 2.67219e-05, 2.85151e-05, 0.000277908, 0.000317476, 0.000567002, 0.00069221, 0.000787428, 0.00117524, 1.05881e-06, 0.000172099, 

4.53881e-07, 6.90037e-07, 0.00495777, 0.0442263, 0.173881, 1.81347, 1.60567, 3.4673e-07, 1.39869e-06, 0.0444691, 0.0613688, 0.649971, 2.09235, 1.95942, 9.87955e-07, 1.14931e-06, 4.87745e-05, 0.00197689, 0.0225153, 0.119656, 1.71042e-06, 4.11317e-07, 2.21445e-06, 0.0960143, 0.790358, 1.01935, 1.56962, 0.29065, 2.67219e-05, 2.85151e-05, 0.000277908, 0.000317476, 0.000567002, 0.00069221, 0.000787428, 0.00117524, 1.05881e-06, 0.000172099, 

4.53881e-07, 6.90037e-07, 0.00495777, 0.0442263, 0.173881, 0.900832, 1.78373, 3.4673e-07, 6.77186e-07, 0.0444691, 0.0613688, 0.649971, 1.95942, 1.57946, 9.87955e-07, 1.14931e-06, 1.71042e-06, 0.00197689, 0.0225153, 0.119656, 0.000812606, 4.11317e-07, 2.21445e-06, 0.0960143, 0.29065, 0.790358, 1.01935, 1.56962, 2.67219e-05, 2.85151e-05, 0.000277908, 0.000317476, 0.000567002, 0.00069221, 0.000787428, 0.00117524, 1.05881e-06, 0.000172099, 

4.53881e-07, 6.90037e-07, 0.00206267, 0.0442263, 0.173881, 0.900832, 2.4885, 3.4673e-07, 6.77186e-07, 0.0444691, 0.0613688, 0.649971, 1.83815, 0.0969553, 9.87955e-07, 1.14931e-06, 1.71042e-06, 0.000812606, 0.00137764, 0.0225153, 0.000281992, 4.11317e-07, 2.21445e-06, 0.0960143, 0.29065, 0.790358, 1.01935, 0.467272, 2.67219e-05, 2.85151e-05, 0.000277908, 0.000317476, 0.000567002, 0.00069221, 0.000787428, 0.00117524, 1.05881e-06, 0.000172099, 

4.53881e-07, 4.90407e-07, 0.00206267, 0.173881, 0.900832, 1.78963, 2.17193, 3.4673e-07, 6.77186e-07, 0.0613688, 0.0969553, 0.649971, 1.83815, 0.736976, 9.87955e-07, 1.03577e-06, 1.71042e-06, 0.00010437, 0.000281992, 0.000812606, 0.0225153, 6.50134e-08, 6.57839e-08, 0.0960143, 0.218636, 0.240634, 0.29065, 0.467272, 2.67219e-05, 2.85151e-05, 0.000277908, 0.000317476, 0.000567002, 0.00069221, 0.000787428, 0.00117524, 1.05881e-06, 0.000172099, 

4.53881e-07, 4.90407e-07, 0.00206267, 0.268432, 1.78963, 2.17193, 1.69985, 3.4673e-07, 6.77186e-07, 0.0613688, 0.138699, 0.179576, 1.0071, 2.01555, 9.72568e-07, 9.87955e-07, 1.71042e-06, 0.00010437, 0.000281992, 0.0225153, 2.12087, 6.50134e-08, 6.57839e-08, 0.0942053, 0.140579, 0.212051, 0.240634, 0.458948, 2.67219e-05, 2.85151e-05, 0.000277908, 0.000317476, 0.000567002, 0.00069221, 0.000787428, 0.00117524, 1.05881e-06, 0.000172099, 

4.26175e-07, 4.53881e-07, 0.00206267, 0.094515, 0.268432, 2.17193, 1.08485, 3.4673e-07, 5.39421e-07, 0.0613688, 0.138699, 0.179576, 1.0071, 1.40315, 4.53177e-08, 9.72568e-07, 1.71042e-06, 0.00010437, 0.000281992, 2.12087, 0.279994, 6.50134e-08, 6.57839e-08, 0.079402, 0.140579, 0.212051, 0.240634, 0.456409, 2.67219e-05, 2.85151e-05, 8.39567e-05, 0.000277908, 0.000317476, 0.00069221, 0.000787428, 0.00117524, 1.05881e-06, 0.000172099, 

4.26175e-07, 4.40058e-07, 0.00206267, 0.094515, 0.268432, 1.43047, 0.0928376, 3.4673e-07, 5.39421e-07, 0.0613688, 0.138699, 0.179576, 1.0071, 1.12692, 4.53177e-08, 9.72568e-07, 1.71042e-06, 0.00010437, 0.000281992, 1.33132, 1.89912, 6.50134e-08, 6.57839e-08, 0.079402, 0.140579, 0.212051, 0.456409, 2.06615, 2.67219e-05, 2.85151e-05, 8.39567e-05, 0.000277908, 0.000317476, 0.00069221, 0.000787428, 0.00117524, 1.05881e-06, 0.000172099, 

4.26175e-07, 4.35485e-07, 0.00206267, 0.0928376, 0.094515, 0.268432, 1.43047, 3.4673e-07, 5.01178e-07, 0.0613688, 0.138699, 0.179576, 0.494341, 1.12692, 4.53177e-08, 9.72568e-07, 0.00010437, 0.000281992, 1.33132, 1.89912, 1.62358, 6.50134e-08, 6.57839e-08, 0.00566692, 0.140579, 0.212051, 0.456409, 0.00215311, 2.67219e-05, 2.85151e-05, 8.39567e-05, 0.000277908, 0.000317476, 0.00069221, 0.000787428, 0.00117524, 1.05881e-06, 0.000172099, 

4.26175e-07, 4.35485e-07, 0.00206267, 0.0537842, 0.094515, 0.857357, 0.000561747, 3.4673e-07, 5.01178e-07, 0.0613688, 0.138699, 0.16679, 0.494341, 1.31837, 4.53177e-08, 9.72568e-07, 0.000281992, 0.30038, 0.952532, 1.33132, 1.04531, 6.50134e-08, 6.57839e-08, 0.00566692, 0.140579, 0.212051, 0.456409, 0.90937, 2.67219e-05, 2.85151e-05, 8.39567e-05, 0.000277908, 0.000317476, 0.00069221, 0.000787428, 0.00117524, 1.05881e-06, 0.000172099, 

4.26175e-07, 4.35485e-07, 0.000561747, 0.00206267, 0.0537842, 0.094515, 1.69663, 3.4673e-07, 4.8649e-07, 0.0613688, 0.138699, 0.16679, 1.31837, 0.019064, 4.53177e-08, 9.72568e-07, 0.30038, 0.952532, 1.04531, 1.33132, 0.0420076, 6.50134e-08, 6.57839e-08, 0.00566692, 0.140579, 0.212051, 0.456409, 2.25546, 2.67219e-05, 2.85151e-05, 8.39567e-05, 0.000277908, 0.000317476, 0.00069221, 0.000787428, 0.00117524, 1.05881e-06, 0.000172099, 

4.26175e-07, 4.35485e-07, 0.000561747, 0.0537842, 0.060922, 0.094515, 2.04039, 2.99139e-07, 3.4673e-07, 0.019064, 0.0613688, 0.138699, 0.16679, 1.31837, 4.53177e-08, 9.72568e-07, 0.0420076, 0.30038, 1.04531, 1.33132, 1.71077, 6.50134e-08, 6.57839e-08, 0.00566692, 0.124352, 0.140579, 0.456409, 2.25546, 2.67219e-05, 2.85151e-05, 8.39567e-05, 0.000277908, 0.000317476, 0.00069221, 0.000787428, 0.00117524, 1.05881e-06, 0.000172099, 

4.26175e-07, 4.30086e-07, 0.000561747, 0.00450581, 0.0537842, 2.04039, 0.524069, 2.99139e-07, 3.12993e-07, 0.019064, 0.0613688, 0.138699, 0.16679, 1.84449, 4.53177e-08, 9.72568e-07, 0.0420076, 0.30038, 0.7491, 1.71077, 1.9983, 6.50134e-08, 6.57839e-08, 0.00566692, 0.124352, 0.456409, 1.82393, 0.407873, 2.67219e-05, 2.85151e-05, 8.39567e-05, 0.000277908, 0.000317476, 0.00069221, 0.000787428, 0.00117524, 1.05881e-06, 0.000172099, 

4.26175e-07, 4.30086e-07, 0.000561747, 0.00450581, 0.0537842, 0.524069, 0.000137922, 2.99139e-07, 3.09014e-07, 0.019064, 0.0613688, 0.0883383, 0.138699, 1.93968, 2.48438e-08, 4.53177e-08, 0.0420076, 0.7491, 1.71077, 1.9983, 0.48527, 2.48916e-08, 6.50134e-08, 0.00566692, 0.124352, 0.407873, 0.456409, 0.0173494, 2.67219e-05, 2.85151e-05, 8.39567e-05, 0.000277908, 0.000317476, 0.00069221, 0.000787428, 0.00117524, 1.05881e-06, 0.000172099, 

4.26175e-07, 4.30086e-07, 0.000137922, 0.000561747, 0.00450581, 0.524069, 0.537961, 2.99139e-07, 3.09014e-07, 0.019064, 0.0613688, 0.0883383, 1.93968, 1.69813, 2.48438e-08, 4.53177e-08, 0.0420076, 0.7491, 1.20779, 1.71077, 0.264628, 1.56058e-09, 2.48916e-08, 0.0173494, 0.114349, 0.407873, 0.456409, 1.03266, 2.67219e-05, 2.85151e-05, 8.39567e-05, 0.000277908, 0.000317476, 0.00069221, 0.000787428, 0.00117524, 1.05881e-06, 0.000172099, 

4.25597e-07, 4.26175e-07, 0.000561747, 0.00450581, 0.524069, 0.537961, 2.37663, 2.99139e-07, 3.09014e-07, 0.019064, 0.0613688, 0.0883383, 0.246676, 0.80385, 1.25339e-09, 1.85984e-08, 0.264628, 0.523152, 1.20779, 1.71077, 1.15156, 8.57459e-11, 1.56058e-09, 0.0173494, 0.114349, 0.407873, 1.03266, 1.99275, 2.67219e-05, 2.85151e-05, 8.39567e-05, 0.000277908, 0.000317476, 0.00069221, 0.000787428, 0.00117524, 1.05881e-06, 0.000172099, 

4.25152e-07, 4.25597e-07, 0.000561747, 0.00450581, 0.524069, 2.37663, 0.31877, 2.99139e-07, 3.03465e-07, 0.019064, 0.0883383, 0.246676, 0.80385, 1.58811, 1.25339e-09, 8.51e-09, 0.523152, 1.15156, 1.20779, 1.71077, 0.359825, 8.57459e-11, 1.56058e-09, 0.0173494, 0.114349, 0.407873, 1.03266, 1.99275, 2.60431e-05, 2.67219e-05, 2.85151e-05, 0.000277908, 0.000317476, 0.00069221, 0.000787428, 0.00117524, 1.05881e-06, 0.000172099, 

4.25152e-07, 4.25544e-07, 0.000561747, 0.00450581, 0.31877, 2.29787, 2.06124, 2.99139e-07, 3.03465e-07, 0.019064, 0.0883383, 0.246676, 0.80385, 1.58811, 8.67262e-12, 2.35362e-10, 0.523152, 1.15156, 1.20779, 1.71077, 1.96605, 8.57459e-11, 1.56058e-09, 0.0173494, 0.0986195, 0.351509, 1.03266, 2.33923, 2.60431e-05, 2.67219e-05, 2.85151e-05, 0.000277908, 0.000317476, 0.00069221, 0.000787428, 0.00117524, 1.05881e-06, 0.000172099, 

4.25152e-07, 4.25544e-07, 0.000561747, 0.00450581, 2.06124, 2.29787, 1.53885, 2.99139e-07, 2.99323e-07, 0.019064, 0.0883383, 0.246676, 0.80385, 1.83392, 8.67262e-12, 2.35362e-10, 0.433981, 1.15156, 1.20779, 1.71077, 1.94821, 8.57459e-11, 1.56058e-09, 0.0986195, 0.351509, 0.370379, 2.11414, 0.248989, 2.60431e-05, 2.67219e-05, 2.85151e-05, 0.000277908, 0.000317476, 0.00069221, 0.000787428, 0.00117524, 1.05881e-06, 0.000172099, 

4.25152e-07, 4.25544e-07, 0.000561747, 0.00450581, 2.06124, 2.29787, 6.93186e-05, 2.99139e-07, 2.99323e-07, 0.00997539, 0.019064, 0.0883383, 0.246676, 0.80385, 8.67262e-12, 2.35362e-10, 0.0949407, 0.433981, 1.71077, 1.94821, 1.04921, 8.57459e-11, 1.56058e-09, 0.0392003, 0.248989, 0.370379, 2.11414, 1.69735, 2.60431e-05, 2.67219e-05, 2.85151e-05, 0.000277908, 0.000317476, 0.00069221, 0.000787428, 0.00117524, 7.56724e-07, 1.05881e-06, 

4.25069e-07, 4.25152e-07, 6.93186e-05, 0.00450581, 0.129656, 0.279063, 1.44379, 2.99139e-07, 2.99323e-07, 0.00997539, 0.019064, 0.0883383, 0.80385, 0.786646, 8.67262e-12, 2.35362e-10, 0.433981, 0.821229, 1.04921, 1.74285, 0.118613, 8.57459e-11, 1.56058e-09, 0.0392003, 0.248989, 0.370379, 0.579156, 1.04907, 2.60431e-05, 2.67219e-05, 2.85151e-05, 0.000277908, 0.000317476, 0.00069221, 0.000787428, 0.00117524, 7.56724e-07, 1.05881e-06, 

4.25069e-07, 4.25152e-07, 6.93186e-05, 0.129656, 0.279063, 1.44379, 1.47781, 2.99139e-07, 2.99233e-07, 0.00997539, 0.019064, 0.0883383, 0.464762, 0.494607, 8.67262e-12, 2.35362e-10, 0.118613, 0.345929, 0.433981, 1.04921, 1.74285, 1.42272e-11, 8.57459e-11, 0.0392003, 0.248989, 0.481973, 0.725696, 1.82098, 2.60431e-05, 2.67219e-05, 2.85151e-05, 0.000277908, 0.000317476, 0.00069221, 0.000787428, 0.00117524, 7.56724e-07, 1.05881e-06, 

Best:
(4.16368e-06, )

Fitness Evaluations:
2750

End Population
(9.217990e-04), (9.218889e-04), (1.177155e-02), (-1.855317e+01), (5.528633e+00), (-2.029470e+00), (-2.067744e+00), (-7.732915e-04), (-7.734125e-04), (-6.294922e+00), (-6.144324e+00), (-6.678662e+00), (1.005708e+00), (1.040645e+00), (4.163685e-06), (2.169073e-05), (4.918771e-01), (-8.575998e-01), (1.163893e+01), (-4.668615e+00), (-1.653851e+01), (5.332924e-06), (-1.309221e-05), (-6.522771e+00), (6.985714e+00), (-7.293815e+00), (1.763856e+01), (8.784092e+00), (7.215285e-03), (7.308710e-03), (-7.549970e-03), (-2.357039e-02), (-2.519263e-02), (-3.720064e-02), (-3.967715e-02), (-4.847433e-02), (-1.229915e-03), (-1.454843e-03), 