Iterations: 50
Function Evaluations Limit: 150000
Population: 50

Prides Length: 4

Percent Nomads: 0.2
Percent Roaming: 0.2
Percent Sex: 0.8

Mating Rate: 0.3
Mutation Probability: 0.2
Immigration Rate: 0.4

Percent Group Influence: 0.4
Annealing On: true
Ranked Selection Pressure: 2
Near To Best Random Pressure: 2

Dimensions: 1
N-Dimension Space: -100:100

Fitness Iterations:
0.0886409 (Initial Best)

0.0394613, 0.119837, 0.819482, 0.980932, 1.3265, 1.95296, 0.60542, 0.910504, 0.422504, 1.07873, 0.537057, 1.34013, 1.12946, 1.16427, 2.40344, 2.63768, 4.86436, 1.49929, 0.343511, 0.397287, 0.0448345, 0.0542711, 0.0696335, 0.483987, 1.61319, 2.0474, 2.74496, 0.0886409, 1.15848, 1.39564, 0.0956823, 0.159371, 0.0521816, 0.206721, 1.20228, 2.17225, 0.251283, 1.62739, 1.24516, 1.04219, 0.177656, 0.427783, 0.311473, 0.12232, 0.995023, 0.372645, 0.599843, 1.06634, 1.83934, 1.93364, 

0.0394613, 0.119837, 0.422504, 0.819482, 0.980932, 0.302046, 2.41139, 0.251283, 0.527323, 0.0394605, 0.12232, 0.177656, 0.306603, 1.12946, 1.49929, 2.40344, 0.162715, 1.04219, 0.60542, 0.483987, 0.0448345, 0.0542711, 0.0696335, 0.0886409, 1.15848, 1.39564, 0.993611, 1.02663, 0.910504, 0.246063, 0.0956823, 0.159371, 0.0521816, 0.206721, 0.991894, 1.85195, 1.23173, 0.468627, 0.343511, 0.542895, 0.537057, 0.13088, 0.221682, 0.311473, 0.372645, 0.427783, 0.599843, 0.613677, 1.07873, 1.20228, 

0.0394613, 0.119837, 0.0394605, 0.251283, 0.302046, 0.527323, 2.41139, 0.0521816, 0.542895, 0.244446, 0.12232, 0.15799, 0.306603, 0.383047, 0.531647, 0.60542, 0.0919417, 0.468627, 0.0511928, 0.206721, 0.0448345, 0.0542711, 0.0696335, 0.324677, 0.910504, 1.11566, 2.09061, 0.0830856, 0.819482, 0.162715, 0.0956823, 0.159371, 0.343511, 0.991894, 1.23173, 1.41218, 0.117999, 0.483987, 0.980932, 0.0898357, 0.13088, 0.177656, 0.221682, 0.311473, 0.355157, 0.372645, 0.427783, 0.537057, 0.993611, 1.04697, 

0.0394613, 0.0394698, 0.0394605, 0.244446, 0.251283, 0.542895, 2.04095, 0.172371, 0.306603, 0.0919417, 0.12232, 0.15799, 0.0511928, 0.206721, 0.468627, 0.60542, 0.197457, 0.527323, 0.0696335, 0.819482, 0.0411089, 0.0448345, 0.0830856, 0.324677, 2.09061, 2.71147, 1.49521, 0.302046, 0.0898357, 0.531647, 0.0956823, 0.13088, 0.117999, 0.343511, 0.483987, 0.980932, 0.989492, 0.162715, 0.0521816, 0.383047, 0.0561482, 0.119837, 0.159371, 0.221682, 0.311473, 0.355157, 0.372645, 0.427783, 0.891509, 0.910504, 

0.0394613, 0.0394621, 0.0394605, 0.0919417, 0.172371, 0.244446, 0.306603, 0.0511928, 0.542895, 0.383047, 0.12232, 0.15799, 0.0696335, 0.160969, 0.206721, 0.527323, 0.207938, 0.324677, 0.277435, 0.0830856, 0.0411089, 0.0448345, 0.0898357, 0.531647, 1.49521, 2.63768, 2.56925, 0.302046, 0.0296194, 0.343511, 0.0561482, 0.13088, 0.0521816, 0.117999, 0.162715, 0.483987, 0.980932, 0.468627, 0.470553, 0.251283, 0.0956823, 0.119837, 0.159371, 0.221682, 0.311473, 0.343076, 0.355157, 0.372645, 0.819482, 0.891509, 

0.039461, 0.0394621, 0.244446, 0.306603, 0.383047, 0.542895, 1.00082, 0.207938, 0.0511928, 0.0394605, 0.050137, 0.119837, 0.0830856, 0.160969, 0.277435, 0.324677, 0.527323, 0.0898357, 0.206721, 0.343511, 0.0411089, 0.0448345, 0.0296194, 0.126159, 0.176799, 1.49521, 1.4002, 0.0696335, 0.468627, 0.172371, 0.0386533, 0.0783455, 0.0521816, 0.117999, 0.247875, 0.251283, 1.86659, 0.452774, 0.0919417, 0.162715, 0.0561482, 0.12232, 0.0956823, 0.15799, 0.121347, 0.159371, 0.311473, 0.343076, 0.470553, 0.819482, 

0.039461, 0.0394621, 0.0511928, 0.244446, 0.542895, 2.3799, 4.07336, 0.0394605, 0.172371, 0.0771824, 0.050137, 0.0561482, 0.0830856, 0.277435, 0.324677, 0.343511, 0.518595, 0.160969, 0.197224, 0.251283, 0.0411089, 0.0448345, 0.0296194, 0.126159, 0.176799, 0.987511, 1.4002, 0.0898357, 0.306603, 0.0696335, 0.0386533, 0.0513815, 0.0521816, 0.0919417, 0.117999, 0.158834, 0.248133, 0.207938, 0.247875, 0.248924, 0.0783455, 0.119837, 0.0956823, 0.121347, 0.12232, 0.15799, 0.159371, 0.24113, 0.327957, 0.383047, 

0.039461, 0.0394611, 0.244446, 0.542895, 2.38878, 0.988341, 0.84136, 0.0296194, 0.0511928, 0.0919417, 0.0448345, 0.0156901, 0.0830856, 0.251283, 0.518595, 0.14066, 0.705829, 0.0395548, 0.176799, 0.172371, 0.0411089, 0.0164165, 0.0696335, 0.0898357, 0.126159, 0.306603, 2.29023, 0.0521816, 0.0472768, 0.0394605, 0.0321222, 0.0386533, 0.117999, 0.158834, 0.163662, 0.207938, 0.248133, 0.160969, 0.197224, 0.277435, 0.050137, 0.0449472, 0.0561482, 0.0783455, 0.0956823, 0.119837, 0.121347, 0.12232, 0.324677, 0.327957, 

0.012541, 0.0386533, 0.0296194, 0.244446, 0.542895, 0.689261, 0.988341, 0.0511928, 0.163662, 0.0184256, 0.0156901, 0.0448345, 0.0830856, 0.251283, 0.518595, 0.705829, 1.95474, 0.176799, 0.0919417, 0.14066, 0.0164165, 0.0411089, 0.0394605, 0.0898357, 0.126159, 0.306603, 1.79815, 0.0696335, 0.027424, 0.0521816, 0.0321222, 0.0200322, 0.0713203, 0.117999, 0.160969, 0.207938, 0.277435, 0.197224, 0.172371, 0.0395548, 0.039461, 0.039461, 0.0449472, 0.050137, 0.0561482, 0.0783455, 0.0916925, 0.0956823, 0.248133, 0.324677, 

0.012541, 0.0262936, 0.0184256, 0.0296194, 0.163662, 0.689261, 0.988341, 0.0178703, 0.176799, 0.0394605, 0.0141791, 0.0156901, 0.0830856, 0.518595, 0.705829, 1.95474, 0.0156802, 0.0162739, 0.160969, 0.14066, 0.0164165, 0.0411089, 0.027424, 0.0521816, 0.0696335, 0.0898357, 2.00183, 0.0919417, 0.244446, 0.0395548, 0.0141577, 0.0232317, 0.172371, 0.197224, 0.207938, 0.277435, 1.87159, 0.0511928, 0.0713203, 0.0132067, 0.0386533, 0.039461, 0.039461, 0.0449472, 0.050137, 0.0561482, 0.0783455, 0.0916925, 0.251283, 0.306603, 

0.00997098, 0.0125046, 0.0184256, 0.0296194, 0.176799, 0.762368, 1.95318, 0.0128034, 0.040936, 0.0394605, 0.0141791, 0.0156901, 0.0162739, 0.0830856, 0.518595, 1.81412, 0.854101, 0.027424, 0.109695, 0.0156802, 0.0164165, 0.039461, 0.0395548, 0.0696335, 0.0919417, 2.00183, 2.0215, 0.0521816, 0.0127, 0.0898357, 0.0126415, 0.0141577, 0.0132067, 0.0511928, 0.172371, 0.277435, 2.70423, 0.14066, 0.160969, 0.0713203, 0.012541, 0.0132787, 0.0386533, 0.0405979, 0.039461, 0.0449472, 0.050137, 0.0561482, 0.163662, 0.197224, 

0.00990178, 0.0125046, 0.176799, 0.762368, 1.95318, 0.816594, 2.0165, 0.0184256, 0.0162739, 0.0521816, 0.012541, 0.0132787, 0.0156802, 0.027424, 0.889571, 0.143391, 1.52565, 0.040936, 0.0394605, 0.0296194, 0.0141577, 0.0171596, 0.0898357, 0.0919417, 0.739401, 1.2093, 1.37558, 0.0696335, 0.0713203, 0.0132067, 0.0126415, 0.00285574, 0.0402397, 0.0511928, 0.172371, 0.277435, 0.0487003, 0.0127, 0.0255794, 0.0128034, 0.0141791, 0.0156901, 0.0164165, 0.039461, 0.0386533, 0.039461, 0.0405979, 0.0441772, 0.0830856, 0.109695, 

0.00990178, 0.0103208, 0.0184256, 0.0521816, 1.95318, 2.0165, 0.658647, 0.0296194, 0.040936, 0.0378963, 0.012541, 0.0131907, 0.0156802, 0.027424, 0.0394605, 0.889571, 1.52565, 0.0162739, 0.0429441, 0.0127, 0.0141577, 0.0141791, 0.0132067, 0.0898357, 1.2093, 1.37558, 2.11889, 0.0696335, 0.0713203, 0.00605077, 0.00285574, 0.0126415, 0.0209105, 0.0255794, 0.0487003, 0.0511928, 0.277435, 0.0919417, 0.0830856, 0.0128034, 0.0171596, 0.0153486, 0.0156901, 0.0164165, 0.0386533, 0.039461, 0.039461, 0.0405979, 0.172371, 0.176799, 

0.00990178, 0.0103208, 0.0184256, 0.0521816, 2.0165, 2.00247, 1.76966, 0.0132067, 0.027424, 0.0162739, 0.012541, 0.0131256, 0.0127, 0.0394605, 0.0429441, 0.759726, 0.500324, 0.0696335, 0.0713203, 0.0156802, 0.0141577, 0.0141791, 0.00605077, 0.0898357, 1.0265, 1.07447, 2.3837, 0.040936, 0.0296194, 0.0209105, 0.00285574, 0.0126415, 0.0487003, 0.0511928, 0.0919417, 2.06747, 2.06712, 0.0378963, 0.0255794, 0.0128034, 0.0153486, 0.0156901, 0.0164165, 0.0171596, 0.0386533, 0.039461, 0.039461, 0.0405979, 0.0830856, 0.172371, 

0.00742495, 0.0103208, 0.00165326, 0.0162739, 0.0521816, 1.76966, 2.0165, 0.0209105, 0.0255794, 0.0127, 0.012541, 0.01259, 0.0156802, 0.0394605, 0.759726, 0.124685, 1.81897, 0.0788151, 0.0696335, 0.027424, 0.0141577, 0.0141791, 0.0296194, 0.040936, 1.0265, 1.07447, 1.36634, 0.0184256, 0.0429441, 0.0128034, 0.00285574, 0.0126415, 0.0378963, 0.0511928, 0.0919417, 2.06712, 0.0890848, 0.0487003, 0.00605077, 0.0713203, 0.00990178, 0.0153486, 0.0156901, 0.0164165, 0.0171596, 0.0386533, 0.039461, 0.039461, 0.0898357, 0.172371, 

0.00077164, 0.00990178, 0.00165326, 0.0162739, 0.0255794, 0.0521816, 2.0165, 0.172371, 0.124685, 0.0209105, 0.012541, 0.01259, 0.027424, 0.0394605, 0.0696335, 0.0788151, 0.0685092, 0.0869568, 0.0511928, 0.119096, 0.0141577, 0.0141791, 0.0128034, 0.0184256, 0.0296194, 0.0429441, 1.0265, 0.040936, 0.0156802, 0.0898357, 0.00285574, 0.0126415, 0.0298633, 0.0378963, 0.0713203, 0.0890848, 0.0919417, 0.253825, 0.00605077, 0.0102563, 0.00742495, 0.0103208, 0.0153486, 0.0156901, 0.0164165, 0.0171596, 0.0386533, 0.039461, 0.569893, 0.759726, 

0.00077164, 0.00990178, 0.00165326, 0.0209105, 0.0255794, 0.172371, 1.27091, 0.0685092, 0.0156802, 0.0521816, 0.00742495, 0.0103208, 0.027424, 0.0394605, 0.0511928, 0.0869568, 1.99277, 0.00550765, 0.0128034, 0.0788151, 0.0141577, 0.00766096, 0.0184256, 0.0296194, 0.0429441, 1.0265, 1.07553, 0.00605077, 0.040936, 0.00182304, 0.00285574, 0.0107974, 0.0102563, 0.0298633, 0.0378963, 0.0713203, 0.0919417, 0.000371024, 0.0162739, 0.0696335, 0.00270288, 0.012541, 0.01259, 0.0141791, 0.0153486, 0.0156901, 0.0164165, 0.0171596, 0.0890848, 0.119096, 

0.00077164, 0.00990178, 0.0156802, 0.0161821, 0.0521816, 0.0685092, 1.34858, 0.0869568, 0.00991577, 0.0255794, 0.00270288, 0.0103208, 0.00550765, 0.0394605, 0.0788151, 1.99277, 2.02064, 0.0513223, 0.0298633, 0.0511928, 0.000347013, 0.00493746, 0.00605077, 0.0296194, 0.040936, 0.0429441, 1.07553, 0.00182304, 0.0169852, 0.0102563, 0.00185996, 0.0107974, 0.000371024, 0.0162739, 0.0378963, 0.0696335, 0.0919417, 0.027424, 0.00165326, 0.0128034, 0.00742495, 0.012541, 0.01259, 0.0141791, 0.0153486, 0.0156901, 0.0164165, 0.0171596, 0.0890848, 0.119096, 

0.00077164, 0.00742495, 0.00991577, 0.0100064, 0.0255794, 0.0521816, 0.0711635, 0.0178629, 0.0298633, 0.0169852, 0.00270288, 0.0103208, 0.00550765, 0.0394605, 0.0511928, 0.0788151, 1.99277, 0.0513223, 0.0128034, 0.0156802, 0.000267014, 0.000347013, 0.000208527, 0.00182304, 0.00605077, 0.0296194, 0.040936, 0.104967, 0.027424, 0.0429441, 0.00185996, 0.0107974, 0.000371024, 0.0162739, 0.0378963, 0.0696335, 0.0919417, 0.0890848, 0.0685092, 0.00165326, 0.00990178, 0.012541, 0.01259, 0.0141791, 0.0153486, 0.0156901, 0.0164165, 0.0171596, 0.119096, 

0.00077164, 0.00742495, 0.00991577, 0.0255794, 0.0298633, 0.0521816, 0.0711635, 0.0511928, 0.0100064, 0.00605077, 0.00270288, 0.0103208, 0.00550765, 0.0128034, 0.0513223, 0.0788151, 0.267081, 0.0394605, 0.00460936, 0.0178629, 0.000266213, 0.000267014, 0.00182304, 0.027424, 0.040936, 0.0429441, 1.14258, 0.000208527, 0.0156802, 0.0169852, 0.00185996, 0.0107974, 0.00165326, 0.0162739, 0.0378963, 0.0696335, 0.0919417, 0.0296194, 0.000371024, 0.0685092, 0.00990178, 0.0117233, 0.012541, 0.01259, 0.0141791, 0.0153486, 0.0156901, 0.0164165, 0.104967, 0.119096, 

0.00077164, 0.00742495, 0.0100064, 0.0511928, 0.0521816, 0.597047, 0.332563, 0.000371024, 0.000208527, 0.00605077, 0.00270288, 0.0103208, 0.00550765, 0.0788151, 0.267081, 0.745404, 2.58665, 0.0169852, 0.00453587, 0.0255794, 0.000239526, 0.000245378, 0.0156802, 0.027424, 0.040936, 1.14258, 0.71931, 0.00182304, 0.0128034, 0.00991577, 0.00185996, 0.00990178, 0.00165326, 0.0296194, 0.0378963, 1.773, 2.02796, 0.0162739, 0.0178629, 0.0298633, 0.0107974, 0.0117233, 0.012541, 0.01259, 0.0141791, 0.0153486, 0.0156901, 0.0164165, 0.0394605, 0.0429441, 

0.000486725, 0.00329479, 0.000208527, 0.000371024, 0.00605077, 0.0521816, 0.931393, 0.0298633, 0.00182304, 0.00550765, 0.00270288, 0.0103208, 0.00453587, 0.0255794, 0.267081, 0.745404, 0.667477, 0.0100064, 0.0296194, 0.040936, 0.000239129, 0.000239526, 0.00991577, 0.0128034, 0.0156802, 0.027424, 1.66499, 0.0394605, 0.0511928, 0.0429441, 0.00185996, 0.00990178, 0.00165326, 0.0162739, 0.0178629, 1.27278, 0.248013, 0.0378963, 0.0169852, 0.0788151, 0.0107974, 0.0117233, 0.012541, 0.01259, 0.0141791, 0.0153486, 0.0156901, 0.0164165, 

0.000211154, 0.0023352, 0.00182304, 0.00605077, 0.0521816, 1.1212, 2.00166, 0.00991577, 0.000208527, 0.00550765, 0.00270288, 0.0103208, 0.0255794, 0.040936, 0.267081, 0.667477, 0.296714, 0.0178629, 0.0378963, 0.000371024, 0.000239129, 0.000239526, 0.0128034, 0.027424, 0.0394605, 0.0429441, 1.23354, 0.0298633, 0.0162739, 0.0296194, 0.00185996, 0.00990178, 0.00165326, 0.0169852, 0.0788151, 0.248013, 3.53105, 0.0156802, 0.00453587, 0.0100064, 0.0107974, 0.0117233, 0.012541, 0.01259, 0.0141791, 0.0153486, 0.0156901, 0.0164165, 0.0511928, 

0.000209358, 0.00097632, 0.00605077, 0.00991577, 0.0521816, 0.100605, 0.150666, 0.0255794, 0.0394605, 0.0100064, 0.00270288, 0.0103208, 0.000371024, 0.0178629, 0.0378963, 0.296714, 1.05593, 0.00550765, 0.040936, 0.00165326, 0.000238903, 0.000239129, 0.0128034, 0.0162739, 0.0296194, 1.23354, 1.50642, 0.000208527, 0.027424, 0.0298633, 0.00185996, 0.00990178, 0.0169852, 0.0788151, 0.248013, 2.63768, 2.58004, 0.00453587, 0.0156802, 0.00182304, 0.0107974, 0.0117233, 0.012541, 0.01259, 0.0141791, 0.0153486, 0.0156901, 0.0164165, 0.0429441, 0.0511928, 

0.000209358, 0.00097632, 0.00605077, 0.0100064, 0.0255794, 0.150666, 0.756184, 0.00270288, 0.0103208, 0.00165326, 0.00550765, 0.0378963, 0.040936, 2.02195, 0.000184596, 0.000236983, 0.0128034, 0.0162739, 0.027424, 0.0768143, 0.449126, 0.00185996, 0.00990178, 0.00182304, 0.00453587, 0.0169852, 0.0788151, 2.084, 0.0107974, 0.0117233, 0.012541, 0.01259, 0.0141791, 0.0153486, 0.0156901, 0.0164165, 0.000181667, 0.000208527, 

0.000209358, 0.00097632, 0.00605077, 0.0100064, 0.0255794, 0.150666, 2.82337, 0.00262325, 0.0103208, 0.00165326, 0.00550765, 0.0378963, 0.731659, 1.95189, 0.000184596, 0.000236983, 0.0128034, 0.0162739, 0.027424, 0.0717901, 0.449126, 0.00185996, 0.00990178, 0.000226774, 0.00453587, 0.0169852, 2.084, 2.26716, 0.0107974, 0.0117233, 0.012541, 0.01259, 0.0141791, 0.0153486, 0.0156901, 0.0164165, 0.000181667, 0.000208527, 

0.000209358, 0.00097632, 0.0100064, 0.0255794, 0.150666, 2.66452, 1.82878, 0.00240481, 0.0103208, 0.00165326, 0.00550765, 0.0378963, 0.530506, 0.731659, 0.000184596, 0.000236983, 0.0128034, 0.0162739, 0.027424, 0.0717901, 0.449126, 0.00185996, 0.00990178, 0.000226774, 0.00453587, 0.0169852, 1.42123, 0.950295, 0.0107974, 0.0117233, 0.012541, 0.01259, 0.0141791, 0.0153486, 0.0156901, 0.0164165, 0.000181667, 0.000208527, 

0.000209358, 0.00097632, 0.0100064, 0.150666, 1.22214, 1.82878, 1.98394, 0.00180754, 0.0103208, 0.00165326, 0.0378963, 0.530506, 0.731659, 2.00822, 0.000184596, 0.000186959, 0.0128034, 0.0162739, 0.027424, 0.0717901, 0.802216, 0.0010073, 0.00990178, 0.000226774, 0.00453587, 0.0169852, 1.42123, 1.44709, 0.0107974, 0.0117233, 0.012541, 0.01259, 0.0141791, 0.0153486, 0.0156901, 0.0164165, 0.000181667, 0.000208527, 

0.000209358, 0.00097632, 0.0100064, 0.150666, 1.22214, 1.70002, 0.0449485, 0.00171003, 0.0103208, 0.00165326, 0.0378963, 0.530506, 0.731659, 0.322974, 0.000183555, 0.000184596, 0.0162739, 0.027424, 0.0717901, 0.802216, 1.72628, 0.0010073, 0.00990178, 0.000226774, 0.00453587, 0.0169852, 0.6324, 1.99759, 0.0107974, 0.0117233, 0.012541, 0.01259, 0.0141791, 0.0153486, 0.0156901, 0.0164165, 0.000181667, 0.000208527, 

0.000209358, 0.000799946, 0.0100064, 0.0324884, 0.0449485, 1.22214, 0.425922, 0.00161428, 0.0103208, 0.00165326, 0.0378963, 0.322974, 0.731659, 1.94848, 0.000183555, 0.000184596, 0.0162739, 0.0241501, 0.027424, 0.0717901, 0.313372, 0.0010073, 0.00990178, 0.000226774, 0.00453587, 0.0169852, 0.6324, 1.99759, 0.0107974, 0.0117233, 0.012541, 0.01259, 0.0141791, 0.0153486, 0.0156901, 0.0164165, 0.000181667, 0.000208527, 

0.000209358, 0.000266929, 0.0100064, 0.0324884, 0.043591, 0.0449485, 0.425922, 0.00161428, 0.0103208, 0.00165326, 0.0378963, 0.322974, 1.94848, 0.993332, 0.000183555, 0.000184033, 0.0241501, 0.027424, 0.0717901, 0.313372, 1.08738, 0.000799006, 0.00990178, 0.000226774, 0.00453587, 0.27108, 0.6324, 2.66936, 0.0107974, 0.0117233, 0.012541, 0.01259, 0.0141791, 0.0153486, 0.0156901, 0.0164165, 0.000181667, 0.000208527, 

0.000192239, 0.000209358, 0.0100064, 0.043591, 0.0449485, 0.425922, 1.5709, 0.00161428, 0.0103208, 0.00165326, 0.0378963, 0.0954493, 0.484398, 0.237478, 0.000183555, 0.000184033, 0.0241501, 0.027424, 0.0717901, 1.08738, 0.00768738, 0.000799006, 0.00990178, 0.000226774, 0.00453587, 0.27108, 0.6324, 0.260648, 0.0107974, 0.0117233, 0.0124263, 0.012541, 0.01259, 0.0141791, 0.0156901, 0.0164165, 0.000181667, 0.000208527, 

0.000192239, 0.000197996, 0.0100064, 0.043591, 0.0449485, 0.425922, 0.230778, 0.00161428, 0.0103208, 0.00165326, 0.0954493, 0.237478, 0.484398, 0.148349, 0.000183503, 0.000183555, 0.00291217, 0.027424, 0.0717901, 1.08738, 0.000612283, 0.000495979, 0.00990178, 0.000226774, 0.00453587, 0.260648, 0.6324, 2.34068, 0.0107974, 0.0117233, 0.0124263, 0.012541, 0.01259, 0.0141791, 0.0156901, 0.0164165, 0.000181667, 0.000208527, 

0.000192239, 0.000197996, 0.0100064, 0.043591, 0.230778, 0.425922, 0.619929, 0.00161428, 0.0103208, 0.00165326, 0.148349, 0.237478, 0.484398, 1.98816, 0.000183503, 0.000183555, 0.000612283, 0.00291217, 0.027424, 1.08738, 0.642132, 0.000320476, 0.00990178, 0.00453587, 0.260648, 0.6324, 2.34068, 0.0432462, 0.0107974, 0.0117233, 0.0124263, 0.012541, 0.01259, 0.0141791, 0.0156901, 0.0164165, 0.000181667, 0.000208527, 

0.000192239, 0.000197996, 0.043591, 0.230778, 0.425922, 0.619929, 1.11344, 0.00161428, 0.0103208, 0.00165326, 0.237478, 0.484398, 1.98816, 1.73209, 0.000183503, 0.000183519, 0.000612283, 0.027424, 0.642132, 1.08738, 0.234523, 0.000320476, 0.00990178, 0.00453587, 0.0432462, 0.260648, 0.6324, 2.70642, 0.0107974, 0.0117233, 0.0124263, 0.012541, 0.01259, 0.0141791, 0.0156901, 0.0164165, 0.000181667, 0.000208527, 

0.000192239, 0.000197996, 0.043591, 0.230778, 0.425922, 0.619929, 1.11344, 0.00161428, 0.0103208, 0.00165326, 0.0461266, 0.237478, 0.537874, 2.06267, 0.000183503, 0.000183519, 0.000612283, 0.027424, 0.642132, 1.08738, 2.07679, 0.000320476, 0.00990178, 0.00453587, 0.0320375, 0.260648, 2.22493, 1.38087, 0.0107974, 0.0117233, 0.0124263, 0.012541, 0.01259, 0.0141791, 0.0156901, 0.0164165, 0.000181667, 0.000208527, 

0.000192239, 0.000196601, 0.043591, 0.230778, 0.425922, 0.619929, 0.706308, 0.00161428, 0.0103208, 0.00165326, 0.237478, 0.537874, 1.75965, 0.602185, 0.000172193, 0.000183503, 0.000612283, 0.027424, 0.642132, 0.987874, 2.07679, 0.000320476, 0.00990178, 0.0320375, 0.260648, 1.38087, 1.40826, 0.654198, 0.0107974, 0.0117233, 0.0124263, 0.012541, 0.01259, 0.0141791, 0.0156901, 0.0164165, 0.000181667, 0.000208527, 

0.000192239, 0.000196601, 0.043591, 0.230778, 0.619929, 0.706308, 0.375147, 0.00161428, 0.0103208, 0.237478, 0.326136, 0.602185, 1.75965, 0.962359, 0.000172193, 0.000183503, 0.000612283, 0.027424, 0.642132, 0.987874, 2.07679, 0.000320476, 0.00990178, 0.0320375, 0.21297, 0.260648, 0.654198, 1.38087, 0.0107974, 0.0117233, 0.0124263, 0.012541, 0.01259, 0.0141791, 0.0156901, 0.0164165, 0.000181667, 0.000208527, 

0.000192239, 0.000196601, 0.230778, 0.342716, 0.375147, 0.706308, 1.59368, 0.00161428, 0.0103208, 0.237478, 0.548311, 0.962359, 1.21543, 2.01197, 0.000172193, 0.000173439, 0.027424, 0.642132, 0.766427, 0.987874, 1.98682, 0.000320476, 0.00990178, 0.0320375, 0.21297, 0.260648, 1.38087, 2.29837, 0.0107974, 0.0117233, 0.0124263, 0.012541, 0.01259, 0.0141791, 0.0156901, 0.0164165, 0.000181667, 0.000208527, 

0.000192239, 0.000196601, 0.0528874, 0.068898, 0.230778, 0.706308, 0.33495, 0.00161428, 0.0103208, 0.237478, 0.548311, 0.692991, 2.01197, 0.865114, 0.000172193, 0.000173439, 0.027424, 0.442891, 0.766427, 0.827744, 0.987874, 0.000320476, 0.00990178, 0.21297, 0.260648, 1.38087, 2.29837, 2.57674, 0.0107974, 0.0117233, 0.0124263, 0.012541, 0.01259, 0.0141791, 0.0156901, 0.0164165, 0.000181667, 0.000208527, 

0.000192239, 0.000196601, 0.068898, 0.230778, 0.33495, 0.706308, 0.176417, 0.00161428, 0.0103208, 0.237478, 0.548311, 0.692991, 0.865114, 0.982974, 0.000172193, 0.000172691, 0.027424, 0.468421, 0.827744, 0.987874, 1.71375, 0.000320476, 0.00990178, 0.0017345, 0.260648, 1.38087, 1.99144, 0.27277, 0.0102145, 0.0107974, 0.0117233, 0.0124263, 0.012541, 0.0141791, 0.0156901, 0.0164165, 0.000181667, 0.000208527, 

0.000192239, 0.000196601, 0.068898, 0.230778, 0.33495, 0.706308, 0.858436, 0.00161428, 0.0103208, 0.224825, 0.237478, 0.548311, 0.692991, 1.40781, 0.000172193, 0.000172691, 0.027424, 0.468421, 0.827744, 1.71375, 1.84953, 0.000189137, 0.00990178, 0.000245947, 0.260648, 0.27277, 1.99144, 2.21042, 0.0102145, 0.0107974, 0.0117233, 0.0124263, 0.012541, 0.0141791, 0.0156901, 0.0164165, 0.000181667, 0.000208527, 

0.000192239, 0.000196601, 0.068898, 0.230778, 0.33495, 0.706308, 0.858436, 0.00161428, 0.0102145, 0.237478, 0.548311, 0.568994, 1.09784, 0.288317, 0.000172193, 0.000172691, 0.027424, 0.468421, 0.508295, 1.71375, 1.84953, 0.000189137, 0.00990178, 0.000245947, 0.260648, 0.27277, 1.99144, 1.98379, 0.0103208, 0.0107974, 0.0117233, 0.0124263, 0.012541, 0.0141791, 0.0156901, 0.0164165, 0.000181667, 0.000208527, 

0.000192239, 0.000196601, 0.068898, 0.230778, 0.33495, 0.485311, 1.95897, 0.00161428, 0.0102145, 0.237478, 0.288317, 0.568994, 1.09784, 2.29744, 0.000172193, 0.000172691, 0.027424, 0.468421, 0.508295, 1.71375, 1.84953, 0.000189137, 0.00990178, 0.000245947, 0.15894, 0.260648, 0.27277, 1.98379, 0.0103208, 0.0107974, 0.0117233, 0.0124263, 0.012541, 0.0141791, 0.0156901, 0.0164165, 0.000181667, 0.000208527, 

0.000105736, 0.000196601, 0.00987587, 0.068898, 0.230778, 0.33495, 0.485311, 0.00161428, 0.0102145, 0.237478, 0.288317, 0.568994, 0.972271, 0.172536, 0.000172193, 0.000172691, 0.0113257, 0.027424, 0.508295, 0.740272, 0.447268, 0.000189137, 0.00990178, 0.000245947, 0.15894, 0.260648, 0.27277, 1.28349, 0.000192239, 0.0103208, 0.0107974, 0.0117233, 0.0124263, 0.0141791, 0.0156901, 0.0164165, 0.000181667, 0.000208527, 

0.000105736, 0.00012431, 0.00987587, 0.068898, 0.230778, 0.33495, 1.7887, 0.00161428, 0.0102145, 0.172536, 0.237478, 0.246886, 0.256655, 1.37054, 0.000172193, 0.000172691, 0.0113257, 0.027424, 0.320518, 0.447268, 2.01622, 0.000189137, 0.00990178, 0.1254, 0.15894, 0.27277, 1.28349, 0.23115, 0.000192239, 0.00719649, 0.0103208, 0.0107974, 0.0124263, 0.0141791, 0.0156901, 0.0164165, 0.000181667, 0.000208527, 

1.997e-05, 2.16709e-05, 1.07831e-06, 0.230778, 0.33495, 1.75679, 0.529439, 0.000192239, 0.0102145, 0.172536, 0.237478, 0.246886, 1.37054, 2.01303, 0.000172193, 0.000172691, 0.0113257, 0.027424, 0.320518, 0.367077, 0.604179, 0.000189137, 0.00990178, 0.1254, 0.15894, 0.23115, 0.27277, 1.28349, 0.00161428, 0.00719649, 0.0103208, 0.0107974, 0.0124263, 0.0141791, 0.0156901, 0.0164165, 0.000181667, 0.000208527, 

1.9306e-06, 1.997e-05, 1.07831e-06, 0.230778, 0.33495, 0.529439, 1.6194, 0.000192239, 0.0102145, 0.172536, 0.237478, 0.246886, 2.01303, 1.59742, 0.000172193, 0.000172691, 0.027424, 0.320518, 0.367077, 0.604179, 2.39356, 0.000189137, 0.00161428, 0.0560015, 0.1254, 0.15894, 0.252346, 0.016401, 0.00990178, 0.00719649, 0.0103208, 0.0107974, 0.0124263, 0.0141791, 0.0156901, 0.0164165, 0.000181667, 0.000208527, 

1.9306e-06, 1.997e-05, 0.152696, 0.230778, 0.33495, 0.529439, 1.0115, 0.000192239, 0.0102145, 0.237478, 0.246886, 1.37882, 2.01303, 0.900251, 0.000172193, 0.000172678, 0.00504489, 0.367077, 0.604179, 1.17768, 1.92838, 0.000189137, 0.00161428, 0.016401, 0.0560015, 0.1254, 0.15894, 0.252346, 0.00719649, 0.00990178, 0.0103208, 0.0107974, 0.0124263, 0.0141791, 0.0156901, 0.0164165, 1.07831e-06, 0.000181667, 

1.9306e-06, 1.997e-05, 0.152696, 0.230778, 0.403484, 0.42357, 1.65952, 0.000192239, 0.00719649, 0.0314653, 0.237478, 0.246886, 2.01303, 0.0936595, 0.000172193, 0.000172678, 0.00504489, 0.604179, 1.17768, 1.92838, 2.56678, 0.000189137, 0.00161428, 0.016401, 0.0560015, 0.1254, 0.15894, 0.191334, 0.0102145, 0.00990178, 0.0103208, 0.0107974, 0.0124263, 0.0141791, 0.0156901, 0.0164165, 1.07831e-06, 0.000181667, 

Best:
(-0.00146818, )

Fitness Evaluations:
2811

End Population
(1.964500e-03), (-6.318238e-03), (5.597609e-01), (-1.937896e+01), (3.196695e+01), (1.968173e+01), (1.478676e+01), (1.960350e-02), (1.200127e-01), (2.514587e-01), (1.939184e+01), (3.137702e+01), (1.540253e+01), (-1.289064e+01), (1.855329e-02), (1.857939e-02), (-1.004651e-01), (-1.143844e+01), (-8.016310e+00), (-3.530655e+00), (-9.505425e+01), (1.944472e-02), (5.681383e-02), (1.813163e-01), (-5.975127e+00), (-5.794593e+00), (2.516719e+01), (-6.287466e-01), (-6.253600e+00), (-6.288658e+00), (-6.249849e+00), (-6.236860e+00), (-6.351617e+00), (-6.372942e+00), (-6.172074e+00), (1.814021e-01), (-1.468176e-03), (-1.905686e-02), 