Iterations: 50
Function Evaluations Limit: 150000
Population: 50

Prides Length: 4

Percent Nomads: 0.2
Percent Roaming: 0.2
Percent Sex: 0.8

Mating Rate: 0.3
Mutation Probability: 0.2
Immigration Rate: 0.4

Percent Group Influence: 0.4
Annealing On: true
Ranked Selection Pressure: 2
Near To Best Random Pressure: 2

Dimensions: 1
N-Dimension Space: -100:100

Fitness Iterations:
0.098297 (Initial Best)

0.0166183, 0.057257, 0.453231, 0.682561, 0.996607, 2.63768, 2.53281, 0.99832, 1.19437, 0.375686, 0.115536, 0.484173, 0.035, 0.098297, 2.30083, 2.48492, 0.30075, 0.896308, 0.187724, 1.26092, 0.639431, 0.240214, 0.0138913, 0.0383438, 0.246871, 1.61233, 1.85166, 0.0696278, 0.998585, 1.18914, 0.63258, 0.652675, 0.67839, 1.68379, 2.07528, 0.578464, 0.356762, 0.101682, 0.818236, 0.197814, 0.632622, 0.262617, 0.806911, 0.890184, 0.885061, 0.931187, 0.96866, 0.991389, 1.26888, 1.40732, 

0.0166183, 0.028454, 0.375686, 0.996607, 1.80132, 1.61977, 2.09895, 0.187724, 0.562464, 0.583235, 0.115536, 0.154229, 0.035, 0.098297, 0.30075, 0.896308, 0.175755, 0.0584012, 0.578464, 0.101682, 0.220182, 0.262617, 0.0138913, 0.0383438, 0.0696278, 0.998585, 1.85166, 0.078747, 0.246871, 0.67839, 0.0540414, 0.139364, 0.197814, 0.356762, 0.818236, 1.68379, 0.880022, 0.171715, 0.689311, 0.202073, 0.63258, 0.652675, 0.639431, 0.484173, 0.632622, 0.792323, 0.806911, 0.885061, 0.894746, 0.99832, 

0.0166183, 0.028454, 0.0586123, 0.150397, 0.375686, 0.583235, 0.617679, 0.098297, 0.197814, 0.175755, 0.115536, 0.154229, 0.035, 0.0584012, 0.101682, 0.30075, 0.435371, 0.896308, 0.0138913, 0.187724, 0.220182, 0.262617, 0.0696278, 0.078747, 0.246871, 0.670726, 0.998585, 0.0383438, 0.818236, 0.894746, 0.0540414, 0.139364, 0.171715, 0.356762, 0.880022, 0.414178, 0.803432, 0.219487, 0.689311, 0.032534, 0.188982, 0.317689, 0.447394, 0.484173, 0.580196, 0.63258, 0.632622, 0.639431, 0.99832, 1.61977, 

0.015706, 0.028454, 0.150397, 0.175755, 0.197814, 0.375686, 0.707262, 0.098297, 0.0586123, 0.035, 0.115536, 0.154229, 0.0138913, 0.0584012, 0.187724, 0.30075, 0.896308, 0.032534, 0.0752306, 0.0696278, 0.13653, 0.188982, 0.00547305, 0.0383438, 0.246871, 0.818236, 1.23468, 0.171715, 0.078747, 0.00105168, 0.0540414, 0.0103813, 0.0191216, 0.219487, 0.689311, 0.880022, 2.02122, 0.356762, 0.0632208, 0.336964, 0.139364, 0.262617, 0.317689, 0.447394, 0.484173, 0.580196, 0.63258, 0.632622, 0.36217, 0.414178, 

0.00748596, 0.028454, 0.035, 0.098297, 0.197814, 0.707262, 1.27141, 0.00105168, 0.0191216, 0.146555, 0.093461, 0.115536, 0.0138913, 0.032534, 0.0584012, 0.187724, 1.55424, 0.106789, 0.0696278, 0.0383438, 0.13653, 0.188982, 0.078747, 0.171715, 0.246871, 0.818236, 0.417336, 0.0626256, 0.0752306, 0.175755, 0.0103813, 0.0540414, 0.219487, 0.336964, 0.689311, 1.47414, 1.97958, 0.0586123, 0.0632208, 0.00547305, 0.015706, 0.139364, 0.262617, 0.317689, 0.447394, 0.484173, 0.552105, 0.580196, 0.184019, 0.356762, 

0.00153294, 0.00987427, 0.00105168, 0.035, 0.098297, 0.197814, 0.707262, 0.000376339, 0.0696278, 0.0138913, 0.0688197, 0.115536, 0.032534, 0.0383438, 0.106789, 0.472585, 0.69467, 0.0191216, 0.0713907, 0.00547305, 0.000759825, 0.0324158, 0.078747, 0.175755, 0.246871, 0.417336, 0.818957, 0.0752306, 0.0626256, 0.117877, 0.0103813, 0.0540414, 0.0586123, 0.219487, 0.336964, 1.82039, 2.0067, 0.0632208, 0.121765, 0.0584012, 0.015706, 0.093461, 0.139364, 0.188982, 0.197356, 0.227868, 0.262617, 0.285679, 0.171715, 0.184019, 

0.000256653, 0.00987427, 0.000376339, 0.00105168, 0.0138913, 0.0696278, 1.61026, 0.098297, 0.0752306, 0.171715, 0.015706, 0.115536, 0.00547305, 0.0383438, 0.106789, 0.358167, 1.86355, 0.0713907, 0.121765, 0.184019, 0.000759825, 0.0102654, 0.117877, 0.175755, 0.417336, 0.0825381, 2.19984, 0.032534, 0.0626256, 0.035, 0.0103813, 0.0540414, 0.0584012, 0.0632208, 0.219487, 1.30833, 1.63663, 0.0586123, 0.078747, 0.0191216, 0.00153294, 0.0324158, 0.0688197, 0.139364, 0.188982, 0.197356, 0.227868, 0.262617, 0.197814, 0.246871, 

0.000256653, 0.00987427, 0.0138913, 0.0696278, 0.0752306, 0.098297, 0.171715, 0.0488052, 0.121765, 0.00105168, 0.015706, 0.0688197, 0.0383438, 0.106789, 1.86355, 1.52007, 1.07892, 0.00547305, 0.000376339, 0.032534, 0.000759825, 0.0102654, 0.0825381, 0.117877, 0.417336, 2.08719, 0.871424, 0.0713907, 0.035, 0.0632208, 0.0103813, 0.0324158, 0.0584012, 0.0586123, 0.497153, 1.63663, 0.0461254, 0.0191216, 0.0532053, 0.078747, 0.000247622, 0.0540414, 0.0433615, 0.115536, 0.139364, 0.188982, 0.197356, 0.227868, 0.175755, 0.184019, 

0.000247622, 0.00544013, 0.00105168, 0.0138913, 0.0488052, 0.0752306, 0.171715, 0.106789, 0.032534, 0.098297, 0.015706, 0.0433615, 0.000376339, 0.00547305, 0.315758, 1.07892, 0.354205, 0.121765, 0.0825381, 0.0713907, 0.000759825, 0.0102654, 0.035, 0.0429757, 0.163317, 0.310069, 1.62067, 0.0632208, 0.0191216, 0.0696278, 0.0100726, 0.0324158, 0.0532053, 0.0584012, 0.0586123, 1.59652, 1.9616, 0.0461254, 0.0383438, 0.078747, 0.000256653, 0.0688197, 0.0540414, 0.115536, 0.139364, 0.188982, 0.197356, 0.227868, 0.175755, 0.184019, 

0.000247622, 0.000923398, 0.0138913, 0.0488052, 0.171715, 0.422213, 1.82387, 0.035, 0.00547305, 0.0752306, 0.0120369, 0.0413242, 0.000376339, 0.0713907, 0.0825381, 1.07892, 1.41098, 0.032534, 0.0461254, 0.00105168, 0.000256653, 0.0102654, 0.0191216, 0.0632208, 0.0696278, 0.163317, 2.24189, 0.0532053, 0.106789, 0.0586123, 0.0100726, 0.0324158, 0.0584012, 0.078747, 1.15262, 1.59652, 0.600481, 0.098297, 0.0429757, 0.0383438, 0.000759825, 0.0433615, 0.0540414, 0.0688197, 0.115536, 0.139364, 0.188982, 0.197356, 0.121765, 0.175755, 

0.000247622, 0.000923398, 0.00547305, 0.035, 0.171715, 0.0241486, 2.01557, 0.0430523, 0.0532053, 0.0552324, 0.0117968, 0.0413242, 0.000376339, 0.00105168, 0.032534, 0.0461254, 1.35983, 0.0696278, 0.0138913, 0.175755, 0.000256653, 0.000759825, 0.0191216, 0.0586123, 0.0632208, 0.106789, 0.160544, 0.0383438, 0.0713907, 0.0825381, 0.0100726, 0.0324158, 0.0429757, 0.0584012, 0.098297, 0.600481, 1.15262, 0.078747, 0.163317, 0.121765, 0.0102654, 0.0120369, 0.0433615, 0.0475567, 0.0540414, 0.0688197, 0.115536, 0.188982, 0.422213, 0.679788, 

3.51803e-05, 0.000923398, 0.00547305, 0.0241486, 0.0532053, 0.0552324, 1.35857, 0.0696278, 0.0429757, 0.035, 0.0117968, 0.0413242, 0.0138913, 0.0461254, 0.175755, 1.35983, 0.0683413, 0.0632208, 0.0586123, 0.0383438, 0.000256653, 0.000759825, 0.0191216, 0.0713907, 0.106789, 0.160544, 2.05216, 0.0825381, 0.032534, 0.0430523, 0.0100726, 0.0102654, 0.0584012, 0.098297, 0.121765, 0.163317, 1.5512, 0.000376339, 0.078747, 0.00105168, 0.000247622, 0.0324158, 0.0120369, 0.0433615, 0.0475567, 0.0540414, 0.098191, 0.115536, 0.157932, 0.171715, 

3.51803e-05, 3.81857e-05, 0.00547305, 0.0241486, 0.0532053, 0.0552324, 0.0696278, 0.157932, 0.000376339, 0.0825381, 0.000247622, 0.0120369, 0.00695667, 0.0383438, 0.0683413, 0.175755, 0.713179, 0.0138913, 0.078747, 0.0713907, 0.000256653, 0.000759825, 0.0191216, 0.032534, 0.0430523, 0.559492, 1.4319, 0.106789, 0.0461254, 0.0632208, 0.0100726, 0.0102654, 0.00105168, 0.0584012, 0.098297, 0.121765, 0.163317, 0.035, 0.0429757, 0.160544, 0.0117968, 0.0413242, 0.0301947, 0.0324158, 0.0433615, 0.0475567, 0.0540414, 0.114874, 0.171715, 0.370744, 

3.51803e-05, 3.81857e-05, 0.0241486, 0.0532053, 0.0552324, 0.0696278, 1.03013, 0.0584012, 0.157932, 0.0430523, 0.000247622, 0.0117968, 0.00695667, 0.0138913, 0.0383438, 0.078747, 0.398458, 0.0632208, 0.0713907, 0.121765, 0.000256653, 0.000759825, 0.0191216, 0.032534, 0.0461254, 0.106789, 0.284815, 0.0683413, 0.160544, 0.171715, 0.0100726, 0.0102654, 9.23469e-07, 0.00105168, 0.035, 0.098297, 0.163317, 0.0825381, 0.00547305, 0.000376339, 0.0120369, 0.0301947, 0.0324158, 0.0413242, 0.0433615, 0.0475567, 0.0540414, 0.114874, 0.175755, 0.342363, 

3.51803e-05, 3.81857e-05, 0.0241486, 0.0552324, 0.0696278, 0.11782, 0.126496, 0.00695667, 0.0584012, 0.00105168, 0.000247622, 0.0117968, 0.0138913, 0.0470321, 0.0632208, 0.0713907, 0.078747, 0.0683413, 0.0383438, 0.000376339, 0.000256653, 0.000759825, 0.0191216, 0.032534, 0.106789, 0.284815, 1.61322, 0.0532053, 0.0699152, 0.0430523, 0.0100726, 0.0102654, 0.00547305, 0.035, 0.098297, 0.163317, 1.58113, 9.23469e-07, 0.0825381, 0.0461254, 0.0120369, 0.0290772, 0.0301947, 0.0303483, 0.0324158, 0.0413242, 0.0433615, 0.0540414, 0.160544, 0.171715, 

3.51803e-05, 3.67366e-05, 0.0241486, 0.0696278, 0.11782, 0.126496, 0.309237, 0.0461254, 0.0470321, 0.0430523, 0.000247622, 0.0102281, 0.000376339, 0.0138913, 0.0383438, 0.0713907, 0.078747, 0.00105168, 0.032534, 0.0632208, 6.68844e-05, 0.000256653, 0.0532053, 0.0699152, 0.106789, 0.284815, 1.45716, 0.0191216, 9.23469e-07, 0.0584012, 0.0100726, 0.0102654, 0.00547305, 0.035, 0.0825381, 0.163317, 1.58113, 0.00695667, 0.0552324, 0.00019367, 0.0117968, 0.0120369, 0.0252884, 0.0290772, 0.0301947, 0.0303483, 0.0324158, 0.0413242, 0.0683413, 0.098297, 

3.51803e-05, 3.67366e-05, 0.0430523, 0.0696278, 0.11782, 0.126496, 0.309237, 0.0298984, 9.23469e-07, 0.035, 0.000247622, 0.0102281, 0.000376339, 0.0138913, 0.032534, 0.0632208, 0.339158, 0.0552324, 0.00547305, 0.0241486, 4.22293e-05, 0.000256653, 0.0191216, 0.0699152, 0.106789, 0.284815, 1.45716, 0.0383438, 0.00105168, 0.0421068, 0.0100726, 0.0102654, 0.00019367, 0.00695667, 0.0825381, 2.02278, 0.00983486, 0.0461254, 0.0532053, 0.0470321, 0.0117968, 0.0120369, 0.0252884, 0.0290772, 0.0301947, 0.0303483, 0.0324158, 0.0413242, 0.0683413, 0.0713907, 

2.61738e-05, 3.51803e-05, 0.0298984, 0.0430523, 0.0696278, 1.07589, 0.0894542, 0.0138913, 0.000376339, 0.0532053, 0.000247622, 0.000728285, 0.0241486, 0.032534, 0.0552324, 0.0632208, 0.339158, 0.00695667, 0.00983486, 0.035, 4.22293e-05, 0.000256653, 0.0421068, 0.0901935, 0.284815, 1.45716, 2.01962, 0.00105168, 0.0383438, 9.23469e-07, 0.0100726, 0.0102654, 0.00019367, 0.0461254, 0.0825381, 1.73612, 1.71864, 0.0470321, 0.00547305, 0.0191216, 0.0102281, 0.0117968, 0.0120369, 0.0194582, 0.0252884, 0.0290772, 0.0301947, 0.0303483, 0.0683413, 0.0699152, 

2.61738e-05, 3.12442e-05, 0.000376339, 0.0138913, 0.0696278, 1.07589, 2.25566, 0.00314228, 0.0470321, 0.0241486, 0.000100336, 0.000247622, 0.00695667, 0.032534, 0.035, 0.0632208, 1.66339, 0.0461254, 0.0383438, 0.0298984, 6.14214e-06, 4.22293e-05, 9.23469e-07, 0.0421068, 0.0901935, 1.45716, 2.01962, 0.0552324, 0.00875502, 0.00983486, 0.0018212, 0.0102654, 0.00019367, 0.00547305, 1.71864, 1.73612, 2.49213, 0.00105168, 0.0191216, 0.0532053, 0.0100726, 0.0102281, 0.0117968, 0.0120369, 0.0194582, 0.0252884, 0.0290772, 0.0301947, 0.0683413, 0.0699152, 

2.58327e-05, 2.61738e-05, 0.00314228, 0.0241486, 0.0470321, 1.73904, 0.000168754, 0.00019367, 0.035, 0.00875502, 0.000100336, 0.000132447, 0.0221138, 0.032534, 0.0461254, 0.0632208, 0.00345083, 0.00954857, 0.0298984, 9.23469e-07, 7.37911e-07, 6.14214e-06, 0.00983486, 0.0552324, 1.42277, 1.9462, 1.40675, 0.0191216, 0.00105168, 0.00695667, 0.0018212, 0.00204783, 0.00547305, 0.0532053, 0.579132, 1.0195, 1.39791, 0.0138913, 0.000376339, 0.0421068, 0.000247622, 0.0102654, 0.00597483, 0.0100726, 0.0102281, 0.0117968, 0.0120318, 0.0194582, 0.0683413, 0.0696278, 

2.55586e-05, 2.58327e-05, 0.00019367, 0.00314228, 0.0241486, 0.0470321, 1.73904, 0.0461254, 0.00875502, 0.0421068, 0.000100336, 0.000132447, 0.00345083, 0.0221138, 0.032534, 2.29431, 1.3521, 0.035, 9.23469e-07, 0.00983486, 4.28954e-07, 7.37911e-07, 0.00105168, 0.00695667, 0.207191, 1.9462, 0.0532581, 0.0298984, 0.0191216, 0.0532053, 0.000320602, 0.00204783, 0.00547305, 0.0138913, 1.39791, 2.28724, 1.62719, 0.000376339, 0.00954857, 0.000168754, 0.000247622, 0.00597483, 0.0100726, 0.0102281, 0.0102654, 0.0117968, 0.0120318, 0.0151513, 0.0552324, 0.0632208, 

2.54559e-05, 2.55586e-05, 0.00019367, 0.00314228, 0.0241486, 0.0421068, 0.709378, 0.035, 0.00875502, 0.0191216, 0.000100336, 0.000132447, 0.00983486, 0.0221138, 2.29431, 0.50582, 1.72525, 0.0552324, 0.032534, 0.0138913, 4.28954e-07, 7.37911e-07, 0.00105168, 0.0298984, 0.0532053, 0.0532581, 1.868, 0.00695667, 9.23469e-07, 0.00345083, 1.46604e-05, 0.000101797, 0.000168754, 0.00547305, 0.00954857, 1.53074, 0.24402, 0.0470321, 0.000376339, 0.0461254, 0.000247622, 0.00597483, 0.0100726, 0.0102281, 0.0102654, 0.0117968, 0.0120318, 0.0151513, 0.0632208, 

2.54559e-05, 2.55586e-05, 0.00314228, 0.0191216, 0.0241486, 0.035, 0.0421068, 0.00345083, 0.00012421, 9.23469e-07, 7.37646e-05, 0.000100336, 0.0138913, 0.0552324, 1.72525, 0.558009, 1.93445, 0.000376339, 0.0221138, 0.00875502, 4.28954e-07, 7.37911e-07, 0.00695667, 0.0532053, 0.634407, 2.16767, 1.98884, 0.000168754, 0.00547305, 0.00983486, 2.63635e-06, 0.000101797, 0.00954857, 0.0461254, 0.24402, 1.53074, 1.11944, 0.00019367, 0.0298984, 0.00105168, 0.000247622, 0.00597483, 0.0100726, 0.0102281, 0.0102654, 0.0117968, 0.0120318, 0.0151513, 0.032534, 0.0470321, 

1.42268e-05, 2.54559e-05, 9.23469e-07, 0.00012421, 0.035, 0.0421068, 0.427218, 0.0241486, 0.0298984, 0.032534, 5.92266e-05, 7.37646e-05, 0.0138913, 0.0221138, 0.558009, 1.17794, 0.000215291, 0.00019367, 0.000376339, 0.00695667, 4.28954e-07, 7.37911e-07, 0.00547305, 0.00983486, 0.803927, 0.127797, 0.00299223, 0.00689965, 0.000168754, 0.00345083, 2.63635e-06, 0.000101797, 0.00105168, 0.0461254, 0.24402, 2.07959, 1.56671, 0.00954857, 0.00314228, 0.00875502, 0.000165884, 0.000247622, 0.000869954, 0.00597483, 0.0100726, 0.0102281, 0.0102654, 0.0117968, 0.0470321, 

1.42268e-05, 2.54559e-05, 9.23469e-07, 0.0298984, 0.0421068, 0.427218, 0.185331, 0.00695667, 0.00314228, 0.000376339, 5.16413e-05, 5.92266e-05, 0.000215291, 0.0138913, 1.17794, 1.95971, 1.56997, 0.000168754, 0.00299223, 0.00019367, 2.79223e-07, 4.28954e-07, 0.00345083, 0.00547305, 0.00983486, 0.127797, 2.39036, 0.0221138, 0.0241486, 0.00012421, 2.63635e-06, 0.000101797, 0.00875502, 0.0461254, 0.0533294, 1.49688, 3.13723, 0.00105168, 0.00689965, 0.00954857, 0.000165884, 0.000247622, 0.000869954, 0.00597483, 0.0100726, 0.0102281, 0.0102654, 0.0117968, 0.0470321, 

9.2083e-07, 1.42268e-05, 9.23469e-07, 0.0421068, 0.427218, 0.0116848, 1.97447, 0.0138913, 0.00299223, 0.00875502, 5.16413e-05, 5.92266e-05, 0.00019367, 0.000215291, 1.17794, 1.56997, 2.32965, 0.00547305, 0.000168754, 0.0115068, 2.79223e-07, 4.28954e-07, 0.00012421, 0.00983486, 0.127797, 0.7091, 2.12074, 0.000376339, 0.00695667, 0.00314228, 2.63635e-06, 1.47685e-05, 0.00105168, 0.00954857, 0.367903, 1.49688, 0.418572, 0.0221138, 0.00345083, 0.00689965, 0.000106062, 0.000165884, 0.000247622, 0.000869954, 0.00597483, 0.0100013, 0.0100726, 0.0102281, 0.0241486, 0.0470321, 

9.2083e-07, 1.57495e-06, 0.00875502, 0.0421068, 1.97447, 1.87636, 1.69308, 0.00299223, 0.0115068, 0.00547305, 5.16413e-05, 5.92266e-05, 0.000215291, 1.17794, 1.56997, 0.184521, 0.190946, 0.00695667, 0.00019367, 9.23469e-07, 2.79223e-07, 4.28954e-07, 0.000376339, 0.00983486, 0.127797, 0.7091, 0.359268, 0.00012421, 0.000168754, 0.00351301, 2.63635e-06, 1.47685e-05, 0.00105168, 0.00345083, 0.00954857, 1.50683, 0.949979, 0.0138913, 0.00689965, 0.00314228, 0.000106062, 0.000165884, 0.000247622, 0.000869954, 0.00597483, 0.0100013, 0.0100726, 0.0102281, 0.0221138, 0.0241486, 

9.2083e-07, 1.57495e-06, 0.00299223, 0.00547305, 0.00875502, 0.0115068, 1.92348, 5.16413e-05, 5.92266e-05, 9.23469e-07, 0.00019367, 0.000215291, 0.190946, 1.56997, 2.79223e-07, 4.28954e-07, 0.000376339, 0.00351301, 0.00983486, 0.127797, 1.82505, 2.63635e-06, 1.47685e-05, 0.00105168, 0.00345083, 0.00689965, 0.183744, 1.50683, 0.000106062, 0.000165884, 0.000247622, 0.000869954, 0.00456362, 0.00597483, 0.0100013, 0.0100726, 0.00012421, 0.000168754, 

4.51228e-07, 9.2083e-07, 0.00299223, 0.00547305, 0.00875502, 0.0115068, 0.435136, 1.71791e-07, 1.86285e-05, 9.23469e-07, 1.57615e-05, 0.00019367, 1.56997, 0.0295403, 2.62561e-07, 2.79223e-07, 9.69677e-05, 0.00351301, 0.00983486, 1.82505, 3.35321e-05, 1.03559e-06, 2.63635e-06, 0.00345083, 0.00689965, 0.183744, 1.50683, 0.0437366, 2.08756e-05, 0.000106062, 0.000165884, 0.000247622, 0.000869954, 0.00456362, 0.00597483, 0.0100013, 0.00012421, 0.000168754, 

4.51228e-07, 9.2083e-07, 0.00299223, 0.00547305, 0.00875502, 0.435136, 0.233799, 8.16288e-09, 1.71791e-07, 9.23469e-07, 1.57615e-05, 0.0295403, 1.56997, 1.37035, 2.62561e-07, 2.79223e-07, 1.08737e-05, 9.69677e-05, 0.00983486, 1.82505, 0.897008, 6.33271e-07, 1.65359e-06, 0.00345083, 0.00689965, 0.183744, 0.837064, 0.393492, 2.08756e-05, 0.000106062, 0.000165884, 0.000247622, 0.000869954, 0.00456362, 0.00597483, 0.0100013, 0.00012421, 0.000168754, 

4.51228e-07, 9.2083e-07, 0.00299223, 0.00547305, 0.157744, 0.435136, 1.89326, 8.16288e-09, 1.71791e-07, 9.23469e-07, 1.57615e-05, 0.0295403, 0.0644886, 0.279228, 2.53586e-07, 2.62561e-07, 1.08737e-05, 9.69677e-05, 0.00983486, 1.44516, 0.287709, 6.33271e-07, 1.65359e-06, 0.00689965, 0.183744, 0.393492, 0.837064, 0.9026, 2.08756e-05, 0.000106062, 0.000165884, 0.000247622, 0.000869954, 0.00456362, 0.00597483, 0.0100013, 0.00012421, 0.000168754, 

4.51228e-07, 9.2083e-07, 0.00299223, 0.00547305, 0.157744, 0.435136, 0.00166823, 8.16288e-09, 1.09799e-07, 9.23469e-07, 0.0295403, 0.0644886, 0.279228, 1.96049e-07, 1.71791e-07, 2.53586e-07, 1.08737e-05, 0.00983486, 0.287709, 1.44516, 1.45202, 6.33271e-07, 1.65359e-06, 0.156618, 0.183744, 0.837064, 0.9026, 0.254758, 2.49264e-07, 2.08756e-05, 0.000106062, 0.000165884, 0.000247622, 0.000869954, 0.00456362, 0.00597483, 0.00012421, 0.000168754, 

4.51228e-07, 9.2083e-07, 0.00166823, 0.00299223, 0.00547305, 0.157744, 0.435136, 8.16288e-09, 1.09799e-07, 1.96049e-07, 9.23469e-07, 0.0644886, 0.279228, 1.11907, 1.65178e-07, 1.71791e-07, 1.08737e-05, 0.00983486, 0.287709, 1.44516, 1.45202, 2.49264e-07, 1.65359e-06, 0.138497, 0.156618, 0.837064, 0.9026, 1.52277, 6.33271e-07, 2.08756e-05, 0.000106062, 0.000165884, 0.000247622, 0.000869954, 0.00456362, 0.00597483, 0.00012421, 0.000168754, 

4.51228e-07, 6.33271e-07, 0.00166823, 0.00299223, 0.00547305, 0.157744, 1.90713, 8.16288e-09, 1.09799e-07, 1.96049e-07, 0.0644886, 0.279228, 1.11907, 1.55965, 1.65178e-07, 1.71791e-07, 1.08737e-05, 0.287709, 1.44516, 1.45202, 1.86491, 2.49264e-07, 2.77268e-07, 0.138497, 0.156618, 0.9026, 1.52277, 0.0887869, 9.2083e-07, 2.26463e-06, 0.000106062, 0.000165884, 0.000247622, 0.000869954, 0.00456362, 0.00597483, 0.00012421, 0.000168754, 

4.51228e-07, 6.33271e-07, 0.00166823, 0.00299223, 0.157744, 0.627619, 0.799254, 8.16288e-09, 5.52435e-08, 0.0644886, 0.279228, 0.624912, 1.11907, 1.80976, 1.65178e-07, 1.71791e-07, 1.08737e-05, 0.0131542, 0.287709, 1.45202, 1.86491, 2.49264e-07, 2.77268e-07, 0.0411786, 0.0887869, 0.138497, 1.52277, 0.187024, 9.2083e-07, 2.26463e-06, 0.000106062, 0.000165884, 0.000247622, 0.000869954, 0.00456362, 0.00597483, 1.96049e-07, 0.00012421, 

4.51228e-07, 6.33271e-07, 0.00166823, 0.00299223, 0.0394854, 0.157744, 0.44772, 8.16288e-09, 8.90338e-09, 0.000796611, 0.279228, 1.11907, 1.80976, 3.24735, 1.62441e-07, 1.65178e-07, 1.08737e-05, 0.00108686, 0.287709, 1.45214, 0.000192628, 2.49264e-07, 2.77268e-07, 0.0411786, 0.0887869, 0.187024, 0.713119, 0.284904, 9.2083e-07, 2.26463e-06, 0.000106062, 0.000165884, 0.000247622, 0.000869954, 0.00456362, 0.00597483, 1.96049e-07, 0.00012421, 

4.28578e-10, 6.33271e-07, 0.00166823, 0.00299223, 0.0394854, 0.44772, 0.0794072, 8.13564e-09, 8.16288e-09, 0.000796611, 0.279228, 1.11907, 1.74849, 2.63768, 1.62441e-07, 1.65178e-07, 1.08737e-05, 2.23171e-05, 0.00108686, 0.287709, 0.339657, 2.49264e-07, 2.77268e-07, 0.0411786, 0.187024, 0.284904, 0.713119, 0.0139576, 9.2083e-07, 2.26463e-06, 0.000106062, 0.000165884, 0.000247622, 0.000869954, 0.00456362, 0.00597483, 1.96049e-07, 0.00012421, 

4.28578e-10, 9.46319e-08, 0.00166823, 0.0394854, 0.0794072, 0.44772, 0.218466, 8.11119e-09, 8.13564e-09, 0.000796611, 1.11907, 1.74849, 2.63768, 2.57554, 1.62441e-07, 1.64375e-07, 1.08737e-05, 2.23171e-05, 0.157912, 0.287709, 1.39439, 2.49264e-07, 2.77268e-07, 0.0139576, 0.0411786, 0.187024, 0.196577, 0.713119, 9.2083e-07, 2.26463e-06, 0.000106062, 0.000165884, 0.000247622, 0.000869954, 0.00456362, 0.00597483, 1.96049e-07, 0.00012421, 

4.28578e-10, 9.46319e-08, 0.00166823, 0.0394854, 0.0794072, 0.218466, 0.000969398, 8.11119e-09, 8.1178e-09, 0.000796611, 0.875422, 1.84212, 1.95178, 2.04141, 1.62441e-07, 1.64375e-07, 1.08737e-05, 2.23171e-05, 0.157912, 0.287709, 1.39439, 2.49264e-07, 2.77268e-07, 0.0139576, 0.0411786, 0.196577, 0.713119, 1.37567, 9.2083e-07, 2.26463e-06, 0.000106062, 0.000165884, 0.000247622, 0.000869954, 0.00456362, 0.00597483, 1.96049e-07, 0.00012421, 

4.28578e-10, 9.46319e-08, 0.000969398, 0.00166823, 0.0394854, 0.0794072, 1.05304, 8.11119e-09, 8.11542e-09, 0.000796611, 0.753125, 1.01521, 1.03302, 1.50036, 1.62441e-07, 1.64375e-07, 1.08737e-05, 2.23171e-05, 0.157912, 0.287709, 0.492227, 2.49264e-07, 2.77268e-07, 0.0139576, 0.196577, 0.304357, 0.713119, 1.4291, 9.2083e-07, 2.26463e-06, 0.000106062, 0.000165884, 0.000247622, 0.000869954, 0.00456362, 0.00597483, 1.96049e-07, 0.00012421, 

4.28578e-10, 9.46319e-08, 0.000969398, 0.00166823, 0.0794072, 1.05304, 2.21889, 8.11119e-09, 8.11419e-09, 0.100873, 0.359694, 1.03302, 1.22695, 1.18832, 1.62441e-07, 1.64375e-07, 1.08737e-05, 2.23171e-05, 0.0417731, 0.492227, 2.38194, 2.49264e-07, 2.64774e-07, 0.000581014, 0.0139576, 0.196577, 0.304357, 0.713119, 9.2083e-07, 2.26463e-06, 0.000106062, 0.000165884, 0.000247622, 0.000869954, 0.00456362, 0.00597483, 1.96049e-07, 0.00012421, 

4.28578e-10, 8.19023e-09, 0.000346825, 0.00166823, 0.0794072, 2.21889, 6.5257e-05, 8.11119e-09, 8.11419e-09, 0.100873, 0.359694, 0.98983, 1.18832, 1.22695, 1.62441e-07, 1.64375e-07, 1.08737e-05, 2.23171e-05, 0.0417731, 0.492227, 1.99337, 2.49264e-07, 2.64774e-07, 0.000581014, 0.0139576, 0.196577, 0.304357, 0.228919, 9.2083e-07, 2.26463e-06, 0.000106062, 0.000165884, 0.000247622, 0.000869954, 0.00456362, 0.00597483, 1.96049e-07, 0.00012421, 

4.28578e-10, 8.19023e-09, 6.5257e-05, 0.00166823, 0.0794072, 2.09025, 0.0845768, 8.11119e-09, 8.11138e-09, 0.086898, 0.7665, 1.18832, 1.22695, 0.0195138, 1.62441e-07, 1.63482e-07, 1.08737e-05, 0.0417731, 0.492227, 1.99337, 0.475797, 2.37633e-07, 2.49264e-07, 0.0139576, 0.0924774, 0.196577, 0.228919, 1.86491, 9.2083e-07, 2.26463e-06, 0.000106062, 0.000165884, 0.000247622, 0.000869954, 0.00456362, 0.00597483, 1.96049e-07, 0.00012421, 

4.28578e-10, 8.19023e-09, 6.5257e-05, 0.00166823, 0.0845768, 0.800387, 0.00908758, 8.11119e-09, 8.11128e-09, 0.0195138, 0.086898, 1.18832, 1.22695, 0.0070848, 1.62441e-07, 1.63482e-07, 1.08737e-05, 0.475797, 0.492227, 1.99337, 1.45824, 2.28669e-07, 2.37633e-07, 0.0139576, 0.0924774, 0.196577, 0.228919, 1.99248, 9.2083e-07, 2.26463e-06, 0.000106062, 0.000165884, 0.000247622, 0.000869954, 0.00456362, 0.00597483, 1.96049e-07, 0.00012421, 

4.28578e-10, 8.19023e-09, 0.00166823, 0.00908758, 0.0845768, 0.800387, 1.26421, 8.11119e-09, 8.11128e-09, 0.0070848, 0.0195138, 0.086898, 1.18832, 0.00331034, 1.62441e-07, 1.63482e-07, 0.039491, 0.492227, 0.712244, 1.88877, 0.328035, 2.28669e-07, 2.37633e-07, 0.0118396, 0.0139576, 0.0924774, 0.832276, 1.6407, 9.2083e-07, 2.26463e-06, 0.000106062, 0.000165884, 0.000217937, 0.000247622, 0.00456362, 0.00597483, 1.96049e-07, 0.00012421, 

4.28578e-10, 8.19023e-09, 0.00166823, 0.00908758, 0.0845768, 1.26421, 1.99683, 8.11119e-09, 8.11128e-09, 0.00331034, 0.0195138, 0.086898, 1.00891, 2.01321, 1.61641e-07, 1.62441e-07, 0.039085, 0.039491, 0.1555, 0.492227, 1.44447, 2.22165e-07, 2.28669e-07, 0.0139576, 0.0924774, 0.832276, 1.6407, 0.410097, 9.2083e-07, 2.26463e-06, 0.000106062, 0.000165884, 0.000217937, 0.000247622, 0.00456362, 0.00597483, 1.96049e-07, 0.00012421, 

4.28578e-10, 5.20357e-09, 0.00166823, 0.00908758, 1.26421, 1.99683, 1.56037, 8.11119e-09, 8.11128e-09, 0.00331034, 0.086898, 1.00891, 1.46644, 0.000409062, 1.61641e-07, 1.62441e-07, 0.039491, 0.10161, 0.1555, 0.492227, 0.541297, 2.22165e-07, 2.27183e-07, 0.0139576, 0.0924774, 0.268563, 0.410097, 1.88945, 9.2083e-07, 2.26463e-06, 0.000106062, 0.000165884, 0.000217937, 0.000247622, 0.00456362, 0.00597483, 1.96049e-07, 0.00012421, 

4.28578e-10, 5.20357e-09, 0.00166823, 0.00908758, 0.658466, 1.99683, 0.478493, 8.11119e-09, 8.11128e-09, 0.00331034, 0.0810754, 0.086898, 1.00891, 0.452811, 1.61641e-07, 1.62441e-07, 0.039491, 0.10161, 0.1555, 0.492227, 1.62712, 2.21055e-07, 2.22165e-07, 0.0139576, 0.0924774, 0.165116, 0.410097, 1.75079, 9.2083e-07, 2.26463e-06, 0.000106062, 0.000165884, 0.000217937, 0.000247622, 0.00456362, 0.00597483, 1.96049e-07, 0.00012421, 

4.28578e-10, 5.20357e-09, 0.00166823, 0.00908758, 0.478493, 1.99683, 0.8444, 8.11119e-09, 8.11128e-09, 0.0810754, 0.086898, 0.452811, 0.969491, 0.322927, 1.61064e-07, 1.61641e-07, 0.039491, 0.10161, 0.149851, 0.1555, 1.62712, 2.21055e-07, 2.21261e-07, 0.0139576, 0.0924774, 0.410097, 1.75079, 1.47039, 9.2083e-07, 2.26463e-06, 0.000106062, 0.000165884, 0.000217937, 0.000247622, 0.00456362, 0.00597483, 1.96049e-07, 0.00012421, 

4.28578e-10, 5.20357e-09, 0.00908758, 0.0962333, 0.478493, 0.8444, 1.8165, 8.11119e-09, 8.11128e-09, 0.0810754, 0.086898, 0.322927, 0.371723, 0.969491, 1.61064e-07, 1.61641e-07, 0.039491, 0.149851, 0.1555, 1.62712, 0.149724, 2.21055e-07, 2.21261e-07, 0.0139576, 0.0924774, 0.410097, 1.47039, 0.693179, 9.2083e-07, 2.26463e-06, 0.000106062, 0.000165884, 0.000217937, 0.000247622, 0.00456362, 0.00597483, 1.96049e-07, 0.00012421, 

Best:
(2.92699e-05, )

Fitness Evaluations:
2885

End Population
(2.926989e-05), (1.019899e-04), (-1.348837e-01), (1.896224e+01), (1.792455e+01), (1.414055e+00), (3.763164e+00), (-1.273353e-04), (-1.273360e-04), (1.227056e+01), (-4.198598e-01), (-2.570214e+01), (-3.749776e+01), (-3.268457e+01), (5.674219e-04), (5.684364e-04), (-1.256813e+01), (-5.543815e-01), (-1.207342e+01), (-2.247026e+00), (-6.815002e+00), (6.647481e-04), (6.650575e-04), (6.189556e+00), (-1.875415e+01), (2.584499e+01), (4.227714e+00), (2.620460e+01), (1.356739e-03), (2.127672e-03), (1.456096e-02), (1.821019e-02), (2.087274e-02), (2.224899e-02), (9.554907e-02), (-1.093416e-01), (-6.260202e-04), (1.575757e-02), 