Iterations: 50
Function Evaluations Limit: 150000
Population: 50

Prides Length: 4

Percent Nomads: 0.2
Percent Roaming: 0.2
Percent Sex: 0.8

Mating Rate: 0.3
Mutation Probability: 0.2
Immigration Rate: 0.4

Percent Group Influence: 0.4
Annealing On: true
Ranked Selection Pressure: 2
Near To Best Random Pressure: 2

Dimensions: 1
N-Dimension Space: -5:5

Fitness Iterations:
1.60943 (Initial Best)

1.30978, 1.61971, 3.3032, 5.40718, 9.33215, 22.941, 25.6034, 14.6162, 9.64161, 10.5166, 6.23645, 10.8142, 1.25977, 11.7191, 17.6034, 24.9021, 32.144, 12.2139, 1.48082, 8.78096, 2.15039, 4.66584, 1.81656, 2.47983, 4.04885, 7.89657, 14.2407, 14.2467, 4.07095, 13.9236, 10.662, 7.26747, 16.9459, 21.7716, 25, 25, 31.2318, 1.0995, 14.6698, 7.26627, 18.0674, 12.3506, 12.4126, 12.4484, 13.7488, 14.2944, 15.3219, 17.3494, 16.1447, 16.2898, 

1.1978, 1.61971, 3.33747, 6.14111, 9.33215, 19.9138, 14.2004, 4.28369, 6.36922, 4.00095, 6.23645, 1.29171, 1.25977, 1.48082, 11.7191, 12.2139, 5.91286, 1.93885, 1.0995, 8.78096, 0.996409, 2.2406, 0.166139, 4.04885, 7.89657, 14.2407, 19.497, 1.50223, 1.31661, 8.71634, 1.89913, 2.39892, 7.26627, 14.6698, 16.9459, 21.7716, 25, 3.3032, 1.45226, 5.07662, 2.15039, 1.32505, 4.66584, 7.26722, 6.9146, 9.56427, 10.8142, 12.3506, 14.6162, 15.1626, 

1.1978, 1.32505, 1.09836, 4.28369, 14.2004, 1.16006, 5.94409, 6.36922, 1.75061, 4.77585, 0.994982, 2.2406, 1.0995, 1.25977, 1.93885, 12.1622, 19.8564, 1.48082, 0.166139, 1.4311, 0.996409, 0.143325, 1.31661, 1.50223, 7.89657, 14.2407, 16.4267, 4.04885, 7.27518, 3.3032, 1.89913, 2.39892, 1.45226, 5.07662, 7.26627, 21.7716, 20.2009, 5.91286, 4.03885, 4.00095, 1.61971, 2.15039, 3.99404, 4.66584, 4.77073, 5.53729, 6.00816, 6.11527, 8.71634, 11.6717, 

0.0954877, 1.1626, 1.14813, 1.16006, 1.75061, 6.36922, 20.882, 5.94409, 1.25977, 1.93885, 0.994982, 1.01722, 0.166139, 1.4311, 1.48082, 4.86202, 3.94457, 1.0995, 1.09836, 1.87585, 0.143325, 0.996409, 1.31661, 3.3032, 4.04885, 14.2407, 7.19567, 7.27518, 1.24788, 1.50223, 1.89913, 0.79513, 1.45226, 4.03885, 4.08887, 4.60901, 5.91286, 1.04268, 3.49785, 4.77585, 1.14508, 1.32505, 1.61971, 2.15039, 2.39892, 2.88682, 3.99404, 4.02281, 7.89657, 8.71634, 

0.0954877, 0.101788, 1.14813, 6.36922, 13.581, 19.4502, 0.559257, 1.4311, 1.24788, 1.93885, 0.994982, 1.00753, 1.0995, 1.48082, 4.36134, 1.03136, 14.6579, 1.87585, 0.746809, 1.09442, 0.143325, 0.996409, 1.50223, 4.83277, 7.19567, 7.27518, 5.35474, 1.31661, 1.09836, 1.75061, 0.79513, 0.132261, 0.825859, 1.04268, 3.49785, 4.08887, 4.60901, 0.166139, 0.00387695, 1.16006, 0.982053, 1.01092, 1.01722, 1.07935, 1.09539, 1.14508, 1.1626, 1.32505, 3.3032, 3.94457, 

0.000326904, 0.101788, 0.559257, 1.93885, 6.36922, 13.581, 27.9893, 1.4311, 3.3032, 1.39987, 0.982053, 1.00753, 1.09442, 1.0995, 1.87585, 4.36134, 3.1337, 0.746809, 1.14813, 1.08088, 0.0857432, 0.996409, 1.09836, 1.31661, 1.75061, 2.57195, 10.9394, 1.24788, 1.03136, 1.50223, 0.0246075, 0.79513, 0.166139, 0.825859, 1.04268, 3.49785, 19.575, 1.16006, 0.00387695, 1.48082, 0.0954877, 0.143325, 0.994982, 1.01092, 1.01722, 1.07935, 1.09539, 1.11304, 3.94457, 4.08887, 

0.000326904, 0.0339133, 0.280749, 0.559257, 3.02849, 21.5798, 0.00571785, 0.00160739, 0.0516621, 1.0995, 0.143325, 0.994982, 0.746809, 1.08088, 1.87585, 3.60413, 3.53446, 1.24788, 1.22392, 1.06169, 0.0857432, 0.101788, 1.09836, 1.50223, 1.75061, 2.57195, 10.1265, 1.03136, 1.14813, 0.00387695, 0.0246075, 0.79513, 1.04268, 1.16006, 3.49785, 19.575, 3.58307, 1.39987, 0.166139, 1.31661, 0.0715246, 0.0954877, 0.996409, 0.982053, 1.00753, 1.01092, 1.01722, 1.07586, 1.48082, 3.1337, 

1.71634e-05, 0.000326904, 0.00571785, 0.0516621, 1.0995, 1.25026, 16.3446, 0.0260704, 0.00160739, 0.848455, 0.143325, 0.79513, 1.24788, 3.53446, 3.60413, 32.1617, 20.0401, 1.08907, 0.746809, 0.166139, 3.01962e-05, 0.0715246, 0.00387695, 1.09836, 1.14813, 1.50223, 18.0742, 0.280749, 0.559257, 1.08088, 0.0246075, 0.0355072, 0.000281565, 1.04268, 1.3239, 3.58307, 18.8601, 0.104895, 0.348159, 1.16006, 0.101788, 0.0954877, 0.994982, 0.982053, 0.996409, 1.00753, 1.01092, 1.01722, 1.22392, 1.48082, 

1.30477e-05, 1.71634e-05, 0.00160739, 0.00571785, 0.0516621, 16.3446, 18.038, 1.0995, 0.848455, 0.0260704, 0.0814538, 0.79513, 0.746809, 1.04665, 1.24788, 32.1617, 23.4561, 0.0629328, 0.559257, 0.00387695, 3.01962e-05, 0.0497697, 0.280749, 1.08088, 1.14813, 1.75415, 1.15474, 0.931771, 0.166139, 0.348159, 0.0246075, 0.0299578, 0.000281565, 0.104895, 1.04268, 1.0466, 1.16006, 1.25026, 0.32204, 0.00316678, 0.143325, 0.0954877, 0.101788, 0.982053, 0.994982, 0.996409, 1.00753, 1.01092, 1.48082, 1.50223, 

1.30477e-05, 1.46106e-05, 0.00571785, 0.0516621, 1.0995, 11.6474, 8.85818, 0.000281565, 0.832047, 0.280749, 8.3251e-05, 0.0814538, 0.00387695, 0.559257, 0.746809, 1.24788, 9.67544, 1.04268, 0.166139, 0.104895, 3.01962e-05, 0.0497697, 0.174781, 1.14813, 1.75415, 7.81027, 0.999918, 0.348159, 0.00160739, 0.0260704, 0.0028951, 0.0246075, 0.00316678, 0.32204, 1.0466, 1.20865, 4.422, 1.04665, 0.848455, 0.0629328, 0.0954877, 0.101788, 0.143325, 0.982053, 0.994982, 0.996409, 1.00753, 1.01092, 1.08088, 1.16006, 

1.30477e-05, 1.46106e-05, 0.0516621, 0.280749, 8.32076, 19.4756, 0.0129854, 0.000281565, 0.104895, 0.848455, 8.3251e-05, 0.0435436, 0.166139, 0.559257, 1.04268, 1.24788, 9.67544, 0.746809, 0.0260704, 1.0995, 3.01962e-05, 0.00350469, 0.00160739, 0.174781, 0.348159, 0.999918, 1.14813, 0.832047, 0.00387695, 0.00571785, 0.0028951, 0.0246075, 0.32204, 1.0466, 1.04665, 1.20865, 1.81043, 0.0629328, 0.00316678, 1.08088, 0.00555664, 0.0120102, 0.0954877, 0.101788, 0.143325, 0.982053, 0.994982, 0.996409, 1.16006, 1.75415, 

1.30477e-05, 1.46106e-05, 0.000281565, 0.0129854, 0.0516621, 0.848455, 12.7018, 1.04665, 1.0466, 0.0629328, 8.3251e-05, 0.000197096, 0.0260704, 0.166139, 0.559257, 1.24788, 20.2326, 0.280749, 0.832047, 1.08088, 3.01962e-05, 0.00350469, 0.00160739, 0.00387695, 0.00571785, 0.348159, 0.999918, 0.32204, 0.0141509, 0.104895, 0.0028951, 0.00555664, 0.00316678, 1.20865, 1.81043, 18.2736, 20.2437, 0.746809, 1.04268, 0.174781, 0.0246075, 0.0120102, 0.0435645, 0.0954877, 0.101788, 0.143325, 0.982053, 0.994982, 1.0995, 1.14813, 

1.30477e-05, 1.39129e-05, 0.0516621, 0.0629328, 1.0466, 12.7018, 32.1491, 0.746809, 0.0129854, 0.559257, 8.3251e-05, 0.000197096, 0.0260704, 0.280749, 1.08088, 1.24788, 19.8288, 0.000281565, 0.00316678, 0.00571785, 3.01962e-05, 0.000289278, 0.00122418, 0.00160739, 0.00387695, 0.32204, 0.999918, 0.0357388, 0.00189997, 0.104895, 0.0028951, 0.00555664, 1.04268, 1.20865, 1.81043, 18.2736, 20.2333, 0.166139, 0.832047, 0.174781, 0.0120102, 0.0246075, 0.0435645, 0.0954877, 0.101788, 0.143325, 0.982053, 0.994982, 0.848455, 1.04665, 

1.30477e-05, 1.39129e-05, 0.0516621, 0.0629328, 0.746809, 19.502, 13.3841, 0.104895, 0.174781, 0.0129854, 3.92207e-05, 8.3251e-05, 0.000281565, 0.0260704, 0.280749, 19.8288, 17.2434, 0.166139, 0.848455, 0.559257, 3.01962e-05, 0.000139141, 0.00160739, 0.00387695, 0.0357388, 0.999918, 24.2541, 0.00122418, 0.00189997, 0.00571785, 0.0028951, 0.00555664, 0.832047, 1.04268, 1.76089, 20.0786, 17.5844, 0.0165269, 0.00316678, 0.32204, 0.0120102, 0.0246075, 0.0349241, 0.0435645, 0.0954877, 0.101788, 0.143325, 0.982053, 1.0466, 1.04665, 

1.30477e-05, 1.35255e-05, 0.0129854, 0.0516621, 16.9395, 3.30564, 0.0135894, 0.166139, 0.00571785, 0.104895, 3.92207e-05, 8.3251e-05, 0.280749, 0.848455, 15.7784, 19.5512, 15.787, 0.0165269, 0.0260704, 0.174781, 3.01962e-05, 0.000139141, 0.00122418, 0.0357388, 24.2541, 14.9441, 8.31836e-05, 0.00189997, 0.559257, 0.00160739, 0.00184821, 0.0028951, 0.00316678, 0.32204, 17.5844, 20.0786, 32.1963, 0.000281565, 0.00387695, 0.0629328, 0.0114878, 0.0120102, 0.0246075, 0.0349241, 0.0435645, 0.0954877, 0.101788, 0.143325, 0.746809, 0.832047, 

1.30477e-05, 1.31644e-05, 0.00571785, 0.0129854, 0.0135894, 0.0516621, 2.4064, 0.00160739, 0.64239, 0.559257, 3.92207e-05, 8.3251e-05, 0.0165269, 0.0260704, 14.7695, 19.5512, 18.9701, 0.00316678, 0.166139, 0.280749, 3.01962e-05, 0.000139141, 8.31836e-05, 0.00122418, 0.00189997, 0.0357388, 0.000396008, 0.280258, 0.174781, 0.32204, 4.03217e-05, 0.000223481, 0.000281565, 0.0629328, 17.5844, 20.0786, 21.3661, 0.104895, 0.00387695, 0.746809, 0.00184821, 0.0114878, 0.0120102, 0.0141711, 0.0246075, 0.0349241, 0.0435645, 0.0954877, 0.832047, 0.848455, 

1.30477e-05, 1.3142e-05, 0.00571785, 0.559257, 0.64239, 2.4064, 19.5585, 0.104895, 0.00387695, 0.0165269, 3.92207e-05, 8.3251e-05, 0.00316678, 0.280749, 14.7695, 21.2335, 8.33215, 0.0260704, 0.0129854, 0.000396008, 3.01962e-05, 0.000139141, 8.31836e-05, 0.00917643, 0.0357388, 0.32204, 9.30859, 0.0135894, 0.0516621, 0.000281565, 4.03217e-05, 0.000223481, 0.0629328, 0.746809, 19.275, 6.88664, 21.0236, 0.00122418, 0.00189997, 0.00160739, 0.00184821, 0.0114878, 0.0120102, 0.0141711, 0.0246075, 0.0349241, 0.0435645, 0.0954877, 0.166139, 0.174781, 

1.30477e-05, 1.30947e-05, 0.00571785, 0.0165269, 0.104895, 19.2196, 21.7365, 1.96558e-05, 3.92207e-05, 0.000396008, 0.00316678, 8.33215, 11.7373, 12.2537, 3.01962e-05, 0.000139141, 0.000281565, 0.00917643, 0.0357388, 0.0516621, 11.5046, 4.03217e-05, 0.000223481, 0.00122418, 0.00189997, 0.746809, 0.180956, 19.1948, 0.00184821, 0.0114878, 0.0120102, 0.0141711, 0.0246075, 0.0349241, 0.0435645, 0.0954877, 8.31836e-05, 0.00160739, 

1.30033e-05, 1.30477e-05, 0.00571785, 0.0165269, 0.104895, 16.3091, 21.9954, 1.96558e-05, 3.92207e-05, 0.000396008, 0.00316678, 8.33215, 11.7373, 12.0017, 3.01962e-05, 6.83352e-05, 0.000281565, 0.0357388, 0.0516621, 1.23002, 15.8755, 4.03217e-05, 0.000223481, 0.00122418, 0.00189997, 0.180956, 0.746809, 24.9938, 0.00184821, 0.0114878, 0.0120102, 0.0141711, 0.0246075, 0.0349241, 0.0435645, 0.0954877, 8.31836e-05, 0.00160739, 

1.30033e-05, 1.30477e-05, 0.00571785, 0.0609976, 12.0119, 16.3091, 3.94852, 1.96558e-05, 3.92207e-05, 0.000396008, 0.00316678, 0.548331, 8.33215, 16.2672, 3.01962e-05, 6.83352e-05, 0.0357388, 0.0516621, 0.290814, 15.8755, 17.0926, 4.03217e-05, 0.000223481, 0.00122418, 0.00189997, 0.746809, 10.2038, 25.8002, 0.00184821, 0.0114878, 0.0120102, 0.0141711, 0.0246075, 0.0349241, 0.0435645, 0.0954877, 8.31836e-05, 0.000281565, 

1.29925e-05, 1.30033e-05, 0.00571785, 0.0609976, 9.84105, 12.0119, 21.267, 1.61788e-05, 1.96558e-05, 0.000396008, 0.00316678, 0.548331, 6.47867, 17.9926, 3.01962e-05, 6.83352e-05, 0.0357388, 0.0516621, 15.8755, 17.0926, 3.24676, 4.03217e-05, 0.000223481, 0.00122418, 0.00189997, 0.746809, 17.5259, 9.35448, 0.00184821, 0.0114878, 0.0120102, 0.0141711, 0.0246075, 0.0349241, 0.0435645, 0.0954877, 8.31836e-05, 0.000281565, 

1.29925e-05, 1.30033e-05, 0.00571785, 0.0609976, 12.0119, 21.267, 7.01094, 1.61788e-05, 1.96558e-05, 0.000396008, 0.00316678, 0.0170509, 0.548331, 6.47867, 3.01962e-05, 5.55542e-05, 0.0357388, 0.0516621, 7.15958, 10.1295, 11.8398, 4.03217e-05, 6.33201e-05, 0.00189997, 0.746809, 7.34532, 9.35448, 19.8673, 0.000872821, 0.00184821, 0.0114878, 0.0120102, 0.0246075, 0.0349241, 0.0435645, 0.0954877, 8.31836e-05, 0.000281565, 

1.29925e-05, 1.30033e-05, 0.00571785, 0.0609976, 0.511551, 12.0119, 14.2043, 1.61788e-05, 1.96558e-05, 0.000396008, 0.0170509, 0.548331, 6.47867, 18.8034, 3.01962e-05, 4.67628e-05, 0.0357388, 0.0516621, 7.15958, 10.1295, 11.8398, 4.03217e-05, 5.19936e-05, 0.00189997, 0.746809, 7.34532, 19.8673, 3.58966, 0.000872821, 0.00184821, 0.0114878, 0.0120102, 0.0246075, 0.0349241, 0.0435645, 0.0954877, 8.31836e-05, 0.000281565, 

1.29925e-05, 1.30033e-05, 0.00571785, 0.511551, 6.98666, 12.0119, 21.7881, 1.61788e-05, 1.96558e-05, 0.000396008, 0.0170509, 0.548331, 6.47867, 18.8034, 3.01962e-05, 4.67628e-05, 0.0357388, 0.0516621, 7.15958, 8.90881, 21.6429, 4.03217e-05, 4.10124e-05, 0.00189997, 0.746809, 3.26481, 7.34532, 14.8253, 0.000872821, 0.00184821, 0.0114878, 0.0120102, 0.0246075, 0.0349241, 0.0435645, 0.0954877, 8.31836e-05, 0.000281565, 

1.29925e-05, 1.30033e-05, 0.00571785, 0.511551, 6.98666, 21.7881, 20.7411, 1.61788e-05, 1.96558e-05, 0.000396008, 0.0170509, 0.548331, 18.8034, 11.759, 3.01962e-05, 4.67628e-05, 0.0357388, 0.0516621, 8.90881, 20.8831, 15.7199, 4.03217e-05, 4.10124e-05, 0.00189997, 0.746809, 3.26481, 14.8253, 1.54926, 0.000872821, 0.00184821, 0.0114878, 0.0120102, 0.0246075, 0.0349241, 0.0435645, 0.0954877, 8.31836e-05, 0.000281565, 

1.29925e-05, 1.30033e-05, 0.00571785, 0.160651, 1.53158, 4.34967, 16.3711, 1.61788e-05, 1.65986e-05, 0.000396008, 0.0170509, 0.548331, 18.8034, 9.8154, 3.01962e-05, 4.67628e-05, 0.0516621, 4.03431, 15.7199, 20.8831, 0.0197942, 2.8213e-05, 4.10124e-05, 0.00189997, 0.746809, 3.26481, 14.8253, 10.0388, 4.03217e-05, 0.000872821, 0.00184821, 0.0120102, 0.0167478, 0.0246075, 0.0349241, 0.0435645, 8.31836e-05, 0.000281565, 

1.29897e-05, 1.29925e-05, 0.00571785, 0.160651, 1.53158, 4.34967, 19.3866, 1.61297e-05, 1.61788e-05, 0.000396008, 0.0170509, 0.548331, 9.8154, 18.8034, 2.33823e-05, 3.01962e-05, 0.00235937, 0.0197942, 4.03431, 5.51939, 15.7199, 2.8213e-05, 4.03217e-05, 0.00189997, 0.746809, 1.11509, 10.0388, 8.29442, 4.10124e-05, 0.000872821, 0.00184821, 0.0120102, 0.0167478, 0.0246075, 0.0349241, 0.0435645, 8.31836e-05, 9.04171e-05, 

1.29897e-05, 1.29925e-05, 0.00571785, 0.160651, 4.34967, 19.3866, 11.9748, 1.61287e-05, 1.61297e-05, 0.000396008, 0.0170509, 0.548331, 9.8154, 14.0115, 2.33823e-05, 3.01962e-05, 0.00235937, 0.0197942, 4.03431, 5.51939, 2.29909, 2.8213e-05, 4.03217e-05, 0.00189997, 0.746809, 1.11509, 5.8412, 8.29442, 4.10124e-05, 0.000872821, 0.00184821, 0.00361956, 0.0120102, 0.0167478, 0.0246075, 0.0349241, 8.31836e-05, 9.04171e-05, 

1.29897e-05, 1.2991e-05, 0.00571785, 0.160651, 1.87714, 19.3866, 3.6425, 1.61279e-05, 1.61287e-05, 0.000396008, 0.0170509, 0.548331, 3.98293, 9.8154, 2.33823e-05, 3.01962e-05, 0.00235937, 2.29909, 4.03431, 5.51939, 18.9034, 2.8213e-05, 4.03217e-05, 0.00189997, 0.168118, 1.11509, 5.8412, 8.29442, 4.10124e-05, 0.000872821, 0.00184821, 0.00361956, 0.0120102, 0.0167478, 0.0246075, 0.0349241, 8.31836e-05, 9.04171e-05, 

1.29897e-05, 1.2991e-05, 0.00571785, 0.160651, 1.87714, 3.6425, 19.3866, 1.61279e-05, 1.61287e-05, 0.000396008, 0.0170509, 0.0568471, 3.98293, 22.2543, 2.33823e-05, 2.9418e-05, 0.00235937, 0.998727, 2.29909, 5.51939, 7.88774, 2.77893e-05, 2.8213e-05, 0.00189997, 1.05285, 5.8412, 6.87402, 11.9758, 4.10124e-05, 0.000872821, 0.00184821, 0.00361956, 0.0120102, 0.0167478, 0.0246075, 0.0349241, 8.31836e-05, 9.04171e-05, 

1.29897e-05, 1.2991e-05, 0.160651, 1.87714, 1.99365, 15.5524, 25.9594, 1.61279e-05, 1.6128e-05, 0.000396008, 0.0170509, 0.0568471, 22.2543, 38.9123, 2.33823e-05, 2.54043e-05, 0.00235937, 0.998727, 2.29909, 5.51939, 0.033351, 2.33507e-05, 2.8213e-05, 0.00189997, 3.75259, 5.8412, 6.87402, 6.74806, 4.10124e-05, 0.000872821, 0.00184821, 0.00361956, 0.0120102, 0.0167478, 0.0246075, 0.0349241, 8.31836e-05, 9.04171e-05, 

1.29894e-05, 1.29897e-05, 0.160651, 1.87714, 1.99365, 15.5524, 12.41, 1.61279e-05, 1.6128e-05, 0.000396008, 0.0170509, 0.0568471, 6.28103, 10.7355, 2.15126e-05, 2.33823e-05, 0.00235937, 0.998727, 2.29909, 5.51939, 20.2303, 2.33507e-05, 2.8213e-05, 0.00189997, 1.5465, 3.75259, 6.74806, 6.87402, 4.10124e-05, 0.000872821, 0.00184821, 0.00361956, 0.0120102, 0.0167478, 0.0246075, 0.0349241, 8.31836e-05, 9.04171e-05, 

1.29894e-05, 1.29897e-05, 0.160651, 1.99365, 12.41, 15.5524, 9.66887, 1.61279e-05, 1.61279e-05, 0.000396008, 0.0568471, 6.28103, 10.7355, 20.2491, 2.02197e-05, 2.15126e-05, 0.00235937, 0.998727, 2.29909, 5.51939, 7.69938, 2.33507e-05, 2.8213e-05, 0.00189997, 1.5465, 3.75259, 6.74806, 4.59611, 4.10124e-05, 0.000872821, 0.00184821, 0.00361956, 0.0120102, 0.0167478, 0.0246075, 0.0349241, 8.31836e-05, 9.04171e-05, 

1.29894e-05, 1.29897e-05, 0.160651, 1.99365, 9.66887, 11.6281, 5.93608, 1.61278e-05, 1.61279e-05, 0.000396008, 0.0568471, 6.28103, 20.2491, 0.000112211, 2.02197e-05, 2.0764e-05, 0.00235937, 0.998727, 2.29909, 5.51939, 7.69938, 2.33507e-05, 2.8213e-05, 0.00189997, 1.5465, 3.22217, 6.74806, 2.08949, 3.67965e-05, 0.000872821, 0.00184821, 0.00361956, 0.0120102, 0.0167478, 0.0246075, 0.0349241, 8.31836e-05, 9.04171e-05, 

1.29893e-05, 1.29894e-05, 1.39501, 2.67104, 5.93608, 11.6281, 20.2137, 1.61278e-05, 1.61278e-05, 0.000396008, 0.0568471, 6.28103, 13.2135, 5.79432e-05, 2.02197e-05, 2.0764e-05, 0.00235937, 0.998727, 5.51939, 7.69938, 5.62393, 2.33507e-05, 2.80737e-05, 1.5465, 2.08949, 3.22217, 6.74806, 26.1971, 3.67965e-05, 0.000872821, 0.00184821, 0.00361956, 0.0120102, 0.0167478, 0.0246075, 0.0349241, 8.31836e-05, 9.04171e-05, 

1.29893e-05, 1.29894e-05, 1.2792, 2.67104, 11.6281, 20.2137, 34.6363, 1.61278e-05, 1.61278e-05, 5.79432e-05, 0.000396008, 0.0568471, 13.2135, 14.277, 1.99686e-05, 2.02197e-05, 0.00235937, 0.998727, 5.51939, 5.62393, 20.7266, 2.33507e-05, 2.80737e-05, 1.5465, 2.08949, 3.22217, 18.1893, 1.13406, 3.67965e-05, 0.000872821, 0.00184821, 0.00361956, 0.0120102, 0.0167478, 0.0246075, 0.0349241, 8.31836e-05, 9.04171e-05, 

1.29893e-05, 1.29894e-05, 1.2792, 2.67104, 4.52037, 11.6281, 4.76637, 1.61278e-05, 1.61278e-05, 5.79432e-05, 0.0568471, 13.2135, 14.277, 2.86256e-05, 1.99686e-05, 2.02197e-05, 0.00235937, 0.998727, 5.62393, 20.3099, 9.10281, 2.33507e-05, 2.80737e-05, 0.00302827, 1.13406, 1.5465, 3.22217, 18.1893, 3.67965e-05, 0.000872821, 0.00184821, 0.00361956, 0.0120102, 0.0167478, 0.0246075, 0.0349241, 8.31836e-05, 9.04171e-05, 

1.29893e-05, 1.29893e-05, 1.2792, 2.67104, 4.52037, 4.76637, 5.8608, 1.00763e-05, 4.47755e-06, 2.86256e-05, 0.0568471, 13.2135, 14.277, 3.15527e-06, 1.99686e-05, 2.02197e-05, 0.00235937, 0.998727, 2.69876, 4.25213, 1.53513, 2.33507e-05, 2.80737e-05, 0.00302827, 1.5465, 3.22217, 18.1893, 0.00125876, 3.67965e-05, 0.000872821, 0.00105902, 0.00165631, 0.00184821, 0.0167478, 0.0246075, 0.0349241, 8.31836e-05, 9.04171e-05, 

1.29893e-05, 1.29893e-05, 1.2792, 2.67104, 3.18492, 4.52037, 5.8608, 3.74885e-06, 4.47755e-06, 3.15527e-06, 0.0568471, 8.02977, 13.2135, 3.57424, 1.99686e-05, 2.02197e-05, 0.998727, 1.53513, 2.69876, 4.25213, 0.000134919, 2.33507e-05, 2.80737e-05, 0.00125876, 0.00302827, 1.75203, 3.36722, 15.543, 3.67965e-05, 0.000872821, 0.00105902, 0.00165631, 0.00184821, 0.0167478, 0.0246075, 0.0349241, 2.86256e-05, 8.31836e-05, 

1.29893e-05, 1.29893e-05, 2.46746, 3.18492, 4.52037, 5.8608, 15.7715, 2.94698e-06, 4.47755e-06, 0.00825957, 0.071676, 3.57424, 13.2135, 37.7757, 1.97999e-05, 1.99686e-05, 0.000134919, 0.998727, 1.53513, 2.69876, 4.25213, 2.33507e-05, 2.80737e-05, 0.00125876, 0.00302827, 1.75203, 15.543, 16.7376, 3.67965e-05, 0.000872821, 0.00105902, 0.00165631, 0.00184821, 0.0167478, 0.0246075, 0.0349241, 3.15527e-06, 2.86256e-05, 

1.29893e-05, 1.29893e-05, 2.46746, 4.52037, 5.56252, 5.8608, 2.1442, 2.94698e-06, 4.47755e-06, 0.00825957, 0.179328, 6.26214, 11.2712, 2.64256, 1.97999e-05, 1.98617e-05, 0.000134919, 0.998727, 2.69876, 4.25213, 1.13814, 2.33507e-05, 2.80737e-05, 0.00125876, 0.00302827, 1.75203, 15.543, 8.721, 3.67965e-05, 0.000872821, 0.00105902, 0.00165631, 0.00184821, 0.0167478, 0.0246075, 0.0349241, 3.15527e-06, 2.86256e-05, 

1.29893e-05, 1.29893e-05, 2.1442, 4.52037, 5.56252, 5.8608, 4.69119, 2.94698e-06, 4.47755e-06, 0.00825957, 0.0452698, 6.26214, 11.2712, 23.4648, 1.97999e-05, 1.98617e-05, 0.000134919, 1.13814, 2.69876, 4.25213, 4.96886, 2.33507e-05, 2.80737e-05, 0.00125876, 0.00302827, 5.34316, 15.543, 10.1481, 3.67965e-05, 0.000872821, 0.00105902, 0.00165631, 0.00184821, 0.0167478, 0.0246075, 0.0349241, 3.15527e-06, 2.86256e-05, 

1.29893e-05, 1.29893e-05, 2.1442, 4.52037, 5.56252, 5.8608, 16.517, 2.94698e-06, 4.47755e-06, 0.00825957, 6.26214, 9.98969, 23.4648, 25.7277, 1.97999e-05, 1.98617e-05, 0.000134919, 2.69876, 4.25213, 4.96886, 22.2143, 2.33507e-05, 2.80737e-05, 0.00125876, 0.00302827, 5.34316, 7.12105, 10.1481, 3.67965e-05, 0.000872821, 0.00105902, 0.00165631, 0.00184821, 0.0167478, 0.0246075, 0.0349241, 3.15527e-06, 2.86256e-05, 

1.29893e-05, 1.29893e-05, 2.1442, 5.56252, 5.8608, 16.517, 20.1698, 2.94698e-06, 3.68258e-06, 0.00825957, 1.06548, 3.67292, 6.26214, 19.8778, 1.97999e-05, 1.98617e-05, 0.000134919, 2.69876, 4.25213, 4.96886, 20.2009, 2.33507e-05, 2.80737e-05, 0.00125876, 0.00302827, 5.34316, 7.12105, 22.26, 3.67965e-05, 0.000872821, 0.00105902, 0.00165631, 0.00184821, 0.0167478, 0.0246075, 0.0349241, 3.15527e-06, 2.86256e-05, 

1.29893e-05, 1.29893e-05, 2.1442, 5.56252, 10.64, 20.1698, 7.78972, 2.94698e-06, 3.68258e-06, 0.00825957, 1.06548, 3.67292, 6.26214, 20.1843, 1.97999e-05, 1.98556e-05, 0.000134919, 2.69876, 4.25213, 4.96886, 4.61654, 2.3298e-05, 2.33507e-05, 0.00125876, 0.00302827, 5.34316, 22.26, 31.5055, 3.67965e-05, 0.000872821, 0.00105902, 0.00165631, 0.00184821, 0.0167478, 0.0246075, 0.0349241, 3.15527e-06, 2.86256e-05, 

1.29893e-05, 1.29893e-05, 0.0081126, 2.1442, 5.56252, 7.78972, 0.00248762, 2.85188e-06, 2.94698e-06, 0.00825957, 1.06548, 3.67292, 6.26214, 20.1843, 1.97999e-05, 1.98556e-05, 0.000134919, 1.35061, 2.69876, 4.25213, 4.61654, 2.3298e-05, 2.33507e-05, 0.00125876, 2.31836, 5.34316, 10.9805, 22.1169, 3.67965e-05, 0.000872821, 0.00105902, 0.00165631, 0.00184821, 0.0167478, 0.0246075, 0.0349241, 3.15527e-06, 2.86256e-05, 

1.29893e-05, 1.29893e-05, 2.75258e-05, 2.1442, 5.56252, 7.78972, 2.19063, 2.85188e-06, 2.94698e-06, 0.00825957, 1.06548, 6.26214, 20.1843, 20.2505, 1.97999e-05, 1.98556e-05, 0.000134919, 1.35061, 2.18683, 3.21727, 14.2303, 2.3298e-05, 2.33507e-05, 0.00125876, 2.31836, 5.34316, 10.9805, 0.190362, 3.67965e-05, 0.000872821, 0.00105902, 0.00165631, 0.00184821, 0.0167478, 0.0246075, 0.0349241, 3.15527e-06, 2.86256e-05, 

1.29893e-05, 1.29893e-05, 2.75258e-05, 2.1442, 4.02075, 7.78972, 3.8203, 2.85188e-06, 2.94698e-06, 0.00825957, 1.06548, 16.3816, 20.1843, 8.09283, 1.97999e-05, 1.98556e-05, 0.000134919, 0.363956, 3.21727, 14.2303, 20.8626, 2.3298e-05, 2.3343e-05, 0.00125876, 0.190362, 2.31836, 4.37749, 2.66837, 3.67965e-05, 0.000872821, 0.00105902, 0.00165631, 0.00184821, 0.0167478, 0.0246075, 0.0349241, 3.15527e-06, 2.86256e-05, 

1.29893e-05, 1.29893e-05, 2.75258e-05, 0.93347, 4.02075, 7.78972, 14.5613, 2.85188e-06, 2.85902e-06, 0.00825957, 1.06548, 1.79262, 16.3816, 18.4336, 2.51917e-06, 1.97999e-05, 0.000134919, 3.21727, 3.4625, 15.9324, 2.5597, 2.3298e-05, 2.33427e-05, 0.00125876, 0.190362, 2.31836, 2.66837, 5.27711, 3.67965e-05, 0.000872821, 0.00105902, 0.00165631, 0.00184821, 0.0167478, 0.0246075, 0.0349241, 3.15527e-06, 2.86256e-05, 

1.29893e-05, 1.29893e-05, 4.71404e-07, 2.75258e-05, 4.02075, 7.78972, 15.673, 2.85188e-06, 2.85708e-06, 0.00825957, 1.06548, 1.79262, 18.4336, 16.5278, 2.51917e-06, 1.97999e-05, 0.000134919, 2.5597, 3.21727, 3.4625, 15.9324, 2.3298e-05, 2.33415e-05, 0.190362, 0.309689, 2.66837, 5.27711, 17.9201, 3.67965e-05, 0.000872821, 0.00105902, 0.00165631, 0.00184821, 0.0167478, 0.0246075, 0.0349241, 3.15527e-06, 2.86256e-05, 

Best:
(-4.87455e-05, )

Fitness Evaluations:
2622

End Population
(-2.558770e-04), (-2.558770e-04), (-4.874548e-05), (-3.724841e-04), (-1.975518e+00), (-2.137831e-01), (-3.437346e-01), (-1.198958e-04), (-1.200049e-04), (-6.452768e-03), (-1.013816e+00), (-9.309713e-01), (-4.049654e-01), (-3.604892e-01), (1.126852e-04), (3.159145e-04), (-8.246610e-04), (9.046578e-01), (-8.866401e-01), (-1.362068e-01), (3.987967e+00), (3.426864e-04), (3.430063e-04), (3.102502e-02), (-3.961107e-02), (9.014748e-01), (2.071300e+00), (6.139862e-01), (-4.306668e-04), (2.097508e-03), (-2.310433e-03), (2.889442e-03), (3.052246e-03), (9.189166e-03), (-1.113935e-02), (-1.327167e-02), (-1.261118e-04), (-3.798526e-04), 