Iterations: 50
Function Evaluations Limit: 150000
Population: 50

Prides Length: 4

Percent Nomads: 0.2
Percent Roaming: 0.2
Percent Sex: 0.8

Mating Rate: 0.3
Mutation Probability: 0.2
Immigration Rate: 0.4

Percent Group Influence: 0.4
Annealing On: true
Ranked Selection Pressure: 2
Near To Best Random Pressure: 2

Dimensions: 1
N-Dimension Space: -5:5

Fitness Iterations:
0.0560667 (Initial Best)

0.00137154, 8.68211, 4.12805, 9.38422, 19.5571, 25, 14.3395, 10.7435, 9.60429, 11.6596, 11.9233, 4.77843, 3.58962, 12.3049, 16.2848, 25, 3.98003, 4.77451, 0.0560667, 12.242, 4.01521, 1.20298, 1.10017, 2.38112, 25, 1.03275, 4.34216, 3.32915, 1.10846, 2.53384, 9.13544, 7.74917, 4.59574, 5.44082, 7.08311, 14.2358, 16.3139, 0.550465, 3.98292, 1.02275, 7.6111, 6.54193, 10.6768, 11.8075, 14.4727, 14.2128, 17.2629, 17.7241, 15.9332, 16.7917, 

0.00137154, 0.156622, 3.99677, 4.12805, 9.38422, 19.5571, 15.6889, 3.58962, 1.15765, 1.00818, 3.2979, 1.1619, 0.0560667, 3.98003, 12.242, 18.5699, 5.37914, 0.854185, 2.38112, 2.81802, 1.20298, 2.00736, 1.10846, 3.32915, 24.8946, 20.2168, 6.40777, 2.96117, 1.10017, 0.108052, 3.05645, 0.070068, 0.249185, 1.5261, 5.44082, 2.39632, 3.55831, 0.110262, 2.53384, 4.34216, 8.68211, 4.01521, 2.80785, 4.77843, 5.81929, 6.54193, 7.6111, 9.96766, 4.77451, 5.19531, 

0.00137154, 0.156622, 3.58962, 4.12805, 4.64228, 15.6889, 1.43575, 1.15765, 1.5261, 1.00818, 1.1619, 3.2979, 0.854185, 2.81802, 12.242, 24.4688, 20.0167, 0.372069, 0.0560667, 2.39632, 1.20298, 1.00291, 2.96117, 6.40777, 20.2168, 24.8946, 4.01837, 1.10846, 0.108052, 1.10017, 0.070068, 0.0814366, 0.0582607, 0.110262, 0.249185, 3.55831, 0.0785392, 2.53384, 1.03276, 2.38112, 0.0100116, 2.00736, 2.80785, 3.05645, 4.01521, 5.81929, 6.54193, 7.6111, 3.32915, 3.99677, 

0.00137154, 0.156622, 1.00818, 1.15765, 1.5261, 3.58962, 4.12805, 0.854185, 0.0582607, 1.43575, 0.0100116, 1.23848, 2.39632, 2.81802, 20.0167, 24.4688, 1.48111, 1.54901, 2.53384, 2.96117, 1.00291, 1.20298, 1.10846, 6.40777, 20.2168, 24.8946, 2.96121, 0.372069, 3.99677, 0.108052, 0.0488421, 0.055605, 0.110262, 0.249185, 1.03276, 2.38112, 3.55831, 0.0785392, 1.10017, 0.0560667, 1.1619, 1.32304, 2.00736, 2.80785, 3.05645, 3.2979, 4.01521, 5.81929, 4.01837, 4.64228, 

0.00137154, 0.0488421, 0.0582607, 0.854185, 1.43575, 1.5261, 2.16026, 1.03276, 1.10846, 0.486246, 0.0100116, 1.23416, 1.0897, 1.54901, 20.0167, 24.4688, 18.8836, 1.00818, 0.110262, 0.372069, 1.00291, 0.00339924, 0.108052, 6.40777, 20.1721, 9.20956, 19.8098, 0.249185, 1.78016, 1.23782, 0.0176822, 0.00455174, 0.0560667, 0.0785392, 2.38112, 3.55831, 19.0812, 1.15765, 0.00132717, 0.702165, 0.156622, 1.1619, 1.20298, 1.32304, 1.56596, 2.00736, 2.80785, 3.05645, 2.39632, 2.53384, 

0.00137154, 0.000119324, 0.00426525, 0.0582607, 0.486246, 0.854185, 2.16026, 0.0270521, 0.702165, 0.0785392, 0.0100116, 0.0111407, 1.0897, 1.54901, 18.8836, 0.0920931, 21.3254, 0.00030112, 0.372069, 1.00818, 0.00339924, 0.0308733, 0.108052, 0.249185, 1.23782, 6.40777, 13.4222, 1.10846, 0.995928, 0.110262, 0.00455174, 0.0176501, 0.00132717, 0.0560667, 3.55831, 13.0644, 5.4473, 1.5261, 1.15765, 1.17327, 0.954849, 0.15022, 0.156622, 1.1619, 1.20298, 1.32304, 1.37657, 1.56596, 1.78016, 2.39632, 

0.000119324, 0.000639365, 0.00426525, 0.0785392, 0.702165, 3.27213, 0.000646125, 1.00818, 0.00265278, 0.108052, 0.00907979, 0.0111407, 0.372069, 1.0897, 18.8836, 15.412, 11.1489, 0.0582607, 0.0920931, 0.00030112, 0.000945809, 0.0169962, 0.0434031, 0.249185, 1.10846, 0.0334252, 20.2371, 1.15765, 0.854185, 0.486246, 0.00455174, 0.000122675, 0.00132717, 0.0560667, 3.55831, 14.7561, 1.52606e-05, 0.110262, 0.00663487, 1.17327, 0.00339924, 0.0300086, 0.0308733, 0.140353, 0.15022, 0.156622, 0.227314, 0.954849, 1.23782, 1.54901, 

0.000119324, 0.000639365, 0.000646125, 0.00265278, 0.108052, 0.61875, 19.4438, 0.702165, 1.0897, 0.00426525, 0.00104933, 0.0111407, 0.00030112, 0.0920931, 11.1489, 16.1829, 17.0185, 1.00818, 0.249185, 0.0785392, 0.000945809, 0.0169962, 0.0334252, 0.486246, 0.854185, 1.10846, 1.00176, 0.110262, 0.00132717, 0.0582607, 1.7948e-06, 0.00455174, 1.52606e-05, 0.0560667, 1.17327, 3.55831, 19.9963, 0.372069, 0.0434031, 0.000584424, 0.00339924, 0.0300086, 0.0308733, 0.140353, 0.15022, 0.156622, 0.227314, 0.954849, 1.15765, 1.23782, 

2.56773e-05, 0.000639365, 0.00426525, 0.61875, 0.702165, 0.915701, 1.0897, 0.260512, 0.0582607, 0.000584424, 0.00104933, 0.00339924, 0.00030112, 0.0920931, 1.00818, 11.1489, 4.06104, 0.174172, 1.52606e-05, 0.108052, 0.000945809, 0.00291749, 0.00132717, 0.0334252, 0.0633178, 0.110262, 0.854185, 0.0785392, 0.0560667, 0.486246, 1.7948e-06, 0.00190251, 0.0434031, 0.372069, 3.55831, 0.078856, 22.2571, 0.00265278, 0.249185, 0.000646125, 0.0111407, 0.0300086, 0.0308733, 0.038593, 0.0949206, 0.140353, 0.15022, 0.156622, 0.815543, 1.15765, 

2.56773e-05, 0.000639365, 0.0582607, 0.915701, 1.0897, 14.6046, 19.6195, 0.0434031, 0.61875, 0.000584424, 0.000740227, 0.00339924, 1.52606e-05, 0.00030112, 0.0920931, 0.108052, 20.2322, 0.00426525, 0.260512, 0.000646125, 0.000945809, 0.00193947, 0.00132717, 0.0334252, 0.0560667, 0.0785392, 24.3145, 0.486246, 0.110262, 0.702165, 1.7948e-06, 0.00190251, 0.00265278, 0.193406, 0.249185, 19.9759, 0.0144299, 0.078856, 0.174172, 0.0633178, 0.00104933, 0.0042661, 0.0111407, 0.0300086, 0.0308733, 0.038593, 0.0949206, 0.15022, 0.815543, 0.854185, 

2.56773e-05, 6.92429e-05, 0.359281, 0.915701, 1.0897, 19.6195, 0.0833972, 0.0560667, 0.000646125, 0.193406, 0.000740227, 1.91571e-07, 1.52606e-05, 0.108052, 0.260512, 9.02058, 15.3516, 0.000584424, 0.0920931, 0.00426525, 0.000945809, 0.00104933, 0.000322703, 0.00132717, 0.0334252, 0.0785392, 24.3145, 0.00030112, 0.078856, 0.0582607, 1.7948e-06, 0.0012241, 0.0144299, 0.0633178, 0.174172, 0.249185, 24.103, 0.00265278, 0.0123537, 1.78277e-07, 0.00193947, 0.00190251, 0.0042661, 0.0111407, 0.0300086, 0.0308733, 0.038593, 0.093194, 0.486246, 0.702165, 

2.56773e-05, 6.92429e-05, 0.000646125, 0.0833972, 1.0897, 19.6195, 12.7748, 0.0560667, 1.52606e-05, 0.108052, 1.91571e-07, 0.000740227, 0.000584424, 0.00426525, 0.260512, 1.00866, 12.0907, 0.0334252, 0.000322703, 0.0582607, 0.000945809, 0.00104933, 0.00030112, 0.00145649, 0.0785392, 24.3145, 16.2854, 0.0123537, 1.78277e-07, 0.0114791, 1.7948e-06, 0.0012241, 0.00265278, 0.0633178, 0.174172, 17.8972, 13.7085, 0.00132717, 0.0920931, 0.0144299, 0.00190251, 0.00193947, 0.0042661, 0.00829617, 0.0111407, 0.0300086, 0.0308733, 0.038593, 0.193406, 0.249185, 

2.21193e-09, 2.56773e-05, 0.000646125, 0.0560667, 1.58492, 11.3292, 19.5815, 0.0833972, 0.00426525, 0.0114791, 1.91571e-07, 1.00094e-05, 0.000322703, 0.000584424, 0.0334252, 0.0582607, 5.64761, 0.108052, 0.00132717, 0.249185, 0.000945809, 0.00104933, 1.78277e-07, 0.0123537, 0.0785392, 8.39582, 18.4574, 0.00030112, 1.52606e-05, 0.0633178, 1.44815e-06, 0.000977756, 0.00265278, 0.0920931, 0.174172, 12.1629, 18.5578, 0.193406, 0.00145649, 0.0144299, 1.7948e-06, 0.00190251, 0.00193947, 0.0042661, 0.0111407, 0.0300086, 0.0308733, 0.038593, 0.260512, 

2.21193e-09, 1.35284e-08, 0.000646125, 0.00426525, 0.0833972, 11.3292, 19.5815, 0.0144299, 0.00265278, 0.0582607, 1.91571e-07, 1.7948e-06, 0.00132717, 0.108052, 0.249185, 5.64761, 5.08913, 0.0560667, 0.0334252, 0.000322703, 0.000945809, 0.000710872, 0.0123537, 0.0633178, 0.0785392, 18.4574, 25.2645, 0.000584424, 0.0114791, 1.78277e-07, 1.44815e-06, 0.000977756, 0.00145649, 0.0920931, 0.174172, 18.5578, 15.0224, 1.52606e-05, 0.000532876, 0.00030112, 3.67341e-06, 0.00104933, 0.00190251, 0.00193947, 0.0042661, 0.00454006, 0.0111407, 0.0300086, 0.193406, 0.260512, 

2.21193e-09, 1.35284e-08, 0.00426525, 0.0582607, 19.5815, 0.000173397, 7.55249, 0.260512, 0.00145649, 0.0633178, 1.91571e-07, 1.7948e-06, 0.000322703, 0.00132717, 0.0334252, 0.0560667, 0.108052, 0.0920931, 0.00265278, 0.0833972, 5.72497e-05, 0.000710872, 1.78277e-07, 0.000584424, 0.0114791, 5.81195, 9.47488, 0.193406, 0.0123537, 0.0144299, 1.44815e-06, 3.67341e-06, 1.52606e-05, 0.00030112, 0.000532876, 4.02949, 20.1827, 0.000646125, 0.0785392, 0.174172, 2.30819e-05, 0.000150938, 0.00104933, 0.00190251, 0.00193947, 0.0042661, 0.00454006, 0.0111407, 

2.21193e-09, 1.35284e-08, 0.00145649, 0.00426525, 0.0582607, 0.0633178, 16.7908, 1.91571e-07, 3.79234e-07, 0.000322703, 0.00265278, 0.0560667, 0.0833972, 0.108052, 9.8788e-06, 3.94462e-05, 0.000584424, 0.0123537, 0.0144299, 5.81195, 10.0197, 1.44815e-06, 3.67341e-06, 0.00030112, 0.000646125, 0.0785392, 20.1827, 2.9329, 1.7948e-06, 2.30819e-05, 0.000150938, 0.00190251, 0.00193947, 0.0042661, 0.00454006, 0.0111407, 1.78277e-07, 1.52606e-05, 

1.28468e-09, 1.35284e-08, 0.00145649, 0.00426525, 0.0582607, 0.0633178, 1.72806, 1.32591e-07, 1.91571e-07, 0.00265278, 0.0560667, 0.0833972, 0.108052, 19.7609, 1.7948e-06, 2.30819e-05, 0.000584424, 0.0123537, 5.81195, 10.0197, 1.08027, 1.44815e-06, 3.67341e-06, 0.00030112, 0.000646125, 0.0785392, 2.9329, 3.98274, 9.8788e-06, 3.83229e-05, 0.000150938, 0.00190251, 0.00193947, 0.0042661, 0.00454006, 0.0111407, 1.78277e-07, 1.52606e-05, 

1.28468e-09, 4.58223e-09, 0.00145649, 0.00426525, 0.0582607, 1.72806, 1.85136, 1.32591e-07, 1.52677e-07, 0.00265278, 0.0560667, 0.0833972, 0.108052, 5.14485, 1.7948e-06, 2.30819e-05, 0.000584424, 0.0123537, 0.0307825, 5.81195, 10.0197, 1.05309e-06, 1.44815e-06, 0.00030112, 0.000646125, 0.0785392, 2.69813, 3.98274, 9.8788e-06, 3.83229e-05, 0.000150938, 0.00190251, 0.00193947, 0.0042661, 0.00454006, 0.0111407, 1.78277e-07, 1.52606e-05, 

1.28468e-09, 4.58223e-09, 0.00145649, 0.00426525, 0.0582607, 1.85136, 23.2215, 1.32591e-07, 1.52677e-07, 0.00265278, 0.0560667, 0.108052, 5.14485, 18.8307, 1.7948e-06, 6.61359e-06, 0.0123537, 0.0307825, 5.81195, 10.0197, 1.70448, 1.05309e-06, 1.44815e-06, 0.00030112, 0.000646125, 0.0785392, 2.69813, 3.98274, 9.8788e-06, 3.83229e-05, 0.000150938, 0.00190251, 0.00193947, 0.0042661, 0.00454006, 0.0111407, 1.78277e-07, 1.52606e-05, 

1.28468e-09, 4.58223e-09, 0.00145649, 0.00426525, 1.85136, 23.2215, 20.2199, 1.32591e-07, 1.52677e-07, 0.0560667, 0.108052, 5.14485, 8.96243, 8.4091, 1.7948e-06, 6.61359e-06, 0.0123537, 0.0307825, 5.81195, 10.0197, 0.00307159, 6.28281e-08, 8.60953e-07, 0.00030112, 0.000600804, 0.000646125, 2.69813, 9.02035e-05, 9.8788e-06, 3.83229e-05, 0.000150938, 0.00190251, 0.00193947, 0.0042661, 0.00454006, 0.0111407, 1.78277e-07, 1.52606e-05, 

1.28468e-09, 2.65347e-09, 0.00145649, 0.00426525, 0.00676744, 23.2215, 18.3102, 1.17268e-07, 1.32591e-07, 0.0560667, 5.14485, 8.4091, 8.96243, 10.0565, 1.7948e-06, 6.61359e-06, 0.00307159, 0.0123537, 0.0307825, 4.79486, 3.30483, 6.28281e-08, 8.60953e-07, 9.02035e-05, 0.00030112, 0.000600804, 2.69813, 1.70126e-05, 9.8788e-06, 3.83229e-05, 0.000150938, 0.00190251, 0.00193947, 0.0042661, 0.00454006, 0.0111407, 1.78277e-07, 1.12817e-05, 

1.28468e-09, 2.65347e-09, 0.00426525, 0.00676744, 8.07114, 22.0716, 17.6428, 1.17268e-07, 1.32591e-07, 5.14485, 8.4091, 8.96243, 10.0565, 4.03835, 1.53048e-06, 1.7948e-06, 0.00307159, 0.0123537, 0.0307825, 3.30483, 1.54768, 2.32613e-09, 1.07568e-07, 1.70126e-05, 1.75833e-05, 0.000600804, 2.69813, 4.37245, 9.8788e-06, 3.83229e-05, 0.000150938, 0.00190251, 0.00193947, 0.0042661, 0.00454006, 0.0111407, 1.78277e-07, 1.12817e-05, 

1.28468e-09, 2.65347e-09, 0.00426525, 8.07114, 15.5504, 18.4717, 9.4908, 1.17268e-07, 1.32591e-07, 4.03835, 5.14485, 8.96243, 10.0565, 14.9962, 1.46235e-06, 1.53048e-06, 0.00307159, 0.0123537, 0.0307825, 3.30483, 0.791731, 8.68026e-10, 2.32613e-09, 1.70126e-05, 1.75833e-05, 0.000600804, 1.97839, 5.43487, 9.8788e-06, 3.83229e-05, 0.000150938, 0.00190251, 0.00193947, 0.0042661, 0.00454006, 0.0111407, 1.78277e-07, 1.12817e-05, 

1.28468e-09, 2.65347e-09, 0.00426525, 9.00778, 15.5504, 18.4717, 9.45497, 1.17268e-07, 1.32591e-07, 4.03835, 5.10945, 8.9572, 8.96243, 18.2353, 1.46235e-06, 1.53048e-06, 0.00307159, 0.0307825, 0.791731, 3.30483, 1.92389, 8.68026e-10, 2.32613e-09, 1.70126e-05, 1.75833e-05, 1.97839, 5.43487, 7.21422e-06, 9.8788e-06, 3.83229e-05, 0.000150938, 0.00190251, 0.00193947, 0.0042661, 0.00454006, 0.0111407, 1.78277e-07, 1.12817e-05, 

5.9457e-10, 1.28468e-09, 0.00426525, 9.00778, 9.45497, 15.5504, 18.4717, 1.17268e-07, 1.32591e-07, 1.31563, 4.03835, 8.9572, 18.2353, 20.4589, 1.46235e-06, 1.48816e-06, 0.0307825, 0.791731, 1.92389, 3.30483, 0.996003, 8.68026e-10, 2.32613e-09, 7.21422e-06, 1.70126e-05, 1.75833e-05, 1.97839, 22.1445, 9.8788e-06, 3.83229e-05, 0.000150938, 0.00190251, 0.00193947, 0.0042661, 0.00454006, 0.0111407, 1.78277e-07, 1.12817e-05, 

5.9457e-10, 1.28468e-09, 0.00426525, 0.651571, 9.00778, 9.45497, 18.4717, 1.17268e-07, 1.32591e-07, 0.486824, 1.31563, 17.216, 20.4589, 0.115464, 1.44372e-06, 1.46235e-06, 0.791731, 0.996003, 1.92389, 3.30483, 0.00889403, 8.68026e-10, 2.32613e-09, 7.21422e-06, 1.70126e-05, 0.0171252, 12.063, 3.98333, 9.8788e-06, 3.83229e-05, 0.000150938, 0.00190251, 0.00193947, 0.0042661, 0.00454006, 0.0111407, 1.78277e-07, 1.12817e-05, 

2.98783e-10, 5.9457e-10, 0.00426525, 0.998129, 9.23369, 9.45497, 8.44436, 1.17268e-07, 1.32591e-07, 0.486824, 1.31563, 17.216, 18.4274, 8.63557, 1.44372e-06, 1.46235e-06, 0.00889403, 0.791731, 1.92389, 3.30483, 15.5611, 8.68026e-10, 2.32613e-09, 7.21422e-06, 1.70126e-05, 3.98333, 12.063, 7.6772e-07, 9.8788e-06, 3.83229e-05, 0.000150938, 0.00190251, 0.00193947, 0.0042661, 0.00454006, 0.0111407, 1.78277e-07, 1.12817e-05, 

2.98783e-10, 5.18773e-10, 0.00426525, 2.3941, 8.44436, 9.23369, 10.4449, 1.17268e-07, 1.32591e-07, 0.486824, 1.31563, 3.68641, 8.63557, 9.38477, 4.49634e-08, 1.46235e-06, 0.791731, 1.20359, 1.92389, 3.30483, 20.0613, 8.68026e-10, 2.32613e-09, 1.95726e-08, 7.6772e-07, 1.70126e-05, 1.74079, 32.8344, 1.44372e-06, 9.8788e-06, 3.83229e-05, 0.000150938, 0.00190251, 0.00193947, 0.0042661, 0.00454006, 1.78277e-07, 1.12817e-05, 

1.55671e-10, 2.98783e-10, 0.00426525, 2.3941, 9.23369, 10.4449, 15.9477, 1.17268e-07, 1.32591e-07, 0.486824, 3.68641, 8.63557, 9.38477, 10.6948, 4.49634e-08, 3.99285e-07, 0.791731, 1.92389, 3.30483, 20.0613, 19.5699, 3.86207e-10, 8.68026e-10, 1.95726e-08, 7.6772e-07, 1.70126e-05, 1.74079, 25, 1.44372e-06, 9.8788e-06, 3.83229e-05, 0.000150938, 0.00190251, 0.00193947, 0.0042661, 0.00454006, 1.78277e-07, 1.12817e-05, 

1.55671e-10, 2.98783e-10, 0.00426525, 2.3941, 8.51967, 9.23369, 21.2836, 1.17268e-07, 1.32591e-07, 0.486824, 3.68641, 4.09194, 9.38477, 10.6948, 4.49634e-08, 3.99285e-07, 1.92389, 3.30483, 16.1284, 20.0613, 11.0964, 3.86207e-10, 8.68026e-10, 1.95726e-08, 2.55243e-08, 1.70126e-05, 1.74079, 13.6188, 1.44372e-06, 9.8788e-06, 3.83229e-05, 0.000150938, 0.00190251, 0.00193947, 0.0042661, 0.00454006, 1.78277e-07, 1.12817e-05, 

1.01023e-10, 1.55671e-10, 0.00426525, 2.3941, 8.51967, 9.23369, 13.7358, 1.17268e-07, 1.31619e-07, 0.486824, 3.68641, 9.38477, 10.6948, 7.42726, 4.49634e-08, 3.99285e-07, 1.92389, 11.0964, 16.1284, 20.0613, 4.36417, 3.86207e-10, 8.68026e-10, 1.95726e-08, 2.55243e-08, 1.74079, 13.6188, 0.622102, 1.44372e-06, 9.8788e-06, 3.83229e-05, 0.000150938, 0.00190251, 0.00193947, 0.0042661, 0.00454006, 1.78277e-07, 1.12817e-05, 

8.46363e-11, 1.01023e-10, 0.00426525, 4.87358, 5.32605, 13.7358, 4.12171, 1.17268e-07, 1.31619e-07, 0.0780826, 0.486824, 1.79921, 7.42726, 0.599397, 4.49634e-08, 3.99285e-07, 1.92389, 4.36417, 11.0964, 16.1284, 20.0613, 3.86207e-10, 4.19224e-10, 1.95726e-08, 2.55243e-08, 0.622102, 2.74087, 9.41932, 1.44372e-06, 9.8788e-06, 3.83229e-05, 0.000150938, 0.00190251, 0.00193947, 0.0042661, 0.00454006, 1.78277e-07, 1.12817e-05, 

8.02896e-11, 8.46363e-11, 4.12171, 4.87358, 5.32605, 7.80552, 1.09893, 1.17268e-07, 1.31619e-07, 0.0721203, 0.0780826, 0.486824, 0.599397, 7.42726, 4.49634e-08, 3.99285e-07, 1.92389, 4.36417, 11.0964, 16.1284, 20.0613, 2.97858e-10, 3.13658e-10, 1.95726e-08, 2.55243e-08, 0.622102, 2.74087, 4.63896, 1.44372e-06, 9.8788e-06, 3.83229e-05, 0.000150938, 0.00190251, 0.00193947, 0.0042661, 0.00454006, 1.78277e-07, 1.12817e-05, 

8.02896e-11, 8.07354e-11, 1.09893, 1.47872, 4.87358, 7.80552, 19.9667, 1.15946e-07, 1.17268e-07, 0.0721203, 0.0780826, 0.486824, 7.42726, 12.1607, 4.49634e-08, 3.99285e-07, 1.34168, 1.92389, 4.36417, 19.7745, 3.50426, 2.97858e-10, 3.13658e-10, 1.95726e-08, 0.622102, 2.74087, 4.63896, 10.4129, 1.44372e-06, 9.8788e-06, 3.83229e-05, 0.000150938, 0.00190251, 0.00193947, 0.0042661, 0.00454006, 1.78277e-07, 1.12817e-05, 

8.02896e-11, 8.07354e-11, 1.09893, 1.47872, 4.87358, 9.66447, 26.1294, 1.15102e-07, 1.15946e-07, 0.0721203, 0.486824, 4.37188, 12.1607, 0.869307, 4.49634e-08, 9.42414e-08, 0.99514, 1.19933, 1.34168, 1.92389, 4.36417, 2.97858e-10, 3.13658e-10, 1.95726e-08, 0.622102, 4.63896, 10.1719, 8.29121, 1.44372e-06, 9.8788e-06, 3.83229e-05, 0.000150938, 0.00190251, 0.00193947, 0.0042661, 0.00454006, 1.78277e-07, 1.12817e-05, 

8.02896e-11, 8.07354e-11, 1.09893, 4.36334, 4.3664, 4.87358, 4.62069, 1.15102e-07, 1.15946e-07, 0.0721203, 0.486824, 0.869307, 4.37188, 12.1607, 4.49634e-08, 9.42414e-08, 0.867555, 0.99514, 1.19933, 1.92389, 4.36417, 2.97858e-10, 3.13658e-10, 1.95726e-08, 0.622102, 4.63896, 8.29121, 20.2173, 1.44372e-06, 9.8788e-06, 3.83229e-05, 0.000150938, 0.00190251, 0.00193947, 0.0042661, 0.00454006, 1.78277e-07, 1.12817e-05, 

8.02896e-11, 8.07354e-11, 1.09893, 1.72213, 4.62069, 4.87358, 9.00887, 1.15102e-07, 1.15946e-07, 0.0721203, 0.18277, 0.486824, 4.37188, 12.1607, 4.49634e-08, 9.42414e-08, 0.867555, 0.99514, 1.19933, 1.92389, 2.03516, 2.97858e-10, 3.13658e-10, 1.95726e-08, 4.63896, 8.29121, 20.2173, 21.8365, 1.44372e-06, 9.8788e-06, 3.83229e-05, 0.000150938, 0.00190251, 0.00193947, 0.0042661, 0.00454006, 1.78277e-07, 1.12817e-05, 

7.99147e-11, 8.02896e-11, 1.09893, 1.65056, 1.72213, 4.87358, 14.7569, 1.15102e-07, 1.15107e-07, 0.0721203, 0.18277, 2.78358, 4.37188, 20.1817, 4.49634e-08, 9.42414e-08, 0.0599535, 0.99514, 1.92389, 2.03516, 1.50658, 2.97858e-10, 3.13658e-10, 1.95726e-08, 4.63896, 8.29121, 10.0082, 4.14295, 1.44372e-06, 9.8788e-06, 3.83229e-05, 0.000150938, 0.00190251, 0.00193947, 0.0042661, 0.00454006, 1.78277e-07, 1.12817e-05, 

7.99147e-11, 8.02416e-11, 0.894302, 1.10734, 1.54403, 4.34751, 0.208409, 1.15102e-07, 1.15106e-07, 0.114076, 0.18277, 2.78358, 20.1817, 18.2376, 4.49634e-08, 9.42414e-08, 0.0599535, 0.99514, 1.31538, 1.50658, 19.6762, 4.64997e-11, 2.97858e-10, 1.95726e-08, 0.536407, 4.14295, 8.29121, 9.63792, 1.44372e-06, 9.8788e-06, 3.83229e-05, 0.000150938, 0.00190251, 0.00193947, 0.0042661, 0.00454006, 1.78277e-07, 1.12817e-05, 

7.99147e-11, 8.02416e-11, 0.208409, 0.894302, 1.08491, 4.34751, 19.5887, 1.15102e-07, 1.15106e-07, 0.18277, 2.14235, 2.78358, 20.1817, 25.9449, 4.49634e-08, 9.42414e-08, 0.276969, 0.351087, 0.99514, 1.31538, 0.0607005, 2.0119e-11, 4.64997e-11, 1.95726e-08, 0.536407, 4.14295, 8.43814, 9.32344, 1.44372e-06, 9.8788e-06, 3.83229e-05, 0.000150938, 0.00190251, 0.00193947, 0.0042661, 0.00454006, 1.78277e-07, 1.12817e-05, 

7.99147e-11, 8.02416e-11, 0.208409, 1.08491, 2.43793, 19.5887, 0.860954, 1.15102e-07, 1.15106e-07, 0.18277, 1.07398, 17.9316, 18.8867, 5.82732, 3.92953e-08, 4.49634e-08, 0.0607005, 0.276969, 0.351087, 1.31538, 9.88081, 2.0119e-11, 4.64997e-11, 1.95726e-08, 0.536407, 4.14295, 9.32344, 18.7878, 1.44372e-06, 9.8788e-06, 3.83229e-05, 0.000150938, 0.00190251, 0.00193947, 0.0042661, 0.00454006, 1.78277e-07, 1.12817e-05, 

7.99147e-11, 8.02416e-11, 0.0248636, 0.208409, 1.08491, 19.5887, 0.0127933, 1.151e-07, 1.15102e-07, 0.18277, 1.07398, 5.82732, 10.5912, 3.35998, 3.92953e-08, 4.49634e-08, 0.0607005, 0.276969, 0.351087, 1.31538, 23.5887, 2.0119e-11, 4.64997e-11, 1.95726e-08, 0.536407, 9.32344, 18.7878, 5.58806, 1.44372e-06, 9.8788e-06, 3.83229e-05, 0.000150938, 0.00190251, 0.00193947, 0.0042661, 0.00454006, 1.78277e-07, 1.12817e-05, 

7.99147e-11, 7.99982e-11, 0.0248636, 0.208409, 1.08491, 7.94569, 15.7618, 1.151e-07, 1.15102e-07, 0.18277, 1.09856, 5.82732, 10.1911, 1.03803, 3.92953e-08, 4.49634e-08, 0.0607005, 0.351087, 1.31538, 23.5887, 6.27935, 2.0119e-11, 4.64997e-11, 1.95726e-08, 5.58806, 9.32344, 18.7878, 20.1639, 1.44372e-06, 9.8788e-06, 3.83229e-05, 0.000150938, 0.00190251, 0.00193947, 0.0042661, 0.00454006, 1.78277e-07, 1.12817e-05, 

7.99147e-11, 7.99982e-11, 0.0248636, 0.208409, 1.08491, 12.7624, 4.27388, 1.151e-07, 1.15102e-07, 0.18277, 1.03803, 1.09856, 10.1911, 20.4361, 3.92953e-08, 4.48618e-08, 0.0138965, 0.351087, 6.27935, 23.5887, 9.05749, 2.0119e-11, 4.64997e-11, 1.95726e-08, 9.32344, 18.7878, 20.1639, 11.7054, 1.44372e-06, 9.8788e-06, 3.83229e-05, 0.000150938, 0.00190251, 0.00193947, 0.0042661, 0.00454006, 1.78277e-07, 1.12817e-05, 

7.99147e-11, 7.99982e-11, 0.0248636, 0.0531918, 0.208409, 2.77751, 12.7624, 1.151e-07, 1.15102e-07, 0.18277, 1.03803, 1.09856, 7.88469, 2.07717, 3.92953e-08, 4.48618e-08, 0.0138965, 0.351087, 9.05749, 23.5887, 25.8837, 2.0119e-11, 4.64997e-11, 1.95726e-08, 2.15021, 11.7054, 20.1639, 7.91077, 1.44372e-06, 9.8788e-06, 3.83229e-05, 0.000150938, 0.00190251, 0.00193947, 0.0042661, 0.00454006, 1.78277e-07, 1.12817e-05, 

7.99147e-11, 7.99982e-11, 0.0531918, 0.208409, 2.77751, 12.7624, 2.52145, 1.15099e-07, 1.151e-07, 0.18277, 1.03803, 2.07717, 7.88469, 20.7057, 3.92953e-08, 4.48618e-08, 0.0138965, 0.351087, 9.05749, 23.5887, 21.9857, 2.0119e-11, 4.64997e-11, 1.95726e-08, 2.15021, 11.7054, 20.1639, 17.2222, 1.44372e-06, 9.8788e-06, 3.83229e-05, 0.000150938, 0.00190251, 0.00193947, 0.0042661, 0.00454006, 1.78277e-07, 1.12817e-05, 

7.99147e-11, 7.99982e-11, 0.0531918, 0.208409, 2.52145, 12.7624, 20.2461, 1.15099e-07, 1.15099e-07, 0.18277, 0.468526, 1.03803, 20.7057, 0.119407, 3.60078e-08, 3.92953e-08, 0.0138965, 0.351087, 4.07294, 23.5887, 1.63654, 2.0119e-11, 4.64997e-11, 1.95726e-08, 1.0712, 6.502, 17.2222, 20.1639, 1.44372e-06, 9.8788e-06, 3.83229e-05, 0.000150938, 0.00190251, 0.00193947, 0.0042661, 0.00454006, 1.78277e-07, 1.12817e-05, 

7.99147e-11, 7.99574e-11, 0.0531918, 0.208409, 2.52145, 8.84765, 21.8156, 1.15099e-07, 1.15099e-07, 0.0205343, 0.18277, 0.468526, 20.7057, 0.00483719, 3.60078e-08, 3.92953e-08, 0.0138965, 0.351087, 1.63654, 4.07294, 24.7334, 2.0119e-11, 4.64997e-11, 1.95726e-08, 1.0712, 6.502, 20.1639, 6.9105, 1.44372e-06, 9.8788e-06, 3.83229e-05, 0.000150938, 0.00190251, 0.00193947, 0.0042661, 0.00454006, 1.78277e-07, 1.12817e-05, 

7.99147e-11, 7.99574e-11, 0.0531918, 0.208409, 2.52145, 8.84765, 11.7769, 1.15099e-07, 1.15099e-07, 0.00279973, 0.00483719, 0.18277, 20.7057, 20.1734, 3.33708e-08, 3.60078e-08, 0.0138965, 0.351087, 1.00802, 1.63654, 4.07294, 6.28653e-12, 2.0119e-11, 1.0712, 6.502, 6.9105, 20.1639, 1.55055, 1.44372e-06, 9.8788e-06, 3.83229e-05, 0.000150938, 0.00190251, 0.00193947, 0.0042661, 0.00454006, 1.78277e-07, 1.12817e-05, 

7.99147e-11, 7.99574e-11, 0.0531918, 0.208409, 2.52145, 8.84765, 11.7769, 1.15099e-07, 1.15099e-07, 0.00279973, 0.00483719, 0.18277, 9.11992, 20.1734, 3.16806e-08, 3.33708e-08, 0.0138965, 0.351087, 1.63654, 4.07294, 22.0134, 6.28653e-12, 2.0119e-11, 0.403666, 1.0712, 6.9105, 19.3179, 0.0867757, 1.44372e-06, 9.8788e-06, 3.83229e-05, 0.000150938, 0.00190251, 0.00193947, 0.0042661, 0.00454006, 1.78277e-07, 1.12817e-05, 

Best:
(1.78007e-07, )

Fitness Evaluations:
2586

End Population
(-6.346721e-07), (-6.348430e-07), (-1.638139e-02), (-3.246723e-02), (-1.152233e-01), (-2.307655e-01), (-3.105835e+00), (2.408648e-05), (2.408650e-05), (-3.756697e-03), (-4.938009e-03), (-3.039818e-02), (-2.955799e+00), (-5.224849e-01), (-1.263672e-05), (-1.296943e-05), (-8.370292e-03), (-4.219016e-02), (9.209724e-02), (1.968179e+00), (1.472070e+00), (1.780065e-07), (3.184560e-07), (-4.525907e-02), (1.014566e+00), (1.863957e+00), (4.112690e+00), (-2.092899e-02), (-8.530580e-05), (2.231465e-04), (4.395083e-04), (8.722438e-04), (-3.096763e-03), (3.126704e-03), (4.637335e-03), (4.783929e-03), (-2.997680e-05), (2.384649e-04), 