Iterations: 50
Function Evaluations Limit: 150000
Population: 50

Prides Length: 4

Percent Nomads: 0.2
Percent Roaming: 0.2
Percent Sex: 0.8

Mating Rate: 0.3
Mutation Probability: 0.2
Immigration Rate: 0.4

Percent Group Influence: 0.4
Annealing On: true
Ranked Selection Pressure: 2
Near To Best Random Pressure: 2

Dimensions: 2
N-Dimension Space: -5:5

Fitness Iterations:
0.12459 (Initial Best)

27.2042, 1.89707, 9.13644, 19.153, 16.5569, 25.0237, 16.9484, 27.6598, 32.4761, 0.593138, 4.52841, 0.12459, 25.7435, 31.057, 29.7806, 2.51098, 0.191478, 20.467, 19.6088, 7.46881, 14.4073, 28.3605, 21.3829, 41.6901, 26.6806, 21.2935, 23.5158, 11.8279, 7.58351, 17.3262, 5.61442, 13.7047, 19.8781, 24.5873, 17.9249, 9.09313, 3.66052, 31.0268, 22.44, 4.12383, 15.1654, 3.49844, 37.0684, 5.3854, 1.76568, 3.17288, 0.551203, 36.3711, 19.9883, 13.3171, 

0.551203, 0.765001, 0.593138, 3.33055, 9.13644, 27.6598, 9.13676, 4.06076, 13.9333, 2.94791, 0.12459, 4.20725, 2.51098, 7.46881, 25.0048, 25.7482, 6.79086, 3.35116, 4.12383, 9.09313, 0.0116256, 1.37271, 5.93607, 10.8436, 21.3829, 23.5158, 5.80534, 4.35171, 5.36765, 0.191478, 1.76568, 4.25708, 3.66052, 11.1327, 15.4473, 19.8781, 24.5873, 9.75556, 12.0853, 7.58351, 0.647968, 4.18916, 4.41219, 3.17288, 3.49844, 4.34494, 4.52841, 4.64576, 15.1029, 16.9484, 

0.551203, 0.765001, 0.593138, 1.04396, 3.46714, 9.13644, 7.69053, 5.80534, 2.27096, 2.44326, 0.12459, 0.647968, 3.35116, 6.79086, 7.46881, 6.2356, 1.17111, 1.84054, 3.33055, 5.93607, 0.0116256, 0.109982, 0.191478, 0.392702, 13.6562, 21.3829, 0.110089, 2.49445, 1.10539, 4.35171, 0.67613, 1.04744, 3.66052, 12.0853, 15.4473, 19.8781, 24.5873, 1.20368, 2.04669, 2.51098, 1.96042, 1.01368, 1.02492, 1.17049, 1.76568, 3.49844, 4.18916, 4.25708, 6.86883, 7.58351, 

0.45935, 0.47479, 2.44326, 3.46714, 7.10281, 7.69053, 7.74164, 2.27096, 1.10948, 3.33055, 0.12459, 0.272698, 1.17111, 3.35116, 7.46881, 7.58839, 3.0893, 2.04669, 0.208961, 1.20368, 0.0116256, 0.0162037, 0.110089, 0.392702, 2.49445, 4.35171, 13.6562, 0.527199, 1.95672, 1.84054, 0.67613, 0.759818, 1.2117, 11.3864, 12.0853, 2.8058, 1.09145, 0.191478, 0.561914, 0.593138, 0.647968, 0.948874, 0.944332, 1.01368, 1.04744, 1.17049, 1.76355, 1.76568, 3.34733, 3.66052, 

0.302882, 0.181269, 0.27724, 1.10948, 3.33055, 7.69053, 0.176752, 0.527199, 0.0095613, 2.27096, 0.12459, 0.162653, 0.208961, 1.20368, 2.63331, 3.0893, 7.97464, 0.593138, 2.04669, 1.09145, 0.00946321, 0.0116256, 0.110089, 0.392702, 13.6562, 0.620851, 1.75851, 1.84054, 0.681564, 1.95672, 0.0799995, 0.064405, 0.191478, 0.561914, 11.3864, 2.72803, 0.62649, 1.29026, 1.17111, 1.2117, 0.207819, 0.386558, 0.47479, 0.647968, 0.757374, 0.944332, 0.948874, 1.04744, 2.44326, 2.49445, 

0.011132, 0.012029, 0.0095613, 0.176752, 0.27724, 2.27096, 7.69053, 1.09145, 0.208961, 0.0175065, 0.12459, 0.162653, 1.20368, 2.63331, 3.0893, 7.97464, 1.81991, 1.10948, 0.527199, 1.17111, 0.00946321, 0.0106182, 0.110089, 0.681564, 1.75851, 13.6562, 0.562879, 0.368738, 0.392702, 0.476091, 0.0288275, 0.0799995, 0.191478, 0.62649, 1.29026, 2.72803, 11.3864, 0.0413022, 0.593138, 0.561914, 0.176122, 0.064405, 0.0856073, 0.192517, 0.207819, 0.386558, 0.47479, 0.647968, 1.2117, 1.76963, 

0.00725448, 0.0107076, 0.0095613, 0.176752, 0.208961, 2.27096, 4.43225, 1.2117, 0.0159286, 1.09145, 0.094716, 0.068673, 0.328916, 1.20368, 2.63331, 3.0893, 3.24778, 1.17111, 0.27724, 0.156776, 0.00946321, 0.0106182, 0.110089, 0.319, 0.392702, 0.681564, 1.75851, 0.476091, 0.562879, 1.24856, 0.00738112, 0.0288275, 0.0413022, 0.191478, 0.593138, 1.29026, 4.63687, 0.527199, 0.561914, 0.62649, 0.064405, 0.0856073, 0.12459, 0.176122, 0.192517, 0.207819, 0.386558, 0.47479, 1.76963, 1.81991, 

0.00725448, 0.0107076, 0.0095613, 1.09145, 1.2117, 2.27096, 4.43225, 0.27724, 0.593138, 0.392702, 0.0316828, 0.0666846, 0.156776, 0.328916, 1.17111, 2.63331, 3.24778, 0.151537, 0.681564, 0.0159286, 0.00946321, 0.0106182, 0.110089, 0.562879, 1.24856, 1.75851, 1.94315, 0.191478, 0.208961, 0.176752, 0.00738112, 0.0288275, 0.0413022, 0.561914, 0.62649, 4.63687, 0.0556706, 0.592744, 0.319, 0.476091, 0.0532348, 0.064405, 0.094716, 0.0787578, 0.0856073, 0.12459, 0.176122, 0.192517, 1.09744, 1.18136, 

0.00725448, 0.00920248, 0.0095613, 0.27724, 0.392702, 1.09145, 1.81399, 0.100116, 0.561914, 0.505251, 0.0316828, 0.0532348, 0.0159286, 0.149053, 0.328916, 1.17111, 0.421992, 0.151537, 0.191478, 0.0761418, 0.00439922, 0.0106182, 0.000566109, 0.176752, 0.562879, 1.94315, 4.65373, 0.0746144, 0.156776, 0.0556706, 0.00738112, 0.0288275, 0.0413022, 0.319, 0.476091, 1.14285, 0.252232, 0.250754, 0.592744, 0.208961, 0.0666846, 0.064405, 0.0787578, 0.0856073, 0.094716, 0.12459, 0.144781, 0.176122, 0.62649, 0.630874, 

0.00443392, 0.00725448, 0.0293398, 0.561914, 1.09145, 0.333964, 0.177435, 0.100116, 0.176752, 0.27724, 0.0128959, 0.0407449, 0.0159286, 0.0761418, 0.149053, 1.04229, 0.433146, 0.156776, 0.151537, 0.156926, 0.00263103, 0.0106182, 0.0556706, 0.0746144, 0.562879, 1.94315, 3.60109, 0.252232, 0.0095613, 0.0219923, 0.00738112, 0.0288275, 0.208961, 0.250754, 0.319, 1.14285, 0.315306, 0.191478, 0.0413022, 0.000566109, 0.0316828, 0.0532348, 0.0541262, 0.064405, 0.0666846, 0.0787578, 0.0856073, 0.12459, 0.328916, 0.392702, 

0.00443392, 0.00725448, 0.0491106, 0.100116, 0.333964, 1.09145, 1.81709, 0.177435, 0.156926, 0.0746144, 0.0128959, 0.0407449, 0.0761418, 0.151537, 0.156776, 1.04229, 0.51297, 0.168094, 0.176752, 0.0413022, 0.00263103, 0.00491841, 0.0219923, 0.252232, 0.562879, 3.60109, 1.85481, 0.147523, 0.0293398, 0.0977489, 0.00738112, 0.0288275, 0.000566109, 0.191478, 0.315306, 0.518777, 3.819, 0.0556706, 0.0159286, 0.0095613, 0.0316828, 0.0532348, 0.0538789, 0.0541262, 0.064405, 0.0666846, 0.0787578, 0.12459, 0.208961, 0.250754, 

0.00220048, 0.00443392, 0.0491106, 0.100116, 0.156926, 0.177435, 1.09145, 0.0279697, 0.208961, 0.0746144, 0.0128959, 0.0407449, 0.151537, 0.168094, 0.51297, 0.0391049, 25.6505, 0.0219923, 0.147523, 0.191478, 0.000612987, 0.00263103, 0.0293398, 0.0977489, 0.252232, 1.85481, 3.60109, 0.0761418, 0.250754, 0.176752, 0.00559048, 0.00948909, 0.000566109, 0.0095613, 0.0159286, 0.0825043, 0.266896, 0.0556706, 0.0413022, 0.156776, 0.00721246, 0.0316828, 0.0532348, 0.0538789, 0.0541262, 0.064405, 0.0666846, 0.0787578, 0.333964, 0.518777, 

0.00198619, 0.00220048, 0.0279697, 0.100116, 1.09145, 5.40122, 0.00913755, 0.000566109, 0.0825043, 0.0223503, 0.0117278, 0.0128896, 0.0219923, 0.0391049, 0.168094, 0.51297, 8.94341, 0.0556706, 0.0491106, 0.151537, 0.000612987, 0.00263103, 0.0289032, 0.250754, 1.85481, 11.3374, 8.41188, 0.0159286, 0.0311373, 0.156926, 0.00258873, 0.00559048, 0.0095613, 0.0413022, 0.156776, 11.4892, 1.4418, 0.0746144, 0.0244874, 0.0977489, 0.00721246, 0.0138734, 0.020311, 0.026149, 0.0316828, 0.0532348, 0.0538789, 0.0541262, 0.176752, 0.177435, 

0.000988658, 0.00198619, 0.00913755, 0.0223503, 0.0446576, 0.0825043, 1.15625, 0.0289032, 0.0940239, 0.156776, 0.0117278, 0.0128896, 0.0219923, 0.0556706, 0.151537, 0.51297, 0.183095, 0.0491106, 0.0159286, 0.0279697, 0.000612987, 0.00110544, 0.0311373, 0.250754, 11.3374, 0.112561, 1.97257, 0.0413022, 0.156926, 0.0391049, 0.00258873, 0.00355567, 0.0746144, 0.0977489, 0.161359, 18.6344, 0.083087, 0.0095613, 0.000566109, 0.0244874, 0.00721246, 0.0138734, 0.020311, 0.026149, 0.0316828, 0.0532348, 0.0538789, 0.0541262, 0.168094, 0.176752, 

0.00050632, 0.000931122, 0.0144885, 0.0289032, 0.0446576, 0.0825043, 3.1956, 0.083087, 0.0556706, 0.00898633, 0.000466228, 0.00520093, 0.0159286, 0.0219923, 0.0491106, 2.76117, 0.537336, 0.0095613, 0.0413022, 0.156926, 0.000612987, 0.00110544, 0.0289614, 0.0311373, 1.97257, 11.3374, 0.272713, 0.0977489, 0.156776, 0.00913755, 0.000111066, 0.0022548, 0.000566109, 0.00201453, 0.0244874, 18.6344, 0.428667, 0.0940239, 0.151537, 0.0391049, 0.00721246, 0.0135724, 0.0138734, 0.020311, 0.026149, 0.0316828, 0.0532348, 0.0538789, 0.161359, 0.168094, 

0.000384194, 0.00050632, 0.0446576, 0.0556706, 0.0825043, 3.1956, 5.46138, 0.0977489, 0.0159286, 0.0289614, 0.000466228, 0.00370452, 0.0095613, 0.0219923, 0.0491106, 0.537336, 2.76117, 0.00898633, 0.129161, 0.083087, 7.85564e-05, 0.000612987, 0.00913755, 0.0311373, 0.272713, 1.97257, 11.3374, 0.151537, 0.0289032, 0.00217501, 0.000111066, 0.0022548, 0.000566109, 0.00201453, 0.0244874, 0.0391049, 0.0940239, 0.0413022, 0.0144885, 0.156776, 0.0043789, 0.00721246, 0.0129114, 0.0138734, 0.020311, 0.026149, 0.0316828, 0.0532348, 0.156926, 0.161359, 

0.000384194, 0.00050632, 0.0289614, 0.0556706, 0.0977489, 3.1956, 9.59869, 0.0159286, 0.0825043, 0.156776, 0.000466228, 0.00370452, 0.0095613, 0.0219923, 0.0990006, 0.129161, 0.952867, 0.00898633, 0.00913755, 0.0940239, 7.85564e-05, 0.000612987, 0.00217501, 0.0311373, 0.151537, 0.272713, 1.97257, 0.0413022, 0.0289032, 0.083087, 0.000111066, 0.00215303, 0.000566109, 0.00201453, 0.0244874, 0.0391049, 1.68183, 0.0446576, 0.0144885, 0.0491106, 0.0022548, 0.0043789, 0.00721246, 0.0129114, 0.0138734, 0.020311, 0.0316828, 0.0532348, 0.156926, 0.161359, 

0.000384194, 0.00050632, 0.0289614, 0.0556706, 0.0825043, 3.1956, 2.1717, 0.0977489, 0.0413022, 0.083087, 0.000466228, 0.00370452, 0.00898633, 0.00913755, 0.0940239, 0.129161, 10.8547, 0.0990006, 0.0095613, 0.0446576, 7.85564e-05, 0.00025904, 0.00217501, 0.0289032, 0.0311373, 0.272713, 1.97257, 0.00201453, 0.0144885, 0.0491106, 1.27507e-05, 0.000111066, 0.000566109, 0.0244874, 0.0391049, 1.68183, 0.00522985, 0.0159286, 0.0219923, 0.0024961, 0.000612987, 0.0022548, 0.0043789, 0.00595645, 0.00721246, 0.0129114, 0.0138734, 0.020311, 0.151537, 0.156776, 

0.000384194, 0.00050632, 0.0413022, 0.0977489, 2.1717, 3.1956, 23.7267, 0.00913755, 0.0117069, 0.0159286, 0.000466228, 0.000850555, 0.0095613, 0.0289726, 0.0940239, 0.766288, 4.30854, 0.00201453, 0.0391049, 0.0024961, 3.35257e-05, 7.85564e-05, 0.00217501, 0.0289032, 1.97257, 1.03974, 4.30451, 0.0311373, 0.0491106, 0.00898633, 1.27507e-05, 3.6235e-05, 0.0219923, 0.0244874, 1.68183, 2.24707, 3.0976, 0.000566109, 0.0144885, 0.00422228, 0.000612987, 0.0022548, 0.0043789, 0.00595645, 0.00721246, 0.0129114, 0.0138734, 0.020311, 0.0556706, 0.0825043, 

0.000384194, 0.00050632, 0.0413022, 0.0977489, 2.1717, 3.1956, 1.15322, 0.00217501, 0.0391049, 0.0289726, 1.39084e-05, 0.000466228, 0.00201453, 0.0024961, 0.766288, 4.30854, 10.7174, 0.0201819, 0.0095613, 0.0159286, 3.35257e-05, 7.85564e-05, 0.0311373, 0.0491106, 1.97257, 4.30451, 5.28572, 0.0289032, 0.00898633, 0.0144885, 1.27507e-05, 3.6235e-05, 0.000566109, 0.00422228, 0.0244874, 2.24707, 3.0976, 0.0117069, 0.00913755, 0.0219923, 0.000612987, 0.0022548, 0.0043789, 0.00595645, 0.00721246, 0.0129114, 0.0138734, 0.020311, 0.0556706, 0.0825043, 

0.00015758, 0.000196079, 0.00217501, 0.0289726, 0.0413022, 0.0977489, 1.51042, 0.0117069, 0.0144885, 0.0311373, 1.39084e-05, 0.000115742, 0.00201453, 0.0095613, 4.30854, 10.7174, 0.00352269, 0.000415984, 0.0201819, 0.0391049, 3.35257e-05, 7.85564e-05, 0.0289032, 1.97257, 4.30451, 0.802966, 0.00222739, 0.0024961, 0.0244874, 0.00913755, 1.27507e-05, 3.6235e-05, 0.00422228, 0.0219923, 2.24707, 3.0976, 1.87472, 0.000566109, 0.00898633, 0.0159286, 0.000308401, 0.000612987, 0.000985578, 0.00195399, 0.0022548, 0.0043789, 0.00595645, 0.00721246, 0.0491106, 0.0556706, 

0.00015758, 0.000196079, 0.0117069, 0.0413022, 0.0977489, 1.51042, 0.337931, 0.00352269, 0.00422228, 0.00913755, 1.39084e-05, 0.000115742, 0.000415984, 0.00201453, 4.30854, 10.7174, 3.99158, 0.0311373, 0.0144885, 0.0024961, 3.35257e-05, 3.42844e-05, 0.00222739, 0.0244874, 0.0289032, 1.97257, 0.432975, 0.0095613, 0.0201819, 0.00217501, 1.27507e-05, 3.6235e-05, 0.000566109, 0.00317345, 1.87472, 3.0976, 0.994646, 0.0289726, 0.0219923, 0.0159286, 0.000308401, 0.000612987, 0.000985578, 0.00195399, 0.0022548, 0.0043789, 0.00595645, 0.00721246, 0.0391049, 0.0491106, 

3.17547e-05, 7.44681e-05, 0.0117069, 0.0413022, 0.0834291, 1.51042, 2.38068, 0.00217501, 0.0289726, 0.00913755, 1.39084e-05, 4.01613e-05, 0.000415984, 0.00201453, 0.0024961, 0.0144885, 4.30854, 0.0244874, 0.0289032, 0.00422228, 3.25778e-05, 3.35257e-05, 0.00222739, 0.0201819, 0.432975, 1.97257, 0.000640002, 0.00352269, 0.0095613, 0.0391049, 1.27507e-05, 3.6235e-05, 0.000566109, 0.0159286, 0.0219923, 0.994646, 2.94235, 0.0311373, 0.000132119, 0.0491106, 0.000308401, 0.000337145, 0.000612987, 0.000985578, 0.00195399, 0.0022548, 0.0043789, 0.00595645, 

9.39968e-06, 3.13339e-05, 0.0289726, 0.0834291, 0.141894, 2.38068, 0.179015, 0.0117069, 0.0244874, 0.00201453, 1.39084e-05, 4.01613e-05, 0.0024961, 0.00422228, 0.0289032, 0.664448, 0.868994, 0.0133714, 0.0144885, 0.000415984, 3.25778e-05, 3.35257e-05, 0.000640002, 0.00222739, 0.00352269, 0.0095613, 0.432975, 0.000566109, 0.0201819, 0.000132119, 1.27507e-05, 3.6235e-05, 0.0159286, 0.0219923, 0.0491106, 0.994646, 1.5779, 0.0311373, 0.00913755, 0.00217501, 0.000308401, 0.000337145, 0.000612987, 0.000985578, 0.00195399, 0.0022548, 0.0043789, 0.00595645, 

9.39968e-06, 3.13339e-05, 0.00201453, 0.0289726, 0.179015, 2.38068, 11.4556, 0.00222739, 0.000640002, 0.00161392, 1.39084e-05, 3.01055e-05, 0.00422228, 0.664448, 0.868994, 6.476, 0.000127219, 0.00217501, 0.00913755, 0.0133714, 1.96771e-05, 3.35257e-05, 0.000132119, 0.000566109, 0.0095613, 0.432975, 1.69881, 0.000415984, 0.0117069, 0.0024961, 1.27507e-05, 3.6235e-05, 0.0159286, 0.0311373, 1.5779, 0.101452, 2.1858, 0.0144885, 0.0201819, 0.0219923, 0.000143437, 0.000308401, 0.000337145, 0.000612987, 0.000985578, 0.00195399, 0.0022548, 0.0043789, 0.0244874, 0.0289032, 

9.39968e-06, 3.13339e-05, 0.000640002, 0.00161392, 0.0289726, 0.179015, 2.38068, 1.39084e-05, 3.01055e-05, 0.00217501, 0.00422228, 0.00913755, 0.0133714, 4.69278, 1.96771e-05, 3.35257e-05, 0.000132119, 0.000177034, 0.000566109, 1.69881, 6.4472, 1.27507e-05, 3.42504e-05, 0.0144885, 0.0219923, 0.0311373, 1.5779, 0.234921, 0.000143437, 0.000308401, 0.000337145, 0.000612987, 0.000985578, 0.00195399, 0.0022548, 0.0043789, 0.000127219, 0.000415984, 

9.39968e-06, 3.13339e-05, 0.000640002, 0.0289726, 0.179015, 2.38068, 0.84998, 1.39084e-05, 3.01055e-05, 0.00217501, 0.00422228, 0.00913755, 0.0133714, 4.69278, 1.96771e-05, 1.98123e-05, 0.000132119, 0.000566109, 1.69881, 6.4472, 9.84654, 1.27507e-05, 3.42504e-05, 0.0144885, 0.0219923, 0.0311373, 0.234921, 1.5779, 0.000143437, 0.000308401, 0.000337145, 0.000612987, 0.000985578, 0.00195399, 0.0022548, 0.0043789, 0.000127219, 0.000177034, 

9.39968e-06, 2.12124e-05, 0.0289726, 0.179015, 0.84998, 2.38068, 0.474904, 1.39084e-05, 3.01055e-05, 0.00217501, 0.00913755, 0.0133714, 4.69278, 1.63928, 1.87835e-05, 1.98123e-05, 1.8293e-05, 0.000566109, 1.69881, 6.4472, 3.31671, 6.6603e-06, 1.27507e-05, 0.00259528, 0.0144885, 0.0219923, 1.5779, 14.1434, 0.000143437, 0.000308401, 0.000337145, 0.000612987, 0.000985578, 0.00195399, 0.0022548, 0.0043789, 0.000127219, 0.000177034, 

9.39968e-06, 2.12124e-05, 0.179015, 0.474904, 0.84998, 2.38068, 4.24369, 1.39084e-05, 3.01055e-05, 0.00217501, 0.00913755, 0.0133714, 1.63928, 0.398624, 1.87835e-05, 1.98123e-05, 1.8293e-05, 0.000566109, 0.6838, 1.69881, 0.563038, 6.6603e-06, 1.03431e-05, 0.0144885, 0.0219923, 1.5779, 14.1434, 10.254, 0.000143437, 0.000308401, 0.000337145, 0.000612987, 0.000985578, 0.00195399, 0.0022548, 0.0043789, 0.000127219, 0.000177034, 

6.90854e-06, 9.39968e-06, 0.179015, 0.474904, 0.687977, 2.38068, 1.25276, 1.39084e-05, 3.01055e-05, 0.00217501, 0.00913755, 0.398624, 1.63928, 5.68129, 1.87835e-05, 1.92668e-05, 1.8293e-05, 0.000566109, 0.0987425, 0.6838, 1.76302, 6.6603e-06, 1.03431e-05, 0.0144885, 1.20416, 1.5779, 14.1434, 7.56805, 0.000143437, 0.000308401, 0.000337145, 0.000612987, 0.000985578, 0.00195399, 0.0022548, 0.0043789, 0.000127219, 0.000177034, 

5.58083e-06, 6.90854e-06, 0.179015, 0.407156, 1.25276, 2.38068, 0.534857, 1.39084e-05, 1.73592e-05, 0.00217501, 0.00913755, 0.398624, 5.68129, 0.00106122, 1.87835e-05, 1.92668e-05, 1.8293e-05, 0.000566109, 0.0987425, 1.76302, 0.15821, 6.6603e-06, 7.06077e-06, 0.0144885, 1.20416, 1.5779, 6.07487, 0.589996, 0.000143437, 0.000308401, 0.000337145, 0.000612987, 0.000985578, 0.00195399, 0.0022548, 0.0043789, 0.000127219, 0.000177034, 

5.58083e-06, 6.90854e-06, 0.179015, 0.534857, 1.25276, 2.38068, 1.49748, 1.39084e-05, 1.73592e-05, 0.000334499, 0.00106122, 0.398624, 5.68129, 22.9783, 1.87835e-05, 1.92668e-05, 1.8293e-05, 0.000265261, 0.0987425, 1.76302, 0.175509, 5.98734e-06, 6.6603e-06, 0.0144885, 0.589996, 1.20416, 1.5779, 3.21846, 0.000143437, 0.000308401, 0.000337145, 0.000612987, 0.000985578, 0.00195399, 0.0022548, 0.0043789, 0.000127219, 0.000177034, 

4.71214e-06, 5.58083e-06, 0.0140135, 1.25276, 1.49748, 2.38068, 0.00381715, 1.39084e-05, 1.69831e-05, 0.000334499, 0.00106122, 0.398624, 5.68129, 0.695691, 1.87835e-05, 1.92668e-05, 1.8293e-05, 0.000265261, 0.0987425, 0.175509, 1.37609, 5.98734e-06, 6.6603e-06, 0.0144885, 1.20416, 1.5779, 1.75427, 4.33779, 0.000143437, 0.000308401, 0.000337145, 0.000612987, 0.000985578, 0.00195399, 0.0022548, 0.0043789, 0.000127219, 0.000177034, 

4.71214e-06, 5.58083e-06, 0.00381715, 1.25276, 1.49748, 2.38068, 6.3983, 1.25544e-05, 1.39084e-05, 0.000334499, 0.00106122, 0.398624, 0.695691, 1.98532, 1.58047e-05, 1.90045e-05, 1.8293e-05, 0.000265261, 0.0987425, 0.175509, 1.26858e-05, 5.98734e-06, 6.6603e-06, 0.0144885, 0.327388, 1.5779, 1.75427, 0.504597, 0.000143437, 0.000308401, 0.000337145, 0.000612987, 0.000985578, 0.00195399, 0.0022548, 0.0043789, 0.000127219, 0.000177034, 

4.71214e-06, 5.58083e-06, 0.00381715, 1.25276, 1.49748, 2.38068, 0.892698, 1.25544e-05, 1.39084e-05, 0.000334499, 0.00106122, 0.44069, 1.98532, 0.57789, 1.05338e-05, 1.58047e-05, 1.8293e-05, 0.000265261, 0.0987425, 0.175509, 0.498155, 5.98734e-06, 6.6603e-06, 0.0144885, 0.504597, 1.5779, 1.75427, 3.94757, 0.000143437, 0.000308401, 0.000337145, 0.000612987, 0.000985578, 0.00195399, 0.0022548, 0.0043789, 0.000127219, 0.000177034, 

4.71214e-06, 5.58083e-06, 0.00381715, 0.892698, 1.25276, 1.49748, 2.78383, 1.25544e-05, 1.39084e-05, 0.000334499, 0.00106122, 0.57789, 1.98532, 5.29316e-05, 1.05338e-05, 1.58047e-05, 1.8293e-05, 0.000265261, 0.0987425, 0.175509, 0.498155, 5.44418e-06, 5.98734e-06, 0.0144885, 0.504597, 1.5779, 2.25478, 5.18718, 0.000143437, 0.000308401, 0.000337145, 0.000612987, 0.000985578, 0.00195399, 0.0022548, 0.0043789, 0.000127219, 0.000177034, 

4.71214e-06, 4.76042e-06, 0.00381715, 0.36503, 0.892698, 1.25276, 1.49748, 1.24261e-05, 1.25544e-05, 0.000334499, 0.00106122, 0.57789, 1.98532, 4.56425, 1.05338e-05, 1.58047e-05, 1.8293e-05, 0.000265261, 0.0987425, 0.498155, 0.282858, 5.44418e-06, 5.98734e-06, 0.504597, 0.815151, 1.5779, 5.18718, 0.325552, 0.000143437, 0.000308401, 0.000337145, 0.000612987, 0.000985578, 0.00195399, 0.0022548, 0.0043789, 0.000127219, 0.000177034, 

4.71214e-06, 4.74824e-06, 0.00381715, 0.36503, 0.892698, 1.25276, 2.89112, 1.24261e-05, 1.25544e-05, 0.000334499, 0.00104904, 0.57789, 1.98532, 4.56425, 1.05338e-05, 1.58047e-05, 0.000265261, 0.0987425, 0.282858, 0.498155, 0.118431, 5.44418e-06, 5.67317e-06, 0.230798, 0.815151, 1.5779, 5.18718, 0.07327, 0.000143437, 0.000308401, 0.000337145, 0.000612987, 0.000985578, 0.00195399, 0.0022548, 0.0043789, 0.000127219, 0.000177034, 

4.71214e-06, 4.74824e-06, 0.00381715, 0.00905073, 0.36503, 0.892698, 1.25276, 1.24261e-05, 1.2496e-05, 0.000334499, 0.00104904, 0.57789, 0.684437, 0.183432, 1.05338e-05, 1.58047e-05, 0.000265261, 0.0987425, 0.118431, 0.282858, 7.6644, 5.44418e-06, 5.67317e-06, 0.0123587, 0.230798, 0.815151, 1.5779, 4.72696, 0.000143437, 0.000308401, 0.000337145, 0.000612987, 0.000985578, 0.00195399, 0.0022548, 0.0043789, 0.000127219, 0.000177034, 

4.71214e-06, 4.74824e-06, 0.00381715, 0.00905073, 0.892698, 1.25276, 0.753148, 1.24261e-05, 1.2496e-05, 0.000334499, 0.183432, 0.403399, 0.684437, 5.34866, 1.05338e-05, 1.58047e-05, 0.000265261, 0.0987425, 0.118431, 7.6644, 3.34361, 5.44418e-06, 5.67317e-06, 0.230798, 0.815151, 1.5779, 4.72696, 9.29848, 0.000143437, 0.000308401, 0.000337145, 0.000612987, 0.000985578, 0.00195399, 0.0022548, 0.0043789, 0.000127219, 0.000177034, 

4.71214e-06, 4.74824e-06, 0.00381715, 0.00905073, 0.0662042, 1.25276, 0.00188218, 1.24261e-05, 1.2496e-05, 0.183432, 0.403399, 0.684437, 5.34866, 7.55506, 1.05338e-05, 1.21502e-05, 0.000265261, 0.0987425, 0.118431, 3.34361, 0.378176, 5.44418e-06, 5.67317e-06, 0.230798, 0.815151, 1.5779, 4.72696, 2.16436, 0.000143437, 0.000308401, 0.000337145, 0.000612987, 0.000985578, 0.00195399, 0.0022548, 0.0043789, 0.000127219, 0.000177034, 

4.71071e-06, 4.71214e-06, 0.00188218, 0.00381715, 0.0583538, 0.478136, 0.0289574, 1.24261e-05, 1.2496e-05, 0.183432, 0.684437, 4.58939, 4.96401, 0.0781198, 1.05338e-05, 1.07307e-05, 0.000265261, 0.118431, 0.378176, 3.34361, 12.0323, 5.44418e-06, 5.67317e-06, 0.0797307, 0.230798, 0.815151, 4.72696, 0.0128097, 0.000143437, 0.000308401, 0.000337145, 0.000612987, 0.000985578, 0.00195399, 0.0022548, 0.0043789, 0.000127219, 0.000177034, 

4.71071e-06, 4.71214e-06, 0.00188218, 0.00381715, 0.0583538, 0.478136, 14.0767, 1.24261e-05, 1.2496e-05, 0.183432, 0.399824, 0.684437, 4.96401, 3.51734, 1.05338e-05, 1.07307e-05, 0.0294684, 0.118431, 3.34361, 12.0323, 7.13767e-05, 5.44418e-06, 5.67317e-06, 0.0128097, 0.0797307, 0.230798, 0.815151, 15.455, 0.000143437, 0.000308401, 0.000337145, 0.000612987, 0.000985578, 0.00195399, 0.0022548, 0.0043789, 0.000127219, 0.000177034, 

4.71071e-06, 4.71158e-06, 0.00188218, 0.00381715, 0.0375943, 0.478136, 3.72231, 1.24261e-05, 1.2496e-05, 0.183432, 0.684437, 3.51734, 4.96401, 0.02502, 1.05338e-05, 1.07307e-05, 7.13767e-05, 0.0294684, 0.118431, 12.0323, 0.014401, 5.44418e-06, 5.67317e-06, 0.0128097, 0.230798, 0.815151, 15.455, 0.240111, 0.000143437, 0.000308401, 0.000337145, 0.000612987, 0.000985578, 0.00195399, 0.0022548, 0.0043789, 0.000127219, 0.000177034, 

4.70684e-06, 4.71071e-06, 0.00188218, 0.00381715, 0.0375943, 0.0423255, 0.478136, 1.24261e-05, 1.2496e-05, 0.02502, 0.183432, 0.684437, 3.51734, 4.96401, 1.05338e-05, 1.07307e-05, 0.0137371, 0.014401, 0.0294684, 12.0323, 1.35485, 5.44418e-06, 5.67317e-06, 0.0128097, 0.192453, 0.815151, 15.455, 0.0667471, 0.000143437, 0.000308401, 0.000337145, 0.000612987, 0.000985578, 0.00195399, 0.0022548, 0.0043789, 0.000127219, 0.000177034, 

4.70684e-06, 4.71001e-06, 0.00188218, 0.00381715, 0.0375943, 0.0423255, 0.987543, 1.23505e-05, 1.24261e-05, 0.02502, 0.183432, 0.684437, 2.8912, 1.08345, 1.05074e-05, 1.05338e-05, 0.0137371, 0.014401, 1.35485, 12.0323, 2.11866, 5.44418e-06, 5.62614e-06, 0.0128097, 0.192453, 0.206235, 0.815151, 2.8832, 0.000143437, 0.000308401, 0.000337145, 0.000612987, 0.000985578, 0.00195399, 0.0022548, 0.0043789, 0.000127219, 0.000177034, 

4.70684e-06, 4.71001e-06, 0.00381715, 0.0375943, 0.0423255, 0.987543, 3.34845, 1.2279e-05, 1.23505e-05, 0.02502, 0.183432, 0.314107, 0.684437, 2.8912, 1.05074e-05, 1.05338e-05, 0.0137371, 0.014401, 2.11866, 3.63531, 17.7122, 5.44418e-06, 5.62614e-06, 0.0128097, 0.192453, 0.206235, 2.8832, 0.200965, 0.000143437, 0.000308401, 0.000337145, 0.000612987, 0.000985578, 0.00195399, 0.0022548, 0.0043789, 0.000127219, 0.000177034, 

4.70684e-06, 4.70746e-06, 0.00381715, 0.0423255, 0.987543, 3.34845, 0.0130719, 1.2279e-05, 1.23505e-05, 0.02502, 0.098012, 0.314107, 2.8912, 6.16841, 1.05074e-05, 1.05338e-05, 0.0137371, 0.014401, 2.11866, 17.7122, 2.0715, 5.44418e-06, 5.5606e-06, 0.0128097, 0.200965, 0.206235, 2.8832, 17.6748, 0.000143437, 0.000308401, 0.000337145, 0.000612987, 0.000985578, 0.00195399, 0.0022548, 0.0043789, 0.000127219, 0.000177034, 

4.70639e-06, 4.70684e-06, 0.00381715, 0.0130719, 0.0423255, 0.987543, 4.00966, 1.2279e-05, 1.23424e-05, 0.02502, 0.098012, 2.8912, 6.16841, 5.84415, 1.05074e-05, 1.05338e-05, 0.0137371, 0.014401, 0.194402, 17.7122, 10.6404, 5.44418e-06, 5.5606e-06, 0.0128097, 0.200965, 0.206235, 2.8176, 17.6748, 0.000143437, 0.000308401, 0.000337145, 0.000612987, 0.000985578, 0.00195399, 0.0022548, 0.0043789, 0.000127219, 0.000177034, 

4.70639e-06, 4.70657e-06, 0.00381715, 0.0130719, 0.0423255, 4.00966, 1.19608, 1.22539e-05, 1.2279e-05, 0.02502, 0.098012, 5.84415, 6.16841, 0.0408295, 1.05074e-05, 1.05338e-05, 0.0137371, 0.014401, 0.17598, 4.11831, 0.864457, 5.44418e-06, 5.5606e-06, 0.200965, 0.206235, 1.28516, 11.7561, 0.98887, 0.000143437, 0.000308401, 0.000337145, 0.000612987, 0.000985578, 0.00195399, 0.0022548, 0.0043789, 0.000127219, 0.000177034, 

4.70639e-06, 4.70657e-06, 0.0130719, 0.0243609, 0.0423255, 4.00966, 0.00605516, 1.2251e-05, 1.22539e-05, 0.00656287, 0.0408295, 4.91041, 6.16841, 0.624709, 1.05074e-05, 1.05338e-05, 0.0137371, 0.014401, 0.17598, 3.11049, 4.29225, 4.401e-06, 4.59795e-06, 0.200965, 0.98887, 1.14551, 1.28516, 7.89266, 0.000143437, 0.000308401, 0.000337145, 0.000612987, 0.000985578, 0.00195399, 0.0022548, 0.0043789, 0.000127219, 0.000177034, 

Best:
(0.00129472, -0.00165067, )

Fitness Evaluations:
2798

End Population
(-2.168131e-03), (-7.483747e-05), (-2.168170e-03), (-7.488411e-05), (8.147260e-02), (8.021274e-02), (1.545604e-01), (2.172569e-02), (2.050477e-01), (1.676151e-02), (9.629135e-01), (-1.755693e+00), (-6.075265e-02), (4.862378e-02), (3.369145e-03), (9.485857e-04), (3.369612e-03), (9.484814e-04), (6.826757e-02), (4.361656e-02), (-1.175808e-01), (-1.643296e-01), (-2.215772e+00), (2.764865e-02), (2.365102e+00), (7.580942e-01), (-7.803701e-01), (1.254274e-01), (2.157743e-03), (2.418997e-03), (2.153476e-03), (2.428237e-03), (-1.146297e-01), (2.443572e-02), (-1.188285e-01), (1.675586e-02), (3.825397e-01), (1.721727e-01), (7.346373e-02), (1.762128e+00), (1.639700e+00), (-1.266346e+00), (1.294717e-03), (-1.650668e-03), (1.579160e-03), (-1.450586e-03), (-2.606160e-01), (-3.647528e-01), (9.877425e-01), (1.150413e-01), (1.069893e+00), (2.893588e-02), (6.140947e-01), (9.529137e-01), (2.371481e+00), (1.506233e+00), (1.102141e-02), (-4.686729e-03), (-1.754124e-02), (8.402991e-04), (-7.064401e-03), (1.694813e-02), (2.453640e-02), (3.309423e-03), (-3.139324e-02), (-2.054779e-04), (-2.203808e-02), (3.831863e-02), (3.057818e-03), (4.738615e-02), (-6.537075e-02), (-1.027472e-02), (1.044702e-02), (-4.251928e-03), (8.100133e-03), (-1.055566e-02), 