Iterations: 50
Function Evaluations Limit: 150000
Population: 50

Prides Length: 4

Percent Nomads: 0.2
Percent Roaming: 0.2
Percent Sex: 0.8

Mating Rate: 0.3
Mutation Probability: 0.2
Immigration Rate: 0.4

Percent Group Influence: 0.4
Annealing On: true
Ranked Selection Pressure: 2
Near To Best Random Pressure: 2

Dimensions: 2
N-Dimension Space: -5:5

Fitness Iterations:
0.866978 (Initial Best)

0.866978, 22.1423, 19.6002, 10.2058, 3.50197, 20.5598, 22.2963, 20.0255, 30.5224, 5.64289, 16.8068, 10.618, 15.9788, 16.6139, 12.2261, 23.2066, 20.3562, 7.6323, 13.2668, 8.57919, 8.32513, 20.2373, 3.57014, 19.8597, 32.5202, 6.44401, 19.1741, 15.3046, 24.4987, 4.31215, 16.4165, 32.4011, 24.178, 3.15807, 44.8049, 20.6066, 3.48973, 19.6429, 16.3137, 19.9888, 27.3095, 20.1531, 31.7842, 3.70505, 6.61645, 25.4382, 3.63924, 6.92509, 23.4586, 6.53101, 

0.866978, 0.689722, 3.50197, 10.2058, 20.0255, 9.90237, 0.682184, 5.28169, 0.828325, 4.31215, 0.656054, 0.874194, 8.57919, 13.2668, 15.9788, 16.6139, 2.92377, 3.15807, 10.3887, 7.6323, 0.338369, 1.1989, 5.98722, 19.1741, 24.4987, 2.72061, 6.08889, 3.57014, 5.70486, 1.11921, 2.74498, 3.00736, 3.48973, 19.6429, 19.9888, 24.0804, 9.53607, 13.1242, 6.53101, 2.35395, 5.04161, 2.42372, 3.63924, 3.70505, 4.19732, 5.25968, 6.05578, 6.61645, 13.2327, 15.3046, 

0.0525739, 0.375836, 1.73498, 3.50197, 3.5797, 4.31215, 13.7732, 1.95934, 0.702729, 2.46323, 0.520132, 0.656054, 2.54365, 5.47511, 6.44526, 15.9788, 1.27348, 2.17523, 5.21053, 0.682184, 0.338369, 0.689722, 1.11921, 2.72061, 5.70486, 24.025, 6.11611, 2.07981, 1.94628, 3.15807, 0.70314, 0.710787, 2.35395, 9.53607, 19.6429, 19.9888, 16.1583, 0.457833, 0.828325, 2.87113, 0.668347, 0.795921, 0.746016, 0.711004, 0.774288, 0.991201, 1.1989, 1.50418, 5.98722, 6.08889, 

0.0525739, 0.0691845, 1.5919, 1.73498, 3.50197, 3.5797, 0.322801, 0.702729, 2.35395, 1.95934, 0.0783148, 0.090854, 0.682184, 1.27348, 2.54365, 15.9788, 11.0257, 0.688672, 1.00337, 0.547926, 0.338369, 0.176727, 2.07981, 2.30619, 3.15807, 2.74587, 0.309363, 0.371252, 0.644115, 2.17523, 0.170238, 0.698451, 0.327855, 0.512342, 2.61412, 7.86685, 9.20088, 0.654671, 1.11921, 1.62716, 0.187407, 0.476867, 0.520132, 0.627422, 0.668347, 0.711004, 0.71278, 0.746016, 2.87113, 5.70486, 

0.0525739, 0.0691845, 0.277204, 0.322801, 0.702729, 1.73498, 8.6169, 1.11921, 0.682184, 0.546735, 0.0656371, 0.0783148, 0.688672, 1.00337, 1.00366, 11.0257, 1.39905, 0.644115, 0.795946, 1.27348, 0.176727, 0.338369, 0.309363, 0.371252, 2.07981, 2.74587, 11.4998, 1.5919, 1.28072, 0.327855, 0.170238, 0.187407, 0.512342, 1.52615, 5.097, 0.5415, 0.261021, 0.654671, 0.224306, 1.22269, 0.603219, 0.476867, 0.520132, 0.622205, 0.627422, 0.668347, 0.711004, 0.71278, 1.95934, 2.17523, 

0.0525739, 0.0440122, 0.322801, 0.682184, 0.702729, 1.73498, 0.0895757, 1.11921, 0.371252, 0.327855, 0.0609945, 0.0783148, 0.688672, 0.795946, 1.00337, 1.00366, 2.72228, 0.644115, 0.855239, 0.156466, 0.168055, 0.213093, 0.309363, 0.631689, 1.28072, 11.4998, 0.585211, 0.5415, 1.39905, 1.27348, 0.170238, 0.187407, 0.224306, 0.261021, 0.325908, 0.512342, 1.22269, 0.0483404, 0.292791, 0.573621, 0.0656371, 0.0703669, 0.389411, 0.436639, 0.476867, 0.603219, 0.622205, 0.668347, 1.52615, 1.75597, 

0.0440122, 0.0525739, 0.0895757, 0.327855, 0.371252, 1.11921, 2.70803, 0.0113351, 0.682184, 0.261021, 0.0609945, 0.0656371, 0.156466, 0.688672, 0.855239, 2.72228, 0.503528, 0.00140332, 0.702729, 0.0483404, 0.05072, 0.0174607, 0.309363, 0.5415, 0.589097, 1.27348, 1.39905, 0.644115, 0.12153, 0.322801, 0.0300266, 0.0807308, 0.224306, 0.325908, 0.512342, 0.573621, 1.22269, 0.292791, 1.00337, 0.795946, 0.0783148, 0.0703669, 0.136555, 0.148335, 0.389411, 0.436639, 0.476867, 0.603219, 1.00366, 1.28072, 

0.00183186, 0.0525739, 0.0113351, 0.261021, 0.287064, 0.327855, 1.11921, 0.092048, 0.855239, 0.325908, 0.00754119, 0.0341909, 0.00140332, 0.0483404, 0.156466, 0.503528, 1.11479, 0.309363, 0.0895757, 0.644115, 0.0174607, 0.05072, 0.12153, 0.322801, 0.5415, 0.589097, 1.39905, 0.433178, 0.961316, 0.688672, 0.000430481, 0.0442202, 0.292791, 0.512342, 0.573621, 0.795946, 1.22269, 0.702729, 0.224306, 0.371252, 0.0440122, 0.0703669, 0.0783148, 0.103679, 0.114223, 0.136555, 0.147502, 0.148335, 1.00337, 1.00366, 

0.00183186, 0.0410093, 0.092048, 0.287064, 0.327855, 0.855239, 0.290659, 0.0895757, 0.0113351, 0.0564683, 0.00754119, 0.0341909, 0.00140332, 0.0483404, 0.503528, 0.644115, 1.11479, 0.261021, 0.224306, 0.156466, 0.0174607, 0.00282722, 0.0597297, 0.12153, 0.322801, 0.433178, 0.0085074, 0.393598, 0.325908, 0.309363, 0.000430481, 0.0442202, 0.292791, 0.371252, 1.22269, 1.13327, 3.15109, 0.512342, 0.104457, 0.5415, 0.0525739, 0.0440122, 0.0703669, 0.0783148, 0.0981007, 0.103679, 0.114223, 0.136555, 0.573621, 0.688672, 

0.00183186, 0.0368941, 0.0895757, 0.287064, 0.327855, 0.855239, 3.51056, 0.290659, 0.0597297, 0.092048, 0.00754119, 0.0341909, 0.0483404, 0.224306, 0.503528, 1.11479, 0.0971897, 0.261021, 0.0113351, 0.00140332, 0.00282722, 0.0173757, 0.0085074, 0.12153, 0.393598, 0.433178, 0.0735181, 0.292791, 0.0148182, 0.156466, 0.000430481, 0.0440122, 0.2687, 0.371252, 0.5415, 1.22269, 3.15109, 0.309363, 0.104457, 0.193798, 0.0410093, 0.0442202, 0.0525739, 0.0703669, 0.0783148, 0.0981007, 0.103679, 0.114223, 0.322801, 0.325908, 

0.00183186, 0.0368941, 0.0597297, 0.0895757, 0.287064, 0.327855, 0.855239, 0.193798, 0.0148182, 0.00537465, 0.00754119, 0.0209981, 0.0113351, 0.224306, 1.11479, 0.535666, 8.96864, 0.261021, 0.0181902, 0.0971897, 0.000367599, 0.00282722, 0.0085074, 0.0735181, 0.12153, 0.292791, 0.369636, 0.0483404, 0.290659, 0.00140332, 0.000430481, 0.0440122, 0.104457, 0.2687, 1.22269, 3.83113, 0.00240612, 0.092048, 0.322801, 0.156466, 0.0410093, 0.0442202, 0.0525739, 0.0703669, 0.0750233, 0.0783148, 0.0981007, 0.103679, 0.325908, 0.371252, 

0.00183186, 0.0130857, 0.0597297, 0.0895757, 0.193798, 0.327855, 0.132771, 0.104457, 0.00140332, 0.0148182, 0.00691255, 0.00908351, 0.0181902, 0.0971897, 0.261021, 0.535666, 8.96864, 0.0351977, 0.00537465, 0.0166518, 0.000367599, 0.00195027, 0.12153, 0.290659, 0.292791, 0.369636, 1.43639, 0.153729, 0.0113351, 0.0483404, 0.000430481, 0.00242203, 0.00240612, 0.092048, 0.229343, 0.2687, 2.22983, 0.0085074, 0.00847081, 0.0262138, 0.0368941, 0.0410093, 0.0440122, 0.0442202, 0.0525739, 0.0703669, 0.0750233, 0.0783148, 0.156466, 0.224306, 

0.00183186, 0.00242203, 0.00140332, 0.0148182, 0.132771, 0.193798, 0.909548, 0.0085074, 0.00240612, 0.0971897, 0.00691255, 0.00908351, 0.00537465, 0.0166518, 0.535666, 8.02741, 6.97264, 0.0597297, 0.0351977, 0.104457, 0.000186295, 0.00176218, 0.00617522, 0.0483404, 0.12153, 0.153729, 0.290659, 0.0181902, 0.092048, 0.0113351, 0.000430481, 0.000371517, 0.00213755, 0.0262138, 0.2687, 2.22983, 1.29301e-05, 0.0895757, 0.156466, 0.00289165, 0.00215903, 0.0115953, 0.0292254, 0.0368941, 0.0386244, 0.0410093, 0.0440122, 0.0442202, 0.224306, 0.229343, 

0.00107789, 0.00242203, 0.0085074, 0.132771, 0.909548, 9.85583, 4.62789, 0.00617522, 0.00140332, 0.00240612, 0.00215903, 0.00374097, 0.00537465, 0.0351977, 2.80713, 8.02741, 11.761, 0.0483404, 0.00211509, 0.00289165, 0.000186295, 0.00176218, 0.0113351, 0.0181902, 0.12153, 4.29011, 3.03634, 0.0262138, 0.00213755, 0.0597297, 0.000371517, 0.000430481, 1.29301e-05, 0.156466, 2.22983, 1.94206, 0.585382, 0.0148182, 0.0895757, 0.00238807, 0.00687541, 0.00630916, 0.00908351, 0.0115953, 0.0368941, 0.0386244, 0.0410093, 0.0440122, 0.092048, 0.0971897, 

0.00107789, 0.00149541, 0.00140332, 0.00240612, 0.00617522, 4.62789, 1.75842, 1.22648e-05, 0.0597297, 0.0971897, 0.00155283, 0.00215903, 0.00537465, 0.0351977, 0.0483404, 8.02741, 0.0111925, 0.0895757, 0.00211509, 0.132771, 0.000186295, 0.00176218, 0.00213755, 0.0113351, 0.0181902, 3.1704, 2.1615, 0.00289165, 0.0148182, 0.0085074, 0.000195196, 0.000430481, 1.29301e-05, 0.00238807, 0.156466, 1.94206, 2.22983, 0.0262138, 0.12153, 0.092048, 0.0058606, 0.00630916, 0.00687541, 0.00908351, 0.0115953, 0.0368941, 0.0386244, 0.0410093, 0.388982, 0.585382, 

3.87996e-05, 0.000568077, 1.22648e-05, 0.00140332, 0.0597297, 1.75842, 2.57791, 0.0113351, 1.14339e-05, 0.00238807, 0.000991108, 0.00124266, 0.0111925, 0.0351977, 0.0483404, 0.132771, 2.43298, 0.0010634, 0.00289165, 1.29301e-05, 0.000186295, 0.00176218, 0.00213755, 0.0085074, 0.0181902, 0.076922, 0.0159209, 0.00211509, 0.0148182, 0.00617522, 2.42818e-05, 0.000115481, 0.092048, 0.12153, 0.156466, 1.94206, 1.72034, 0.00537465, 0.0262138, 0.00240612, 0.00155283, 0.0058606, 0.00630916, 0.00687541, 0.00908351, 0.0115953, 0.0229474, 0.0241927, 0.0895757, 0.0971897, 

5.20467e-06, 4.51961e-06, 0.00140332, 0.0597297, 1.75842, 2.57791, 4.17445e-06, 0.000425322, 3.7873e-06, 0.00289165, 0.000154662, 0.00124266, 0.0010634, 0.0351977, 0.0483404, 0.132771, 0.4226, 0.0113351, 0.0111925, 0.0159209, 0.000186295, 0.000331852, 0.0085074, 0.0148182, 0.0181902, 0.076922, 0.911683, 0.00213755, 0.00617522, 0.00104624, 2.42818e-05, 4.81628e-05, 0.00240612, 0.00428533, 0.00537465, 0.12153, 1.72034, 0.00238807, 1.29301e-05, 1.14339e-05, 0.000307418, 0.00155283, 0.00159319, 0.00162511, 0.00248148, 0.0058606, 0.00687541, 0.00908351, 0.0262138, 0.0879393, 

4.51961e-06, 5.20467e-06, 8.23752e-05, 0.000425322, 0.00140332, 1.75842, 24.3092, 0.00213755, 0.0879393, 0.0262138, 0.000140466, 0.000154662, 0.0010634, 0.0159209, 0.0351977, 0.0483404, 10.3453, 3.7873e-06, 4.17445e-06, 0.00428533, 0.000186295, 0.000331852, 0.00104624, 0.00376757, 0.0148182, 0.0181902, 0.911683, 0.0111925, 0.076922, 0.00617522, 1.23043e-05, 2.42818e-05, 1.14339e-05, 1.29301e-05, 0.00238807, 0.00240612, 1.72034, 0.0113351, 0.00537465, 0.0597297, 0.000307418, 0.00155283, 0.00159319, 0.00162511, 0.00248148, 0.0058606, 0.00687541, 0.00908351, 0.12153, 0.132771, 

4.51961e-06, 5.20467e-06, 8.23752e-05, 0.000425322, 0.0879393, 0.0340742, 21.3698, 0.00428533, 4.17445e-06, 0.00140332, 3.04889e-05, 0.000140466, 0.0010634, 0.0159209, 10.3453, 21.6487, 2.17735, 0.00376757, 0.0113351, 0.0148182, 0.000186295, 0.000331852, 0.00104624, 0.00617522, 0.0181902, 0.911683, 0.474379, 3.7873e-06, 0.00213755, 0.0111925, 1.23043e-05, 2.42818e-05, 0.00238807, 0.00240612, 0.00537465, 0.0597297, 1.81895, 1.29301e-05, 1.14339e-05, 0.0262138, 0.000307418, 0.00155283, 0.00159319, 0.00162511, 0.00248148, 0.0058606, 0.00687541, 0.00908351, 0.0351977, 0.0483404, 

4.51961e-06, 5.03632e-06, 0.00140332, 0.00428533, 0.62006, 0.350622, 4.57761, 0.00104624, 8.23752e-05, 0.00376757, 3.04889e-05, 0.000140466, 0.0010634, 0.0019868, 10.3453, 20.559, 21.1597, 0.0113351, 3.7873e-06, 0.00238807, 3.86538e-05, 0.000186295, 0.00213755, 0.0111925, 0.0487541, 5.56098, 5.65753, 1.14339e-05, 0.000425322, 1.29301e-05, 1.23043e-05, 1.68811e-05, 0.00537465, 0.0262138, 1.81895, 0.149374, 0.883178, 0.00240612, 4.17445e-06, 0.00617522, 0.000307418, 0.00155283, 0.00159319, 0.00162511, 0.00248148, 0.0058606, 0.00687541, 0.00908351, 0.0148182, 0.0181902, 

4.51961e-06, 5.03632e-06, 8.23752e-05, 0.00140332, 0.00428533, 0.62006, 2.96406, 1.14339e-05, 1.29301e-05, 0.000665718, 3.04889e-05, 0.000140466, 0.0010634, 0.0113351, 1.68312, 10.3453, 15.7871, 0.00104624, 3.7873e-06, 0.00238807, 3.86538e-05, 0.000186295, 0.000425322, 1.1092, 5.65753, 49.2941, 1.39001, 0.0019868, 0.0148182, 0.00376757, 5.12218e-06, 1.68811e-05, 4.17445e-06, 0.00240612, 0.00537465, 0.0262138, 0.883178, 0.00617522, 0.0111925, 0.00213755, 0.000307418, 0.0013902, 0.00155283, 0.00159319, 0.00162511, 0.00248148, 0.0058606, 0.00687541, 0.0181902, 0.0487541, 

4.51961e-06, 5.03632e-06, 1.29301e-05, 8.23752e-05, 0.00140332, 0.294051, 7.45048, 0.00376757, 1.14339e-05, 0.0487541, 3.04889e-05, 0.00010962, 0.00104624, 0.0010634, 0.00238807, 0.0113351, 15.7871, 0.00537465, 0.0019868, 3.7873e-06, 3.86538e-05, 0.000186295, 0.0148182, 0.10587, 5.65753, 16.4613, 3.40125, 0.000665718, 0.00428533, 0.000425322, 5.12218e-06, 7.8374e-06, 4.17445e-06, 0.00213755, 0.00240612, 0.0262138, 0.883178, 0.0111925, 0.0181902, 0.00617522, 0.000307418, 0.0013902, 0.00155283, 0.00159319, 0.00162511, 0.00248148, 0.0058606, 0.00687541, 

4.51961e-06, 4.75512e-06, 8.23752e-05, 0.00376757, 0.185085, 0.294051, 2.07553, 3.04889e-05, 0.00010962, 3.7873e-06, 0.00104624, 0.00537465, 0.0113351, 2.33402, 3.86538e-05, 0.00010258, 0.000425322, 0.00428533, 0.0148182, 3.40125, 9.68563, 2.97133e-06, 7.8374e-06, 4.17445e-06, 0.00213755, 0.00617522, 0.883178, 3.95805, 0.000307418, 0.0013902, 0.00155283, 0.00159319, 0.00162511, 0.00248148, 0.0058606, 0.00687541, 1.14339e-05, 1.29301e-05, 

4.51961e-06, 4.75512e-06, 8.23752e-05, 0.185085, 0.294051, 2.07553, 0.286395, 3.04889e-05, 0.00010962, 3.7873e-06, 0.00104624, 0.00363484, 0.0113351, 7.71431, 3.86538e-05, 0.00010258, 0.000425322, 0.0148182, 3.40125, 9.68563, 1.23527, 2.97133e-06, 7.8374e-06, 0.00213755, 0.00617522, 0.883178, 3.95805, 22.7565, 0.000307418, 0.0013902, 0.00155283, 0.00159319, 0.00162511, 0.00248148, 0.0058606, 0.00687541, 4.17445e-06, 1.14339e-05, 

4.51961e-06, 4.75512e-06, 0.185085, 0.286395, 0.294051, 2.07553, 1.80516, 3.04889e-05, 1.75106e-05, 3.7873e-06, 0.00104624, 0.00363484, 0.0113351, 1.72035e-05, 3.86538e-05, 0.00010258, 0.000425322, 0.0148182, 0.0890304, 1.23527, 3.40125, 1.0867e-06, 2.97133e-06, 0.00213755, 0.406559, 0.883178, 3.95805, 10.0547, 5.81721e-05, 0.000307418, 0.0013902, 0.00155283, 0.00159319, 0.00162511, 0.00248148, 0.0058606, 4.17445e-06, 1.14339e-05, 

4.51961e-06, 4.75512e-06, 0.286395, 0.294051, 1.80516, 2.07553, 3.17407, 5.04481e-06, 3.04889e-05, 3.7873e-06, 1.72035e-05, 0.00363484, 0.0113351, 25.1025, 3.68592e-05, 5.81721e-05, 0.000425322, 0.0148182, 0.0890304, 3.40125, 4.42782, 1.0867e-06, 2.97133e-06, 0.00213755, 0.406559, 3.95805, 10.0547, 0.000714154, 0.00010258, 0.000307418, 0.000375453, 0.0013902, 0.00155283, 0.00159319, 0.00162511, 0.00248148, 4.17445e-06, 1.14339e-05, 

4.51961e-06, 4.75512e-06, 0.286395, 0.294051, 1.29302, 3.17407, 1.24293, 5.04481e-06, 1.59473e-05, 3.7873e-06, 1.72035e-05, 0.00363484, 0.0113351, 3.28346, 3.68592e-05, 5.81721e-05, 0.000425322, 0.0148182, 1.34423, 4.42782, 1.32133, 1.0867e-06, 2.97133e-06, 0.000714154, 0.00213755, 0.406559, 3.95805, 0.225894, 0.00010258, 0.000307418, 0.000375453, 0.0013902, 0.00155283, 0.00159319, 0.00162511, 0.00248148, 4.17445e-06, 1.14339e-05, 

4.51961e-06, 4.62241e-06, 0.0106745, 0.286395, 1.24293, 3.17407, 0.942098, 9.30401e-07, 1.59473e-05, 3.7873e-06, 0.00363484, 0.0113351, 3.28346, 24.7, 3.68592e-05, 5.81721e-05, 0.000425322, 0.0148182, 0.16538, 1.32133, 3.61106, 6.2165e-07, 1.0867e-06, 0.000714154, 0.0277743, 0.225894, 3.95805, 5.25498, 0.00010258, 0.000307418, 0.000375453, 0.0013902, 0.00155283, 0.00159319, 0.00162511, 0.00248148, 4.17445e-06, 1.14339e-05, 

4.51961e-06, 4.58197e-06, 0.12049, 0.942098, 1.24293, 3.17407, 15.7379, 9.30401e-07, 1.59473e-05, 3.7873e-06, 0.00363484, 0.0113351, 3.28346, 17.1994, 3.68592e-05, 5.81721e-05, 0.000425322, 0.0148182, 1.32133, 3.61106, 2.73986, 6.2165e-07, 1.0867e-06, 0.000714154, 0.225894, 3.95805, 5.25498, 9.09577e-05, 0.00010258, 0.000307418, 0.000375453, 0.0013902, 0.00155283, 0.00159319, 0.00162511, 0.00248148, 4.17445e-06, 1.14339e-05, 

4.51961e-06, 4.58197e-06, 0.12049, 0.942098, 1.24293, 3.17407, 1.20406, 9.30401e-07, 5.99833e-06, 3.7873e-06, 0.00363484, 3.28346, 17.1994, 7.388, 3.37336e-05, 3.68592e-05, 0.000425322, 0.0148182, 0.53183, 0.773404, 1.9148, 6.2165e-07, 8.7337e-07, 9.09577e-05, 0.000714154, 0.225894, 3.95805, 5.25498, 0.00010258, 0.000307418, 0.000375453, 0.0013902, 0.00155283, 0.00159319, 0.00162511, 0.00248148, 4.17445e-06, 1.14339e-05, 

4.51961e-06, 4.56874e-06, 0.0322639, 0.12049, 0.942098, 1.24293, 0.0131642, 9.30401e-07, 5.99833e-06, 3.7873e-06, 0.00363484, 3.28346, 7.388, 11.1918, 3.37336e-05, 3.68592e-05, 0.000425322, 0.0567048, 0.53183, 0.773404, 6.9744, 6.2165e-07, 6.92546e-07, 9.09577e-05, 0.000714154, 0.225894, 3.24092, 9.10791, 0.00010258, 0.000307418, 0.000375453, 0.0013902, 0.00155283, 0.00159319, 0.00162511, 0.00248148, 4.17445e-06, 1.14339e-05, 

4.51961e-06, 4.53611e-06, 0.0036563, 0.0131642, 0.12049, 0.942098, 1.24293, 9.30401e-07, 5.99833e-06, 3.7873e-06, 0.339387, 3.28346, 7.388, 12.5306, 2.56597e-05, 3.37336e-05, 0.000425322, 0.0567048, 0.773404, 6.9744, 0.000221088, 6.2165e-07, 6.92546e-07, 0.000714154, 0.225894, 0.84626, 3.24092, 8.88987, 0.00010258, 0.000297531, 0.000307418, 0.000375453, 0.00155283, 0.00159319, 0.00162511, 0.00248148, 4.17445e-06, 1.14339e-05, 

4.51961e-06, 4.52074e-06, 0.0036563, 0.0131642, 0.0402815, 0.942098, 11.4633, 9.30401e-07, 1.926e-06, 3.7873e-06, 0.339387, 7.388, 12.5306, 5.54512, 1.96806e-05, 2.56597e-05, 0.000221088, 0.0567048, 0.773404, 6.9744, 0.000105707, 5.99309e-07, 6.2165e-07, 0.225894, 0.84626, 3.02692, 3.24092, 7.25852, 0.00010258, 0.000297531, 0.000307418, 0.000375453, 0.00155283, 0.00159319, 0.00162511, 0.00248148, 4.17445e-06, 1.14339e-05, 

1.89451e-06, 4.51961e-06, 0.0036563, 0.00771708, 0.942098, 11.4633, 0.558052, 7.97562e-07, 9.30401e-07, 3.7873e-06, 0.339387, 5.54512, 12.5306, 2.00236e-06, 1.94086e-05, 1.96806e-05, 0.000105707, 0.000221088, 0.0567048, 1.77529, 0.00162349, 5.99309e-07, 6.2165e-07, 0.00346954, 0.123865, 0.84626, 7.25852, 0.000584458, 4.51826e-06, 0.00010258, 0.000297531, 0.000307418, 0.000375453, 0.00155283, 0.00159319, 0.00162511, 4.17445e-06, 1.14339e-05, 

1.81395e-06, 1.89451e-06, 0.00771708, 0.558052, 0.680502, 0.942098, 6.79604, 7.97562e-07, 9.30401e-07, 2.00236e-06, 3.7873e-06, 0.339387, 5.54512, 6.73116, 1.94086e-05, 1.96806e-05, 0.000105707, 0.000221088, 0.00162349, 1.77529, 0.000117847, 5.99309e-07, 6.2165e-07, 0.000584458, 0.00346954, 0.123865, 0.396434, 0.042316, 4.51826e-06, 6.98924e-05, 0.00010258, 0.000297531, 0.000307418, 0.000375453, 0.00155283, 0.00159319, 4.17445e-06, 1.14339e-05, 

1.81395e-06, 1.89451e-06, 0.00100919, 0.00771708, 0.942098, 6.79604, 0.000212659, 7.97562e-07, 9.30401e-07, 2.00236e-06, 3.7873e-06, 5.54512, 6.73116, 0.102511, 1.87224e-05, 1.94086e-05, 0.000117847, 0.000221088, 0.00162349, 1.77529, 5.52531, 5.83112e-07, 5.99309e-07, 0.000584458, 0.042316, 0.123865, 0.396434, 0.557097, 4.51826e-06, 6.98924e-05, 0.00010258, 0.000297531, 0.000307418, 0.000375453, 0.00155283, 0.00159319, 4.17445e-06, 1.14339e-05, 

1.81395e-06, 1.89451e-06, 0.000212659, 0.00771708, 0.782918, 0.876598, 0.00732924, 7.97562e-07, 8.92775e-07, 2.00236e-06, 0.0022004, 5.54512, 6.73116, 1.42114, 4.51826e-06, 1.87224e-05, 0.000117847, 0.00162349, 1.29296, 1.77529, 0.0889465, 5.83112e-07, 5.99309e-07, 0.000584458, 0.123865, 0.396434, 0.557097, 0.967088, 1.85234e-05, 6.98924e-05, 0.00010258, 0.000297531, 0.000307418, 0.000375453, 0.00155283, 0.00159319, 4.17445e-06, 1.14339e-05, 

1.81395e-06, 1.89451e-06, 0.000212659, 0.00732924, 0.00771708, 0.876598, 3.86899e-05, 7.97562e-07, 8.92775e-07, 2.00236e-06, 3.98789e-05, 1.42114, 5.54512, 10.6688, 2.451e-07, 4.51826e-06, 0.000117847, 0.0889465, 0.715942, 1.29296, 0.131019, 5.83112e-07, 5.99309e-07, 0.000584458, 0.123865, 0.129822, 0.557097, 4.20048, 1.85234e-05, 6.98924e-05, 0.00010258, 0.000297531, 0.000307418, 0.000375453, 0.00155283, 0.00159319, 4.17445e-06, 1.14339e-05, 

1.56342e-06, 1.81395e-06, 3.86899e-05, 0.000212659, 0.00732924, 0.876598, 1.10805, 7.97562e-07, 8.28922e-07, 2.00236e-06, 3.98789e-05, 5.54512, 10.6688, 2.29114, 2.451e-07, 1.5561e-06, 0.000117847, 0.0889465, 0.131019, 0.715942, 5.55312, 5.83112e-07, 5.92821e-07, 0.0767152, 0.129822, 0.557097, 1.38321, 1.23292, 1.85234e-05, 6.98924e-05, 0.00010258, 0.000297531, 0.000307418, 0.000375453, 0.00155283, 0.00159319, 4.17445e-06, 1.14339e-05, 

1.56342e-06, 1.81395e-06, 3.86899e-05, 0.00732924, 0.876598, 1.10805, 0.0815105, 7.97562e-07, 8.28922e-07, 2.00236e-06, 3.98789e-05, 1.00492, 2.29114, 10.6688, 2.451e-07, 1.5561e-06, 0.0889465, 0.112755, 0.131019, 0.715942, 0.0342741, 5.83112e-07, 5.86457e-07, 0.0767152, 0.557097, 1.23292, 1.38321, 0.0199462, 1.85234e-05, 6.98924e-05, 0.00010258, 0.000297531, 0.000307418, 0.000375453, 0.00155283, 0.00159319, 4.17445e-06, 1.14339e-05, 

1.56342e-06, 1.81395e-06, 3.86899e-05, 0.00732924, 0.0815105, 1.10805, 0.0011605, 7.97562e-07, 8.12468e-07, 2.00236e-06, 1.00492, 2.29114, 7.00015, 1.40749, 2.451e-07, 1.5561e-06, 0.0342741, 0.0709695, 0.0889465, 0.131019, 0.0179177, 5.82176e-07, 5.83112e-07, 0.0199462, 0.557097, 1.23292, 1.38321, 0.00646675, 1.85234e-05, 6.98924e-05, 0.00010258, 0.000297531, 0.000307418, 0.000375453, 0.00155283, 0.00159319, 4.17445e-06, 1.14339e-05, 

1.56342e-06, 1.81395e-06, 3.86899e-05, 0.0011605, 0.0815105, 0.103801, 0.132167, 7.79356e-07, 7.97562e-07, 2.00236e-06, 0.101194, 1.00492, 2.29114, 0.02604, 2.451e-07, 1.5561e-06, 0.0179177, 0.0342741, 0.0524454, 0.0889465, 0.131019, 5.82176e-07, 5.83112e-07, 0.00646675, 0.0199462, 0.557097, 1.23292, 1.38321, 1.85234e-05, 6.98924e-05, 0.00010258, 0.000297531, 0.000307418, 0.000375453, 0.00155283, 0.00159319, 4.17445e-06, 1.14339e-05, 

1.46003e-06, 1.56342e-06, 0.000916203, 0.0011605, 0.0815105, 0.132167, 3.79269, 7.77945e-07, 7.79356e-07, 2.00236e-06, 0.101194, 0.15485, 2.29114, 0.0174857, 1.93814e-07, 2.451e-07, 0.0179177, 0.0524454, 0.0889465, 0.131019, 0.00237708, 5.82176e-07, 5.83112e-07, 0.0199462, 0.252795, 0.557097, 1.38321, 6.50674, 1.85234e-05, 6.98924e-05, 0.00010258, 0.000297531, 0.000307418, 0.000375453, 0.00155283, 0.00159319, 4.17445e-06, 1.14339e-05, 

1.46003e-06, 1.56342e-06, 0.000916203, 0.0011605, 0.0815105, 0.221742, 0.39378, 7.77945e-07, 7.79268e-07, 2.00236e-06, 3.09106e-06, 0.101194, 2.29114, 3.06842, 1.93814e-07, 2.451e-07, 0.00750481, 0.0524454, 0.0798724, 0.131019, 0.522514, 5.82176e-07, 5.83112e-07, 0.0199462, 0.164671, 0.557097, 5.43755, 0.0566269, 1.85234e-05, 6.98924e-05, 0.00010258, 0.000297531, 0.000307418, 0.000375453, 0.00155283, 0.00159319, 4.17445e-06, 1.14339e-05, 

1.46003e-06, 1.56342e-06, 0.000916203, 0.0011605, 0.221742, 0.39378, 0.000443189, 7.76938e-07, 7.77945e-07, 9.33181e-07, 2.00236e-06, 0.101194, 2.29114, 22.0151, 1.93814e-07, 2.451e-07, 0.00750481, 0.0798724, 0.131019, 0.522514, 0.0112678, 5.82176e-07, 5.82742e-07, 0.0566269, 0.164671, 0.557097, 1.77343, 13.3274, 1.85234e-05, 6.98924e-05, 0.00010258, 0.000297531, 0.000307418, 0.000375453, 0.00155283, 0.00159319, 4.17445e-06, 1.14339e-05, 

1.46003e-06, 1.56342e-06, 0.000443189, 0.000916203, 0.0011605, 0.221742, 0.39378, 7.76938e-07, 7.76948e-07, 9.33181e-07, 0.017266, 2.29114, 3.06192, 0.384689, 1.93814e-07, 2.451e-07, 0.00750481, 0.0112678, 0.131019, 0.522514, 0.529037, 1.63041e-07, 5.82742e-07, 0.0566269, 0.076994, 0.557097, 13.3274, 0.259725, 1.85234e-05, 6.98924e-05, 0.00010258, 0.000297531, 0.000307418, 0.000375453, 0.00155283, 0.00159319, 4.17445e-06, 1.14339e-05, 

1.46003e-06, 1.48398e-06, 0.000443189, 0.000916203, 0.0011605, 0.39378, 0.0456773, 7.76938e-07, 7.76948e-07, 0.000241978, 0.384689, 2.29114, 3.06192, 16.6415, 1.93814e-07, 2.451e-07, 0.00750481, 0.0112678, 0.131019, 0.522514, 0.529037, 1.63041e-07, 5.82742e-07, 0.0566269, 0.076994, 0.259725, 0.557097, 1.51118, 1.85234e-05, 6.98924e-05, 0.00010258, 0.000297531, 0.000307418, 0.000375453, 0.00155283, 0.00159319, 4.17445e-06, 1.14339e-05, 

1.46003e-06, 1.48398e-06, 0.000443189, 0.000916203, 0.0011605, 0.0456773, 21.6687, 7.76938e-07, 7.76948e-07, 0.000241978, 0.0242556, 2.29114, 16.6415, 0.0929356, 1.93814e-07, 2.10035e-07, 0.0112678, 0.131019, 0.522514, 0.529037, 0.645909, 1.45935e-07, 1.63041e-07, 0.00151715, 0.076994, 0.259725, 0.557097, 4.79181, 1.85234e-05, 6.98924e-05, 0.00010258, 0.000297531, 0.000307418, 0.000375453, 0.00155283, 0.00159319, 4.17445e-06, 1.14339e-05, 

1.46003e-06, 1.48398e-06, 9.44419e-05, 0.000443189, 0.000916203, 0.0456773, 2.75199, 7.76938e-07, 7.76948e-07, 0.000241978, 0.0929356, 2.29114, 16.6415, 4.6784, 1.93814e-07, 2.10035e-07, 0.0112678, 0.0842312, 0.529037, 0.645909, 0.959101, 1.45935e-07, 1.63041e-07, 0.00151715, 0.076994, 0.259725, 4.79181, 0.0058064, 1.85234e-05, 6.98924e-05, 0.00010258, 0.000297531, 0.000307418, 0.000375453, 0.00155283, 0.00159319, 4.17445e-06, 1.14339e-05, 

1.46003e-06, 1.48398e-06, 9.44419e-05, 0.000916203, 0.0456773, 0.938731, 0.0123607, 7.7693e-07, 7.7693e-07, 0.000241978, 0.0929356, 2.29114, 4.6784, 13.6051, 1.93814e-07, 2.10035e-07, 0.0108937, 0.0842312, 0.529037, 0.959101, 0.00353706, 1.45935e-07, 1.63041e-07, 0.00128366, 0.076994, 0.259725, 4.79181, 8.67852, 1.85234e-05, 6.98924e-05, 0.00010258, 0.000297531, 0.000307418, 0.000375453, 0.00155283, 0.00159319, 4.17445e-06, 1.14339e-05, 

1.46003e-06, 1.47093e-06, 9.44419e-05, 0.000916203, 0.0123607, 0.0456773, 2.57237, 7.76918e-07, 7.7693e-07, 0.000241978, 2.29114, 4.6784, 13.6051, 7.11815e-05, 1.93814e-07, 2.10035e-07, 0.00353706, 0.0108937, 0.529037, 0.959101, 0.234281, 1.45935e-07, 1.63041e-07, 0.00128366, 0.076994, 0.259725, 8.67852, 5.6264, 1.85234e-05, 6.98924e-05, 0.00010258, 0.000297531, 0.000307418, 0.000375453, 0.00155283, 0.00159319, 4.17445e-06, 1.14339e-05, 

Best:
(0.000254355, -0.000285024, )

Fitness Evaluations:
2750

End Population
(-1.914067e-04), (1.193063e-03), (-1.896579e-04), (1.197898e-03), (-8.587627e-03), (4.549125e-03), (-2.133770e-03), (-3.019354e-02), (5.234831e-03), (1.110554e-01), (1.596382e-01), (-1.421017e-01), (-1.230476e-01), (-1.599135e+00), (-1.611890e-04), (8.665656e-04), (-1.611855e-04), (8.665735e-04), (6.118710e-03), (1.430171e-02), (1.322042e+00), (7.371178e-01), (-1.927768e+00), (9.808722e-01), (3.288276e-03), (-3.688501e+00), (3.101275e-03), (7.846246e-03), (9.057851e-05), (4.308242e-04), (1.866003e-04), (4.185873e-04), (-7.360550e-03), (5.901593e-02), (-1.306081e-02), (1.035524e-01), (3.896025e-01), (-6.142044e-01), (-4.522825e-01), (-8.686436e-01), (3.622518e-01), (3.210209e-01), (2.543546e-04), (-2.850235e-04), (-5.507246e-05), (-4.000096e-04), (2.541167e-02), (2.525690e-02), (-2.176996e-01), (-1.720492e-01), (-2.706309e-01), (4.318373e-01), (1.148730e+00), (-2.712736e+00), (2.367122e+00), (1.521097e-01), (-2.358022e-03), (3.600428e-03), (-5.541045e-03), (6.260127e-03), (-4.568443e-03), (9.039315e-03), (-7.700298e-03), (1.543491e-02), (-1.409448e-02), (-1.042899e-02), (-1.628717e-02), (1.049670e-02), (3.736006e-03), (-3.922850e-02), (3.798676e-02), (-1.225561e-02), (-1.355565e-03), (1.528691e-03), (-3.031584e-03), (1.497795e-03), 