Iterations: 50
Function Evaluations Limit: 150000
Population: 50

Prides Length: 4

Percent Nomads: 0.2
Percent Roaming: 0.2
Percent Sex: 0.8

Mating Rate: 0.3
Mutation Probability: 0.2
Immigration Rate: 0.4

Percent Group Influence: 0.4
Annealing On: true
Ranked Selection Pressure: 2
Near To Best Random Pressure: 2

Dimensions: 2
N-Dimension Space: -5:5

Fitness Iterations:
0.959875 (Initial Best)

41.123, 8.69277, 11.4756, 21.1095, 30.0456, 41.8409, 10.978, 0.959875, 13.9165, 7.55527, 18.7493, 1.57075, 3.87218, 7.47051, 18.963, 18.8861, 29.9001, 22.7125, 25.9911, 12.8499, 25.9266, 16.8736, 23.7598, 9.10754, 4.96591, 12.7295, 1.15345, 22.5986, 3.91303, 21.5199, 17.6903, 16.0621, 6.81979, 21.0835, 16.0795, 18.1337, 1.17757, 1.66906, 9.07284, 17.7097, 24.0897, 22.3055, 25.6657, 3.14308, 9.67279, 13.8211, 28.0921, 16.9148, 1.03229, 21.4315, 

0.503902, 0.82051, 0.959875, 1.53115, 11.4756, 13.9165, 5.16612, 4.96591, 3.30012, 3.46847, 0.856905, 2.47233, 3.87218, 7.47051, 18.963, 22.7125, 1.39483, 6.81979, 1.17757, 1.03229, 1.54472, 0.316792, 0.411344, 12.7295, 22.5986, 23.4122, 12.4052, 7.55527, 5.0663, 3.79899, 3.75263, 3.86037, 1.48226, 8.68283, 18.1337, 2.83154, 8.3278, 4.16958, 3.91303, 9.10754, 5.80823, 1.57075, 2.59408, 2.6615, 3.14308, 5.50399, 7.26686, 7.39915, 10.1238, 12.8499, 

0.0469753, 0.625457, 0.335001, 1.53115, 3.30012, 4.96591, 13.9165, 1.77769, 1.39483, 4.16958, 0.0643745, 1.57075, 0.0846, 0.247845, 10.2555, 0.00208639, 13.7957, 1.17757, 3.87218, 0.569693, 0.316792, 1.54472, 0.127357, 3.46598, 4.39845, 7.55527, 12.4052, 3.91303, 4.39713, 3.46847, 3.73806, 0.625933, 0.508103, 1.48226, 8.3278, 9.10754, 5.04146, 0.411344, 2.24872, 1.52367, 0.503902, 0.82051, 0.635776, 0.819757, 2.47233, 2.29244, 2.6615, 3.14308, 5.16612, 6.81979, 

0.0469753, 0.208216, 0.335001, 0.819776, 1.39483, 1.53115, 1.77769, 1.15612, 4.16958, 3.77883, 0.0643745, 0.0168154, 0.00208639, 0.247845, 0.333871, 2.55032, 0.0241455, 0.00190125, 1.17757, 2.24872, 0.22263, 0.16947, 0.127357, 3.46598, 3.46847, 4.39845, 7.55527, 1.48226, 3.91303, 0.159287, 0.503902, 0.635776, 0.411344, 0.508103, 0.992915, 5.04146, 9.10754, 1.05888, 0.850433, 1.18607, 0.316792, 0.608287, 0.819757, 0.82051, 0.866023, 1.00809, 1.57075, 2.29244, 4.39713, 4.6946, 

0.0469753, 0.1127, 0.335001, 1.15612, 3.77883, 0.0930221, 0.408817, 0.0241455, 0.819776, 0.792922, 0.00566142, 0.0011402, 0.00190125, 0.333871, 1.17757, 2.24872, 0.00158921, 0.247845, 0.127357, 0.00120919, 0.0168154, 0.183007, 1.48226, 4.39845, 7.55527, 1.0041, 4.06562, 1.05888, 0.59324, 0.315606, 0.208216, 0.0340347, 0.411344, 0.508103, 0.588294, 0.850433, 2.15785, 0.159287, 0.00208639, 0.851999, 0.16947, 0.15866, 0.503902, 0.316792, 0.509016, 0.635776, 0.819757, 0.82051, 1.18607, 1.39483, 

0.0469753, 0.0594787, 0.0930221, 0.792922, 0.819776, 3.77883, 8.95707, 1.15612, 0.0241455, 0.508103, 0.000221696, 0.00101007, 0.00120919, 0.00190125, 0.333871, 2.24872, 0.413564, 0.411344, 0.159287, 0.247845, 0.0168154, 0.0414422, 0.315606, 0.59324, 4.06562, 4.39845, 1.78663, 0.0433953, 1.0041, 0.00158921, 0.00658508, 0.00513876, 0.00208639, 0.00881247, 0.850433, 0.851999, 0.00494484, 0.335001, 1.05888, 0.00289475, 0.101198, 0.0615327, 0.15866, 0.16947, 0.208216, 0.316792, 0.470573, 0.503902, 1.17757, 1.18607, 

0.00313237, 0.0594787, 0.508103, 0.792922, 0.819776, 8.95707, 3.17241, 0.00190125, 0.411344, 0.0930221, 0.000221696, 0.000868134, 0.00120919, 0.247845, 0.413564, 0.129628, 9.09596, 0.112279, 0.00205248, 0.315606, 0.012744, 0.00535896, 0.0433953, 1.0041, 1.78663, 4.06562, 0.00606061, 0.0241455, 0.327791, 0.137371, 0.00101541, 9.47202e-05, 0.00121352, 0.00289475, 0.00881247, 0.335001, 9.82105, 0.159287, 0.00208639, 0.00158921, 0.0427771, 0.0138933, 0.0615327, 0.069638, 0.101198, 0.15866, 0.16947, 0.208216, 0.684035, 0.850433, 

0.00313237, 0.00951098, 0.792922, 3.17241, 8.95707, 2.95077, 4.18366, 0.107385, 0.0930221, 0.0433953, 0.000108336, 0.000221696, 0.00120919, 0.112279, 0.129628, 0.352203, 0.993251, 0.00190125, 0.159287, 0.247845, 0.00535896, 0.00565396, 0.00606061, 0.0139523, 0.0241455, 1.0041, 0.00916718, 0.254986, 0.00121352, 0.315606, 9.47202e-05, 0.00101541, 0.00208639, 0.00289475, 0.00881247, 0.335001, 4.35598, 0.137371, 0.00158921, 0.00205248, 0.0594787, 0.0138933, 0.0427771, 0.0615327, 0.0685751, 0.069638, 0.0891307, 0.15866, 0.411344, 0.508103, 

0.00281359, 0.00313237, 0.107385, 0.330885, 0.792922, 3.17241, 8.95707, 0.0738194, 0.0139523, 0.00205248, 0.000108336, 0.000207436, 0.00120919, 0.247845, 0.993251, 1.77296, 1.76355, 0.112279, 0.00193469, 0.00606061, 0.00535896, 0.00565396, 0.00121352, 0.254986, 0.315606, 0.746364, 0.0104365, 0.0241455, 0.0433953, 0.00158921, 9.47202e-05, 0.00101541, 0.00208639, 0.00289475, 0.00881247, 0.335001, 2.86762, 0.00916718, 0.00190125, 0.0930221, 0.00354656, 0.00836282, 0.0138933, 0.0427771, 0.0594787, 0.0615327, 0.0685751, 0.069638, 0.129628, 0.137371, 

0.00279049, 0.00313237, 0.330885, 0.792922, 3.17241, 7.50845, 0.510535, 0.0930221, 0.0104365, 0.00120919, 0.000108336, 0.000207436, 0.112279, 0.247845, 0.993251, 1.77296, 1.9252, 0.0738194, 0.0139523, 0.000924209, 0.00535896, 0.00031696, 0.00121352, 0.00158921, 0.00423859, 0.0241455, 2.34241, 0.00205248, 0.00193469, 0.00208639, 9.47202e-05, 0.00101541, 0.00190125, 0.00289475, 0.00881247, 2.86762, 1.27147, 0.00916718, 0.033316, 0.0433953, 0.00354656, 0.00565396, 0.00836282, 0.0138933, 0.0427771, 0.0594787, 0.0615327, 0.0685751, 0.107385, 0.129628, 

0.00279049, 0.00313237, 0.0104365, 0.330885, 0.510535, 0.792922, 5.71228, 0.0738194, 0.001538, 0.00289475, 0.000108336, 0.000207436, 0.000924209, 0.112279, 0.247845, 0.993251, 0.332754, 0.00193469, 0.00190125, 0.0515481, 0.00031696, 0.00324994, 0.00121352, 0.00158921, 0.00205248, 0.00423859, 0.0122568, 0.00120919, 0.107385, 0.0930221, 9.47202e-05, 0.000554843, 0.00881247, 0.00916718, 0.0433953, 2.86762, 2.97381, 0.0139523, 0.00208639, 0.0241455, 0.00354656, 0.00466602, 0.00565396, 0.00836282, 0.0138933, 0.0594787, 0.0615327, 0.0685751, 0.129628, 0.663042, 

0.00279049, 0.00287466, 0.001538, 0.0104365, 0.0738194, 0.330885, 0.684475, 0.0263086, 0.107385, 0.00121352, 0.000108336, 0.000207436, 0.000924209, 0.00190125, 0.00193469, 0.0515481, 0.993251, 0.0139523, 0.0241455, 0.00289475, 0.00031696, 0.0013981, 0.00205248, 0.00523021, 0.0930221, 9.54641, 7.30375, 0.0828823, 0.00423859, 0.00158921, 9.47202e-05, 9.52845e-05, 0.00208639, 0.00881247, 0.00916718, 2.86762, 3.86398, 0.0433953, 0.129628, 0.00120919, 0.00354656, 0.00466602, 0.00565396, 0.00836282, 0.0138933, 0.0594787, 0.0615327, 0.0685751, 0.247845, 0.332754, 

0.00279049, 0.00287466, 0.0104365, 0.0738194, 0.107385, 0.684475, 2.4998, 0.00121352, 0.00881247, 0.00190125, 0.000108336, 0.000207436, 0.00193469, 0.00289475, 0.0241455, 0.993251, 3.89857, 0.00208639, 0.0139523, 0.0263086, 0.00031696, 0.00117686, 0.00158921, 0.00205248, 0.00523021, 7.30375, 0.883507, 0.00423859, 0.0515481, 0.001538, 9.47202e-05, 9.52845e-05, 0.00120919, 0.00916718, 0.0433953, 0.129628, 3.86398, 0.000924209, 0.0828823, 0.0930221, 0.00354656, 0.00466602, 0.00565396, 0.00836282, 0.0138933, 0.0594787, 0.0615327, 0.0685751, 0.101295, 0.247845, 

0.00279049, 0.00287466, 0.00121352, 0.107385, 0.684475, 2.4998, 0.0372705, 0.0738194, 0.00208639, 0.0241455, 0.000108336, 0.000207436, 0.00193469, 0.0263086, 3.89857, 22.47, 3.69824, 0.00423859, 0.00453338, 0.00120919, 0.00031696, 0.00117686, 0.001538, 0.00158921, 0.00205248, 0.00523021, 0.298499, 0.00881247, 0.00190125, 0.0104365, 9.47202e-05, 9.52845e-05, 0.000924209, 0.0433953, 3.86398, 0.943393, 0.516351, 0.0515481, 0.0139523, 0.00289475, 0.00354656, 0.00466602, 0.00565396, 0.00836282, 0.0102303, 0.0138933, 0.0594787, 0.0615327, 0.0828823, 0.0930221, 

0.00239431, 0.00269111, 0.00121352, 0.0738194, 0.107385, 2.4998, 0.00246182, 0.00193469, 0.00450282, 0.0104365, 0.000108336, 0.000207436, 0.00120919, 0.00453338, 3.69824, 11.7271, 1.90971, 0.00423859, 0.00190125, 0.00289475, 0.000193044, 0.000316897, 0.001538, 0.00205248, 0.00523021, 0.135933, 1.91675, 0.00238909, 0.0139523, 0.00881247, 9.47202e-05, 9.52845e-05, 0.0433953, 0.516351, 0.943393, 3.86398, 1.17843, 0.000924209, 0.00208639, 0.00158921, 0.00279049, 0.00354656, 0.00466602, 0.00565396, 0.00836282, 0.0102303, 0.0138933, 0.0594787, 0.0241455, 0.0515481, 

0.000599385, 0.00269111, 0.00121352, 0.00450282, 0.0104365, 0.909451, 11.1064, 0.00120919, 0.00523021, 0.00881247, 0.000108336, 0.000126673, 0.00423859, 1.90971, 3.69824, 3.80294, 7.93118, 0.00193469, 0.00453338, 0.00238909, 0.000193044, 0.000316897, 0.001538, 0.00205248, 0.0139523, 0.0147094, 2.55533, 0.00246182, 0.00289475, 0.00293022, 9.47202e-05, 9.52845e-05, 0.000924209, 0.00208639, 1.17843, 3.86398, 19.1772, 0.014582, 0.00158921, 0.00190125, 0.00279049, 0.00291823, 0.00354656, 0.00466602, 0.00565396, 0.00836282, 0.0102303, 0.0138933, 0.0241455, 0.0433953, 

0.000599385, 0.00269111, 0.00120919, 0.00121352, 0.177932, 3.17837, 20.8351, 0.0104365, 0.00881247, 0.000924209, 0.000108336, 0.000126673, 0.00193469, 0.00238909, 0.00453338, 3.69824, 4.50695, 0.00450282, 0.00246182, 0.0139523, 0.000193044, 0.000316897, 0.001538, 0.00289475, 0.00293022, 0.322296, 4.57044, 0.00190125, 0.00523021, 0.00158921, 1.34699e-05, 5.11938e-05, 0.00208639, 0.014582, 1.17843, 17.5444, 1.08606, 0.0147094, 0.00423859, 0.00205248, 0.00279049, 0.00291823, 0.00354656, 0.00466602, 0.00565396, 0.00836282, 0.0102303, 0.0138933, 0.0241455, 0.0433953, 

0.000599385, 0.00269111, 0.00120919, 0.00121352, 3.17837, 20.8351, 1.10359, 0.000924209, 0.00193469, 0.00453338, 0.000108336, 0.000122233, 0.00246182, 0.00450282, 0.0139523, 4.50695, 1.75096, 0.00289475, 0.00238909, 0.0147094, 0.000193044, 0.000316897, 0.001538, 0.00158921, 0.00523021, 0.334324, 2.4222, 0.00881247, 0.00293022, 0.00423859, 1.34699e-05, 2.43938e-05, 0.00205248, 0.00208639, 0.014582, 1.17843, 13.2857, 0.0004309, 0.00190125, 0.0104365, 0.00279049, 0.00291823, 0.00354656, 0.00466602, 0.00565396, 0.00836282, 0.0102303, 0.0138933, 0.0241455, 0.0433953, 

0.000487653, 0.000712156, 0.00120919, 0.00193469, 0.00453338, 3.17837, 20.8351, 0.0104365, 0.00523021, 0.00293022, 8.06356e-05, 0.000122233, 0.00238909, 0.00246182, 0.00289475, 0.00450282, 0.0147094, 0.000924209, 0.00172726, 0.0375704, 0.000193044, 0.000316897, 0.001538, 0.00881247, 2.4222, 2.18786, 0.00051946, 0.0433953, 0.00158921, 0.0241455, 1.34699e-05, 2.43938e-05, 0.0004309, 0.00190125, 0.00205248, 0.00208639, 0.014582, 0.0139523, 0.00121352, 0.00423859, 0.000599385, 0.00180189, 0.00228815, 0.00279049, 0.00291823, 0.00354656, 0.00466602, 0.00565396, 0.334324, 0.834172, 

0.000487653, 0.000599385, 0.00120919, 0.00293022, 0.00523021, 0.0104365, 0.607744, 0.00208639, 0.0004309, 0.00453338, 8.06356e-05, 0.000122233, 0.00172726, 0.00289475, 0.00303251, 0.0147094, 0.490826, 0.00051946, 0.00158921, 0.000924209, 0.000193044, 0.000316897, 0.001538, 0.00881247, 0.0241455, 0.0495061, 0.682328, 0.00450282, 0.00246182, 0.00205248, 1.34699e-05, 2.43938e-05, 0.00121352, 0.00190125, 0.00423859, 0.0139523, 4.41019, 0.014582, 0.00193469, 0.00238909, 0.000712156, 0.00180189, 0.00228815, 0.00279049, 0.00291823, 0.00354656, 0.00466602, 0.00565396, 0.0433953, 0.334324, 

0.000229675, 0.000487653, 0.00208639, 0.00453338, 0.00523021, 0.607744, 1.4752, 0.00120919, 0.0139523, 0.0104365, 8.06356e-05, 0.000122233, 0.00051946, 0.000924209, 0.00158921, 0.00172726, 0.490826, 0.00238909, 0.00881247, 0.0147094, 0.000193044, 0.000316897, 0.00205248, 0.00246182, 0.0241455, 0.682328, 3.75188, 0.00450282, 0.001538, 0.00303251, 1.34699e-05, 1.84646e-05, 0.00121352, 0.00190125, 0.00193469, 0.00423859, 0.014582, 0.00289475, 0.0004309, 0.00293022, 0.000712156, 0.00180189, 0.00228815, 0.00279049, 0.00291823, 0.00354656, 0.00466602, 0.00565396, 0.0433953, 0.0495061, 

0.000229675, 0.000487653, 0.00453338, 0.00523021, 0.0104365, 1.4752, 3.93384, 0.0004309, 0.00293022, 0.00423859, 8.06356e-05, 0.000122233, 0.00051946, 0.000924209, 0.00881247, 0.0147094, 0.194833, 0.00172726, 0.00450282, 0.00208639, 0.000193044, 0.000316897, 0.001538, 0.00205248, 0.682328, 5.29689, 1.47422, 0.00120919, 0.00246182, 0.00158921, 1.34699e-05, 1.84646e-05, 0.00121352, 0.00190125, 0.00193469, 0.014582, 17.0182, 0.00303251, 0.00289475, 0.00238909, 0.000712156, 0.00108273, 0.00180189, 0.00228815, 0.00279049, 0.00291823, 0.00466602, 0.00565396, 0.0139523, 0.0241455, 

0.000229675, 0.000376253, 0.0004309, 0.00293022, 0.00423859, 3.93384, 0.984063, 0.0104365, 0.00120919, 0.00121352, 8.06356e-05, 0.000122233, 0.00051946, 0.000924209, 0.00881247, 3.12209, 0.27827, 0.000887344, 0.000455075, 0.00238909, 0.000193044, 0.000283416, 0.001538, 0.00158921, 0.00246182, 1.47422, 5.29689, 0.00172726, 0.00523021, 0.00208639, 1.34699e-05, 1.84646e-05, 0.00190125, 0.00289475, 0.00303251, 0.014582, 8.65593, 0.00205248, 0.00193469, 0.00453338, 0.000487653, 0.000712156, 0.00108273, 0.00180189, 0.00228815, 0.00279049, 0.00291823, 0.00466602, 0.0139523, 0.0147094, 

0.000229675, 0.000376253, 0.0004309, 0.00121352, 0.00293022, 0.984063, 3.93384, 0.00881247, 0.000576615, 0.00423859, 8.06356e-05, 0.000108664, 0.000455075, 0.00051946, 3.12209, 0.332726, 0.347724, 0.00158921, 0.00190125, 0.000887344, 0.000193044, 0.000225669, 0.001538, 0.00172726, 0.00208639, 0.00523021, 1.47422, 0.00246182, 0.000924209, 0.00238909, 1.34699e-05, 1.84646e-05, 0.00193469, 0.00289475, 0.00303251, 0.00453338, 8.65593, 0.000264668, 0.00120919, 0.00205248, 0.000487653, 0.000712156, 0.00108273, 0.00180189, 0.00228815, 0.00279049, 0.00291823, 0.00466602, 0.0104365, 0.0139523, 

0.00018383, 0.000229675, 0.0004309, 0.00121352, 0.00423859, 0.254447, 0.984063, 0.001538, 0.000455075, 0.00208639, 8.06356e-05, 8.55874e-05, 0.00051946, 0.00158921, 0.00190125, 0.332726, 3.12209, 0.00205248, 0.00120919, 0.00172726, 0.000193044, 0.000225669, 0.000924209, 0.00246182, 0.00523021, 0.946211, 3.34364, 0.000576615, 0.00238909, 0.000887344, 1.34699e-05, 1.84646e-05, 0.00193469, 0.00289475, 0.00453338, 0.400279, 6.30103, 0.00303251, 0.000264668, 0.00293022, 0.000487653, 0.000712156, 0.00108273, 0.00180189, 0.00228815, 0.00279049, 0.00291823, 0.00466602, 0.00881247, 0.0104365, 

0.00018383, 0.000229675, 0.0004309, 0.000455075, 0.00121352, 0.00423859, 0.254447, 0.00172726, 0.00119349, 0.00881247, 8.01553e-05, 8.06356e-05, 0.00120919, 0.00205248, 0.332726, 3.12209, 3.09715, 0.00453338, 0.00238909, 0.00158921, 0.000193044, 0.000225669, 0.000576615, 0.000887344, 0.00523021, 0.883625, 0.264967, 0.001538, 0.00246182, 0.00190125, 1.34699e-05, 1.84646e-05, 0.000264668, 0.00193469, 0.00289475, 0.00293022, 0.00303251, 0.000924209, 0.00051946, 0.00208639, 0.000487653, 0.000712156, 0.000755687, 0.00108273, 0.00180189, 0.00228815, 0.00279049, 0.00291823, 0.0104365, 0.0180507, 

0.000167168, 0.00018383, 0.00119349, 0.00121352, 0.00172726, 9.77936e-05, 0.914103, 0.00289475, 0.001538, 0.000455075, 7.36233e-05, 8.01553e-05, 0.00120919, 0.00205248, 0.00238909, 3.12209, 1.2292, 0.00423859, 0.0004309, 0.00266342, 0.000193044, 0.000225669, 0.00190125, 0.00246182, 0.00523021, 0.264967, 1.3028, 0.000576615, 0.00193469, 0.00158921, 1.10053e-05, 1.34699e-05, 0.000264668, 0.00051946, 0.000924209, 0.00303251, 1.32764, 0.000887344, 0.00293022, 0.00208639, 0.000258873, 0.000487653, 0.000712156, 0.000755687, 0.00108273, 0.00180189, 0.00228815, 0.00279049, 0.00453338, 0.00881247, 

0.000167168, 0.00018383, 9.77936e-05, 0.000455075, 0.001538, 0.914103, 18.4527, 0.00119349, 0.00266342, 0.00172726, 7.36233e-05, 8.01553e-05, 0.0004309, 0.00120919, 0.00423859, 3.12209, 1.61911, 0.000924209, 0.00238909, 0.000576615, 0.000193044, 0.000225669, 0.00190125, 0.0036636, 0.00523021, 0.264967, 12.8532, 0.00246182, 0.00121352, 0.00289475, 1.10053e-05, 1.34699e-05, 0.000264668, 0.00051946, 0.000887344, 0.00208639, 0.617342, 0.00193469, 0.00158921, 0.00205248, 0.000258873, 0.000487653, 0.000712156, 0.000755687, 0.00108273, 0.00180189, 0.00228815, 0.00279049, 0.00293022, 0.00303251, 

5.68471e-05, 0.000125865, 9.77936e-05, 0.00172726, 0.00266342, 0.727392, 6.15657, 0.000455075, 0.00051946, 0.00119349, 7.00683e-05, 7.36233e-05, 0.000924209, 0.00110372, 0.00120919, 10.123, 4.63001, 0.001538, 0.000264668, 0.00121352, 0.000193044, 0.000216865, 0.00246182, 0.0036636, 0.00523021, 0.264967, 12.8532, 0.00238909, 0.0004309, 0.00289475, 1.10053e-05, 1.34699e-05, 0.000887344, 0.00158921, 0.00193469, 0.00205248, 0.617342, 0.000576615, 0.00208639, 0.00190125, 0.000225669, 0.000258873, 0.000487653, 0.000712156, 0.000755687, 0.00108273, 0.00228815, 0.00279049, 0.00293022, 0.00303251, 

3.55095e-05, 5.68471e-05, 0.000455075, 0.00051946, 0.00119349, 6.15657, 2.01967, 0.00190125, 0.00205248, 0.000576615, 7.00683e-05, 7.36233e-05, 0.000924209, 0.00110372, 0.00120919, 10.123, 9.92302, 0.00303251, 0.00293022, 0.000264668, 0.00011979, 0.000193044, 0.0004309, 0.00238909, 0.00246182, 0.00289475, 0.264967, 0.001538, 0.00266342, 0.00208639, 1.10053e-05, 1.34699e-05, 0.000887344, 0.00158921, 0.00193469, 1.47234, 0.406213, 9.77936e-05, 0.00121352, 0.00172726, 0.000225669, 0.000258873, 0.000487653, 0.000712156, 0.000755687, 0.00108273, 0.00228815, 0.00279049, 

3.38613e-05, 1.94815e-05, 0.00051946, 0.000576615, 0.00119349, 0.00205248, 1.17137, 0.001538, 0.00121352, 0.000264668, 1.43131e-05, 3.55095e-05, 0.000924209, 0.00293022, 0.621734, 1.31188, 2.34808, 0.00190125, 0.00172726, 4.01678e-05, 0.000108857, 0.000193044, 0.00238909, 0.00246182, 0.00266342, 0.00289475, 0.704745, 1.84831e-05, 0.00120919, 0.00193469, 1.06669e-05, 1.10053e-05, 9.77936e-05, 0.000887344, 0.00158921, 1.47234, 2.60485, 0.0004309, 0.00026226, 0.00110372, 7.00683e-05, 0.000225669, 0.000247376, 0.000258873, 0.000487653, 0.000712156, 0.000755687, 0.00108273, 0.00208639, 

1.94815e-05, 2.79116e-05, 0.000264668, 0.00121352, 0.00205248, 1.17137, 1.27534, 0.001538, 1.84831e-05, 0.000576615, 1.43131e-05, 3.55095e-05, 4.01678e-05, 0.00172726, 0.00190125, 0.278035, 0.830311, 0.00110372, 0.000520123, 0.000924209, 5.30251e-05, 5.9053e-05, 0.00246182, 0.00266342, 0.00289475, 0.00093931, 3.16286e-05, 0.00026226, 0.00208639, 0.00193469, 1.06669e-05, 1.09576e-05, 9.77936e-05, 0.0004309, 0.00158921, 2.60485, 0.122999, 0.00119349, 0.00120919, 0.00051946, 7.00683e-05, 0.000154442, 0.000225669, 0.000247376, 0.000258873, 0.000382953, 0.000487653, 0.000712156, 

1.8778e-05, 2.79116e-05, 0.00121352, 0.00205248, 1.17137, 0.35304, 5.50411, 0.00172726, 4.01678e-05, 0.0004309, 1.43131e-05, 3.55095e-05, 0.000924209, 0.00110372, 0.00190125, 0.278035, 1.83023e-05, 0.00026226, 0.00120919, 0.000264668, 3.05928e-05, 5.30251e-05, 3.16286e-05, 0.00193469, 0.00208639, 0.00289475, 0.265459, 0.001538, 1.84831e-05, 0.000576615, 1.06669e-05, 1.09576e-05, 9.77936e-05, 0.00051946, 0.00119349, 2.60485, 0.067348, 0.000520123, 0.00093931, 0.00158921, 7.00683e-05, 0.000154442, 0.000225669, 0.000247376, 0.000258873, 0.000382953, 0.000487653, 0.000712156, 

1.72567e-05, 2.07883e-05, 0.00121352, 0.00172726, 0.35304, 1.17137, 5.50411, 1.43131e-05, 1.93005e-05, 0.000264668, 0.000924209, 0.00110372, 0.00120919, 3.90938e-05, 2.94028e-05, 5.30251e-05, 1.84831e-05, 0.00289475, 0.00423775, 0.235277, 1.19832, 1.06669e-05, 1.09086e-05, 0.00051946, 0.00093931, 0.00158921, 1.78968, 0.58001, 2.79116e-05, 3.55095e-05, 7.00683e-05, 0.000154442, 0.000225669, 0.000247376, 0.000258873, 0.000382953, 1.83023e-05, 2.01453e-05, 

1.72567e-05, 1.82149e-05, 0.00121352, 0.00172726, 0.35304, 3.97773, 19.367, 1.43131e-05, 1.93005e-05, 1.95126e-05, 0.000264668, 0.000924209, 0.00120919, 0.175289, 1.117e-05, 2.79116e-05, 1.84831e-05, 0.00289475, 0.235277, 0.276014, 0.0734676, 1.06669e-05, 1.06686e-05, 0.00051946, 0.00093931, 0.00158921, 0.58001, 1.78968, 2.94028e-05, 3.55095e-05, 7.00683e-05, 0.000154442, 0.000225669, 0.000247376, 0.000258873, 0.000382953, 1.83023e-05, 2.01453e-05, 

1.72567e-05, 1.82149e-05, 0.00121352, 0.00172726, 0.35304, 3.97773, 19.367, 1.43131e-05, 1.93005e-05, 1.95126e-05, 0.000924209, 0.00120919, 0.175289, 0.25813, 1.117e-05, 2.79116e-05, 0.00289475, 0.0734676, 0.235277, 0.276014, 0.411175, 1.06669e-05, 1.06686e-05, 0.00093931, 0.00158921, 0.58001, 1.78968, 1.5344, 2.94028e-05, 3.55095e-05, 6.58574e-05, 7.00683e-05, 0.000154442, 0.000225669, 0.000247376, 0.000258873, 1.83023e-05, 1.84831e-05, 

1.61959e-05, 1.72567e-05, 0.00121352, 0.00172726, 3.97773, 19.367, 1.59289, 1.43131e-05, 1.93005e-05, 1.95126e-05, 0.00120919, 0.175289, 0.25813, 0.649806, 1.117e-05, 2.79116e-05, 0.00462085, 0.235277, 0.276014, 0.411175, 0.495457, 1.06553e-05, 1.06686e-05, 0.00093931, 0.00158921, 1.5344, 1.78968, 11.7637, 2.94028e-05, 3.55095e-05, 6.58574e-05, 7.00683e-05, 0.000154442, 0.000225669, 0.000247376, 0.000258873, 1.83023e-05, 1.84831e-05, 

1.61959e-05, 1.72567e-05, 0.00121352, 0.00172726, 1.59289, 3.97773, 16.4927, 1.43131e-05, 1.93005e-05, 0.00120919, 0.175289, 0.25813, 0.649806, 13.5236, 1.117e-05, 2.79116e-05, 0.00462085, 0.235277, 0.276014, 0.411175, 0.217272, 1.06553e-05, 1.06686e-05, 0.00158921, 1.5344, 1.78968, 11.7637, 5.18727, 2.94028e-05, 3.55095e-05, 6.58574e-05, 7.00683e-05, 0.000154442, 0.000225669, 0.000247376, 0.000258873, 1.83023e-05, 1.84831e-05, 

1.61959e-05, 1.68397e-05, 0.00121352, 0.00172726, 1.59289, 3.64506, 6.89914, 1.43131e-05, 1.93005e-05, 0.00120919, 0.175289, 0.25813, 0.649806, 9.26313, 1.117e-05, 2.27737e-05, 0.00462085, 0.235277, 0.276014, 0.411175, 1.99739, 1.06553e-05, 1.06686e-05, 0.00158921, 1.5344, 5.18727, 11.7637, 0.324049, 2.94028e-05, 3.55095e-05, 6.58574e-05, 7.00683e-05, 0.000154442, 0.000225669, 0.000247376, 0.000258873, 1.83023e-05, 1.84831e-05, 

1.61959e-05, 1.67311e-05, 0.00121352, 0.00172726, 1.54365, 3.64506, 6.89914, 1.43131e-05, 1.93005e-05, 0.00120919, 0.175289, 0.25813, 0.581157, 0.0826731, 6.44529e-06, 1.117e-05, 0.00462085, 0.235277, 0.411175, 1.99739, 18.7878, 1.06553e-05, 1.06686e-05, 0.00158921, 0.324049, 1.5344, 3.06093, 5.18727, 2.94028e-05, 3.55095e-05, 6.58574e-05, 7.00683e-05, 0.000154442, 0.000225669, 0.000247376, 0.000258873, 1.83023e-05, 1.84831e-05, 

1.61959e-05, 1.67311e-05, 2.10727e-05, 0.00121352, 1.54365, 3.64506, 1.81756e-05, 1.43131e-05, 1.93005e-05, 0.00120919, 0.0826731, 0.111107, 0.25813, 4.79079, 6.44529e-06, 1.117e-05, 0.00462085, 0.411175, 1.99739, 18.7878, 1.94091, 1.06553e-05, 1.06686e-05, 0.00158921, 0.0309906, 2.12363, 3.06093, 2.63786, 2.94028e-05, 3.55095e-05, 6.58574e-05, 7.00683e-05, 0.000154442, 0.000225669, 0.000247376, 0.000258873, 1.83023e-05, 1.84831e-05, 

1.61959e-05, 1.67311e-05, 2.10727e-05, 0.00121352, 0.742083, 3.64506, 0.685245, 1.43131e-05, 1.93005e-05, 0.00120919, 0.0826731, 0.25813, 4.79079, 0.754018, 6.44529e-06, 1.117e-05, 0.00462085, 0.210846, 0.411175, 18.7878, 0.682507, 1.06553e-05, 1.06686e-05, 0.00158921, 0.00724752, 2.12363, 2.63786, 3.06093, 2.94028e-05, 3.55095e-05, 6.58574e-05, 7.00683e-05, 0.000154442, 0.000225669, 0.000247376, 0.000258873, 1.83023e-05, 1.84831e-05, 

1.61959e-05, 1.64608e-05, 2.10727e-05, 0.677493, 0.742083, 3.64506, 13.4387, 1.14852e-05, 1.43131e-05, 0.00120919, 0.0826731, 0.754018, 4.79079, 5.3454, 6.44529e-06, 1.01419e-05, 0.00462085, 0.0202168, 0.210846, 0.411175, 2.80309, 1.06553e-05, 1.06652e-05, 0.00724752, 0.81175, 2.12363, 3.06093, 0.168671, 2.94028e-05, 3.55095e-05, 6.58574e-05, 7.00683e-05, 0.000154442, 0.000225669, 0.000247376, 0.000258873, 1.83023e-05, 1.84831e-05, 

1.61959e-05, 1.64608e-05, 2.10727e-05, 0.677493, 0.742083, 13.4387, 0.693539, 1.14101e-05, 1.43131e-05, 0.00120919, 0.754018, 3.8051, 5.3454, 5.0266, 6.44529e-06, 1.01419e-05, 0.0202168, 0.210846, 0.411175, 2.80309, 4.24042, 1.06447e-05, 1.06553e-05, 0.00724752, 0.168671, 0.81175, 1.70069, 0.62463, 2.94028e-05, 3.55095e-05, 6.58574e-05, 7.00683e-05, 0.000154442, 0.000225669, 0.000247376, 0.000258873, 1.83023e-05, 1.84831e-05, 

1.61959e-05, 1.64608e-05, 2.10727e-05, 0.0589812, 0.677493, 0.742083, 8.17, 8.62613e-06, 1.14101e-05, 0.00120919, 0.754018, 4.7543, 5.0266, 0.0420811, 6.44529e-06, 1.01419e-05, 0.0202168, 0.210846, 2.80309, 4.24042, 6.68523, 1.06447e-05, 1.06553e-05, 0.00724752, 0.527682, 0.62463, 1.70069, 0.279767, 2.94028e-05, 3.55095e-05, 6.58574e-05, 7.00683e-05, 0.000154442, 0.000225669, 0.000247376, 0.000258873, 1.83023e-05, 1.84831e-05, 

1.61959e-05, 1.64608e-05, 0.0589812, 0.677493, 0.742083, 8.17, 8.94343, 8.62613e-06, 9.80685e-06, 0.00120919, 0.0420811, 0.245108, 0.754018, 0.827703, 6.44529e-06, 1.01419e-05, 0.0202168, 2.80309, 4.24042, 6.68523, 12.656, 1.06447e-05, 1.06553e-05, 0.00724752, 0.279767, 0.527682, 1.70069, 0.509737, 2.94028e-05, 3.55095e-05, 6.58574e-05, 7.00683e-05, 0.000154442, 0.000225669, 0.000247376, 0.000258873, 1.83023e-05, 1.84831e-05, 

1.61959e-05, 1.64608e-05, 0.0589812, 0.677493, 0.742083, 8.17, 8.94343, 8.62613e-06, 9.80685e-06, 0.00120919, 0.0420811, 0.245108, 0.754018, 0.000458397, 6.44529e-06, 1.01419e-05, 0.0202168, 2.73585, 6.68523, 12.656, 1.47692, 1.06352e-05, 1.06447e-05, 0.279767, 0.509737, 0.527682, 0.899218, 23.3045, 2.94028e-05, 3.55095e-05, 6.58574e-05, 7.00683e-05, 0.000154442, 0.000225669, 0.000247376, 0.000258873, 1.83023e-05, 1.84831e-05, 

1.61959e-05, 1.64608e-05, 0.0589812, 0.677493, 0.742083, 0.795491, 2.76418, 8.62613e-06, 9.80685e-06, 0.000458397, 0.00120919, 0.0420811, 0.245108, 0.21648, 5.58241e-06, 6.44529e-06, 0.0202168, 0.181686, 0.701394, 6.68523, 12.656, 1.06322e-05, 1.06352e-05, 0.135304, 0.509737, 0.527682, 0.899218, 23.3045, 2.94028e-05, 3.55095e-05, 6.58574e-05, 7.00683e-05, 0.000154442, 0.000225669, 0.000247376, 0.000258873, 1.83023e-05, 1.84831e-05, 

1.60207e-05, 1.61959e-05, 0.0589812, 0.742083, 0.795491, 2.76418, 1.00015, 8.12723e-06, 8.62613e-06, 0.00120919, 0.00521381, 0.0420811, 0.245108, 0.00125507, 5.58241e-06, 6.44529e-06, 0.00162829, 0.0202168, 0.701394, 12.656, 28.6192, 1.06299e-05, 1.06322e-05, 0.0116165, 0.509737, 0.527682, 0.899218, 23.3045, 2.94028e-05, 3.55095e-05, 6.58574e-05, 7.00683e-05, 0.000154442, 0.000225669, 0.000247376, 0.000258873, 1.83023e-05, 1.84831e-05, 

1.60207e-05, 1.61138e-05, 0.0589812, 0.333899, 0.795491, 2.76418, 8.24525, 8.12723e-06, 8.62613e-06, 0.00125507, 0.00521381, 0.0420811, 0.245108, 13.2601, 4.58921e-06, 5.58241e-06, 0.0202168, 0.556541, 0.701394, 12.656, 0.950232, 1.06299e-05, 1.06322e-05, 0.304041, 0.527682, 0.899218, 22.3416, 0.241834, 2.94028e-05, 3.55095e-05, 6.58574e-05, 7.00683e-05, 0.000154442, 0.000225669, 0.000247376, 0.000258873, 1.83023e-05, 1.84831e-05, 

1.60207e-05, 1.61138e-05, 0.0589812, 0.333899, 0.795491, 8.24525, 4.05301, 8.12723e-06, 8.62613e-06, 0.00264842, 0.00521381, 0.245108, 13.2601, 22.5081, 3.41312e-06, 4.58921e-06, 0.556541, 0.701394, 0.950232, 12.656, 2.71724, 1.06299e-05, 1.06322e-05, 0.241834, 0.304041, 0.527682, 0.899218, 23.9245, 2.94028e-05, 3.55095e-05, 6.58574e-05, 7.00683e-05, 0.000154442, 0.000225669, 0.000247376, 0.000258873, 1.83023e-05, 1.84831e-05, 

Best:
(-0.000525264, -0.00177122, )

Fitness Evaluations:
2986

End Population
(3.346969e-03), (2.195102e-03), (3.355920e-03), (2.202630e-03), (2.085767e-01), (-1.244065e-01), (2.240341e-01), (5.326419e-01), (2.286313e-05), (-8.919027e-01), (2.758621e+00), (7.970329e-01), (2.012718e+00), (4.443752e-02), (9.243432e-04), (-2.696817e-03), (8.108366e-04), (-2.822883e-03), (4.635359e-02), (2.235541e-02), (7.650440e-03), (7.180029e-02), (-6.691630e-02), (4.905411e-01), (1.332211e+00), (-3.388994e+00), (-1.570214e+00), (-4.476889e+00), (-5.252635e-04), (-1.771220e-03), (1.265724e-04), (-2.138501e-03), (6.653928e-01), (-3.373332e-01), (2.305048e-01), (-8.051469e-01), (-9.719945e-01), (7.388110e-02), (2.093506e+00), (2.876329e+00), (-1.262188e+00), (-1.060245e+00), (-1.928202e-03), (-2.629054e-03), (-1.928437e-03), (-2.629324e-03), (2.882544e-01), (-3.984260e-01), (-5.036359e-01), (-2.244822e-01), (-4.472005e-01), (5.724454e-01), (5.581765e-01), (-7.665879e-01), (2.149464e-01), (4.886546e+00), (-2.416025e-03), (4.854449e-03), (7.761090e-04), (5.908228e-03), (6.909200e-03), (4.256800e-03), (-8.091617e-03), (-2.143363e-03), (6.711546e-03), (1.045929e-02), (-2.403416e-03), (-1.482876e-02), (-6.077962e-03), (-1.450637e-02), (1.275799e-02), (9.803381e-03), (4.079212e-03), (1.289333e-03), (2.922752e-03), (3.152872e-03), 