Iterations: 50
Function Evaluations Limit: 150000
Population: 50

Prides Length: 4

Percent Nomads: 0.2
Percent Roaming: 0.2
Percent Sex: 0.8

Mating Rate: 0.3
Mutation Probability: 0.2
Immigration Rate: 0.4

Percent Group Influence: 0.4
Annealing On: true
Ranked Selection Pressure: 2
Near To Best Random Pressure: 2

Dimensions: 2
N-Dimension Space: -5:5

Fitness Iterations:
0.959451 (Initial Best)

29.369, 16.1225, 20.8247, 40.4661, 17.861, 13.3922, 26.1498, 7.09204, 18.9508, 20.0127, 0.959451, 19.7681, 21.0601, 10.7401, 16.1262, 18.4146, 6.97768, 23.6681, 8.18802, 4.1975, 11.0036, 17.6364, 3.31705, 37.2591, 22.8986, 21.5108, 13.315, 13.4109, 20.3376, 16.3837, 19.7194, 9.02093, 21.309, 10.3201, 11.966, 2.69668, 2.51343, 44.6059, 23.968, 5.05866, 16.5342, 17.4577, 4.08174, 8.94785, 4.13332, 4.63722, 6.88234, 14.5693, 34.6085, 16.6168, 

0.96464, 4.13332, 7.09204, 18.9508, 26.1498, 14.912, 12.5826, 4.65485, 6.97768, 0.88677, 0.691057, 0.786584, 0.641233, 8.18802, 10.7401, 2.72161, 9.71946, 1.51851, 0.772666, 2.69668, 2.26834, 0.71747, 13.4109, 14.7715, 16.3837, 21.5108, 28.0407, 7.08419, 0.857206, 5.05866, 1.78496, 2.01562, 0.222289, 11.966, 21.309, 30.4814, 11.395, 4.21401, 9.52053, 0.868232, 0.959451, 2.30116, 2.4278, 7.20652, 4.63722, 6.59435, 6.88234, 8.27979, 12.0209, 13.3922, 

0.0484264, 0.450487, 6.97768, 7.09204, 12.5826, 14.5595, 0.891008, 10.7401, 0.986827, 8.18802, 0.505044, 0.663635, 0.772666, 2.69668, 3.04114, 14.6462, 7.77722, 0.641233, 0.0990555, 0.26057, 0.71747, 1.04738, 7.17502, 13.4109, 14.7715, 1.19158, 6.2919, 1.24273, 5.05866, 0.88677, 0.0278578, 0.0212949, 0.119178, 1.44842, 9.52053, 25.1088, 0.0270855, 2.72161, 1.51851, 0.857206, 0.96464, 0.29766, 0.482598, 0.617771, 0.959451, 1.18732, 1.27831, 1.77025, 11.395, 11.966, 

0.0484264, 0.18311, 0.0853429, 0.986827, 5.41937, 6.97768, 12.5826, 0.0460987, 3.03777, 1.44842, 0.136064, 0.19484, 0.26057, 0.761046, 3.04114, 7.77722, 14.6462, 1.24273, 4.14841, 0.663607, 0.0263603, 0.482598, 0.63869, 0.88677, 5.05866, 6.15751, 14.7715, 0.772666, 0.641233, 0.0164253, 0.0162365, 0.0185287, 0.119178, 0.857206, 1.51851, 9.52053, 18.3434, 0.0882003, 1.19158, 2.72161, 0.0212949, 0.505044, 0.667615, 0.617771, 0.663635, 0.71747, 0.959451, 0.96464, 4.3047, 6.2919, 

0.0185287, 0.00182326, 0.0853429, 0.986827, 3.03777, 12.5826, 0.00118895, 0.0460987, 0.88677, 0.761046, 0.0212949, 0.0901826, 0.26057, 1.24273, 3.04114, 7.77722, 14.6462, 0.0406736, 1.44842, 0.0180474, 0.0263603, 0.0381581, 0.0164253, 0.463523, 0.772666, 5.05866, 0.164961, 2.72161, 0.0230928, 1.43255, 0.0162365, 0.0184661, 0.0882003, 0.119178, 0.857206, 9.52053, 18.3434, 0.115408, 1.19158, 0.641233, 0.0484264, 0.136064, 0.18311, 0.19484, 0.267476, 0.505044, 0.617771, 0.640552, 4.14841, 4.3047, 

0.00182326, 0.0185287, 0.0853429, 0.656506, 0.986827, 12.5826, 18.5713, 0.00118895, 0.0882003, 0.0230928, 0.0170635, 0.0901826, 0.26057, 1.24273, 14.6462, 10.0512, 0.442242, 1.19158, 0.0180474, 0.115408, 0.0151178, 0.0263603, 0.0526234, 0.463523, 0.772666, 5.05866, 3.09861, 0.88677, 0.0164253, 0.0460987, 0.0162365, 0.0170397, 0.0970569, 0.119178, 18.3434, 1.7094, 0.0269145, 0.0406736, 0.395589, 0.857206, 0.0212949, 0.0484264, 0.136064, 0.18311, 0.19484, 0.267476, 0.505044, 0.617771, 1.43255, 1.44842, 

0.00182326, 0.0129948, 0.00118895, 0.0853429, 18.5713, 8.52532, 0.0146976, 0.128061, 0.115408, 0.656506, 0.0162403, 0.0212949, 0.0180474, 0.26057, 0.923922, 1.19158, 10.0512, 0.119178, 0.0526234, 0.0230928, 0.00125339, 0.0151178, 0.0460987, 0.463523, 0.88677, 0.968854, 5.10497, 0.550387, 0.246633, 0.442242, 0.0162365, 0.0170397, 0.0269145, 0.0406736, 0.0970569, 0.857206, 18.3434, 0.0164253, 0.395589, 0.0882003, 0.0170635, 0.0562811, 0.0484264, 0.0796674, 0.136064, 0.164669, 0.18311, 0.19484, 0.772666, 0.986827, 

0.00139575, 0.0111424, 0.00118895, 0.0853429, 0.115408, 0.656506, 18.5713, 0.395589, 0.0230928, 0.0146976, 0.0162403, 0.0170635, 0.0180474, 0.0526234, 0.119178, 0.923922, 0.22795, 0.442242, 0.26057, 0.0164253, 0.000152236, 0.00125339, 0.246633, 0.463523, 0.88677, 5.10497, 11.2725, 0.0460987, 0.117512, 0.0406736, 0.0162365, 0.0170397, 0.0269145, 0.0882003, 0.0970569, 2.83711, 6.18055, 0.550387, 0.128061, 0.772666, 0.0212949, 0.0229824, 0.0484264, 0.0562811, 0.0796674, 0.111785, 0.136064, 0.164669, 0.857206, 0.85944, 

0.00139575, 0.0111424, 0.0853429, 0.395589, 0.656506, 2.39084, 10.8063, 0.0230928, 0.22795, 0.117512, 0.0150071, 0.0135498, 0.0123726, 0.0526234, 0.119178, 0.0137998, 0.40886, 0.0269145, 0.128061, 0.115408, 0.000152236, 0.00125339, 0.0191163, 0.0460987, 0.88677, 0.0072311, 0.275704, 0.0180474, 0.0164253, 0.00118895, 0.00526539, 0.0156125, 0.0970569, 0.550387, 0.772666, 6.18055, 2.19837, 0.0406736, 0.0882003, 0.0146976, 0.00623452, 0.0170635, 0.0212949, 0.0229824, 0.0484264, 0.0562811, 0.0796674, 0.111785, 0.246633, 0.26057, 

1.45778e-06, 0.00125339, 0.0230928, 0.117512, 0.22795, 0.395589, 10.8063, 0.00118895, 0.0137998, 0.128061, 0.00623452, 0.00690662, 0.0123726, 0.0269145, 0.115408, 0.119178, 0.0559438, 0.00490891, 0.0853429, 0.000126746, 0.000152236, 0.000369066, 0.0072311, 0.0191163, 0.0460987, 0.88677, 3.98242, 0.0526234, 0.0164253, 0.0180474, 0.00526539, 0.0156125, 0.0970569, 0.772666, 6.18055, 5.65494, 2.37015, 0.0146976, 0.0406736, 0.0882003, 0.00139575, 0.0122871, 0.0150071, 0.0170635, 0.0212949, 0.0229824, 0.0374513, 0.0484264, 0.246633, 0.26057, 

1.45778e-06, 0.000570933, 0.000380671, 0.00118895, 0.117512, 0.128061, 0.22795, 0.0137998, 0.0164253, 0.246633, 0.00139575, 0.00690662, 0.000126746, 0.0123726, 0.0559438, 0.0853429, 0.119178, 0.26057, 0.00490891, 0.0269145, 0.000152236, 0.000369066, 0.0180474, 0.0191163, 0.0460987, 0.0526234, 2.98129, 0.0146976, 0.15185, 0.000603813, 0.00113364, 0.0150071, 0.0406736, 0.0882003, 0.0970569, 2.37015, 5.65494, 0.0072311, 0.115408, 0.395589, 0.00526539, 0.00623452, 0.0122871, 0.0156125, 0.0166246, 0.0170635, 0.0212949, 0.0229824, 

1.45778e-06, 0.000554325, 0.0137998, 0.117512, 0.128061, 0.22795, 3.45202, 0.0269145, 0.119178, 0.0559438, 0.00139575, 0.00526539, 0.000126746, 0.00490891, 0.0853429, 0.26057, 0.50504, 0.00118895, 0.0460987, 0.000380671, 0.000152236, 0.000369066, 0.000603813, 0.0146976, 0.0191163, 0.0526234, 3.7784, 0.0849681, 0.0072311, 0.0180474, 0.00113364, 0.00623452, 0.0406736, 0.0882003, 0.0970569, 0.115408, 0.395589, 0.0123726, 0.246633, 0.0164253, 0.00690662, 0.0150071, 0.0122871, 0.0156125, 0.0166246, 0.0170635, 0.0212949, 0.0229824, 

1.45778e-06, 5.50255e-06, 0.0137998, 0.0269145, 0.0559438, 0.128061, 3.45202, 0.0460987, 0.000603813, 0.0882003, 0.00139575, 0.00478664, 0.00118895, 0.0853429, 0.26057, 4.21144, 0.553866, 0.000380671, 0.00400449, 0.0526234, 0.000152236, 0.000172005, 0.0072311, 0.0146976, 0.0191163, 0.0849681, 3.7784, 0.00490891, 0.0180474, 0.000126746, 0.00113364, 0.003323, 0.0164253, 0.0406736, 0.0970569, 0.115408, 10.9167, 0.0146801, 0.117512, 0.0123726, 0.000369066, 0.00344109, 0.00526539, 0.00690662, 0.0122871, 0.0150071, 0.0156125, 0.0166246, 0.22795, 0.246633, 

1.45778e-06, 5.50255e-06, 0.000603813, 0.0269145, 0.0559438, 0.128061, 2.45988, 0.00400449, 0.0460987, 0.0072311, 0.000135742, 0.000369066, 0.00118895, 0.0853429, 0.553866, 4.21144, 1.17966, 0.0191163, 0.000126746, 0.0123726, 4.75162e-05, 0.000152236, 0.0146976, 0.0849681, 3.7784, 0.739631, 5.9664, 0.086555, 0.000380671, 0.0137998, 0.00113364, 0.003323, 0.00317948, 0.0164253, 0.0406736, 0.0970569, 0.117512, 0.0526234, 0.0180474, 0.00490891, 0.00478664, 0.00344109, 0.00526539, 0.00690662, 0.0122871, 0.0150071, 0.0156125, 0.0166246, 0.0882003, 0.0906464, 

1.45778e-06, 5.50255e-06, 0.000603813, 0.0072311, 0.0269145, 0.128061, 12.7347, 0.0559438, 0.00460913, 0.0191163, 0.000135742, 0.000369066, 0.000126746, 0.0123726, 0.553866, 1.17966, 9.39881, 0.0164253, 0.00118895, 0.0180474, 4.75162e-05, 0.000152236, 0.000380671, 0.0146976, 0.0849681, 0.086555, 12.6885, 0.00400449, 0.0853429, 0.0137998, 0.000418411, 0.00113364, 0.00490891, 0.0406736, 0.0970569, 0.117512, 0.588516, 0.00015076, 0.0526234, 0.0460987, 0.00344109, 0.00478664, 0.00526539, 0.00690662, 0.0122871, 0.0150071, 0.0156125, 0.0166246, 0.0906464, 

1.45778e-06, 5.50255e-06, 0.0191163, 0.0559438, 0.128061, 1.00191, 4.55013, 0.00302472, 0.0269145, 0.0180474, 0.000135742, 0.000198453, 0.00118895, 0.0164253, 1.17966, 1.26393, 3.64479, 0.0123726, 0.00490891, 0.000380671, 4.75162e-05, 0.000152236, 0.00400449, 0.0849681, 0.086555, 11.5843, 0.182118, 0.0137998, 0.0146976, 0.000603813, 0.000255384, 0.00113364, 0.00015076, 0.0406736, 0.117512, 0.325404, 3.8263, 0.00460913, 0.0072311, 0.000126746, 0.00246705, 0.00344109, 0.00478664, 0.00526539, 0.00690662, 0.0122871, 0.0150071, 0.0156125, 0.0460987, 0.0526234, 

1.45778e-06, 5.07414e-06, 0.0191163, 0.0269145, 0.128061, 4.55013, 9.42764, 0.000380671, 0.00825135, 0.00460913, 0.000135742, 0.000198453, 0.0010336, 0.0164253, 1.17966, 1.26393, 3.64479, 0.0072311, 0.0137998, 0.00118895, 1.62856e-05, 4.75162e-05, 0.000603813, 0.086555, 11.5843, 3.52536, 4.61756, 0.0180474, 0.00015076, 0.000552321, 0.000216286, 0.00113364, 0.000126746, 0.325404, 3.8263, 0.292781, 7.67086, 0.00490891, 0.0146976, 0.00400449, 0.000255384, 0.00246705, 0.00344109, 0.00478664, 0.00526539, 0.00690662, 0.0122871, 0.0150071, 0.0460987, 0.0526234, 

1.45778e-06, 5.07414e-06, 0.000380671, 0.00460913, 0.0269145, 4.55013, 9.42764, 0.0460987, 0.000180196, 0.000603813, 8.06102e-05, 0.000198453, 0.00118895, 0.0137998, 0.0164253, 0.280887, 0.778248, 0.00400449, 0.000126746, 0.0191163, 1.62856e-05, 4.75162e-05, 0.00015076, 0.0180474, 0.086555, 3.52536, 3.00222, 0.0146976, 0.0526234, 0.000552321, 0.000216286, 0.000255384, 0.00490891, 0.292781, 0.325404, 14.7502, 5.91075, 0.00825135, 0.0010336, 0.00406888, 0.00113364, 0.00155943, 0.00246705, 0.00344109, 0.00478664, 0.00526539, 0.00690662, 0.0122871, 

1.45778e-06, 5.07414e-06, 0.000380671, 0.000603813, 0.0269145, 0.0460987, 4.55013, 8.06102e-05, 0.000178255, 0.00118895, 0.0137998, 0.0164253, 0.633674, 11.3819, 1.62856e-05, 2.813e-05, 0.000552321, 0.0180474, 0.0526234, 3.52536, 4.46462, 0.000216286, 0.000255384, 0.0010336, 0.00308709, 0.00490891, 0.00825135, 1.1604, 0.00113364, 0.00155943, 0.00246705, 0.00344109, 0.00478664, 0.00526539, 0.00690662, 0.0122871, 0.000126746, 0.00015076, 

1.45778e-06, 5.07414e-06, 0.000380671, 0.000603813, 0.0460987, 4.55013, 3.84448, 8.06102e-05, 0.000178255, 0.00118895, 0.0137998, 0.0164253, 0.633674, 3.73228, 1.62856e-05, 2.813e-05, 0.000552321, 0.0180474, 0.0526234, 3.52536, 4.46462, 0.000216286, 0.000255384, 0.00308709, 0.00326176, 0.00490891, 1.1604, 0.178409, 0.00113364, 0.00155943, 0.00246705, 0.00344109, 0.00478664, 0.00526539, 0.00690662, 0.0122871, 0.000126746, 0.00015076, 

1.45778e-06, 5.07414e-06, 0.000603813, 0.0460987, 3.84448, 4.55013, 0.781012, 8.06102e-05, 0.00015252, 0.00118895, 0.0137998, 0.633674, 3.73228, 6.60939, 1.62856e-05, 2.813e-05, 0.000552321, 0.0067504, 0.0180474, 4.46462, 4.79168, 6.5611e-05, 0.000216286, 4.96562e-06, 0.00308709, 0.00490891, 0.178409, 1.34896, 0.00113364, 0.00155943, 0.00246705, 0.00344109, 0.00478664, 0.00526539, 0.00690662, 0.0122871, 0.000126746, 0.00015076, 

1.45778e-06, 5.07414e-06, 0.000603813, 0.0343146, 0.781012, 2.21795, 4.55013, 8.06102e-05, 0.00015252, 0.0137998, 0.633674, 3.73228, 6.60939, 4.2918, 6.82373e-06, 2.813e-05, 0.000552321, 0.0067504, 0.0180474, 4.46462, 5.83498, 1.62091e-05, 6.5611e-05, 4.96562e-06, 0.00308709, 0.00684727, 0.178409, 0.00294602, 0.000144, 0.00113364, 0.00155943, 0.00246705, 0.00344109, 0.00478664, 0.00526539, 0.00690662, 0.000126746, 0.00015076, 

1.45778e-06, 5.07414e-06, 0.000603813, 0.00386706, 2.21795, 4.55013, 11.518, 1.62091e-05, 8.06102e-05, 0.633674, 3.73228, 4.2918, 5.25204, 0.00228301, 6.82373e-06, 2.813e-05, 0.000552321, 0.0180474, 4.46462, 5.83498, 9.48323e-05, 4.89777e-06, 4.84472e-06, 4.96562e-06, 0.00308709, 0.00684727, 0.178409, 4.83068e-06, 6.48938e-05, 0.000144, 0.00113364, 0.00155943, 0.00246705, 0.00344109, 0.00478664, 0.00526539, 0.000126746, 0.00015076, 

1.45778e-06, 5.07414e-06, 0.000603813, 0.296926, 2.21795, 4.55013, 0.998921, 1.62091e-05, 6.48938e-05, 0.00228301, 0.633674, 4.2918, 5.25204, 0.113382, 6.82373e-06, 1.59773e-05, 9.48323e-05, 0.000552321, 0.0180474, 5.83498, 1.19141, 4.80445e-06, 4.84472e-06, 4.83068e-06, 4.96562e-06, 0.00684727, 0.178409, 1.09871, 8.06102e-05, 0.000144, 0.00113364, 0.00155943, 0.00246705, 0.00344109, 0.00478664, 0.00526539, 0.000126746, 0.00015076, 

1.45778e-06, 5.07414e-06, 0.256238, 0.296926, 2.21795, 4.55013, 17.3786, 1.62091e-05, 6.48938e-05, 0.00228301, 0.113382, 0.633674, 5.25204, 2.236, 6.82373e-06, 1.2973e-05, 9.48323e-05, 0.000552321, 0.0180474, 1.16873, 1.15863, 4.79585e-06, 4.84046e-06, 4.83068e-06, 0.00208377, 0.178409, 1.09871, 0.000250451, 8.06102e-05, 0.000144, 0.00113364, 0.00155943, 0.00246705, 0.00344109, 0.00478664, 0.00526539, 4.96562e-06, 0.000126746, 

1.45778e-06, 2.7e-06, 0.022595, 0.296926, 4.55013, 17.3786, 0.00254122, 1.62091e-05, 6.48938e-05, 0.00228301, 0.633674, 2.236, 5.25204, 10.8694, 6.82373e-06, 1.2973e-05, 9.48323e-05, 0.0180474, 1.15863, 1.16873, 1.54535, 4.79585e-06, 4.79688e-06, 4.83068e-06, 0.000250451, 0.00208377, 0.178409, 9.36514, 8.06102e-05, 0.000144, 0.00113364, 0.00155943, 0.00246705, 0.00344109, 0.00478664, 0.00526539, 4.96562e-06, 0.000126746, 

1.45778e-06, 2.7e-06, 0.00254122, 0.022595, 2.60057, 17.3786, 2.43799, 1.62091e-05, 6.48938e-05, 0.00228301, 0.633674, 2.236, 5.25204, 9.68874, 6.82373e-06, 8.5228e-06, 9.48323e-05, 0.0180474, 0.740329, 1.15863, 4.84991, 4.79585e-06, 4.79688e-06, 4.83068e-06, 0.000250451, 0.178409, 9.36514, 16.2979, 8.06102e-05, 0.000144, 0.00113364, 0.00155943, 0.00246705, 0.00344109, 0.00478664, 0.00526539, 4.96562e-06, 0.000126746, 

1.45778e-06, 2.7e-06, 0.00130656, 0.00254122, 0.022595, 2.43799, 17.3786, 1.62091e-05, 6.48938e-05, 0.00228301, 0.633674, 2.236, 5.25204, 4.96472, 6.82373e-06, 8.5228e-06, 0.0180474, 0.531446, 1.15863, 4.84991, 2.83415, 4.79585e-06, 4.79688e-06, 4.83068e-06, 0.000250451, 9.36514, 16.2979, 16.3996, 8.06102e-05, 0.000144, 0.00113364, 0.00155943, 0.00246705, 0.00344109, 0.00478664, 0.00526539, 4.96562e-06, 0.000126746, 

1.45778e-06, 1.79852e-06, 0.00130656, 0.00254122, 0.022595, 2.43799, 0.0647033, 1.62091e-05, 6.48938e-05, 0.00228301, 0.633674, 0.660435, 5.25204, 3.13329, 5.5242e-06, 6.82373e-06, 0.005722, 0.0180474, 2.83415, 4.84991, 4.14292, 4.79585e-06, 4.79688e-06, 4.83068e-06, 0.000250451, 5.39948, 8.79093, 9.36514, 8.06102e-05, 0.000144, 0.00113364, 0.00155943, 0.00246705, 0.00344109, 0.00478664, 0.00526539, 4.96562e-06, 0.000126746, 

1.45778e-06, 1.79852e-06, 0.00130656, 0.00254122, 0.022595, 0.0647033, 0.000321978, 1.62091e-05, 6.48938e-05, 0.00228301, 0.633674, 1.84363, 3.13329, 0.474712, 5.5242e-06, 6.82373e-06, 0.005722, 0.0180474, 2.83415, 4.14292, 0.548354, 4.79585e-06, 4.79688e-06, 4.83068e-06, 0.000250451, 6.92841, 9.36514, 1.12916, 8.06102e-05, 0.000144, 0.00113364, 0.00155943, 0.00246705, 0.00344109, 0.00478664, 0.00526539, 4.96562e-06, 0.000126746, 

1.45778e-06, 1.79852e-06, 0.00130656, 0.00254122, 0.022595, 0.0647033, 0.0287804, 1.62091e-05, 6.48938e-05, 0.00228301, 0.474712, 0.633674, 1.84363, 3.13329, 5.5242e-06, 6.42987e-06, 0.0180474, 0.132262, 0.548354, 2.83415, 0.0225624, 4.79585e-06, 4.79688e-06, 4.83068e-06, 0.373839, 2.11175, 6.92841, 2.46975e-05, 8.06102e-05, 0.000144, 0.00113364, 0.00155943, 0.00246705, 0.00344109, 0.00478664, 0.00526539, 4.96562e-06, 0.000126746, 

1.45778e-06, 1.79852e-06, 4.78166e-05, 0.022595, 0.0287804, 0.0647033, 1.58413e-05, 1.62091e-05, 6.48938e-05, 0.00228301, 0.474712, 1.84363, 3.13329, 0.000607236, 5.5242e-06, 6.42987e-06, 0.0180474, 0.0225624, 0.125497, 0.548354, 0.758348, 4.79585e-06, 4.79688e-06, 4.83068e-06, 0.373839, 2.11175, 6.92841, 4.25253e-06, 8.06102e-05, 0.000144, 0.00113364, 0.00155943, 0.00246705, 0.00344109, 0.00478664, 0.00526539, 4.96562e-06, 0.000126746, 

1.45778e-06, 1.79852e-06, 1.58413e-05, 4.78166e-05, 0.022595, 0.0287804, 18.8518, 1.62091e-05, 6.48938e-05, 0.000607236, 0.474712, 1.84363, 3.13329, 14.3969, 5.5242e-06, 6.00955e-06, 0.0155499, 0.0180474, 0.0225624, 0.548354, 3.59401, 4.79544e-06, 4.79688e-06, 4.25253e-06, 4.83068e-06, 0.373839, 2.11175, 6.92841, 8.06102e-05, 0.000144, 0.00113364, 0.00155943, 0.00246705, 0.00344109, 0.00478664, 0.00526539, 4.96562e-06, 0.000126746, 

1.45778e-06, 1.79852e-06, 1.58413e-05, 4.78166e-05, 0.022595, 0.0287804, 3.94599, 1.62091e-05, 4.45667e-05, 0.000607236, 0.474712, 1.84363, 14.3969, 14.7802, 5.14775e-06, 5.5242e-06, 0.0155499, 0.0180474, 0.0225624, 0.548354, 0.00367207, 4.79544e-06, 4.79688e-06, 4.25253e-06, 4.83068e-06, 0.373839, 6.92841, 2.25597, 8.06102e-05, 0.000144, 0.00113364, 0.00155943, 0.00246705, 0.00344109, 0.00478664, 0.00526539, 4.96562e-06, 0.000126746, 

1.45778e-06, 1.79852e-06, 1.58413e-05, 4.78166e-05, 0.0287804, 3.94599, 12.6643, 1.60904e-05, 3.59352e-05, 0.000607236, 0.474712, 1.84363, 14.3969, 5.95344, 5.14775e-06, 5.5242e-06, 0.00367207, 0.0155499, 0.0180474, 0.0225624, 0.548354, 4.79544e-06, 4.79688e-06, 4.25253e-06, 4.83068e-06, 0.373839, 2.25597, 6.92841, 8.06102e-05, 0.000144, 0.00113364, 0.00155943, 0.00246705, 0.00344109, 0.00478664, 0.00526539, 4.96562e-06, 0.000126746, 

1.45778e-06, 1.79852e-06, 4.78166e-05, 0.0287804, 3.94599, 12.6643, 8.33926, 1.60904e-05, 3.59352e-05, 0.474712, 1.84363, 5.95344, 14.3969, 3.18747, 4.96397e-06, 5.14775e-06, 0.00367207, 0.0155499, 0.0225624, 0.548354, 2.79642, 4.79544e-06, 2.7853e-06, 4.25253e-06, 4.83068e-06, 0.373839, 2.25597, 2.66136, 8.06102e-05, 0.000144, 0.00113364, 0.00155943, 0.00246705, 0.00344109, 0.00478664, 0.00526539, 4.96562e-06, 0.000126746, 

1.45778e-06, 1.79852e-06, 4.78166e-05, 0.0287804, 2.33142, 3.94599, 12.6643, 3.18967e-06, 1.60904e-05, 0.474712, 0.568166, 3.18747, 14.3969, 6.70581, 4.96397e-06, 5.14775e-06, 0.00367207, 0.0155499, 0.0225624, 2.79642, 0.940524, 2.7853e-06, 4.79544e-06, 4.25253e-06, 4.83068e-06, 0.311175, 1.18611, 2.25597, 8.06102e-05, 0.000144, 0.00113364, 0.00155943, 0.00246705, 0.00344109, 0.00478664, 0.00526539, 4.96562e-06, 0.000126746, 

1.45778e-06, 1.79852e-06, 4.78166e-05, 0.0287804, 1.17628, 2.33142, 12.6643, 3.18967e-06, 8.19572e-06, 0.474712, 0.568166, 1.06349, 6.70581, 14.3969, 4.96397e-06, 5.00722e-06, 0.00367207, 0.0155499, 0.0225624, 0.0908345, 23.6469, 2.7853e-06, 3.04116e-06, 4.25253e-06, 0.164195, 1.18611, 2.25597, 3.27118e-06, 8.06102e-05, 0.000144, 0.00113364, 0.00155943, 0.00246705, 0.00344109, 0.00478664, 0.00526539, 4.96562e-06, 0.000126746, 

1.45778e-06, 1.79852e-06, 4.78166e-05, 0.439527, 1.17628, 2.33142, 0.595866, 3.18967e-06, 8.19572e-06, 0.568166, 1.06349, 6.70581, 9.00089, 5.22858, 4.96397e-06, 5.00722e-06, 0.00367207, 0.0155499, 0.0225624, 0.0719893, 23.6469, 2.7853e-06, 3.04116e-06, 3.27118e-06, 4.25253e-06, 0.164195, 0.59866, 1.18611, 8.06102e-05, 0.000144, 0.00113364, 0.00155943, 0.00246705, 0.00344109, 0.00478664, 0.00526539, 4.96562e-06, 0.000126746, 

1.341e-06, 1.45778e-06, 0.439527, 0.595866, 1.17628, 2.33142, 4.4862, 3.18967e-06, 8.19572e-06, 0.568166, 1.06349, 5.22858, 6.70581, 15.5663, 4.96397e-06, 5.00722e-06, 0.00367207, 0.0225624, 0.0719893, 0.94729, 0.984622, 2.7853e-06, 3.04116e-06, 4.25253e-06, 0.164195, 0.59866, 1.18611, 0.294687, 8.06102e-05, 0.000144, 0.00113364, 0.00155943, 0.00246705, 0.00344109, 0.00478664, 0.00526539, 4.96562e-06, 0.000126746, 

1.341e-06, 1.39492e-06, 0.0296158, 0.439527, 1.17628, 4.4862, 2.89312, 8.62572e-07, 3.18967e-06, 1.03744, 5.22858, 6.70581, 15.5663, 0.169949, 4.96397e-06, 5.00722e-06, 0.00367207, 0.0225624, 0.0719893, 0.94729, 0.984622, 2.7853e-06, 3.01756e-06, 4.25253e-06, 0.164195, 0.294687, 1.18611, 4.07561, 8.06102e-05, 0.000144, 0.00113364, 0.00155943, 0.00246705, 0.00344109, 0.00478664, 0.00526539, 4.96562e-06, 0.000126746, 

1.341e-06, 1.37453e-06, 0.0296158, 0.439527, 1.17628, 2.89312, 5.45773, 8.62572e-07, 3.18967e-06, 0.173, 1.03744, 6.70581, 15.5663, 6.36255, 4.96397e-06, 5.00722e-06, 0.00367207, 0.0225624, 0.0719893, 0.292001, 2.56995, 2.7853e-06, 3.01756e-06, 4.25253e-06, 0.164195, 0.188984, 4.07561, 9.24866, 8.06102e-05, 0.000144, 0.00113364, 0.00155943, 0.00246705, 0.00344109, 0.00478664, 0.00526539, 4.96562e-06, 0.000126746, 

1.30699e-06, 1.341e-06, 0.439527, 0.441056, 2.89312, 5.45773, 0.154172, 8.62572e-07, 3.18967e-06, 0.00609033, 4.67272, 6.70581, 15.5663, 0.0011767, 4.96397e-06, 4.9745e-06, 0.0225624, 0.0719893, 0.292001, 2.56995, 0.00278938, 2.7853e-06, 3.01756e-06, 0.135328, 0.188984, 4.07561, 8.86175, 2.77551, 8.06102e-05, 0.000144, 0.00113364, 0.00155943, 0.00246705, 0.00344109, 0.00478664, 0.00526539, 4.96562e-06, 0.000126746, 

1.30699e-06, 1.341e-06, 0.0564281, 0.439527, 0.441056, 2.89312, 0.00509755, 8.62572e-07, 3.18967e-06, 0.0011767, 0.76793, 4.67272, 6.70581, 12.4475, 4.96397e-06, 4.96624e-06, 0.00278938, 0.0225624, 0.292001, 2.56995, 4.08478, 2.7853e-06, 3.01756e-06, 0.135328, 2.77551, 2.84236, 7.37601, 6.57256, 8.06102e-05, 0.000144, 0.00113364, 0.00155943, 0.00246705, 0.00344109, 0.00478664, 0.00526539, 4.96562e-06, 0.000126746, 

1.30699e-06, 1.341e-06, 0.00509755, 0.0564281, 0.439527, 2.89312, 13.2817, 8.62572e-07, 3.18967e-06, 0.76793, 4.67272, 6.70581, 12.4475, 0.945817, 4.96397e-06, 4.96624e-06, 0.00278938, 0.0225624, 0.292001, 2.56995, 4.08478, 2.54459e-06, 2.7853e-06, 1.04658, 1.66596, 6.57256, 7.37601, 0.393325, 8.06102e-05, 0.000144, 0.00113364, 0.00155943, 0.00246705, 0.00344109, 0.00478664, 0.00526539, 4.96562e-06, 0.000126746, 

1.30699e-06, 1.341e-06, 0.00509755, 0.0564281, 0.439527, 12.7986, 0.118884, 8.62572e-07, 3.18967e-06, 0.422976, 3.21743, 4.67272, 6.70581, 1.47175, 4.96397e-06, 4.96624e-06, 0.00278938, 0.292001, 2.56995, 4.08478, 0.00769884, 2.54459e-06, 2.78504e-06, 0.393325, 0.967324, 1.66596, 6.57256, 0.101602, 8.06102e-05, 0.000144, 0.00113364, 0.00155943, 0.00246705, 0.00344109, 0.00478664, 0.00526539, 4.96562e-06, 0.000126746, 

1.30699e-06, 1.341e-06, 0.00509755, 0.0285834, 0.439527, 12.7986, 6.86706, 8.62572e-07, 3.18967e-06, 0.422976, 1.41104, 3.21743, 4.67272, 6.70581, 4.96397e-06, 4.96624e-06, 0.000916937, 0.00278938, 2.56995, 4.08478, 0.697409, 2.54459e-06, 2.66269e-06, 0.101602, 0.247431, 0.393325, 6.57256, 1.96677, 8.06102e-05, 0.000144, 0.00113364, 0.00155943, 0.00246705, 0.00344109, 0.00478664, 0.00526539, 4.96562e-06, 0.000126746, 

1.30699e-06, 1.341e-06, 0.00509755, 0.0177551, 0.0285834, 12.7986, 0.736308, 5.88553e-07, 8.62572e-07, 0.422976, 0.471745, 3.21743, 4.67272, 1.94235, 4.96397e-06, 4.96624e-06, 0.00278938, 0.34513, 2.56995, 4.08478, 0.123332, 2.51294e-06, 2.54459e-06, 0.101602, 0.393325, 0.413424, 1.96677, 6.87729, 8.06102e-05, 0.000144, 0.00113364, 0.00155943, 0.00246705, 0.00344109, 0.00478664, 0.00526539, 4.96562e-06, 0.000126746, 

1.27257e-06, 1.30699e-06, 0.00509755, 0.0177551, 0.0285834, 0.736308, 12.7986, 5.88553e-07, 8.62572e-07, 0.392825, 0.422976, 0.471745, 1.94235, 3.21743, 4.96397e-06, 4.96624e-06, 0.00278938, 0.123332, 2.56995, 4.08478, 6.77752, 2.51294e-06, 2.52611e-06, 0.0295817, 0.101602, 0.393325, 1.96677, 0.00480076, 8.06102e-05, 0.000144, 0.00113364, 0.00155943, 0.00246705, 0.00344109, 0.00478664, 0.00526539, 4.96562e-06, 0.000126746, 

1.27257e-06, 1.28588e-06, 0.0177551, 0.0285834, 0.280948, 0.736308, 10.3089, 5.88553e-07, 6.94073e-07, 0.392825, 0.422976, 0.471745, 1.94235, 0.0101063, 4.96365e-06, 4.96397e-06, 0.00278938, 0.123332, 0.361232, 1.02775, 6.77752, 2.51294e-06, 2.52329e-06, 0.00480076, 0.101602, 0.393325, 1.96677, 0.0006353, 8.06102e-05, 0.000144, 0.00113364, 0.00155943, 0.00246705, 0.00344109, 0.00478664, 0.00526539, 4.96562e-06, 0.000126746, 

1.27257e-06, 1.2794e-06, 0.0177551, 0.0456826, 0.736308, 10.3089, 19.0481, 5.6099e-07, 5.88553e-07, 0.0101063, 0.422976, 0.471745, 1.94235, 0.588061, 4.96365e-06, 4.96377e-06, 0.00278938, 0.0525714, 0.123332, 6.77752, 0.0169308, 2.51294e-06, 2.52329e-06, 0.0006353, 0.00263048, 0.101602, 0.393325, 0.104728, 8.06102e-05, 0.000144, 0.00113364, 0.00155943, 0.00246705, 0.00344109, 0.00478664, 0.00526539, 4.96562e-06, 0.000126746, 

Best:
(0.000487639, 0.000568505, )

Fitness Evaluations:
2624

End Population
(6.271274e-04), (9.376997e-04), (6.281404e-04), (9.406568e-04), (-5.081550e-02), (-1.231784e-01), (3.958196e-03), (2.136983e-01), (1.195078e-01), (8.497209e-01), (3.195348e+00), (3.141178e-01), (-3.953714e+00), (-1.848302e+00), (4.876390e-04), (5.685051e-04), (4.858065e-04), (5.937550e-04), (-8.220942e-02), (5.786097e-02), (-5.282247e-01), (3.794139e-01), (3.234264e-01), (6.059211e-01), (3.571963e-01), (1.347129e+00), (1.966833e-01), (7.411994e-01), (9.521957e-04), (-2.014194e-03), (9.522130e-04), (-2.014214e-03), (4.202678e-02), (3.198648e-02), (-1.563473e-01), (1.677110e-01), (-3.407280e-01), (8.506690e-02), (1.323392e+00), (-2.241908e+00), (-8.893858e-02), (9.497741e-02), (-1.458393e-03), (-6.213103e-04), (-1.464776e-03), (-6.145931e-04), (1.697258e-02), (-1.863415e-02), (-1.205376e-02), (4.985161e-02), (3.152085e-01), (4.738436e-02), (6.244744e-01), (-5.793944e-02), (-3.620546e-02), (3.215854e-01), (-7.808265e-03), (4.431839e-03), (6.204323e-03), (1.027165e-02), (2.283654e-02), (-2.474134e-02), (2.711684e-02), (-2.870721e-02), (2.642894e-02), (4.205431e-02), (1.223983e-02), (5.736966e-02), (9.855377e-03), (6.848002e-02), (7.109001e-02), (-1.454639e-02), (-7.740984e-04), (-2.089592e-03), (-1.021280e-02), (4.737585e-03), 