Iterations: 50
Function Evaluations Limit: 150000
Population: 50

Prides Length: 4

Percent Nomads: 0.2
Percent Roaming: 0.2
Percent Sex: 0.8

Mating Rate: 0.3
Mutation Probability: 0.2
Immigration Rate: 0.4

Percent Group Influence: 0.4
Annealing On: true
Ranked Selection Pressure: 2
Near To Best Random Pressure: 2

Dimensions: 2
N-Dimension Space: -5:5

Fitness Iterations:
1.42941 (Initial Best)

9.51185, 4.31863, 5.63755, 29.8651, 3.92821, 39.8912, 18.6148, 23.7605, 23.4574, 3.53059, 5.72198, 27.0711, 21.9218, 5.66285, 23.0778, 1.74761, 10.5208, 21.1658, 8.42624, 3.09289, 26.6874, 12.5077, 4.81109, 1.42941, 9.14145, 26.909, 44.3127, 22.3141, 21.5583, 2.61225, 12.7234, 3.92656, 11.3559, 17.7881, 13.4791, 13.955, 12.6546, 10.7466, 27.5241, 2.48618, 19.9536, 37.5735, 20.401, 12.0443, 18.7884, 37.1395, 5.44137, 6.57948, 13.5764, 17.8279, 

0.455403, 0.068595, 1.29105, 2.26739, 3.92821, 23.4574, 1.44796, 3.67084, 5.27575, 7.18135, 1.09646, 1.39332, 5.66285, 21.1658, 21.9218, 1.99891, 10.9743, 2.56612, 3.14902, 0.372521, 5.44137, 6.2502, 1.07958, 1.42941, 4.7153, 25.7634, 15.5813, 0.814496, 5.11049, 8.42624, 1.53018, 0.313694, 2.48618, 13.955, 27.5241, 3.25514, 27.8947, 3.09289, 3.27426, 7.68861, 5.43677, 3.92656, 4.31863, 5.72198, 6.35343, 6.57948, 7.87094, 9.51185, 9.81681, 10.5208, 

0.068595, 0.187397, 0.143016, 1.44796, 5.27575, 0.134216, 0.790529, 2.29635, 0.814496, 0.271345, 0.0448121, 0.356022, 0.372521, 1.99891, 3.94542, 21.1658, 1.66022, 1.72476, 0.719627, 3.27426, 0.792415, 1.09439, 1.07958, 1.42941, 4.7153, 5.11049, 15.5813, 3.38746, 3.14902, 1.71013, 0.313694, 0.317311, 2.48618, 3.25514, 7.68861, 22.0822, 0.686135, 1.9827, 1.10877, 2.56612, 1.09646, 0.350034, 1.39332, 1.52291, 1.24563, 1.47688, 1.54663, 1.75137, 3.92821, 4.38545, 

0.00868318, 0.187397, 0.134216, 0.143016, 1.44796, 2.29635, 3.15803, 0.790529, 0.686135, 0.372521, 0.0448121, 0.356022, 0.719627, 1.66022, 1.72476, 3.94542, 11.425, 0.521834, 0.666076, 0.233282, 0.350034, 0.471494, 1.07958, 3.14902, 5.11049, 2.07533, 4.45483, 1.17469, 0.814496, 1.42941, 0.313694, 0.236389, 0.347576, 1.10877, 3.25514, 7.68861, 0.245995, 0.43774, 1.9827, 0.271345, 0.068595, 0.317311, 0.792415, 0.386896, 1.09439, 0.640789, 0.661731, 1.09646, 1.99891, 3.27426, 

0.00868318, 0.0272303, 0.143016, 0.372521, 0.686135, 0.790529, 9.55154, 1.9827, 1.72476, 1.66022, 0.0402166, 0.068595, 0.233282, 0.719627, 11.425, 0.197641, 2.34323, 0.347576, 0.0321608, 0.521834, 0.113449, 0.258237, 0.0588453, 1.07958, 1.17469, 2.07533, 0.560949, 1.44796, 0.271345, 0.134216, 0.236389, 0.237552, 0.245995, 0.43774, 1.10877, 7.68861, 0.697957, 0.814496, 0.254424, 1.42941, 0.176351, 0.187746, 0.350034, 0.317311, 0.386896, 0.496949, 0.640789, 0.661731, 1.99891, 2.29456, 

0.00868318, 0.0272303, 0.686135, 0.790529, 1.9827, 0.678515, 2.26901, 0.197641, 0.0938839, 0.231976, 0.0132154, 0.0452151, 0.233282, 0.521834, 2.34323, 6.61915, 0.0517988, 0.195618, 0.347576, 0.254424, 0.0480132, 0.0201232, 0.0588453, 0.134216, 0.271345, 0.560949, 2.07533, 1.07958, 1.10877, 0.0725312, 0.181731, 0.237552, 0.43774, 0.697957, 0.814496, 1.42941, 0.957752, 0.0321608, 0.372521, 0.245995, 0.0874862, 0.113449, 0.176351, 0.187746, 0.195169, 0.317311, 0.350034, 0.386896, 1.16284, 1.17469, 

0.00868318, 0.0131155, 0.0938839, 0.790529, 1.9827, 2.32157, 0.00750025, 0.245995, 0.271345, 0.00892374, 0.0132154, 0.0452151, 0.195618, 0.254424, 0.521834, 2.34323, 2.59378, 0.197641, 0.134216, 0.347576, 0.0201232, 0.0183917, 0.0248235, 0.0588453, 0.560949, 1.07958, 0.0182736, 0.182435, 0.686135, 0.233282, 0.0480132, 0.162128, 0.0321608, 0.43774, 0.697957, 0.814496, 0.957752, 0.0416744, 0.678515, 0.372521, 0.125482, 0.0874862, 0.113449, 0.181731, 0.176351, 0.187746, 0.195169, 0.268202, 0.716852, 1.10877, 

0.00381954, 0.00425055, 0.00750025, 0.00808364, 0.161173, 4.49826, 0.0929, 0.271345, 0.0938839, 0.294868, 0.0132154, 0.0132996, 0.134216, 0.197641, 0.347576, 0.521834, 0.0899721, 0.254424, 0.245995, 0.195618, 0.0179281, 0.0163249, 0.0182736, 0.0588453, 0.161285, 0.233282, 2.71859, 0.0321608, 0.0153543, 0.0625499, 0.0191731, 0.0364851, 0.372521, 0.418, 0.697957, 0.814496, 0.957752, 0.0416744, 0.0144949, 0.560949, 0.0234845, 0.162128, 0.0675774, 0.0874862, 0.113449, 0.125482, 0.176351, 0.181731, 0.678515, 0.686135, 

0.00342889, 0.00244549, 0.00103118, 0.0929, 4.49826, 0.00219049, 4.99593, 0.245995, 0.197641, 0.00728606, 0.00425055, 0.0132996, 0.0899721, 0.134216, 0.254424, 0.347576, 0.521834, 0.0416744, 0.161285, 0.00492874, 0.0150071, 0.00441898, 0.0182736, 0.0321608, 0.0588453, 2.71859, 1.81898, 0.195618, 0.00750025, 0.0938839, 0.0191731, 0.000626511, 0.00282727, 0.372521, 0.697957, 0.000462607, 0.044713, 0.161173, 0.0153543, 0.233282, 0.0132154, 0.0179281, 0.0234845, 0.0364851, 0.055339, 0.0675774, 0.0874862, 0.113449, 0.271345, 0.294868, 

0.00154795, 0.00244549, 0.00103118, 0.0929, 0.245995, 4.49826, 4.99593, 0.00583827, 0.105971, 0.00219049, 0.00425055, 0.00539516, 0.0261452, 0.0899721, 0.134216, 0.161285, 2.25106, 0.120339, 0.000101248, 0.0386843, 0.00441898, 0.0132154, 0.00750025, 0.0182736, 0.195618, 7.65511, 4.71683, 0.0938839, 0.00492874, 0.00728606, 0.000517121, 0.000525891, 0.0154017, 0.044713, 0.161173, 0.241782, 0.00426817, 0.0321608, 0.0588453, 0.000462607, 0.0132996, 0.00611687, 0.0135189, 0.0179281, 0.0207976, 0.0234845, 0.0364851, 0.055339, 0.197641, 0.254424, 

0.00129366, 0.00135115, 0.00103118, 0.00219049, 0.105971, 0.219744, 19.5284, 0.0899721, 0.000462607, 0.00728606, 0.0029926, 0.00539516, 0.000101248, 0.0386843, 1.01954, 0.225698, 1.72608, 0.0261452, 0.134216, 0.0929, 0.000525891, 0.0132154, 0.00492874, 0.00750025, 0.0182736, 0.0938839, 3.11103, 4.44528e-05, 0.00583827, 0.044713, 0.000517121, 0.000106393, 0.00426817, 0.0154017, 0.0588453, 0.161173, 0.543029, 0.120339, 0.0321608, 0.161285, 0.00441898, 0.00611687, 0.0132996, 0.0135189, 0.0179281, 0.0207976, 0.0234845, 0.0364851, 0.195618, 0.197641, 

0.000699634, 0.000982783, 0.00103118, 0.00219049, 0.0899721, 1.85444, 1.57563, 0.105971, 0.0588453, 0.00728606, 0.0029926, 0.00539516, 0.000101248, 0.0261452, 0.0929, 0.798293, 0.018083, 0.00750025, 0.134216, 0.0321608, 0.000106362, 0.00109215, 0.00583827, 0.0182736, 0.0239859, 0.044713, 0.0938839, 0.0386843, 0.161285, 0.00492874, 3.662e-05, 0.000106393, 0.00426817, 0.0154017, 0.120339, 0.161173, 0.543029, 4.44528e-05, 0.000462607, 0.00390949, 0.00155548, 0.00609741, 0.00611687, 0.00673269, 0.0132996, 0.0135189, 0.0179281, 0.0207976, 0.195618, 0.197641, 

0.000699634, 0.000731361, 0.00103118, 0.00219049, 0.0588453, 0.0899721, 0.105971, 0.00583827, 0.10912, 0.195618, 0.000297963, 0.00155548, 0.00750025, 0.018083, 0.0261452, 0.134216, 0.137639, 0.000101248, 0.0386843, 0.0154017, 0.000106362, 0.000883822, 0.00476988, 0.00492874, 0.044713, 0.0515344, 0.0938839, 0.00728606, 0.197641, 0.0929, 2.98896e-05, 3.662e-05, 4.44528e-05, 6.11416e-05, 0.000462607, 0.120339, 0.161173, 0.00426817, 0.0182736, 0.0321608, 0.0029926, 0.00609741, 0.00611687, 0.00618966, 0.00673269, 0.0132996, 0.0135189, 0.0179281, 0.543029, 0.547637, 

0.000699634, 0.000731361, 0.0899721, 0.105971, 0.10912, 0.195618, 0.851601, 0.044713, 0.000462607, 6.11416e-05, 0.000213224, 0.00155548, 0.000101248, 0.0154017, 0.018083, 0.0386843, 0.134216, 0.00219049, 0.00583827, 0.00426817, 0.000106362, 0.000883822, 0.00476988, 0.00492874, 0.00728606, 0.0929, 0.0938839, 0.00211796, 0.0588453, 0.0261452, 2.98896e-05, 3.662e-05, 4.44528e-05, 0.0182736, 0.0321608, 6.75137, 0.508051, 0.00103118, 0.0998486, 0.0515344, 0.0029926, 0.00609741, 0.00611687, 0.00618966, 0.00673269, 0.00724576, 0.0132996, 0.0135189, 0.120339, 0.137639, 

0.000699634, 0.000731361, 0.105971, 0.10912, 0.195618, 0.963788, 3.3514, 6.11416e-05, 0.0261452, 0.00219049, 8.3599e-05, 0.00155548, 0.000101248, 0.0154017, 0.018083, 2.30451, 0.682191, 0.00211796, 0.0386843, 0.044713, 0.000106362, 0.000883822, 0.00476988, 0.00492874, 0.00728606, 7.38891, 0.765672, 0.0588453, 0.0515344, 0.000462607, 1.2575e-05, 3.662e-05, 0.00103118, 0.0182736, 0.0321608, 0.508051, 0.450102, 0.00426817, 0.00102743, 4.44528e-05, 0.0029926, 0.00609741, 0.00611687, 0.00618966, 0.00673269, 0.00724576, 0.0132996, 0.0135189, 0.0742216, 0.0899721, 

0.000637559, 0.000731361, 0.10912, 0.195618, 0.963788, 2.02708, 3.55261, 0.000101248, 0.0182736, 0.0261452, 8.3599e-05, 0.00155548, 0.00211796, 0.0154017, 0.018083, 0.027435, 2.29547, 0.00103118, 6.11416e-05, 0.00426817, 0.000106362, 0.000883822, 0.000462607, 0.00476988, 0.00492874, 7.38891, 18.1346, 0.0425502, 0.00728606, 0.00219049, 2.37586e-06, 1.2575e-05, 0.00102743, 0.0321608, 0.450102, 0.508051, 0.151856, 0.044713, 4.44528e-05, 0.0386843, 0.0029926, 0.00609741, 0.00611687, 0.00618966, 0.00673269, 0.00724576, 0.0132996, 0.0135189, 0.0515344, 0.0742216, 

8.66068e-05, 0.000731361, 0.0182736, 0.0261452, 0.10912, 0.195618, 3.55261, 0.0154017, 0.0515344, 0.0425502, 8.3599e-05, 0.000165384, 6.11416e-05, 0.00103118, 0.00426817, 0.018083, 0.0798129, 0.0354772, 0.027435, 0.00476988, 1.35307e-05, 0.000106362, 0.000462607, 0.00492874, 0.00728606, 7.0885, 2.38054, 0.000101248, 0.044713, 4.44528e-05, 2.37586e-06, 1.2575e-05, 0.00102743, 0.0321608, 0.450102, 0.508051, 3.66187, 0.00219049, 0.00211796, 0.0386843, 0.0029926, 0.00609741, 0.00611687, 0.00618966, 0.00673269, 0.00724576, 0.00749218, 0.0132996, 0.0742216, 0.0889168, 

8.66068e-05, 0.000423794, 0.0154017, 0.0182736, 0.0425502, 3.55261, 1.59214, 0.00103118, 0.00842997, 0.0261452, 6.4402e-05, 0.000165384, 0.00426817, 0.027435, 0.0354772, 2.59524, 0.00101286, 4.44528e-05, 0.018083, 0.00219049, 1.35307e-05, 2.57941e-05, 0.000101248, 0.00728606, 0.044713, 1.23283, 3.00316e-05, 0.00492874, 0.00476988, 0.0386843, 2.37586e-06, 1.2575e-05, 0.00211796, 0.0321608, 0.450102, 3.66187, 7.31975, 0.00102743, 0.000462607, 6.11416e-05, 3.0032e-05, 0.0029926, 0.0038781, 0.00609741, 0.00611687, 0.00618966, 0.00673269, 0.00724576, 0.0515344, 0.0742216, 

6.47504e-05, 0.000423794, 0.00103118, 0.0154017, 0.0425502, 1.59214, 3.55261, 0.0261452, 3.00316e-05, 0.0182736, 3.0032e-05, 8.47174e-05, 4.44528e-05, 0.018083, 0.303199, 1.56083, 0.00734465, 0.00426817, 0.000101248, 0.00219049, 1.35307e-05, 2.57941e-05, 0.00476988, 0.00492874, 0.0386843, 0.044713, 1.23283, 0.00842997, 0.00211796, 0.00728606, 2.37586e-06, 1.2575e-05, 6.11416e-05, 0.000462607, 0.00102743, 0.450102, 7.31975, 0.027435, 0.0321608, 0.00101286, 6.4402e-05, 0.0029926, 0.0038781, 0.0059918, 0.00609741, 0.00611687, 0.00618966, 0.00673269, 0.0354772, 0.0515344, 

3.0032e-05, 0.000423794, 3.00316e-05, 0.0154017, 0.0261452, 1.59214, 3.12409, 0.00102743, 0.00964186, 0.027435, 2.29359e-05, 1.49642e-05, 4.44528e-05, 0.00219049, 0.00426817, 0.00734465, 0.67348, 0.0182736, 6.11416e-05, 0.00386105, 1.35307e-05, 2.57941e-05, 0.00211796, 0.00492874, 0.00842997, 1.23283, 0.0533372, 0.00103118, 0.000101248, 0.00476988, 2.37586e-06, 1.09208e-05, 0.000462607, 0.00101286, 7.31975, 0.0111065, 4.5217, 0.018083, 0.00728606, 1.75903e-05, 6.47504e-05, 6.4402e-05, 0.0029926, 0.0038781, 0.0059918, 0.00609741, 0.00611687, 0.00618966, 0.0321608, 0.0354772, 

1.09208e-05, 6.4402e-05, 0.00964186, 0.0154017, 1.59214, 3.12409, 14.1342, 0.000462607, 0.00386105, 0.00842997, 1.49642e-05, 2.29359e-05, 6.11416e-05, 0.00219049, 0.00734465, 0.0182736, 8.44109, 0.00102743, 0.00426817, 3.00316e-05, 1.35307e-05, 1.45309e-05, 0.000101248, 0.00476988, 0.00492874, 1.23283, 16.1114, 0.00211796, 0.001801, 0.018083, 2.37586e-06, 1.40081e-06, 5.1406e-06, 0.00101286, 0.00728606, 2.89581, 1.01374e-06, 4.44528e-05, 0.0111065, 0.00103118, 3.0032e-05, 0.000423794, 6.47504e-05, 0.0029926, 0.0038781, 0.0059918, 0.00609741, 0.00611687, 0.0261452, 0.027435, 

1.09208e-05, 3.0032e-05, 0.000462607, 0.00386105, 0.00832405, 1.90047, 0.468737, 6.11416e-05, 4.44528e-05, 0.018083, 2.37586e-06, 2.29359e-05, 3.00316e-05, 0.00734465, 0.0182736, 8.44109, 0.998197, 0.00728606, 0.000101248, 0.00964186, 1.07125e-05, 1.35307e-05, 0.001801, 0.00211796, 0.00476988, 2.45522, 1.7828, 2.22239e-06, 0.00219049, 0.00044546, 1.40081e-06, 1.60541e-06, 1.01374e-06, 3.61274e-06, 0.00101286, 0.00103118, 0.0111065, 0.0154017, 0.00031486, 0.00102743, 1.49642e-05, 6.4402e-05, 6.47504e-05, 0.000423794, 0.0029926, 0.0038781, 0.0059918, 0.00609741, 0.0261452, 0.027435, 

9.73391e-06, 1.09208e-05, 0.000462607, 0.018083, 0.0887503, 0.468737, 1.4746, 0.00044546, 0.00101286, 0.001801, 1.60541e-06, 1.49642e-05, 0.00728606, 0.00734465, 0.00964186, 0.0182736, 0.998197, 3.00316e-05, 0.000101248, 6.11416e-05, 6.3274e-06, 1.35307e-05, 2.22239e-06, 0.00397198, 0.00476988, 2.45522, 9.6381, 1.01374e-06, 0.00219049, 4.44528e-05, 1.40081e-06, 1.19047e-06, 3.61274e-06, 0.00102743, 0.0111065, 0.0154017, 1.20673e-06, 0.00031486, 0.00211796, 0.00103118, 2.37586e-06, 2.29359e-05, 6.4402e-05, 6.47504e-05, 0.000423794, 0.0029926, 0.0038781, 0.0059918, 0.00386105, 0.00832405, 

2.37586e-06, 1.09208e-05, 0.000462607, 0.468737, 1.4746, 0.889888, 0.327399, 0.00103118, 0.00219049, 3.00316e-05, 1.60541e-06, 1.49642e-05, 6.11416e-05, 0.000101248, 0.00964186, 0.0182736, 1.88204, 0.00044546, 0.000265081, 2.22239e-06, 5.15431e-06, 6.3274e-06, 1.01374e-06, 0.00397198, 2.45522, 9.6381, 3.13879, 1.20673e-06, 0.00386105, 4.44528e-05, 3.97225e-07, 1.40081e-06, 3.61274e-06, 0.00031486, 0.00102743, 0.0154017, 6.71031, 0.001801, 0.00211796, 0.00101286, 9.73391e-06, 2.29359e-05, 6.4402e-05, 6.47504e-05, 0.000423794, 0.0029926, 0.0038781, 0.0059918, 0.00476988, 0.00734465, 

2.37586e-06, 1.09208e-05, 0.00219049, 0.327399, 0.889888, 1.4746, 1.76009, 3.00316e-05, 0.00103118, 0.00102743, 1.60541e-06, 1.49642e-05, 6.11416e-05, 0.000101248, 0.000265081, 0.00964186, 1.88204, 1.20673e-06, 0.00101286, 0.00031486, 3.47968e-06, 6.3274e-06, 1.01374e-06, 0.00397198, 0.0452602, 9.6381, 1.25256, 4.44528e-05, 2.22239e-06, 0.001801, 3.97225e-07, 1.40081e-06, 3.61274e-06, 0.00211796, 0.0154017, 3.15436, 2.18976, 0.00044546, 0.000462607, 0.000169122, 9.73391e-06, 2.29359e-05, 6.4402e-05, 6.47504e-05, 0.000119446, 0.000423794, 0.0029926, 0.0038781, 0.00386105, 0.00476988, 

2.37586e-06, 9.73391e-06, 3.00316e-05, 0.00219049, 0.327399, 1.4746, 1.76009, 0.00095576, 0.000169122, 0.00101286, 1.60541e-06, 1.46924e-05, 1.20673e-06, 6.11416e-05, 0.000101248, 0.00031486, 0.00964186, 3.61274e-06, 1.01374e-06, 0.00102743, 3.45451e-06, 6.3274e-06, 4.44528e-05, 0.001801, 0.00397198, 1.25256, 0.906179, 0.000265081, 0.00256852, 0.000462607, 3.97225e-07, 8.78337e-07, 0.00044546, 0.00211796, 2.18976, 3.15436, 3.97791, 0.00386105, 2.22239e-06, 0.00103118, 1.09208e-05, 2.29359e-05, 6.4402e-05, 6.47504e-05, 0.000119446, 0.000423794, 0.00193625, 0.0029926, 0.00476988, 0.0154017, 

2.37586e-06, 9.73391e-06, 0.00101286, 0.00219049, 0.0475228, 0.934973, 3.71358, 0.000265081, 0.000101248, 3.61274e-06, 3.75274e-07, 7.76218e-07, 1.20673e-06, 0.00031486, 0.00964186, 9.13022e-07, 0.816184, 3.00316e-05, 0.000174291, 0.000169122, 1.70142e-06, 1.84891e-06, 7.00802e-05, 0.000462607, 0.906179, 1.25256, 0.543077, 1.01374e-06, 0.000490592, 0.00102743, 3.97225e-07, 8.78337e-07, 2.22239e-06, 0.00044546, 0.00103118, 0.00386105, 3.15436, 0.00095576, 6.11416e-05, 4.44528e-05, 2.50179e-06, 1.09208e-05, 1.62711e-05, 2.29359e-05, 6.4402e-05, 6.47504e-05, 8.23992e-05, 0.000119446, 0.001801, 0.00211796, 

2.37586e-06, 9.73391e-06, 3.61274e-06, 0.000101248, 0.000265081, 0.00219049, 0.0475228, 0.00031486, 9.13022e-07, 0.00103118, 3.75274e-07, 3.7949e-07, 1.20673e-06, 3.00316e-05, 0.000169122, 0.00964186, 0.00381962, 7.00802e-05, 0.00211796, 0.00102743, 2.78022e-07, 1.84891e-06, 0.000462607, 0.000490592, 1.25256, 1.46443, 0.138467, 1.01374e-06, 4.44528e-05, 0.00386105, 3.8686e-07, 3.97225e-07, 2.22239e-06, 6.11416e-05, 0.00044546, 0.00095576, 2.19076, 0.000174291, 0.001801, 0.00101286, 2.50179e-06, 1.09208e-05, 1.62711e-05, 2.29359e-05, 6.4402e-05, 6.47504e-05, 8.23992e-05, 0.000119446, 

1.24175e-06, 9.73391e-06, 0.000101248, 0.00031486, 0.00103118, 0.00219049, 2.39073, 1.01374e-06, 0.00095576, 0.000169122, 3.52762e-07, 3.75274e-07, 7.00802e-05, 0.00102743, 0.00211796, 0.00381962, 2.85302, 0.00044546, 0.000490592, 0.000174291, 2.78022e-07, 1.84891e-06, 4.44528e-05, 0.00386105, 1.25256, 1.46443, 22.4753, 1.20673e-06, 9.13022e-07, 3.61274e-06, 3.8686e-07, 3.97225e-07, 2.22239e-06, 6.11416e-05, 0.001801, 2.19076, 1.35032, 0.000462607, 0.000265081, 3.00316e-05, 2.50179e-06, 1.09208e-05, 1.62711e-05, 2.29359e-05, 6.4402e-05, 6.47504e-05, 8.23992e-05, 0.000119446, 0.00101286, 

1.47186e-07, 3.40945e-07, 0.000169122, 0.00031486, 0.00103118, 2.39073, 4.52506, 3.52762e-07, 3.62067e-07, 7.00802e-05, 0.00044546, 0.000490592, 1.13301, 5.23368, 5.78709e-08, 1.84891e-06, 1.20673e-06, 3.61274e-06, 1.25256, 1.46443, 22.4753, 3.61409e-07, 3.97225e-07, 2.22239e-06, 3.00316e-05, 0.000265081, 0.001801, 2.19076, 2.50179e-06, 1.09208e-05, 1.62711e-05, 2.29359e-05, 6.4402e-05, 6.47504e-05, 8.23992e-05, 0.000119446, 9.13022e-07, 1.01374e-06, 

1.47186e-07, 3.36931e-07, 0.00031486, 0.00103118, 2.39073, 4.52506, 3.69591e-05, 3.37079e-07, 3.52762e-07, 7.00802e-05, 0.000490592, 1.13301, 5.23368, 7.33616, 5.78709e-08, 8.19604e-07, 1.20673e-06, 3.61274e-06, 1.25256, 1.46443, 5.87192, 3.61409e-07, 3.97225e-07, 2.22239e-06, 3.00316e-05, 0.001801, 1.39223, 1.44092, 2.50179e-06, 1.09208e-05, 1.62711e-05, 2.29359e-05, 5.33477e-05, 6.4402e-05, 6.47504e-05, 8.23992e-05, 9.13022e-07, 1.01374e-06, 

1.47186e-07, 3.36931e-07, 3.69591e-05, 0.00031486, 0.00103118, 2.39073, 0.705751, 3.37079e-07, 3.52762e-07, 7.00802e-05, 0.000490592, 0.284155, 1.13301, 0.0698744, 5.78709e-08, 8.19604e-07, 3.61274e-06, 0.637773, 1.25256, 5.87192, 3.16741, 3.61409e-07, 3.7749e-07, 2.22239e-06, 0.001801, 0.00448073, 1.39223, 0.0962045, 2.50179e-06, 1.09208e-05, 1.62711e-05, 2.29359e-05, 5.33477e-05, 6.4402e-05, 6.47504e-05, 8.23992e-05, 9.13022e-07, 1.01374e-06, 

1.47186e-07, 3.36931e-07, 0.00031486, 0.00103118, 0.449961, 0.705751, 11.8681, 3.37079e-07, 3.52762e-07, 7.00802e-05, 0.00627051, 0.0698744, 1.13301, 6.22668, 5.78709e-08, 8.19604e-07, 3.61274e-06, 1.128, 3.16741, 5.87192, 0.276616, 3.61409e-07, 3.7749e-07, 2.22239e-06, 0.001801, 0.00448073, 0.00870287, 3.95818, 2.50179e-06, 1.09208e-05, 1.62711e-05, 2.29359e-05, 5.33477e-05, 6.4402e-05, 6.47504e-05, 8.23992e-05, 9.13022e-07, 1.01374e-06, 

1.47186e-07, 2.47305e-07, 0.00031486, 0.449961, 0.705751, 11.8681, 11.3265, 3.37079e-07, 3.52762e-07, 7.00802e-05, 0.00627051, 0.0698744, 0.617462, 1.13301, 5.78709e-08, 8.00008e-07, 3.61274e-06, 0.276616, 1.05743, 4.69026, 2.16607e-06, 3.61409e-07, 3.7749e-07, 2.22239e-06, 0.001801, 0.00188276, 3.95818, 21.351, 8.19604e-07, 2.50179e-06, 1.09208e-05, 1.62711e-05, 2.29359e-05, 5.33477e-05, 6.4402e-05, 6.47504e-05, 9.13022e-07, 1.01374e-06, 

1.47186e-07, 2.47305e-07, 0.00031486, 0.449961, 1.64184, 11.3265, 4.33298, 3.37079e-07, 3.41278e-07, 0.00627051, 0.0698744, 0.617462, 1.13301, 0.704566, 5.78709e-08, 7.53073e-07, 7.50186e-07, 2.16607e-06, 0.128892, 0.236434, 2.26775, 3.52533e-07, 3.61409e-07, 2.22239e-06, 0.00188276, 3.85943, 14.9401, 4.0898, 8.19604e-07, 2.50179e-06, 1.09208e-05, 1.62711e-05, 2.29359e-05, 5.33477e-05, 6.4402e-05, 6.47504e-05, 9.13022e-07, 1.01374e-06, 

1.47186e-07, 2.47305e-07, 0.00031486, 0.449961, 1.64184, 4.33033, 11.3265, 3.37079e-07, 3.41278e-07, 0.00627051, 0.0698744, 0.704566, 1.13301, 2.78279, 5.78709e-08, 2.29068e-07, 5.54395e-07, 2.16607e-06, 0.128892, 0.236434, 2.88062e-07, 3.52533e-07, 3.61409e-07, 2.22239e-06, 0.00188276, 0.64784, 4.0898, 7.11525, 8.19604e-07, 2.50179e-06, 1.09208e-05, 1.62711e-05, 2.29359e-05, 5.33477e-05, 6.4402e-05, 6.47504e-05, 9.13022e-07, 1.01374e-06, 

6.26154e-08, 1.47186e-07, 0.00031486, 0.449961, 4.33033, 11.3265, 0.000149233, 3.37079e-07, 3.41278e-07, 0.00627051, 0.0698744, 0.704566, 1.13301, 4.45805, 5.78709e-08, 1.18565e-07, 1.02565e-07, 5.54395e-07, 2.16607e-06, 0.236434, 1.2648e-07, 2.05764e-07, 3.52533e-07, 0.00188276, 0.125293, 0.64784, 4.0898, 0.0125569, 8.19604e-07, 2.50179e-06, 1.09208e-05, 1.62711e-05, 2.29359e-05, 5.33477e-05, 6.4402e-05, 6.47504e-05, 9.13022e-07, 1.01374e-06, 

6.26154e-08, 1.47186e-07, 0.000149233, 0.449961, 4.33033, 11.3265, 0.514655, 3.37079e-07, 3.41278e-07, 0.00627051, 0.0698744, 0.704566, 1.13301, 4.45805, 5.78709e-08, 1.18565e-07, 1.02565e-07, 1.08131e-07, 5.54395e-07, 0.236434, 28.525, 2.05764e-07, 3.52533e-07, 0.00188276, 0.00202828, 0.0125569, 0.64784, 4.0898, 8.19604e-07, 2.50179e-06, 1.09208e-05, 1.62711e-05, 2.29359e-05, 5.33477e-05, 6.4402e-05, 6.47504e-05, 9.13022e-07, 1.01374e-06, 

6.26154e-08, 1.47186e-07, 0.000149233, 0.449961, 0.514655, 5.90979, 2.10419, 3.30506e-07, 3.37079e-07, 0.0698744, 0.704566, 1.13301, 4.45805, 3.07958, 5.78709e-08, 7.02553e-08, 1.02565e-07, 1.08131e-07, 5.54395e-07, 19.7508, 0.126223, 2.05764e-07, 3.52533e-07, 0.000513903, 0.00188276, 0.0125569, 0.64784, 4.0898, 8.19604e-07, 2.50179e-06, 4.28875e-06, 1.62711e-05, 2.29359e-05, 5.33477e-05, 6.4402e-05, 6.47504e-05, 9.13022e-07, 1.01374e-06, 

6.26154e-08, 1.47186e-07, 0.000149233, 0.514655, 1.55446, 1.57763, 6.15049, 3.30506e-07, 3.37079e-07, 0.0698744, 0.423106, 1.13301, 4.45805, 4.20898, 3.43333e-08, 5.78709e-08, 5.42438e-08, 1.02565e-07, 1.08131e-07, 10.7091, 3.98399e-08, 2.05764e-07, 3.52533e-07, 0.00188276, 0.0125569, 0.64784, 4.0898, 2.14258, 8.19604e-07, 2.50179e-06, 4.28875e-06, 1.62711e-05, 2.29359e-05, 5.33477e-05, 6.4402e-05, 6.47504e-05, 9.13022e-07, 1.01374e-06, 

5.3132e-08, 1.47186e-07, 0.000149233, 0.514655, 1.55446, 1.57763, 8.32751, 3.30506e-07, 3.37079e-07, 0.0698744, 0.423106, 1.13301, 4.20898, 1.81331, 3.43333e-08, 3.09193e-08, 3.98399e-08, 4.10715e-08, 1.08131e-07, 10.7091, 3.36476e-08, 2.05764e-07, 3.52533e-07, 0.00188276, 0.0125569, 0.64784, 2.14258, 4.0898, 6.26154e-08, 8.19604e-07, 2.50179e-06, 4.28875e-06, 1.62711e-05, 2.29359e-05, 5.33477e-05, 6.4402e-05, 9.13022e-07, 1.01374e-06, 

5.3132e-08, 1.32152e-07, 0.514655, 0.939274, 1.55446, 1.57763, 0.911254, 3.30506e-07, 3.37079e-07, 0.0698744, 0.423106, 1.81331, 4.20898, 0.0176138, 2.96542e-08, 3.09193e-08, 3.36476e-08, 4.10715e-08, 1.08131e-07, 10.7091, 3.80889, 6.26154e-08, 2.7938e-07, 0.00188276, 0.64784, 2.14258, 4.0898, 7.87305, 2.05764e-07, 8.19604e-07, 2.50179e-06, 4.28875e-06, 1.62711e-05, 2.29359e-05, 5.33477e-05, 6.4402e-05, 3.98399e-08, 9.13022e-07, 

5.3132e-08, 1.32152e-07, 0.514655, 0.939274, 1.55446, 1.57763, 0.0385498, 2.05764e-07, 3.37079e-07, 0.0176138, 0.0695348, 0.0698744, 1.81331, 4.20898, 2.96542e-08, 3.09193e-08, 3.36476e-08, 4.10715e-08, 1.08131e-07, 3.80889, 10.7091, 6.26154e-08, 1.33911e-07, 0.00188276, 0.64784, 2.14258, 7.87305, 0.000509668, 3.30506e-07, 8.19604e-07, 2.50179e-06, 4.28875e-06, 1.62711e-05, 2.29359e-05, 5.33477e-05, 6.4402e-05, 3.98399e-08, 9.13022e-07, 

5.3132e-08, 1.32152e-07, 0.0385498, 0.0925614, 0.514655, 1.57763, 0.0266577, 2.05764e-07, 3.30506e-07, 0.0176138, 0.0520148, 0.0698744, 1.81331, 1.73966, 2.96542e-08, 3.09193e-08, 3.36476e-08, 4.10715e-08, 3.80889, 10.7091, 4.43213, 6.21846e-08, 6.26154e-08, 0.000509668, 0.00188276, 2.14258, 7.87305, 0.000929576, 3.37079e-07, 8.19604e-07, 2.50179e-06, 4.28875e-06, 1.62711e-05, 2.29359e-05, 5.33477e-05, 6.4402e-05, 3.98399e-08, 1.08131e-07, 

5.3132e-08, 1.32152e-07, 0.00488767, 0.0385498, 0.514655, 1.57763, 2.71129, 3.09193e-08, 3.30506e-07, 0.0176138, 0.0520148, 0.0698744, 1.73966, 0.335425, 2.96542e-08, 2.90696e-08, 2.8647e-08, 4.10715e-08, 3.80889, 4.43213, 10.7091, 6.21846e-08, 6.26154e-08, 0.000929576, 0.00188276, 2.14258, 7.87305, 24.3979, 2.05764e-07, 3.37079e-07, 8.19604e-07, 2.50179e-06, 4.28875e-06, 1.62711e-05, 2.29359e-05, 5.33477e-05, 2.88616e-08, 3.98399e-08, 

5.3132e-08, 1.32152e-07, 0.00488767, 0.0385498, 0.290159, 2.71129, 6.46409, 3.09193e-08, 2.05764e-07, 0.0176138, 0.0698744, 0.335425, 1.73966, 0.0087697, 2.90696e-08, 2.96542e-08, 2.8647e-08, 4.10715e-08, 3.80889, 10.7091, 1.79131, 6.21846e-08, 6.26154e-08, 0.000929576, 0.00188276, 1.33402, 1.64923, 4.19836, 3.30506e-07, 3.37079e-07, 8.19604e-07, 2.50179e-06, 4.28875e-06, 1.62711e-05, 2.29359e-05, 5.33477e-05, 2.88616e-08, 3.98399e-08, 

5.3132e-08, 1.32152e-07, 0.00488767, 0.0385498, 0.287001, 2.71129, 4.16976, 3.09193e-08, 9.95658e-08, 0.0087697, 0.0698744, 0.335425, 1.73966, 0.20787, 2.90696e-08, 2.96542e-08, 2.8647e-08, 4.10715e-08, 1.79131, 3.12052, 2.58719, 6.21846e-08, 6.2203e-08, 0.000929576, 0.00188276, 1.33402, 1.64923, 4.19836, 3.30506e-07, 3.37079e-07, 8.19604e-07, 2.50179e-06, 4.28875e-06, 1.62711e-05, 2.29359e-05, 5.33477e-05, 2.88616e-08, 3.98399e-08, 

5.3132e-08, 8.23875e-08, 0.0385498, 0.0843104, 2.71129, 4.16976, 0.752287, 3.09193e-08, 9.95658e-08, 0.0087697, 0.0698744, 0.0791319, 1.73966, 0.0789581, 2.83351e-08, 2.96542e-08, 2.8647e-08, 0.747941, 2.58719, 3.12052, 0.911832, 6.21846e-08, 6.2203e-08, 0.000929576, 0.00188276, 1.33402, 1.64923, 17.0763, 3.30506e-07, 3.37079e-07, 8.19604e-07, 2.50179e-06, 4.28875e-06, 1.62711e-05, 2.29359e-05, 5.33477e-05, 2.88616e-08, 3.98399e-08, 

5.3132e-08, 8.23875e-08, 0.0385498, 0.0843104, 0.0960101, 4.16976, 2.77589, 3.09193e-08, 9.95658e-08, 0.0087697, 0.0698744, 0.0789581, 1.73966, 8.79014, 2.83351e-08, 2.96542e-08, 2.8647e-08, 0.228644, 0.911832, 2.58719, 4.51998, 6.12504e-08, 6.21846e-08, 0.000929576, 0.00188276, 1.33402, 1.64923, 17.0763, 3.30506e-07, 3.37079e-07, 8.19604e-07, 2.50179e-06, 4.28875e-06, 1.62711e-05, 2.29359e-05, 5.33477e-05, 2.88616e-08, 3.98399e-08, 

3.9119e-08, 5.3132e-08, 0.013819, 0.0385498, 0.0960101, 4.16976, 0.00806802, 3.09193e-08, 9.95658e-08, 0.0087697, 0.0789581, 1.50652, 8.79014, 1.46265, 2.83351e-08, 2.96542e-08, 2.8647e-08, 0.18267, 2.58719, 4.51998, 1.26279, 6.12504e-08, 6.21846e-08, 0.000929576, 0.00188276, 1.33402, 1.64923, 0.0208194, 3.30506e-07, 3.37079e-07, 8.19604e-07, 2.50179e-06, 4.28875e-06, 1.62711e-05, 2.29359e-05, 5.33477e-05, 2.88616e-08, 3.98399e-08, 

3.9119e-08, 5.3132e-08, 0.013819, 0.0385498, 0.0960101, 4.16976, 2.85317, 3.09193e-08, 5.66366e-08, 0.0087697, 0.0789581, 1.10224, 1.50652, 0.00270514, 2.83351e-08, 2.87958e-08, 2.8647e-08, 0.907088, 1.26279, 2.58719, 9.01343, 6.12504e-08, 6.21846e-08, 0.000929576, 0.00188276, 0.0208194, 0.707463, 2.39323, 3.30506e-07, 3.37079e-07, 8.19604e-07, 2.50179e-06, 4.28875e-06, 1.62711e-05, 2.29359e-05, 5.33477e-05, 2.88616e-08, 3.98399e-08, 

Best:
(0.000167658, -1.50293e-05, )

Fitness Evaluations:
2925

End Population
(1.774941e-04), (8.726314e-05), (2.208435e-04), (6.603108e-05), (-5.438772e-02), (1.042161e-01), (1.453706e-01), (-1.319741e-01), (1.551098e-02), (-3.094665e-01), (-1.136269e+00), (1.696660e+00), (1.636841e+00), (-4.170417e-01), (1.597273e-04), (-7.352908e-05), (7.518684e-05), (-2.257953e-04), (-4.013688e-02), (8.460927e-02), (2.150555e-01), (-1.808569e-01), (4.554781e-03), (-1.049866e+00), (-4.720394e-01), (1.133006e+00), (-2.227503e-02), (4.699962e-02), (1.676581e-04), (-1.502926e-05), (1.672834e-04), (-2.849670e-05), (1.690842e-04), (-7.584889e-06), (1.186354e-01), (9.449938e-01), (1.987294e-01), (1.106028e+00), (4.716955e-01), (-1.537756e+00), (4.613944e-01), (-2.966571e+00), (-1.758347e-05), (2.468627e-04), (-3.878253e-06), (2.493383e-04), (3.043031e-02), (1.889922e-03), (4.331379e-02), (2.584418e-03), (7.603874e-02), (1.226277e-01), (8.141607e-01), (2.112004e-01), (1.214253e+00), (9.585490e-01), (3.479741e-04), (4.576243e-04), (3.025008e-04), (4.955525e-04), (-2.765230e-04), (8.620554e-04), (-1.151110e-03), (-1.084774e-03), (-1.315616e-03), (-1.599346e-03), (2.414932e-03), (-3.230969e-03), (-3.124775e-03), (-3.629285e-03), (-5.135361e-03), (5.193821e-03), (1.688643e-04), (-1.861296e-05), (1.875824e-04), (-6.821109e-05), 