Iterations: 50
Function Evaluations Limit: 150000
Population: 50

Prides Length: 4

Percent Nomads: 0.2
Percent Roaming: 0.2
Percent Sex: 0.8

Mating Rate: 0.3
Mutation Probability: 0.2
Immigration Rate: 0.4

Dimensions: 2
N-Dimension Space: -5:5

Fitness Iterations:
0.959875
21.1095, 18.7493, 1.03229, 41.123, 41.8409, 13.9165, 7.55527, 10.978, 1.57075, 8.69277, 25.9911, 22.7125, 18.8861, 16.9148, 18.963, 3.14308, 7.47051, 12.8499, 22.5986, 29.9001, 9.10754, 3.91303, 12.7295, 9.07284, 25.9266, 28.0921, 1.66906, 4.96591, 16.8736, 23.7598, 22.3055, 16.0621, 13.8211, 21.4315, 21.0835, 1.17757, 6.81979, 18.1337, 17.7097, 16.0795, 0.959875, 17.6903, 30.0456, 9.67279, 25.6657, 1.15345, 11.4756, 24.0897, 21.5199, 3.87218, 

4.17309, 7.38636, 1.03229, 41.123, 7.55527, 0.619733, 5.52611, 1.66906, 3.87218, 7.47051, 1.1714, 3.38393, 18.8861, 13.3106, 0.258251, 22.5986, 20.702, 5.66201, 3.14308, 6.09618, 0.959875, 1.15345, 7.45141, 6.44761, 4.96591, 6.05782, 5.11613, 1.59158, 7.55896, 8.69277, 4.54118, 5.21983, 12.6114, 21.4315, 1.17757, 18.1337, 17.7097, 1.57075, 5.41143, 2.75935, 3.91303, 9.21829, 2.14101, 3.95265, 11.4756, 8.20574, 8.04136, 5.93366, 10.978, 13.9165, 

2.14101, 0.543809, 0.0920696, 41.123, 3.87218, 0.367461, 4.36494, 1.66906, 2.70417, 0.707929, 1.1714, 2.00051, 18.8861, 22.5986, 6.59327, 3.6492, 15.8797, 0.446342, 1.31075, 1.59158, 0.959875, 0.581906, 7.45141, 4.70401, 7.1649, 8.69277, 6.66278, 1.09685, 0.956349, 2.06879, 3.38393, 2.1256, 12.6114, 21.4315, 1.57075, 5.41143, 2.75935, 0.258251, 1.41044, 0.852203, 4.17309, 3.91303, 4.54118, 4.38841, 3.95265, 2.2933, 1.15345, 5.21983, 3.74298, 5.52611, 

1.15345, 0.543809, 3.87218, 0.563057, 2.70417, 10.1809, 12.3474, 0.0507145, 1.59158, 0.707929, 0.549752, 0.278277, 18.8861, 22.5986, 1.03303, 15.8797, 12.312, 0.221898, 2.85199, 1.57075, 0.959875, 0.022758, 7.45141, 2.00356, 6.66278, 1.09685, 2.06879, 3.6492, 0.367461, 0.0920696, 0.673811, 2.1256, 9.03385, 21.4315, 2.75935, 0.258251, 5.02871, 1.41044, 0.956349, 1.31075, 3.91303, 3.38393, 3.95265, 2.34958, 2.14101, 2.90435, 2.2933, 3.89296, 3.74298, 4.36494, 

0.942611, 0.543809, 0.563057, 10.1809, 0.0507145, 0.112834, 1.56264, 1.80421, 0.0920696, 1.59158, 0.549752, 0.278277, 18.8861, 22.5986, 0.221898, 1.57075, 1.61122, 3.29706, 1.31075, 2.06879, 0.947702, 0.022758, 2.00356, 2.42415, 1.09685, 0.367461, 6.48464, 3.46825, 0.707929, 2.85199, 0.360091, 0.0204892, 1.87295, 16.7383, 0.258251, 1.41044, 1.35165, 1.03303, 2.70417, 0.956349, 2.34958, 2.14101, 2.90435, 2.2933, 0.992248, 1.13561, 2.1256, 0.959875, 3.6492, 3.74298, 

0.331159, 0.511946, 0.112834, 1.56264, 1.80421, 0.295328, 3.39842, 0.0507145, 0.527221, 1.59158, 0.549752, 0.233454, 0.221898, 1.61122, 1.31075, 3.72718, 12.3357, 2.06879, 1.03303, 0.563057, 0.022758, 0.330677, 2.00356, 2.42415, 0.367461, 0.732443, 5.38515, 0.0920696, 2.10078, 1.35165, 0.360091, 0.0204892, 0.39224, 0.258251, 0.311124, 0.956349, 12.9007, 1.49973, 1.57075, 1.09685, 1.18753, 0.992248, 1.13561, 2.1256, 0.959875, 0.942611, 0.877603, 0.947702, 2.70417, 2.80871, 

0.331159, 0.0381485, 1.56264, 0.295328, 3.39842, 1.55747, 0.352974, 0.112834, 0.956349, 0.367461, 0.360091, 0.168986, 1.61122, 1.31075, 2.06879, 0.563057, 0.762541, 0.39224, 0.32233, 0.527221, 0.022758, 0.293549, 2.00356, 0.732443, 5.38515, 0.0920696, 2.81283, 0.0267709, 0.0507145, 0.258251, 0.0204892, 0.14811, 0.311124, 0.478362, 0.173779, 1.09685, 0.148597, 1.02481, 0.221898, 0.393876, 0.992248, 0.959875, 0.942611, 0.877603, 0.947702, 0.549752, 0.511946, 0.397496, 1.03303, 1.35165, 

0.0381485, 0.137494, 1.56264, 0.295328, 0.352974, 0.367461, 0.234822, 0.112834, 0.393876, 0.563057, 0.158612, 0.168986, 2.06879, 0.762541, 0.39224, 4.6773, 0.109453, 1.03303, 0.221898, 0.32233, 0.022758, 0.0209124, 0.0920696, 0.0267709, 0.0507145, 0.258251, 0.380959, 0.148597, 0.124488, 1.02481, 0.0204892, 0.0510144, 0.311124, 0.478362, 0.725723, 0.0692409, 14.1799, 0.527221, 0.956349, 0.732443, 0.942611, 0.877603, 0.549752, 0.511946, 0.397496, 0.345514, 0.331159, 0.14811, 1.25009, 1.31075, 

0.0209124, 0.108536, 1.56264, 0.352974, 0.234822, 0.112834, 3.2896, 0.0920696, 0.0635007, 0.367461, 0.14811, 0.127826, 2.06879, 0.457034, 0.109453, 0.524626, 0.586059, 0.32233, 0.1363, 0.124488, 0.0206296, 0.00547742, 0.0507145, 0.258251, 0.148597, 1.02481, 0.123822, 0.221898, 0.0031993, 0.0896119, 0.0204892, 0.0510144, 0.311124, 0.725723, 0.956349, 0.732443, 8.95953, 0.0267709, 0.295328, 0.0692409, 0.511946, 0.397496, 0.345514, 0.331159, 0.158612, 0.168986, 0.136026, 0.0381485, 0.39224, 0.393876, 

0.0209124, 0.0381485, 1.56264, 0.234822, 3.2896, 0.106049, 3.1044, 0.112834, 0.0597359, 0.0635007, 0.00519968, 0.00446046, 2.06879, 0.109453, 0.524626, 0.124488, 1.73972, 0.0920696, 0.0950574, 0.148597, 0.0201243, 0.00547742, 0.258251, 1.02481, 0.123822, 0.100592, 6.75266, 0.0889829, 0.0031993, 0.00570057, 0.0204892, 0.0510144, 0.311124, 0.725723, 0.295328, 0.0907156, 2.86823, 0.0267709, 0.0507145, 0.0896119, 0.331159, 0.158612, 0.168986, 0.136026, 0.0706012, 0.0827356, 0.14811, 0.157033, 0.32233, 0.352974, 

0.0134263, 0.015848, 1.56264, 3.2896, 0.0258081, 2.55538, 17.9465, 0.295328, 0.100592, 0.106049, 0.00451564, 0.00446046, 0.109453, 1.73972, 0.0920696, 0.0950574, 1.90345, 0.148597, 0.124488, 0.0282819, 0.0201243, 0.00547742, 0.258251, 3.34707, 0.0665627, 0.0031993, 0.00570057, 0.0597359, 0.112834, 0.00468893, 0.00831778, 0.0510144, 0.0907156, 0.0267709, 0.0507145, 0.0896119, 22.0602, 0.311124, 0.123822, 0.234822, 0.158612, 0.168986, 0.136026, 0.0706012, 0.0827356, 0.14811, 0.157033, 0.0381485, 0.32233, 0.352974, 

0.0134263, 0.015848, 3.2896, 0.0258081, 0.295328, 0.100592, 0.106049, 0.112834, 0.311124, 0.0233142, 0.00451564, 0.00446046, 0.0920696, 1.90345, 0.148597, 0.124488, 0.333114, 0.00570057, 0.109453, 0.234822, 0.0201243, 0.002781, 0.258251, 3.34707, 0.0031993, 0.0597359, 0.00468893, 0.0444413, 0.0282819, 0.0950574, 0.00831778, 0.0145344, 0.0907156, 0.0267709, 0.0507145, 0.0896119, 0.123822, 0.352974, 0.345903, 0.32233, 0.158612, 0.168986, 0.136026, 0.0706012, 0.0827356, 0.14811, 0.157033, 0.0381485, 1.56264, 1.73972, 

0.0134263, 7.73518e-07, 3.2896, 0.295328, 0.106049, 0.311124, 0.0233142, 0.0507145, 0.0258081, 0.124488, 0.00451564, 0.00446046, 0.0920696, 1.90345, 0.333114, 0.109453, 4.11496, 0.112834, 0.00570057, 0.00468893, 0.0201243, 0.002781, 0.0031993, 0.0597359, 0.0282819, 0.0950574, 0.259681, 0.234822, 0.100592, 0.123822, 0.00831778, 0.0145344, 0.0907156, 0.0896119, 0.352974, 0.32233, 20.2197, 0.0267709, 0.148597, 0.00584303, 0.158612, 0.136026, 0.0706012, 0.0827356, 0.14811, 0.157033, 0.0381485, 0.015848, 0.258251, 0.310366, 

0.0134263, 7.73518e-07, 3.2896, 0.295328, 0.106049, 0.311124, 0.0348112, 0.123822, 0.015543, 0.234822, 0.00451564, 0.00446046, 0.109453, 4.11496, 0.112834, 0.00570057, 0.0050275, 0.0233142, 0.0147583, 0.0896119, 0.00509533, 0.002781, 0.0597359, 0.0282819, 0.259681, 0.100592, 3.79427, 0.0031993, 0.148597, 0.0920696, 0.00831778, 0.00433226, 0.0907156, 0.32233, 20.2197, 0.0267709, 0.00584303, 0.00468893, 0.0507145, 0.0950574, 0.136026, 0.0706012, 0.0827356, 0.14811, 0.0381485, 0.0201243, 0.015848, 0.0141395, 0.258251, 0.310366, 

0.0134263, 7.73518e-07, 0.0391048, 0.106049, 0.311124, 0.0348112, 0.75575, 0.0282819, 0.0050275, 0.0267709, 0.00451283, 0.00446046, 0.109453, 4.11496, 0.0233142, 0.0147583, 3.16827, 0.112834, 0.000107614, 0.234822, 0.00509533, 0.002781, 0.0597359, 0.934417, 0.0031993, 0.0920696, 1.29961, 0.148597, 0.0950574, 0.00570057, 0.00831778, 0.00433226, 0.0907156, 13.5414, 0.00584303, 0.00468893, 0.0507145, 0.123822, 0.0896119, 0.100592, 0.136026, 0.0706012, 0.0827356, 0.14811, 0.0381485, 0.0201243, 0.015848, 0.0141395, 0.258251, 0.259681, 

0.00290078, 7.73518e-07, 0.311124, 0.0348112, 0.0282819, 0.0267709, 1.83899, 0.106049, 0.211691, 0.100592, 0.00451283, 0.00446046, 3.96147, 0.0233142, 0.0147583, 0.112834, 0.0644775, 0.148597, 0.000107614, 0.0050275, 0.00509533, 0.002781, 0.0597359, 0.0031993, 1.29961, 0.0950574, 22.1483, 0.109453, 0.0920696, 0.00570057, 0.00831778, 0.00433226, 0.0907156, 0.00584303, 0.00468893, 0.0507145, 2.72096, 0.123822, 0.00147707, 0.0896119, 0.136026, 0.0706012, 0.0827356, 0.0381485, 0.0201243, 0.015848, 0.0141395, 0.042525, 0.231445, 0.234822, 

0.00290078, 7.73518e-07, 0.0282819, 0.872672, 0.106049, 0.100592, 0.202597, 0.0267709, 0.0050275, 0.00198915, 0.00451283, 0.00446046, 0.0233142, 0.0147583, 0.112834, 0.148597, 22.3333, 0.0132487, 0.0644775, 0.0907156, 0.002781, 0.00160159, 0.0597359, 0.502352, 22.1483, 0.00570057, 13.8735, 0.0348112, 0.00468893, 0.00147707, 0.00831778, 0.00433226, 0.00584303, 0.0507145, 2.72096, 0.123822, 0.0896119, 0.0105321, 0.0031993, 0.000107614, 0.0381485, 0.0201243, 0.015848, 0.0141395, 0.042525, 0.0112135, 0.00414368, 0.0175004, 0.0920696, 0.0950574, 

7.73518e-07, 0.000727044, 0.0032279, 0.872672, 0.202597, 0.0050275, 0.00123483, 0.0267709, 0.0644775, 0.0920696, 0.00451283, 0.00446046, 0.0233142, 0.0147583, 0.112834, 22.3333, 0.285294, 0.0907156, 0.00198915, 0.0838337, 0.002781, 0.00160159, 0.00570057, 13.5784, 0.00468893, 20.7002, 1.54356, 0.0348112, 0.0105321, 0.00147707, 0.00831778, 0.00177112, 0.0507145, 2.72096, 0.0031993, 0.000107614, 0.0282269, 0.00584303, 0.0597359, 0.0132487, 0.0381485, 0.0201243, 0.015848, 0.0141395, 0.0112135, 0.00414368, 0.0175004, 0.00152006, 0.0950574, 0.0999754, 

7.73518e-07, 0.000727044, 0.0032279, 0.0050275, 0.00123483, 8.51172, 18.3909, 0.0507145, 0.0105321, 0.00584303, 0.00152006, 0.00414368, 0.0233142, 0.0147583, 0.285294, 0.0838337, 5.7666, 0.0668373, 0.0267709, 0.00147707, 0.002781, 0.00160159, 0.00570057, 13.5784, 0.00468893, 0.0348112, 9.42241, 0.00198915, 0.0950574, 0.000107614, 0.00831778, 0.00177112, 2.72096, 0.0031993, 0.0282269, 0.0132487, 3.8478, 0.0597359, 0.0920696, 0.0644775, 0.0381485, 0.0201243, 0.015848, 0.0141395, 0.0112135, 0.00446046, 0.0175004, 0.00205515, 0.0999754, 0.112834, 

7.73518e-07, 0.000727044, 0.0032279, 0.0050275, 8.51172, 0.0507145, 0.00778927, 0.00584303, 0.0920696, 0.00123483, 0.00152006, 0.00205515, 0.285294, 5.7666, 0.0668373, 0.0267709, 0.00147707, 0.000107614, 0.0999754, 0.00570057, 0.002781, 0.00160159, 13.5784, 0.00468893, 0.00198915, 0.0950574, 6.60421, 0.0838337, 0.0348112, 0.0597359, 0.000707618, 0.00177112, 2.72096, 0.0031993, 0.0282269, 0.0132487, 0.0644775, 0.0105321, 0.0147583, 0.0233142, 0.0201243, 0.015848, 0.0141395, 0.0112135, 0.00446046, 0.0175004, 0.00414368, 0.0168499, 0.112834, 0.697925, 

7.73518e-07, 0.000727044, 0.0032279, 0.00778927, 0.00584303, 0.00123483, 2.35271, 0.0233142, 0.0644775, 0.0507145, 0.00131023, 0.00205515, 0.285294, 5.7666, 0.0668373, 0.000107614, 1.94488, 0.00147707, 0.0132487, 0.00570057, 0.002781, 0.00160159, 0.0950574, 6.60421, 0.0838337, 0.0348112, 0.0597359, 0.0267709, 0.00198915, 0.028515, 0.000707618, 0.00177112, 0.0031993, 0.0282269, 0.0105321, 0.0147583, 11.1914, 0.0999754, 0.0050275, 0.00468893, 0.0201243, 0.015848, 0.0141395, 0.0112135, 0.00446046, 0.0175004, 0.00414368, 0.0168499, 0.112834, 0.306236, 

7.73518e-07, 0.000727044, 0.00778927, 0.0233142, 0.0644775, 0.0507145, 3.56068, 0.00584303, 0.0950574, 0.0031993, 0.00119127, 0.00205515, 0.285294, 0.0668373, 0.000107614, 0.110398, 0.00147707, 0.028515, 0.0032279, 0.00468893, 0.002781, 0.00160159, 6.60421, 0.0838337, 0.0348112, 0.0597359, 0.102792, 0.0267709, 0.00570057, 0.00198915, 0.000707618, 0.00177112, 0.0282269, 0.0105321, 0.0147583, 11.1914, 0.0999754, 0.00123483, 0.0050275, 0.0132487, 0.015848, 0.0141395, 0.0112135, 0.00446046, 0.0175004, 0.00414368, 0.0168499, 0.014114, 0.112834, 0.306236, 

7.73518e-07, 0.000727044, 0.00778927, 0.0644775, 3.56068, 0.00584303, 1.23684, 0.0031993, 0.0950574, 0.000107614, 0.000421191, 0.00205515, 0.285294, 0.00147707, 0.028515, 0.0122156, 6.02057, 0.00468893, 0.0507145, 0.0668373, 0.002781, 0.00160159, 0.0838337, 0.0348112, 0.0597359, 0.00198915, 3.65017, 0.00570057, 0.0147583, 0.0267709, 0.000707618, 0.00177112, 0.0282269, 0.0105321, 0.897823, 0.0050275, 0.0132487, 0.0032279, 0.0233142, 0.00123483, 0.015848, 0.0141395, 0.0112135, 0.00446046, 0.0175004, 0.00414368, 0.0168499, 0.014114, 0.0999754, 0.102792, 

7.73518e-07, 0.000727044, 0.0644775, 3.56068, 1.23684, 4.35702, 6.77164, 0.00409613, 0.00778927, 0.0272787, 0.000421191, 0.00205515, 0.285294, 0.00147707, 6.02057, 0.00468893, 0.779791, 0.00584303, 0.00198915, 0.0267709, 0.00143733, 0.00160159, 0.0597359, 3.65017, 0.00570057, 0.0129569, 1.05304, 0.0233142, 0.0031993, 0.0132487, 0.000707618, 0.00177112, 0.897823, 0.0050275, 0.0032279, 0.00123483, 0.735197, 0.000107614, 0.0105321, 0.0122156, 0.015848, 0.0141395, 0.0112135, 0.00446046, 0.00414368, 0.0168499, 0.014114, 0.00279049, 0.0282269, 0.028515, 

7.73518e-07, 0.000727044, 0.0644775, 3.56068, 0.201909, 0.00409613, 0.00778927, 0.0267709, 0.0116539, 0.000107614, 0.000421191, 0.00107456, 0.285294, 0.00147707, 0.779791, 0.00110847, 7.50288, 0.0129569, 0.00584303, 0.0272787, 0.00143733, 0.00160159, 0.0597359, 0.181021, 0.0233142, 0.0132487, 4.09265, 0.00198915, 0.00570057, 0.0050275, 0.000306435, 0.00177112, 0.0032279, 0.00123483, 0.735197, 0.0105321, 0.0122156, 0.0282269, 0.0031993, 0.00468893, 0.0141395, 0.0112135, 0.00446046, 0.00414368, 0.014114, 0.00279049, 0.00752136, 0.00205515, 0.028515, 0.61049, 

7.73518e-07, 0.000727044, 3.56068, 0.201909, 0.00778927, 0.0267709, 0.0116539, 0.00123483, 0.0233142, 0.0132487, 0.000421191, 0.00107456, 0.285294, 0.531472, 7.50288, 0.0272787, 1.84026, 0.00584303, 0.0032279, 0.000107614, 0.00143733, 0.00160159, 0.181021, 4.09265, 0.00198915, 0.00570057, 1.81225, 0.00110847, 0.0129569, 0.00147707, 0.000306435, 0.00177112, 0.735197, 0.0105321, 0.0031993, 0.00468893, 1.41138, 0.00409613, 0.0050275, 0.0122156, 0.0141395, 0.0112135, 0.00446046, 0.00414368, 0.014114, 0.00279049, 0.00752136, 0.00205515, 0.0282269, 0.028515, 

7.73518e-07, 0.000727044, 3.56068, 0.0267709, 0.00123483, 0.0233142, 2.51972, 0.000107614, 0.0116539, 0.0031993, 0.000421191, 0.000358649, 0.128131, 0.0272787, 1.84026, 0.0032279, 2.27154, 0.0131782, 0.00110847, 0.00584303, 0.00143733, 0.00160159, 0.181021, 4.09265, 0.0129569, 0.533068, 7.98383, 0.0132487, 0.00570057, 0.00147707, 0.000306435, 0.00177112, 0.0105321, 0.00468893, 0.00409613, 0.0050275, 1.56966, 0.0122156, 0.00778927, 0.00198915, 0.0141395, 0.0112135, 0.00446046, 0.00414368, 0.014114, 0.00279049, 0.00752136, 0.00205515, 0.0282269, 0.028515, 

7.73518e-07, 0.000727044, 0.00123483, 0.0233142, 2.51972, 0.0116539, 2.44312, 0.00409613, 0.0031993, 0.00570057, 0.000340062, 0.000358649, 0.128131, 0.0272787, 0.0131782, 0.00110847, 0.00584303, 0.00305353, 0.000107614, 0.0032279, 0.00143733, 0.00160159, 0.533068, 0.0132487, 0.00147707, 13.6824, 0.328231, 0.0129569, 0.000938909, 0.00778927, 0.000306435, 0.00177112, 0.0105321, 0.00468893, 0.0050275, 0.00198915, 0.240026, 0.0267709, 0.0282269, 0.0122156, 0.0112135, 0.00446046, 0.00414368, 0.014114, 0.00279049, 0.00752136, 0.00205515, 0.00936147, 0.028515, 0.110832, 

7.73518e-07, 0.000727044, 2.51972, 0.00409613, 0.00570057, 0.0762143, 1.75572, 0.0116539, 0.0105877, 0.0131782, 0.000340062, 0.000358649, 0.00110847, 0.00584303, 0.00305353, 0.000107614, 0.0032279, 0.0233142, 0.000938909, 0.0105321, 0.00143733, 0.000196877, 0.533068, 0.00147707, 0.0129569, 0.000419714, 1.88851, 0.00123483, 0.00778927, 0.0031993, 0.000306435, 0.00177112, 0.00468893, 0.0050275, 0.240026, 0.0282269, 2.96762, 0.0132487, 0.0122156, 0.000648166, 0.0112135, 0.00446046, 0.00414368, 0.00279049, 0.00752136, 0.00205515, 0.00936147, 0.00160159, 0.0267709, 0.0272787, 

7.73518e-07, 0.000727044, 1.44744, 0.00409613, 0.0116539, 0.0131782, 1.57703, 0.00468893, 0.00778927, 0.000938909, 0.000340062, 0.000358649, 0.00584303, 0.000107614, 0.0032279, 0.0233142, 0.313731, 0.0105877, 0.00305353, 0.00110847, 0.000196877, 0.000458476, 0.00147707, 0.0129569, 0.0031993, 19.0969, 1.16865, 0.0122156, 0.000419714, 0.00123483, 0.000306435, 0.00143733, 0.0050275, 0.240026, 2.96762, 0.000648166, 0.585911, 0.00570057, 0.0105321, 0.0132487, 0.00446046, 0.00414368, 0.00279049, 0.00752136, 0.00205515, 0.00936147, 0.00160159, 0.00177112, 0.0267709, 0.0272787, 

7.73518e-07, 0.000507065, 1.44744, 0.00409613, 0.00468893, 0.000938909, 0.00149975, 0.00105846, 0.0032279, 0.00110847, 0.000124106, 0.000358649, 0.00584303, 0.029798, 0.00305353, 0.525169, 1.93463, 0.0131782, 0.0233142, 0.00570057, 0.000196877, 0.000458476, 0.00147707, 0.0031993, 0.0122156, 1.85606, 1.23761, 0.0116539, 0.0129569, 0.00778927, 0.000306435, 0.000600032, 0.0050275, 2.96762, 0.000648166, 0.0105321, 0.0132487, 0.000419714, 0.0105877, 0.000107614, 0.00446046, 0.00414368, 0.00279049, 0.00752136, 0.00205515, 0.00160159, 0.00177112, 0.00143733, 0.0267709, 0.0272787, 

7.73518e-07, 0.000160787, 0.00468893, 0.0032279, 0.00110847, 0.925646, 3.63785, 0.00105846, 0.0116539, 0.0131782, 0.000124106, 0.000358649, 0.00584303, 0.029798, 0.0524422, 0.00570057, 1.5592, 0.000419714, 0.000107614, 0.0105877, 0.000196877, 0.000458476, 0.00147707, 0.0031993, 0.0129569, 0.00778927, 3.09684, 0.00149975, 0.0122156, 0.00409613, 0.000306435, 0.000600032, 2.96762, 0.000648166, 0.0105321, 0.0132487, 4.08469, 0.00305353, 0.000938909, 0.0050275, 0.00446046, 0.00414368, 0.00279049, 0.00752136, 0.00205515, 0.00160159, 0.00177112, 0.00143733, 0.0233142, 0.0267709, 

7.73518e-07, 0.000160787, 0.00110847, 3.63785, 0.0116539, 0.976215, 1.97371, 0.00468893, 0.00105846, 0.00149975, 0.000124106, 0.000358649, 0.00584303, 0.0524422, 0.000107614, 7.76208, 0.308395, 0.0032279, 0.000648166, 0.00305353, 0.000186664, 0.000458476, 0.00147707, 0.0031993, 0.00409613, 3.04146, 0.789137, 0.0122156, 0.0105877, 0.00570057, 0.000306435, 5.61053e-06, 0.0105321, 0.000938909, 0.0050275, 1.10266, 0.000813131, 0.00778927, 0.000419714, 0.0129569, 0.00446046, 0.00414368, 0.00279049, 0.00205515, 0.00160159, 0.00177112, 0.00143733, 0.000600032, 0.0131782, 0.0132487, 

7.73518e-07, 0.000160787, 0.00110847, 1.97371, 0.00105846, 0.000290913, 3.00727, 0.00149975, 0.0050275, 0.0116539, 0.000113265, 0.000358649, 0.000107614, 7.46624, 0.0032279, 0.0692414, 0.10542, 0.00182267, 0.00570057, 0.0031993, 0.000186664, 0.000458476, 0.00147707, 3.04146, 0.789137, 0.0105877, 0.759416, 0.00468893, 0.000648166, 0.00409613, 0.000306435, 5.61053e-06, 0.0105321, 0.000813131, 0.00778927, 0.000419714, 0.0129569, 0.00584303, 0.000938909, 0.00305353, 0.00279049, 0.00205515, 0.00160159, 0.00177112, 0.00143733, 0.000600032, 0.00162578, 0.00139959, 0.0122156, 0.0131782, 

7.73518e-07, 1.04793e-05, 1.97371, 0.000290913, 0.0050275, 0.0116539, 22.3369, 0.00305353, 0.00105846, 0.00178457, 0.000113265, 0.000358649, 0.0032279, 0.00570057, 0.0031993, 0.461755, 0.360635, 0.0122156, 0.0105321, 0.000107614, 0.000186664, 0.000458476, 0.789137, 0.0105877, 0.000648166, 0.00409613, 0.26038, 0.00468893, 0.00110847, 0.00149975, 0.000306435, 5.61053e-06, 0.00778927, 0.000419714, 0.00584303, 0.000938909, 1.94371, 0.000813131, 0.00147707, 0.00182267, 0.00279049, 0.00205515, 0.00160159, 0.00177112, 0.00143733, 0.000600032, 0.00162578, 0.00139959, 0.0129569, 0.0131782, 

7.73518e-07, 1.04793e-05, 0.0050275, 0.00105846, 0.00178457, 1.47991, 2.02973e-05, 0.0116539, 0.00468893, 0.0105877, 0.000112186, 0.000358649, 0.00570057, 0.461755, 0.0105321, 16.3717, 0.608686, 0.00409613, 0.000290913, 0.000107614, 0.000186664, 0.000458476, 0.789137, 0.000648166, 0.26038, 0.00110847, 0.00149975, 0.00147707, 0.0031993, 0.0032279, 0.000306435, 5.61053e-06, 0.00778927, 0.000419714, 0.000938909, 0.000813131, 1.02433, 0.00584303, 0.00305353, 0.00182267, 0.00279049, 0.00205515, 0.00160159, 0.00177112, 0.00143733, 0.000600032, 0.00162578, 0.00139959, 0.0122156, 0.0129569, 

7.73518e-07, 6.50466e-06, 0.000577832, 0.00178457, 0.0116539, 0.00468893, 6.11209, 0.0031993, 2.02973e-05, 0.00105846, 0.000112186, 0.000358649, 0.00570057, 0.0105321, 0.00409613, 0.000107614, 6.61254, 0.000648166, 0.000938909, 0.0032279, 0.000151081, 0.000458476, 0.26038, 0.00110847, 0.00149975, 0.00147707, 0.417075, 0.00305353, 0.00584303, 0.000290913, 5.61053e-06, 9.43288e-05, 0.00778927, 0.000419714, 0.000813131, 1.02433, 0.00182267, 0.0122156, 0.0105877, 0.00016854, 0.00205515, 0.00160159, 0.00177112, 0.00143733, 0.000600032, 0.00162578, 0.00139959, 0.000186664, 0.0129569, 0.159907, 

7.73518e-07, 6.50466e-06, 0.000577832, 6.11209, 0.0031993, 2.02973e-05, 6.74272, 0.00182267, 0.00110847, 0.00468893, 0.000112186, 0.000186664, 0.00570057, 6.61254, 0.000938909, 0.0032279, 0.00132223, 0.00016854, 0.00409613, 0.00178457, 0.000151081, 0.000458476, 0.00149975, 0.00147707, 0.00305353, 0.000290913, 6.46945, 0.000107614, 0.00584303, 0.0105321, 5.61053e-06, 9.43288e-05, 0.00778927, 0.000419714, 0.000813131, 1.02433, 0.131357, 0.00105846, 0.000648166, 0.00412297, 0.00160159, 0.00177112, 0.00143733, 0.000600032, 0.00162578, 0.00139959, 0.000358649, 0.000698699, 0.0105877, 0.0116539, 

7.73518e-07, 6.50466e-06, 6.74272, 0.00182267, 0.00110847, 0.00468893, 1.67806, 0.00105846, 0.00570057, 0.000577832, 0.000112186, 0.000186664, 6.61254, 0.0032279, 0.00016854, 0.00178457, 2.92112, 2.02973e-05, 0.00409613, 0.000648166, 0.000151081, 0.000358649, 0.00149975, 0.00305353, 0.000290913, 6.46945, 1.67198, 0.0031993, 0.000107614, 0.00132223, 5.61053e-06, 5.39103e-05, 0.00778927, 0.000419714, 0.000813131, 0.00412297, 0.0335207, 0.00147707, 0.000938909, 0.00584303, 0.00160159, 0.00177112, 0.00143733, 0.000600032, 0.00162578, 0.00139959, 0.000458476, 0.000698699, 0.0105321, 0.0105877, 

7.73518e-07, 6.50466e-06, 6.74272, 0.00110847, 0.00105846, 0.000577832, 1.02769, 0.000648166, 0.00409613, 0.000344812, 0.000112186, 0.000186664, 0.0032279, 0.00016854, 2.92112, 1.5222, 23.5515, 2.02973e-05, 0.00149975, 0.000813131, 0.000151081, 0.000358649, 0.000290913, 6.46945, 0.0031993, 0.000107614, 5.74112, 0.00178457, 0.00132223, 0.00147707, 5.61053e-06, 5.39103e-05, 0.000419714, 0.00412297, 0.0335207, 0.000938909, 0.316816, 0.00182267, 0.00468893, 0.00305353, 0.00160159, 0.00177112, 0.00143733, 0.000600032, 0.00162578, 0.00139959, 0.000458476, 0.000698699, 0.00570057, 0.00584303, 

7.73518e-07, 6.50466e-06, 6.74272, 0.00105846, 0.000577832, 0.000648166, 0.360947, 0.00468893, 0.00110847, 0.000107614, 0.000112186, 0.000186664, 0.0032279, 0.00016854, 2.92112, 0.00149975, 28.2904, 0.00412297, 0.00570057, 2.02973e-05, 0.000151081, 0.000358649, 0.0031993, 2.79993, 0.00178457, 0.565334, 7.65725, 0.00147707, 0.000290913, 0.00409613, 5.61053e-06, 5.39103e-05, 0.000419714, 0.000938909, 0.00182267, 0.00305353, 0.000724594, 0.000813131, 0.000344812, 0.00132223, 0.00160159, 0.00143733, 0.000600032, 0.00162578, 0.00139959, 0.000458476, 0.000698699, 0.00109875, 0.00584303, 0.0335207, 

7.73518e-07, 6.50466e-06, 0.00105846, 0.000577832, 0.00468893, 0.00110847, 8.3713, 0.00182267, 0.000107614, 0.000344812, 0.000112186, 0.000186664, 0.00016854, 18.633, 2.02973e-05, 0.000739795, 18.2871, 0.00149975, 0.000813131, 0.00305353, 0.000151081, 0.000358649, 2.79993, 0.565334, 0.000290913, 0.00409613, 3.59068, 0.000648166, 0.00147707, 0.000930723, 5.61053e-06, 5.39103e-05, 0.000419714, 0.000724594, 0.00132223, 0.0350078, 2.55481, 0.0031993, 0.00178457, 0.000938909, 0.000600032, 0.00139959, 0.000458476, 0.000698699, 0.00109875, 0.000403001, 0.000591049, 0.00116458, 0.0032279, 0.00412297, 

7.73518e-07, 6.50466e-06, 0.00468893, 0.00110847, 0.749707, 0.000107614, 12.2444, 0.00147707, 0.00105846, 0.000344812, 1.1837e-05, 0.000186664, 18.633, 2.02973e-05, 0.00149975, 0.432682, 11.733, 0.00016854, 0.000724594, 0.000577832, 0.000151081, 0.000358649, 0.565334, 0.000290913, 0.00409613, 0.000648166, 0.000930723, 0.000739795, 0.000813131, 0.00182267, 5.61053e-06, 5.39103e-05, 1.83386, 0.0031993, 0.00178457, 0.000938909, 0.711466, 0.000419714, 0.00132223, 0.00305353, 0.000600032, 0.00139959, 0.000458476, 0.000698699, 0.00109875, 0.000403001, 0.000591049, 0.00116458, 0.0032279, 0.00412297, 

7.73518e-07, 6.50466e-06, 0.00468893, 0.00110847, 0.000107614, 0.00105846, 2.97943, 0.00106451, 0.000577832, 0.0032279, 1.1837e-05, 0.000186664, 2.02973e-05, 0.00149975, 0.432682, 0.00016854, 2.626, 0.000344812, 0.00132223, 0.00178457, 0.000151081, 0.000286687, 0.00409613, 0.000648166, 0.000739795, 0.000813131, 0.00182267, 0.00412297, 0.000724594, 0.000208084, 5.61053e-06, 1.88649e-06, 1.83386, 0.0031993, 0.000938909, 0.000419714, 0.00305353, 0.000290913, 0.00147707, 0.000930723, 0.000600032, 0.000458476, 0.000698699, 0.00109875, 0.000403001, 0.000591049, 0.00116458, 0.000358649, 0.565334, 0.749707, 

7.73518e-07, 6.16296e-06, 0.00468893, 0.00110847, 2.97943, 1.07299, 0.697768, 0.00083299, 0.00149975, 0.0031993, 1.1837e-05, 0.000186664, 2.02973e-05, 0.432682, 0.00016854, 0.000344812, 0.00132223, 0.000938909, 0.00305353, 0.00178457, 0.000151081, 0.000286687, 0.000648166, 0.000739795, 0.00182267, 0.000724594, 12.049, 0.000813131, 0.00106451, 0.000419714, 5.61053e-06, 1.88649e-06, 1.83386, 0.000290913, 0.00147707, 0.000930723, 1.40615, 0.000577832, 0.000107614, 0.000208084, 0.000600032, 0.000458476, 0.000698699, 0.00109875, 0.000403001, 0.000591049, 0.000358649, 0.000310599, 0.0032279, 0.00409613, 

7.73518e-07, 6.16296e-06, 0.00468893, 2.97943, 0.00149975, 0.0031993, 1.79114, 0.000208084, 0.00083299, 0.000107614, 1.1837e-05, 0.000186664, 0.00016854, 0.000344812, 0.000938909, 0.420087, 8.65226, 0.000813131, 0.00110847, 0.000648166, 0.000151081, 0.000286687, 0.00182267, 0.000724594, 12.049, 0.577354, 4.98622, 0.00132223, 0.00178457, 0.000739795, 5.61053e-06, 1.88649e-06, 0.000290913, 0.00147707, 0.000930723, 1.33926, 0.000577832, 0.00106451, 0.000419714, 2.02973e-05, 0.000600032, 0.000458476, 0.000698699, 0.00109875, 0.000403001, 0.000591049, 0.000358649, 0.000310599, 0.00305353, 0.0032279, 

7.73518e-07, 6.16296e-06, 2.97943, 0.0031993, 0.000208084, 0.00083299, 0.0573833, 0.000350187, 0.00110847, 0.000648166, 1.1837e-05, 0.000186664, 0.00016854, 0.000344812, 0.420087, 8.65226, 3.9149, 0.000107614, 0.00147707, 0.000938909, 7.82248e-05, 0.000286687, 0.000724594, 6.08444, 0.577354, 0.000739795, 2.00133, 0.000577832, 0.00149975, 0.000813131, 5.61053e-06, 1.88649e-06, 0.000290913, 0.00106451, 0.000419714, 0.797742, 0.000120749, 2.02973e-05, 0.00132223, 0.000930723, 0.000600032, 0.000458476, 0.000698699, 0.000403001, 0.000591049, 0.000358649, 0.000310599, 0.000151081, 0.00178457, 0.00182267, 

7.73518e-07, 6.16296e-06, 2.97943, 0.0031993, 0.00110847, 2.40974, 0.286753, 0.000107614, 0.000648166, 0.00016854, 5.61053e-06, 0.000151081, 0.000344812, 0.218878, 5.71865, 2.68481, 0.000938909, 0.000739795, 5.20265e-06, 0.00106451, 7.82248e-05, 0.000193899, 0.577354, 2.00133, 0.000577832, 0.00149975, 0.13253, 0.000930723, 0.000350187, 0.000208084, 1.88649e-06, 4.217e-06, 0.000290913, 0.000419714, 0.797742, 2.12641e-05, 2.02973e-05, 0.00083299, 0.000813131, 0.000724594, 0.000600032, 0.000458476, 0.000403001, 0.000591049, 0.000358649, 0.000310599, 0.000186664, 1.1837e-05, 0.00132223, 0.00147707, 

7.73518e-07, 6.16296e-06, 0.0031993, 0.00110847, 2.40974, 0.286753, 0.00016854, 0.0115615, 0.000344812, 0.000724594, 5.61053e-06, 1.1837e-05, 0.000938909, 0.000739795, 0.00106451, 7.71299, 4.08005, 5.20265e-06, 0.13253, 2.02973e-05, 7.82248e-05, 0.000193899, 0.00149975, 0.000930723, 0.000208084, 2.20486, 0.943238, 0.00132223, 0.000648166, 0.000107614, 1.88649e-06, 4.217e-06, 0.000290913, 0.000419714, 2.12641e-05, 0.00083299, 0.000813131, 0.00147707, 0.000350187, 0.000577832, 0.000600032, 0.000458476, 0.000403001, 0.000591049, 0.000358649, 0.000310599, 0.000186664, 0.000151081, 0.218878, 0.564913, 

7.73518e-07, 6.16296e-06, 0.0031993, 0.0115615, 0.000344812, 0.899925, 0.0222249, 0.00110847, 0.00149975, 0.00083299, 5.61053e-06, 1.1837e-05, 0.000938909, 0.000739795, 5.20265e-06, 2.02973e-05, 0.0450024, 0.13253, 0.00132223, 0.00106451, 7.82248e-05, 0.000151081, 0.000930723, 0.000208084, 0.943238, 0.000107614, 3.07633, 0.000290913, 0.000648166, 0.00147707, 1.88649e-06, 4.217e-06, 0.000419714, 2.12641e-05, 0.000813131, 0.000350187, 0.000577832, 0.00016854, 0.000150483, 0.000724594, 0.000458476, 0.000403001, 0.000591049, 0.000358649, 0.000310599, 0.000186664, 0.000193899, 0.000585806, 0.218878, 0.286753, 

7.73518e-07, 6.16296e-06, 0.0031993, 0.000344812, 0.899925, 0.00083299, 9.113, 5.20265e-06, 0.000107614, 2.12641e-05, 2.7734e-06, 9.09104e-06, 0.000938909, 0.000739795, 2.02973e-05, 0.00132223, 0.00106451, 0.000290913, 0.000419714, 0.000150483, 3.57896e-05, 0.000124751, 0.000930723, 0.000208084, 0.943238, 7.31906, 11.3631, 0.000577832, 0.00016854, 0.00110847, 1.88649e-06, 3.94915e-06, 0.000813131, 0.000350187, 0.000724594, 8.43008, 0.139778, 0.00149975, 0.000648166, 0.00147707, 0.000458476, 0.000403001, 0.000591049, 0.000358649, 0.000310599, 0.000186664, 0.000193899, 0.000585806, 0.0115615, 0.0147241, 

Best:
-0.000770662	0.000423791	

Fitness Evaluations:
3256

End Population
(-7.706620e-04), (4.237906e-04), (-2.438281e-03), (4.666286e-04), (-5.651991e-02), (2.191862e-03), (1.847567e-02), (1.860534e-03), (-9.188462e-01), (-2.358957e-01), (-2.510239e-02), (1.424290e-02), (-2.855154e+00), (9.803551e-01), (9.806880e-04), (2.059344e-03), (-5.033943e-03), (-9.070464e-03), (2.350722e-03), (3.967139e-03), (1.137888e-03), (1.215983e-03), (1.217454e-03), (-2.758414e-03), (-2.632182e-02), (-1.568663e-02), (2.703297e-02), (-3.002229e-03), (1.210236e-03), (4.339661e-03), (3.634458e-02), (1.142416e-03), (-2.061162e-02), (-2.529176e-02), (8.518343e-03), (1.477670e-02), (-1.553752e-02), (-1.335290e-02), (1.220488e-02), (-1.234364e-03), (3.035150e-03), (5.155331e-03), (-1.116852e-02), (1.237702e-04), (-3.022317e-02), (-4.157331e-03), (-8.897807e-03), (-1.135398e-02), (3.362562e-01), (9.111364e-01), (1.731452e+00), (2.078735e+00), (2.761153e+00), (-1.933676e+00), (-1.624512e-02), (-1.771801e-02), (-1.008484e-02), (-8.175303e-03), (-2.980718e-02), (1.483249e-02), (1.202410e-03), (6.638509e-04), (8.563216e-04), (1.793283e-03), (-2.849290e-02), (-1.133757e-03), (7.743556e-03), (1.703598e-02), (-2.690287e-02), (-9.109125e-04), (1.305834e+00), (2.593236e+00), (-3.705728e-01), (4.954057e-02), (3.871917e-02), (-7.579384e-04), (-1.098387e-02), (2.296781e-02), (-1.257243e-02), (3.631805e-02), (1.869014e-02), (-1.044773e-02), (-1.803475e-02), (8.817550e-03), (2.404712e-02), (-3.575650e-03), (2.599019e-03), (1.875884e-02), (-1.541000e-02), (8.551644e-03), (1.236093e-02), (-5.819941e-03), (-8.738297e-03), (-1.084163e-02), (2.418197e-02), (-1.019152e-03), (-1.007338e-01), (-3.760524e-02), (-5.473223e-02), (-1.082979e-01), 