Iterations: 50
Function Evaluations Limit: 150000
Population: 50

Prides Length: 4

Percent Nomads: 0.2
Percent Roaming: 0.2
Percent Sex: 0.8

Mating Rate: 0.3
Mutation Probability: 0.2
Immigration Rate: 0.4

Dimensions: 2
N-Dimension Space: -5:5

Fitness Iterations:
0.959451
16.5342, 20.0127, 16.1225, 18.9508, 17.861, 7.09204, 13.3922, 20.8247, 29.369, 40.4661, 21.0601, 6.97768, 4.1975, 16.6168, 10.7401, 4.13332, 0.959451, 18.4146, 16.1262, 23.6681, 19.7681, 34.6085, 13.315, 20.3376, 11.0036, 3.31705, 22.8986, 13.4109, 37.2591, 21.5108, 6.88234, 4.63722, 44.6059, 5.05866, 17.4577, 14.5693, 2.69668, 4.08174, 2.51343, 21.309, 8.94785, 8.18802, 17.6364, 19.7194, 26.1498, 9.02093, 16.3837, 23.968, 11.966, 10.3201, 

8.40677, 8.38387, 18.9508, 7.09204, 13.6747, 26.989, 12.3401, 4.11062, 2.41302, 6.7764, 6.35928, 6.97768, 0.959451, 18.4146, 16.1262, 3.74545, 12.2384, 5.67548, 2.67378, 5.05866, 0.962441, 3.36628, 20.3376, 11.0036, 22.8986, 27.2377, 1.74348, 6.68833, 3.44959, 2.70681, 6.46981, 4.63722, 28.057, 14.5693, 2.69668, 2.51343, 13.0502, 4.08174, 8.58721, 4.13332, 8.18802, 13.8665, 9.02093, 16.3837, 8.94785, 6.88234, 7.07876, 14.0931, 10.4668, 10.7401, 

2.95072, 3.62376, 7.09204, 19.6265, 6.7764, 2.81419, 26.6915, 0.980786, 0.959451, 5.48046, 1.76472, 0.268483, 7.64059, 4.42128, 3.74545, 5.72811, 5.05866, 6.62294, 0.246203, 3.69655, 0.962441, 0.787486, 20.1997, 1.74348, 2.66278, 2.70681, 0.788137, 3.6332, 0.65358, 4.13332, 4.63722, 3.00393, 14.5693, 2.69668, 2.51343, 13.0502, 12.7517, 2.97576, 4.08174, 2.41302, 7.49546, 6.88234, 7.07876, 7.00566, 4.04306, 2.65432, 2.33041, 3.18187, 8.43832, 8.58721, 

0.173626, 1.94505, 1.78896, 1.85263, 1.61828, 0.959451, 1.86372, 2.97576, 3.69655, 0.0929401, 0.251715, 0.0962328, 3.74545, 5.72811, 5.05866, 5.55904, 0.246203, 0.90106, 2.41302, 0.65358, 0.787486, 0.175042, 1.74348, 2.01525, 0.788137, 4.13332, 8.23454, 0.980786, 0.880172, 0.268001, 0.962441, 3.00393, 2.69668, 2.51343, 13.0502, 4.08174, 1.94409, 3.6332, 3.18048, 1.72377, 4.04306, 2.65432, 2.33041, 3.18187, 2.95248, 2.44065, 1.76472, 1.36866, 4.22342, 5.01526, 

0.173626, 0.344056, 1.85263, 1.61828, 0.959451, 3.69655, 16.6385, 2.97576, 0.980786, 1.86372, 0.250426, 0.0485885, 5.72811, 1.30288, 0.246203, 0.65358, 0.665508, 0.0929401, 0.788137, 2.41302, 0.175042, 0.60897, 2.01525, 8.23454, 0.880172, 0.268001, 3.47268, 2.28217, 1.3242, 2.51343, 0.962441, 0.970098, 13.0502, 4.08174, 3.6332, 1.72377, 0.864767, 1.78896, 0.530776, 1.1583, 2.33041, 1.76472, 1.36866, 1.87486, 1.84198, 1.0227, 0.787486, 2.12355, 3.08173, 3.18048, 

0.173626, 0.109843, 0.959451, 16.6385, 2.97576, 0.330674, 1.30317, 0.533364, 0.530776, 0.880172, 0.250426, 0.0485885, 1.30288, 0.65358, 0.788137, 3.12015, 3.7012, 0.150503, 0.268001, 1.1583, 0.175042, 0.1817, 0.39075, 8.23454, 2.28217, 1.3242, 6.41132, 1.39317, 0.0929401, 0.980786, 0.344056, 0.0313955, 13.0502, 0.864767, 1.78896, 9.35121, 0.617834, 0.636294, 0.246203, 0.103646, 1.76472, 1.36866, 1.0227, 0.952459, 1.32936, 0.787486, 0.946144, 0.60897, 1.72377, 1.81184, 

0.173626, 0.109843, 2.97576, 1.30317, 0.530776, 0.728665, 0.952614, 0.10119, 0.533364, 0.788137, 0.250426, 0.0485885, 1.30288, 0.65358, 3.12015, 0.268001, 1.1583, 0.959451, 0.103646, 1.39317, 0.175042, 0.044339, 0.39075, 2.28217, 6.41132, 0.980786, 0.351719, 0.0522842, 1.19261, 0.0929401, 0.078367, 0.0121237, 13.0502, 0.864767, 1.78896, 0.636294, 0.246203, 1.3242, 0.211419, 0.593732, 1.36866, 1.0227, 0.952459, 1.32936, 0.787486, 0.946144, 0.60897, 1.24418, 1.72377, 1.81184, 

0.144939, 0.109843, 0.530776, 0.728665, 0.952614, 0.10119, 12.0332, 0.0522842, 0.788137, 0.202379, 0.250426, 0.0485885, 0.268001, 1.04018, 0.959451, 0.103646, 23.5008, 0.935382, 0.65358, 0.593732, 0.175042, 0.044339, 2.28217, 6.41132, 0.350798, 0.0929401, 22.0245, 0.206519, 0.864767, 0.636294, 0.078367, 0.00563195, 13.0502, 1.78896, 0.246203, 0.672671, 0.211419, 0.533364, 0.39075, 1.19261, 1.0227, 0.952459, 0.787486, 0.946144, 0.60897, 0.427756, 1.00604, 0.173626, 1.30288, 1.30317, 

0.141993, 0.0846539, 0.530776, 0.10119, 0.0522842, 0.0375816, 0.538175, 0.103646, 0.246203, 0.268001, 0.173626, 0.0290509, 0.684601, 10.7467, 0.935382, 0.255855, 0.593732, 0.39075, 0.0439379, 0.350798, 0.044339, 0.0535665, 6.41132, 0.0929401, 0.636294, 0.149817, 0.0613944, 0.507899, 0.211419, 0.141229, 0.078367, 0.00563195, 13.0502, 1.78896, 0.672671, 1.19261, 0.12808, 0.206519, 0.202379, 0.533364, 0.787486, 0.946144, 0.60897, 0.427756, 0.250426, 0.597809, 0.175042, 0.144939, 0.633853, 0.728665, 

0.141993, 0.0846539, 0.530776, 0.10119, 0.0912005, 0.0673814, 0.339116, 0.201325, 0.538175, 0.350798, 0.173626, 0.0290509, 0.684601, 10.7467, 0.39075, 0.0439379, 5.04696, 0.0375816, 0.246203, 0.593732, 0.044339, 0.0501869, 0.0929401, 0.636294, 0.149817, 0.141229, 1.87947, 0.507899, 0.211419, 0.206519, 0.0142214, 0.00563195, 13.0502, 1.10709, 0.12808, 0.202379, 0.533364, 0.0522842, 0.0613944, 0.633853, 0.787486, 0.946144, 0.60897, 0.427756, 0.250426, 0.597809, 0.175042, 0.144939, 0.672671, 0.728665, 

0.129426, 0.0653312, 0.530776, 0.0912005, 0.339116, 0.538175, 1.60583, 0.202379, 0.0673814, 0.206519, 0.172921, 0.0290509, 10.7467, 0.39075, 5.04696, 3.33028, 3.91005, 0.0375816, 0.211419, 0.350798, 0.044339, 0.0501869, 0.0929401, 0.149817, 0.141229, 1.87947, 0.507899, 0.0613944, 0.0439379, 0.10119, 0.0142214, 0.00563195, 13.0502, 0.0144216, 0.12808, 0.0522842, 3.40182, 0.201325, 0.533364, 0.246203, 0.787486, 0.60897, 0.427756, 0.250426, 0.597809, 0.175042, 0.144939, 0.240012, 0.593732, 0.633853, 

0.0653312, 0.0219584, 0.0912005, 1.60583, 0.202379, 0.206519, 0.146989, 0.39075, 0.0375816, 0.0144216, 0.172921, 0.0290509, 5.04696, 0.510172, 0.211419, 0.350798, 0.343436, 0.149817, 0.463254, 0.10119, 0.044339, 0.0501869, 0.0929401, 0.141229, 1.87947, 0.192692, 1.74893, 0.339116, 0.201325, 0.0613944, 0.0142214, 0.00563195, 0.0522842, 3.40182, 0.246203, 0.0332628, 0.178556, 0.0673814, 0.12808, 0.0439379, 0.250426, 0.175042, 0.144939, 0.240012, 0.129426, 0.246093, 0.174221, 0.0693609, 0.530776, 0.533364, 

0.0653312, 0.0219584, 0.0912005, 1.60583, 0.206519, 0.179794, 0.0375816, 0.192692, 0.0144216, 0.178556, 0.129426, 0.0290509, 0.510172, 0.350798, 0.149817, 0.463254, 0.145115, 0.18012, 0.0613944, 0.173652, 0.0142214, 0.0501869, 0.141229, 1.87947, 1.74893, 0.339116, 0.0167967, 0.146989, 0.0929401, 0.201325, 0.00563195, 0.00636542, 0.0220906, 0.0332628, 0.0673814, 0.0439379, 0.00666708, 0.0522842, 0.10119, 0.12808, 0.175042, 0.172921, 0.240012, 0.144939, 0.174221, 0.0693609, 0.0875731, 0.044339, 0.202379, 0.211419, 

0.0296489, 0.0219584, 1.60583, 0.206519, 0.167903, 0.0144216, 0.651981, 0.173652, 0.0522842, 0.0929401, 0.026069, 0.0290509, 0.350798, 0.149817, 0.463254, 0.18012, 0.0613944, 0.0912005, 0.0375816, 0.146989, 0.0142214, 0.0501869, 0.141229, 1.74893, 0.339116, 0.0167967, 2.72017, 0.0745104, 0.10119, 0.145115, 0.00555682, 0.00396837, 0.0220906, 0.0673814, 0.00666708, 0.028369, 3.94114, 0.0332628, 0.13419, 0.0439379, 0.172921, 0.144939, 0.174221, 0.0693609, 0.0875731, 0.044339, 0.0542162, 0.090495, 0.178556, 0.179794, 

0.0296489, 0.0219584, 0.206519, 0.0144216, 0.173652, 0.0522842, 0.0929401, 0.145115, 0.0220906, 0.178556, 0.026069, 0.0290509, 0.350798, 0.149817, 0.146989, 5.26162, 0.317118, 0.0227754, 0.179794, 0.0375816, 0.00880848, 0.0131013, 0.339116, 0.0167967, 2.72017, 0.0745104, 0.10119, 0.141229, 0.0912005, 0.00666708, 0.00555682, 0.00396837, 0.0673814, 0.0249977, 3.94114, 0.0332628, 0.0439379, 0.0613944, 0.13419, 0.167903, 0.144939, 0.0693609, 0.0875731, 0.044339, 0.0542162, 0.090495, 0.166499, 0.0501869, 0.18012, 0.463254, 

0.0242603, 0.0219584, 0.173652, 0.0522842, 0.145115, 2.15695, 4.36801, 0.146989, 0.178556, 0.0912005, 0.026069, 0.00589309, 0.350798, 0.0742187, 0.317118, 0.0227754, 0.0059192, 0.00976218, 0.0929401, 0.0439379, 0.00880848, 0.0131013, 0.0167967, 2.72017, 0.10119, 0.141229, 0.00666708, 0.0220906, 0.0144216, 0.0613944, 0.00555682, 0.00396837, 0.0673814, 0.364137, 0.0332628, 0.167903, 10.0963, 0.0249977, 0.0745104, 0.13419, 0.0693609, 0.0875731, 0.044339, 0.0542162, 0.090495, 0.0501869, 0.0274568, 0.0290509, 0.179794, 0.18012, 

0.019246, 0.0219584, 0.173652, 0.0522842, 2.15695, 0.178556, 13.8379, 0.0167967, 0.00666708, 0.145115, 0.00589309, 0.00214214, 0.0742187, 0.317118, 0.0059192, 0.0929401, 0.0439379, 0.146989, 0.13419, 0.167903, 0.00880848, 0.0131013, 2.72017, 0.141229, 0.0220906, 0.0144216, 1.67966, 0.00976218, 0.10119, 0.0613944, 0.00555682, 0.00396837, 0.0673814, 0.0332628, 1.99871, 0.0249977, 0.0745104, 0.000753034, 0.0912005, 0.0121875, 0.0693609, 0.044339, 0.0542162, 0.0501869, 0.0274568, 0.0290509, 0.026069, 0.0242603, 0.179794, 0.18012, 

0.019246, 0.0219584, 0.173652, 2.15695, 0.178556, 0.0167967, 12.3945, 0.0249977, 0.0745104, 0.00526977, 0.00589309, 0.00214214, 0.317118, 0.0439379, 0.146989, 0.0108812, 0.167903, 0.0742187, 0.0613944, 0.0522842, 0.00262866, 0.0131013, 0.141229, 0.0220906, 0.0144216, 0.00976218, 7.35017, 0.0673814, 0.0059192, 0.00666708, 0.00421387, 0.00396837, 0.0332628, 0.0341726, 0.000753034, 9.29964, 1.35036, 0.10119, 0.0912005, 0.0929401, 0.044339, 0.0542162, 0.0501869, 0.0274568, 0.0290509, 0.026069, 0.0242603, 0.0305061, 0.145115, 0.179794, 

0.019246, 0.00934, 2.15695, 0.178556, 12.3945, 7.20952, 7.57376, 0.00526977, 0.0269791, 0.0144216, 0.00589309, 0.00201538, 0.317118, 0.146989, 0.0108812, 21.6368, 8.00384, 0.0613944, 0.0522842, 0.0439379, 0.00262866, 0.00389657, 0.141229, 0.0220906, 0.00976218, 7.35017, 2.35698, 0.00666708, 0.0332628, 0.0673814, 0.00421387, 0.00396837, 0.0341726, 0.000753034, 1.35036, 0.10119, 0.0929401, 0.0059192, 0.0167967, 0.0249977, 0.044339, 0.0501869, 0.0274568, 0.0290509, 0.026069, 0.0242603, 0.0305061, 0.0375084, 0.0742187, 0.0745104, 

0.019246, 0.00851616, 0.112714, 7.57376, 0.00526977, 0.0269791, 5.25729, 0.0144216, 0.0059192, 0.000753034, 0.00589309, 0.00201538, 0.146989, 15.3815, 8.00384, 0.0613944, 0.0439379, 0.0673814, 0.0220906, 0.0745104, 0.00262866, 0.00389657, 0.00976218, 7.35017, 2.35698, 0.0478265, 0.345226, 0.0742187, 0.0108812, 0.0522842, 0.00421387, 0.00282813, 1.35036, 0.0929401, 0.0167967, 0.0249977, 1.03448, 0.0341726, 0.00666708, 0.0332628, 0.044339, 0.0501869, 0.0274568, 0.0290509, 0.026069, 0.0242603, 0.0305061, 0.0375084, 0.10119, 0.141229, 

0.00982797, 0.00851616, 0.112714, 7.57376, 0.0144216, 0.0059192, 0.279252, 0.10119, 0.0249977, 0.00666708, 0.00589309, 0.00201538, 8.00384, 0.0439379, 0.030236, 0.0745104, 6.90872, 0.0478265, 0.00526977, 0.0332628, 0.00262866, 0.00389657, 0.00976218, 0.345226, 0.0108812, 0.0522842, 1.6821, 0.000753034, 0.0613944, 0.0269791, 0.00228137, 0.00282813, 0.0929401, 0.0167967, 0.0236715, 0.0341726, 0.274445, 0.141229, 0.0220906, 0.0742187, 0.044339, 0.0501869, 0.0274568, 0.0290509, 0.026069, 0.0242603, 0.0305061, 0.0375084, 0.146989, 0.694624, 

0.00982797, 0.00695593, 0.112714, 0.0144216, 0.0059192, 0.10119, 0.94475, 0.036176, 0.0745104, 0.0132985, 0.00589309, 0.00201538, 0.836085, 0.0439379, 0.030236, 0.0478265, 0.0332628, 0.0341726, 0.0742187, 0.000753034, 0.00262866, 0.000195537, 0.00976218, 0.0108812, 1.6821, 0.0269791, 0.895541, 0.0613944, 0.0249977, 0.0522842, 0.00228137, 0.00282813, 0.0929401, 0.0167967, 0.0220906, 7.47447, 5.41815, 0.00666708, 0.0166927, 0.00526977, 0.044339, 0.0501869, 0.0274568, 0.0290509, 0.026069, 0.0242603, 0.0305061, 0.0375084, 0.141229, 0.146989, 

0.00553104, 0.00695593, 0.0144216, 0.94475, 0.036176, 0.0745104, 19.976, 0.0929401, 0.0059192, 0.0108812, 0.00201538, 0.00114184, 0.0439379, 0.030236, 0.0478265, 0.000753034, 7.05694, 0.0167967, 0.0341726, 0.0166927, 0.00262866, 0.000195537, 0.00976218, 1.6821, 0.0613944, 0.0522842, 1.32093, 0.00138868, 0.0742187, 0.0269791, 0.00228137, 0.00282813, 0.0220906, 5.41815, 0.00666708, 0.00526977, 0.00414146, 0.0332628, 0.0132985, 0.0249977, 0.0274568, 0.0290509, 0.026069, 0.0242603, 0.0305061, 0.0375084, 0.00982797, 0.00465877, 0.10119, 0.112714, 

0.00553104, 0.00695593, 0.94475, 0.0745104, 19.976, 0.0929401, 21.3772, 0.00976218, 0.000753034, 0.0249977, 0.00201538, 0.00114184, 0.030236, 0.0167967, 0.0166927, 5.30284, 9.14121, 0.036176, 0.0439379, 0.0059192, 0.00262866, 0.000195537, 1.6821, 0.0522842, 1.32093, 0.00138868, 1.75558, 0.0269791, 0.0144216, 0.0132985, 0.00228137, 0.000991713, 0.0220906, 0.00666708, 0.00526977, 0.00414146, 0.0332628, 0.0478265, 0.0341726, 0.0108812, 0.0274568, 0.0290509, 0.026069, 0.0242603, 0.0305061, 0.0375084, 0.00982797, 0.00465877, 0.0613944, 0.0742187, 

0.000773619, 0.00133054, 0.94475, 19.976, 0.0929401, 0.0249977, 13.3489, 0.0522842, 0.000753034, 0.0613944, 0.00201538, 0.00114184, 0.030236, 0.0166927, 5.30284, 0.036176, 13.2077, 0.0167967, 0.0132985, 0.00114771, 0.00262866, 0.000195537, 1.6821, 1.32093, 0.0269791, 0.0144216, 4.42254, 0.0341726, 0.0478265, 0.00448663, 0.00179469, 0.000991713, 0.0220906, 0.00526977, 0.00414146, 0.0332628, 0.0108812, 0.0059192, 0.0439379, 0.00666708, 0.0274568, 0.0290509, 0.026069, 0.0242603, 0.0305061, 0.0375084, 0.00982797, 0.00465877, 0.0742187, 0.0745104, 

0.000741378, 0.00133054, 1.78708, 13.3489, 0.000753034, 0.0613944, 5.5123, 0.0167967, 0.0332628, 0.0439379, 0.00114184, 0.00114132, 0.030236, 0.0166927, 2.98479, 0.0132985, 0.000744901, 0.0269791, 0.0144216, 0.00254659, 0.00262866, 0.000195537, 1.6821, 1.32093, 0.0341726, 0.00448663, 1.30727, 0.00101176, 0.036176, 0.0478265, 0.00179469, 0.000991713, 0.0220906, 0.00526977, 0.0108812, 0.0059192, 0.00666708, 0.00414146, 0.000971833, 0.0249977, 0.0274568, 0.0290509, 0.026069, 0.0242603, 0.00982797, 0.00465877, 0.00201538, 0.00631735, 0.0742187, 0.0745104, 

0.000741378, 0.00133054, 13.3489, 0.0613944, 5.5123, 5.85745, 2.22962, 0.0220906, 0.00666708, 0.0269791, 0.00114184, 0.00114132, 0.0132985, 0.0144216, 0.00254659, 2.39964, 1.77751, 0.00414146, 0.0059192, 0.000753034, 0.00147759, 8.05448e-05, 1.6821, 1.32093, 1.30727, 0.036176, 0.25687, 0.0108812, 0.0166927, 0.00448663, 0.00179469, 0.000991713, 0.00526977, 0.000971833, 0.0249977, 0.0737626, 0.726674, 0.000744901, 0.0167967, 0.00101176, 0.0274568, 0.0290509, 0.026069, 0.0242603, 0.00982797, 0.00465877, 0.00201538, 0.00631735, 0.030236, 0.0332628, 

0.000727558, 0.00133054, 13.3489, 0.0613944, 2.22962, 11.3577, 3.65621, 0.0166927, 0.0249977, 0.000753034, 0.000383734, 0.000605144, 0.00254659, 2.39964, 0.0059192, 0.502708, 1.6793, 0.0144216, 0.0132985, 0.0269791, 0.00147759, 8.05448e-05, 1.6821, 1.32093, 0.0108812, 0.00448663, 2.48668, 0.00666708, 0.0167967, 0.0220906, 0.00123979, 0.000991713, 0.00526977, 0.000971833, 0.0737626, 0.726674, 0.000744901, 0.00414146, 0.019233, 0.00101176, 0.0274568, 0.0290509, 0.026069, 0.0242603, 0.00982797, 0.00465877, 0.00201538, 0.00631735, 0.030236, 0.0332628, 

0.000727558, 0.00133054, 1.27774, 11.3577, 0.0249977, 0.000753034, 0.990118, 0.000744901, 0.0144216, 0.00414146, 0.000383734, 0.000605144, 0.0059192, 0.21205, 0.0132985, 4.46175, 2.18087, 0.00526977, 0.0166927, 0.0269791, 0.00147759, 8.05448e-05, 1.6821, 0.0167967, 0.0220906, 0.304886, 13.4346, 0.00448663, 0.0108812, 0.00666708, 0.00123979, 0.000991713, 0.000971833, 0.0737626, 0.726674, 0.00101176, 0.100598, 0.00254659, 0.030236, 0.019233, 0.0274568, 0.0290509, 0.026069, 0.0242603, 0.00982797, 0.00465877, 0.00201538, 0.00631735, 0.0332628, 0.0613944, 

0.000687997, 0.00133054, 11.0088, 0.0249977, 0.000753034, 0.159332, 0.000744901, 0.0108812, 0.00254659, 0.0144216, 0.000383734, 0.000605144, 0.0059192, 0.0250898, 4.46175, 0.00526977, 0.99358, 0.00414146, 0.0269791, 0.019233, 0.00147759, 8.05448e-05, 0.304886, 13.4346, 0.00448663, 0.00666708, 6.01977, 0.00101176, 0.00956005, 0.0166927, 0.00123979, 0.000991713, 0.000971833, 0.0737626, 0.030236, 11.8672, 12.4825, 0.0332628, 0.0220906, 0.0132985, 0.0274568, 0.0290509, 0.026069, 0.0242603, 0.00982797, 0.00465877, 0.00201538, 0.00631735, 0.0613944, 0.100598, 

0.000687997, 0.000426343, 4.18514, 0.0249977, 0.159332, 0.0108812, 0.00254659, 0.000971833, 0.00666708, 0.0269791, 0.000383734, 0.000605144, 0.0059192, 0.0250898, 0.00526977, 0.201716, 4.36422, 0.0220906, 0.0332628, 0.019233, 0.00147759, 8.05448e-05, 0.304886, 0.00448663, 6.01977, 0.0166927, 0.00181034, 0.00101176, 0.000753034, 0.00956005, 0.00123979, 0.000991713, 0.030236, 12.4825, 0.0132985, 0.209355, 17.7869, 0.0144216, 0.00414146, 0.000744901, 0.026069, 0.0242603, 0.00982797, 0.00465877, 0.00201538, 0.00631735, 0.0250738, 0.00211549, 0.0426257, 0.0613944, 

0.000426343, 0.000601818, 4.18514, 0.159332, 0.00254659, 0.0269791, 5.14243, 0.0249977, 0.0250898, 0.019233, 0.000383734, 0.000605144, 0.0059192, 0.00526977, 4.36422, 2.34822, 1.13667, 0.00101176, 0.000677617, 0.00666708, 0.000687997, 8.05448e-05, 0.304886, 0.0166927, 0.00181034, 0.000753034, 0.00956005, 0.00448663, 0.0132985, 0.00414146, 0.00123979, 0.000991713, 0.030236, 0.00261214, 0.0144216, 0.000744901, 0.248248, 0.000971833, 0.0108812, 0.0220906, 0.0242603, 0.00982797, 0.00465877, 0.00201538, 0.00631735, 0.0250738, 0.00211549, 0.00147759, 0.0332628, 0.0426257, 

0.000426343, 0.000237525, 0.728595, 0.159332, 0.00254659, 0.0269791, 0.019233, 0.0108812, 0.0220906, 0.00414146, 0.000383734, 0.000601818, 0.0059192, 4.36422, 1.13667, 0.00666708, 4.54892, 0.0132985, 0.000677617, 0.00956005, 0.000687997, 8.05448e-05, 0.0166927, 0.00181034, 0.00448663, 5.87495, 4.6979, 0.00261214, 0.0249977, 0.000753034, 0.00123979, 0.000991713, 0.030236, 0.0144216, 0.000744901, 0.00901171, 0.000971833, 0.00101176, 0.00526977, 0.000405193, 0.00465877, 0.00201538, 0.00631735, 0.00211549, 0.00147759, 0.000605144, 0.00242565, 0.00169098, 0.0250898, 0.0332628, 

0.000426343, 0.000237525, 0.0953744, 0.159332, 0.00254659, 0.0220906, 3.27359, 0.00181034, 0.0135489, 0.000677617, 0.000383734, 0.000601818, 0.0059192, 0.00666708, 0.0132985, 0.00956005, 18.1592, 0.0250898, 0.00448663, 0.019233, 0.000687997, 8.05448e-05, 0.0166927, 4.6979, 0.0249977, 0.000753034, 2.13781, 0.00101176, 0.0108812, 0.00414146, 0.000605144, 0.000991713, 0.0144216, 0.000744901, 0.00901171, 0.000971833, 0.00526977, 0.00200671, 0.000405193, 0.00261214, 0.00465877, 0.00201538, 0.00211549, 0.00147759, 0.00122461, 0.00242565, 0.00169098, 0.00496119, 0.0269791, 0.030236, 

0.000426343, 0.000237525, 0.0953744, 0.0220906, 0.00181034, 0.0135489, 0.3358, 0.0059192, 0.00261214, 0.0144216, 0.000383734, 0.000601818, 0.00666708, 0.0132985, 0.303237, 0.019233, 0.258729, 0.0029951, 0.00448663, 0.00136516, 0.000687997, 8.05448e-05, 4.6979, 0.000753034, 0.00101176, 0.0108812, 0.00414146, 0.00956005, 0.00254659, 0.00901171, 0.000592857, 0.00039016, 0.000971833, 0.00200671, 0.000405193, 0.430876, 3.85676, 0.000744901, 0.000677617, 0.00526977, 0.00465877, 0.00201538, 0.00211549, 0.00147759, 0.00122461, 0.00242565, 0.00169098, 0.000933478, 0.0166927, 0.0249977, 

0.000426343, 0.000237525, 0.0953744, 0.00197466, 0.00181034, 0.00261214, 0.0144216, 0.000753034, 0.00956005, 0.0135489, 0.000383734, 0.000601818, 0.00666708, 0.258729, 0.0029951, 0.00136516, 0.000983245, 0.0132985, 0.00448663, 0.0166927, 0.000687997, 8.05448e-05, 4.6979, 0.00101176, 0.0108812, 0.00254659, 1.95144, 0.00200671, 0.00526977, 0.0059192, 0.000592857, 0.00035117, 0.000971833, 0.000405193, 0.430876, 0.000677617, 2.83621, 0.000744901, 0.00414146, 0.00901171, 0.00201538, 0.00211549, 0.00147759, 0.00122461, 0.00242565, 0.00169098, 0.000933478, 0.000903557, 0.019233, 0.0249977, 

0.000426343, 0.000237525, 0.00197466, 0.00181034, 0.00261214, 0.0144216, 0.0135489, 0.000753034, 0.00254659, 0.019233, 0.000383734, 0.000592857, 0.00666708, 0.258729, 0.0029951, 0.00136516, 0.0166927, 0.00526977, 0.00956005, 0.00901171, 1.17647e-05, 8.05448e-05, 2.79934, 0.00101176, 0.0108812, 0.0059192, 0.764079, 0.00200671, 0.000677617, 0.000744901, 0.00035117, 0.000202075, 0.000971833, 0.000405193, 0.430876, 0.00414146, 1.59009, 0.0132985, 0.000983245, 0.00448663, 0.00201538, 0.00147759, 0.00122461, 0.00169098, 0.000933478, 0.000903557, 0.000653426, 0.000601818, 0.0249977, 0.0953744, 

7.99897e-05, 0.000237525, 0.00261214, 0.0144216, 0.000753034, 0.00254659, 0.214412, 0.00181034, 0.00448663, 0.00197466, 0.000383734, 0.000592857, 0.00666708, 0.00526977, 0.00901171, 8.69817, 2.80243, 0.00956005, 0.000677617, 0.0166927, 1.17647e-05, 8.05448e-05, 0.00101176, 0.0108812, 0.764079, 0.00200671, 0.000744901, 0.0132985, 0.00136516, 0.0059192, 0.00035117, 8.48068e-05, 0.000971833, 0.000405193, 0.0600852, 0.000983245, 1.57971, 0.00414146, 0.0135489, 0.0029951, 0.00201538, 0.00147759, 0.00122461, 0.00169098, 0.000933478, 0.000903557, 0.000653426, 0.000601818, 0.019233, 0.0249977, 

7.99897e-05, 0.000237525, 0.00261214, 0.000753034, 0.214412, 0.00448663, 0.00197466, 0.00101176, 0.000677617, 0.00254659, 0.000383734, 0.000592857, 0.00526977, 0.00901171, 2.80243, 0.0166927, 1.32193, 0.00136516, 0.00666708, 0.000744901, 1.17647e-05, 8.05448e-05, 0.764079, 0.00200671, 0.0132985, 0.0059192, 4.49617, 0.0108812, 0.0135489, 0.000678331, 0.000224614, 8.48068e-05, 0.000971833, 0.000405193, 0.000983245, 0.00414146, 0.0974611, 0.00956005, 0.0029951, 0.00181034, 0.00201538, 0.00147759, 0.00122461, 0.00169098, 0.000933478, 0.000903557, 0.000653426, 0.000601818, 0.0144216, 0.019233, 

7.99897e-05, 7.78264e-05, 0.000753034, 0.214412, 0.00197466, 0.00101176, 2.35728, 0.00254659, 0.000983245, 0.000159007, 0.000224614, 0.000592857, 0.0166927, 1.32193, 0.00666708, 0.000744901, 1.04306, 0.00526977, 0.00261214, 0.0059192, 1.17647e-05, 6.76117e-05, 0.00140629, 0.0108812, 0.0135489, 0.000678331, 1.86876, 0.00200671, 0.000677617, 0.00136516, 8.48068e-05, 0.000113126, 0.000971833, 0.000405193, 0.0974611, 0.00956005, 0.0029951, 0.00181034, 0.00448663, 0.00414146, 0.00147759, 0.00122461, 0.00169098, 0.000933478, 0.000903557, 0.000653426, 0.000601818, 0.000383734, 0.00901171, 0.0144216, 

7.99897e-05, 7.78264e-05, 0.000753034, 0.214412, 0.00197466, 0.00101176, 2.35728, 0.00254659, 0.000273916, 0.000971833, 0.000224614, 0.000383734, 0.0166927, 1.32193, 0.00666708, 0.000744901, 1.04306, 0.00414146, 0.000678331, 0.00136516, 1.17647e-05, 6.76117e-05, 1.86876, 0.00200671, 0.000677617, 0.511646, 0.873767, 0.000159007, 0.00261214, 0.000983245, 8.48068e-05, 0.000113126, 0.0974611, 0.0029951, 0.00181034, 0.00448663, 5.29438, 0.0059192, 0.00526977, 0.000405193, 0.00147759, 0.00122461, 0.000933478, 0.000903557, 0.000653426, 0.000601818, 0.000592857, 0.000764671, 0.00901171, 0.00956005, 

7.99897e-05, 7.78264e-05, 0.000753034, 0.00101176, 0.00254659, 2.52884, 9.69514, 0.0029951, 0.00181034, 0.000159007, 0.000184382, 0.000383734, 0.0166927, 1.32193, 1.04306, 0.000678331, 0.00136516, 0.000273916, 0.000971833, 0.000405193, 1.17647e-05, 6.76117e-05, 1.86876, 0.00200671, 0.00261214, 0.000983245, 0.0694044, 0.00448663, 0.00414146, 0.000744901, 8.48068e-05, 0.000113126, 0.0974611, 5.29438, 0.0059192, 0.00526977, 2.2889, 0.00666708, 0.00197466, 0.000677617, 0.00147759, 0.00122461, 0.000933478, 0.000903557, 0.000653426, 0.000601818, 0.000592857, 0.000764671, 0.00901171, 0.00956005, 

7.99897e-05, 7.76949e-05, 0.00254659, 2.52884, 0.0029951, 0.000159007, 12.8623, 0.00414146, 0.00136516, 0.00101176, 0.000184382, 0.000383734, 1.32193, 1.04306, 0.000678331, 0.000273916, 0.000971833, 0.00181034, 0.000405193, 0.0059192, 1.17647e-05, 6.76117e-05, 0.000983245, 0.0694044, 0.00448663, 0.000744901, 1.04065, 0.00200671, 0.000753034, 0.00901171, 8.45414e-05, 0.000113126, 5.29438, 0.00666708, 0.00197466, 0.000677617, 2.38749, 0.00261214, 0.00526977, 0.000217094, 0.00147759, 0.00122461, 0.000933478, 0.000903557, 0.000653426, 0.000601818, 0.000592857, 0.000764671, 0.00956005, 0.0166927, 

7.99897e-05, 7.76949e-05, 0.0029951, 0.000159007, 12.8623, 0.00101176, 0.180073, 0.00181034, 0.0059192, 0.00254659, 0.000184382, 0.000383734, 1.32193, 1.04306, 0.000678331, 0.000273916, 0.000405193, 0.00197466, 0.000983245, 0.000971833, 1.17647e-05, 6.76117e-05, 0.00448663, 0.000744901, 0.00200671, 8.04513, 0.0494742, 0.00901171, 0.000677617, 0.000753034, 8.45414e-05, 0.000113126, 0.00666708, 2.38749, 0.00526977, 0.000217094, 3.13996, 0.00136516, 0.00414146, 0.00261214, 0.00147759, 0.00122461, 0.000933478, 0.000903557, 0.000653426, 0.000601818, 0.000592857, 0.000764671, 0.00956005, 0.0166927, 

7.99897e-05, 7.76949e-05, 0.000159007, 0.00101176, 0.180073, 0.00181034, 0.0059192, 0.00254659, 0.000273916, 0.00901171, 0.000184382, 0.000383734, 1.32193, 1.04306, 0.000983245, 0.000971833, 0.0196856, 0.00261214, 0.000677617, 0.000405193, 1.17647e-05, 6.76117e-05, 0.00448663, 0.00200671, 0.0494742, 0.000753034, 3.17753, 0.0029951, 0.00197466, 0.000217094, 8.45414e-05, 0.000113126, 1.78173, 0.00526977, 0.00136516, 0.00414146, 0.33195, 0.000678331, 0.000744901, 0.00666708, 0.00147759, 0.00122461, 0.000933478, 0.000903557, 0.000653426, 0.000601818, 0.000592857, 0.000764671, 0.00956005, 0.0166927, 

7.99897e-05, 7.76949e-05, 0.000159007, 0.180073, 0.00181034, 0.0059192, 0.000273916, 0.000678331, 0.00254659, 0.000971833, 0.000165217, 0.000244274, 0.000983245, 0.00261214, 0.000405193, 8.88342, 7.13731, 0.000744901, 0.00101176, 0.00448663, 1.17647e-05, 6.76117e-05, 0.00200671, 0.000753034, 0.00197466, 0.000217094, 0.000384896, 0.00901171, 0.00956005, 0.000677617, 8.45414e-05, 0.000113126, 0.00526977, 0.00136516, 0.00666708, 6.79206, 3.75173, 0.00414146, 0.0166927, 0.0029951, 0.00122461, 0.000933478, 0.000903557, 0.000653426, 0.000601818, 0.000592857, 0.000764671, 0.000383734, 0.0196856, 0.0494742, 

7.99897e-05, 7.76949e-05, 0.00181034, 0.0059192, 0.000678331, 0.000971833, 0.930922, 0.0029951, 0.000217094, 0.000405193, 0.000165217, 0.000244274, 0.000983245, 8.88342, 7.13731, 0.00101176, 0.00448663, 0.000677617, 0.00414146, 0.00254659, 1.17647e-05, 6.76117e-05, 0.00200671, 0.00197466, 0.00956005, 6.94653, 0.533293, 0.000273916, 0.000744901, 0.00152055, 8.45414e-05, 0.000113126, 0.00526977, 0.00136516, 6.79206, 0.0166927, 6.99495, 0.000384896, 0.000314104, 0.000159007, 0.00122461, 0.000933478, 0.000903557, 0.000653426, 0.000601818, 0.000592857, 0.000764671, 0.000383734, 0.00666708, 0.00901171, 

7.99897e-05, 7.71282e-05, 0.00181034, 0.000971833, 0.0029951, 0.000217094, 0.000405193, 0.00448663, 0.00200671, 0.000384896, 0.000164001, 0.000244274, 0.000983245, 8.88342, 0.0046625, 0.000677617, 11.1827, 0.00254659, 0.000273916, 0.00152055, 1.17647e-05, 6.76117e-05, 0.00956005, 0.00757675, 0.533293, 0.000744901, 14.3658, 0.000678331, 0.00414146, 0.00101176, 8.45414e-05, 0.000113126, 0.00136516, 0.0166927, 6.99495, 0.000133283, 0.000159007, 0.0059192, 0.00526977, 0.00197466, 0.00122461, 0.000933478, 0.000903557, 0.000653426, 0.000601818, 0.000592857, 0.000764671, 0.000383734, 0.00666708, 0.00901171, 

7.99897e-05, 7.71282e-05, 0.00181034, 0.000405193, 0.00448663, 0.00200671, 0.000384896, 0.00414146, 0.000217094, 0.00254659, 0.000113126, 0.000244274, 0.000983245, 0.0046625, 0.000677617, 0.000273916, 0.00152055, 0.000609814, 0.000109074, 0.000971833, 1.17647e-05, 6.76117e-05, 0.00956005, 0.533293, 0.000744901, 0.000678331, 0.00101176, 0.00197466, 0.00045895, 0.00136516, 8.45414e-05, 0.000100724, 6.99495, 0.000133283, 0.000159007, 0.0059192, 0.00526977, 0.000472356, 0.0029951, 0.00666708, 0.000903557, 0.000653426, 0.000601818, 0.000592857, 0.000764671, 0.000383734, 0.000400388, 0.000164001, 0.00901171, 0.0166927, 

7.99897e-05, 7.71282e-05, 0.00414146, 0.000217094, 0.00200089, 4.21982, 0.000777194, 0.000273916, 0.000384896, 0.000677617, 0.000113126, 1.26622e-05, 0.0046625, 0.000173568, 0.000109074, 0.000971833, 1.94009e-05, 0.00101176, 0.000983245, 0.00197466, 1.17647e-05, 6.76117e-05, 0.533293, 0.000678331, 0.00045895, 0.00136516, 4.90215, 0.000159007, 0.00181034, 0.000405193, 8.45414e-05, 8.62098e-05, 6.99495, 0.00526977, 0.000472356, 0.0029951, 0.802215, 0.000133283, 0.00152055, 0.000744901, 0.000653426, 0.000601818, 0.000592857, 0.000764671, 0.000383734, 0.000400388, 0.000164001, 0.000647523, 0.00200671, 0.00253752, 

7.99897e-05, 7.71282e-05, 0.00200089, 0.000777194, 0.000273916, 0.000384896, 0.57182, 0.000109074, 0.00200671, 0.000983245, 0.000113126, 1.26622e-05, 0.000173568, 0.000971833, 1.94009e-05, 0.00101176, 0.039568, 0.00136516, 0.000677617, 0.000133283, 1.17647e-05, 6.76117e-05, 4.90215, 0.000159007, 0.000405193, 28.875, 1.64783, 0.000217094, 0.00045895, 0.00197466, 8.45414e-05, 8.62098e-05, 0.000472356, 0.802215, 0.00152055, 0.41107, 1.46771, 0.00181034, 0.000744901, 0.000678331, 0.000653426, 0.000601818, 0.000592857, 0.000383734, 0.000400388, 0.000164001, 0.000647523, 9.82497e-05, 0.00253752, 0.0029951, 

Best:
0.00316222	-0.00132857	

Fitness Evaluations:
3127

End Population
(-3.957478e-03), (8.020476e-03), (-6.196433e-03), (6.223535e-03), (-1.800838e-02), (4.094614e-02), (-1.197835e-02), (2.517365e-02), (-4.941211e-03), (-1.579559e-02), (6.136793e-03), (1.863427e-02), (1.156787e-02), (-7.560995e-01), (-9.373749e-03), (4.605117e-03), (3.438806e-02), (-2.870830e-02), (2.489526e-02), (1.906492e-02), (-9.669700e-03), (4.429795e-03), (3.354441e-03), (1.187409e-03), (-1.302921e-02), (-1.951344e-03), (2.732876e-02), (1.499905e-02), (-4.394615e-03), (-2.971424e-04), (2.138422e-02), (2.354726e-02), (1.021001e-01), (1.707150e-01), (3.005527e-02), (2.149046e-02), (2.067870e-02), (1.581165e-02), (-3.368733e-03), (1.104241e-02), (3.162216e-03), (-1.328566e-03), (4.825842e-03), (6.657548e-03), (1.601091e+00), (-1.529267e+00), (-1.227244e-02), (2.897262e-03), (-2.005855e-02), (-1.687316e-03), (2.855322e+00), (4.552160e+00), (-2.190408e-01), (-1.264853e+00), (-1.398797e-02), (4.629354e-03), (9.206597e-03), (-1.934395e-02), (2.159747e-02), (3.883562e-02), (-1.935296e-03), (8.988663e-03), (1.594075e-03), (9.147062e-03), (-2.164220e-02), (-1.992774e-03), (-7.289113e-01), (5.204840e-01), (3.892770e-02), (-2.275964e-03), (-4.836755e-01), (4.208657e-01), (-6.725316e-02), (1.209624e+00), (-2.306593e-02), (3.575335e-02), (2.149709e-02), (1.681594e-02), (-4.417556e-03), (2.566741e-02), (-1.079996e-02), (2.316867e-02), (1.853232e-02), (1.607393e-02), (1.990323e-02), (1.402564e-02), (7.420528e-04), (1.957507e-02), (-1.998522e-02), (-9.895063e-04), (-7.610728e-03), (1.029939e-02), (-1.110699e-02), (2.289449e-02), (2.914400e-03), (9.473965e-03), (3.678985e-02), (3.440965e-02), (4.886584e-02), (2.464209e-02), 