Iterations: 50
Function Evaluations Limit: 150000
Population: 50

Prides Length: 4

Percent Nomads: 0.2
Percent Roaming: 0.2
Percent Sex: 0.8

Mating Rate: 0.3
Mutation Probability: 0.2
Immigration Rate: 0.4

Dimensions: 2
N-Dimension Space: -5:5

Fitness Iterations:
0.866978
3.50197, 27.3095, 10.2058, 0.866978, 30.5224, 20.5598, 19.6002, 22.2963, 3.70505, 22.1423, 8.57919, 16.6139, 12.2261, 15.9788, 16.8068, 23.2066, 10.618, 23.4586, 20.3562, 13.2668, 4.31215, 20.2373, 8.32513, 6.44401, 3.15807, 24.4987, 19.1741, 3.57014, 32.5202, 15.3046, 19.6429, 6.61645, 6.92509, 20.6066, 16.4165, 32.4011, 31.7842, 20.1531, 24.178, 6.53101, 16.3137, 20.0255, 3.48973, 25.4382, 44.8049, 19.9888, 5.64289, 7.6323, 3.63924, 19.8597, 

2.69325, 0.459369, 0.866978, 20.5598, 22.2963, 22.1423, 6.77723, 1.72595, 2.75064, 5.87667, 0.821253, 3.10319, 0.0190297, 0.737658, 13.0328, 1.32899, 7.22904, 3.63924, 1.47816, 1.89188, 1.69104, 1.43523, 3.15807, 2.84419, 15.3046, 1.58261, 1.63022, 8.14642, 3.85335, 2.20318, 1.70638, 2.06713, 6.92509, 20.6066, 9.375, 20.1531, 2.76885, 0.792766, 5.29135, 0.313815, 3.48973, 2.36802, 7.02987, 5.64289, 5.11193, 4.2466, 4.31215, 6.61645, 8.22116, 9.50907, 

0.459369, 0.807505, 22.1423, 1.72595, 2.75064, 1.54359, 11.3547, 0.866978, 0.963339, 0.713757, 0.718574, 0.436696, 0.0190297, 1.15788, 1.47816, 0.685766, 0.407773, 0.0070947, 0.792766, 1.73384, 0.531916, 0.326265, 2.84419, 0.294074, 3.85335, 4.52032, 3.87706, 1.3024, 0.313815, 0.286899, 1.43523, 1.14058, 20.6066, 9.375, 3.59938, 1.49056, 1.32973, 1.63022, 0.675596, 1.23954, 3.48973, 2.36802, 4.2466, 2.69325, 1.79613, 1.4841, 1.46078, 1.79927, 2.20318, 3.15807, 

0.459369, 0.25831, 22.1423, 2.75064, 11.3547, 0.866978, 0.713757, 1.40164, 0.266611, 0.105995, 0.531916, 0.418198, 0.0190297, 1.47816, 0.407773, 0.0070947, 15.492, 0.792766, 1.14534, 0.294074, 0.294265, 0.415024, 2.26923, 0.622986, 0.286899, 0.391807, 1.94705, 1.15083, 1.19938, 0.349932, 0.935505, 1.14557, 14.3006, 9.375, 3.59938, 1.23954, 1.06338, 1.15788, 0.963339, 0.313815, 1.4841, 1.46078, 1.33039, 0.765671, 1.14058, 1.20314, 0.718574, 1.43523, 1.45134, 1.54359, 

0.25831, 0.0486187, 22.1423, 0.713757, 1.40164, 0.745297, 0.575154, 0.0260988, 1.14534, 0.997776, 0.418198, 0.197982, 0.0190297, 1.47816, 0.407773, 0.0070947, 0.792766, 0.0793045, 0.313928, 0.866978, 0.227509, 0.415024, 2.26923, 0.622986, 1.15083, 1.19938, 0.349932, 0.879055, 0.105995, 0.286899, 0.531916, 0.992109, 3.59938, 1.23954, 1.06338, 1.15788, 2.78765, 0.266611, 0.313815, 0.391807, 0.935505, 1.14058, 1.20314, 0.765671, 0.459369, 0.718574, 1.18518, 1.14557, 1.45134, 1.54359, 

0.25831, 0.0185256, 0.713757, 1.40164, 0.575154, 1.14534, 11.6355, 0.0793045, 0.105995, 0.0809384, 0.082729, 0.00781701, 0.407773, 0.0070947, 0.792766, 0.313928, 0.857105, 0.349932, 0.745297, 0.0260988, 0.189426, 0.077929, 0.0179519, 1.19938, 0.879055, 0.286899, 0.439618, 0.391807, 1.04649, 0.866978, 0.459369, 0.765671, 1.15788, 2.78765, 0.266611, 0.313815, 2.36369, 0.0190297, 0.997776, 0.0891238, 0.992109, 1.14058, 0.935505, 0.531916, 0.718574, 0.341517, 0.227509, 0.415024, 1.06338, 1.23954, 

0.0185256, 9.53629e-05, 0.713757, 1.14534, 11.6355, 0.105995, 0.0809384, 0.792766, 0.439618, 0.857105, 0.00781701, 0.00384135, 0.407773, 0.313928, 0.349932, 0.745297, 0.0260988, 1.06338, 0.0190297, 0.000881916, 0.082729, 0.077929, 0.0179519, 0.879055, 0.391807, 0.332708, 0.866978, 0.0891238, 0.286899, 0.0793045, 0.18768, 0.0756107, 1.15788, 0.266611, 0.313815, 0.997776, 0.233985, 0.00415152, 0.0070947, 0.575154, 0.531916, 0.718574, 0.341517, 0.227509, 0.415024, 0.20869, 0.189426, 0.765671, 1.19938, 1.23954, 

0.0185256, 9.53629e-05, 1.14534, 11.6355, 0.105995, 0.0809384, 9.56146, 0.310487, 0.286899, 0.332708, 0.00781701, 0.00384135, 0.265992, 0.0260988, 1.06338, 0.0190297, 1.24769, 0.111955, 0.0891238, 0.349932, 0.0470594, 0.077929, 0.0179519, 0.866978, 0.0793045, 1.23809, 15.0598, 0.00415152, 0.391807, 0.407773, 0.0308618, 0.0292574, 0.179097, 0.266611, 0.0794243, 0.0070947, 0.575154, 0.313815, 0.000881916, 0.418805, 0.341517, 0.227509, 0.415024, 0.20869, 0.189426, 0.082729, 0.154707, 0.0901585, 0.439618, 0.745297, 

0.0185256, 9.53629e-05, 1.14534, 11.6355, 9.56146, 0.310487, 0.884522, 0.0793045, 0.313815, 0.0179519, 0.00781701, 0.00384135, 0.265992, 0.0190297, 1.24769, 1.25431, 7.42133, 0.00415152, 0.0809384, 0.105995, 0.0470594, 0.025475, 15.0598, 0.391807, 0.407773, 1.79804, 8.21512, 0.286899, 0.179097, 0.0891238, 0.0308618, 0.0292574, 0.266611, 0.0523646, 0.0070947, 0.418805, 4.9878, 0.111955, 0.0260988, 0.000881916, 0.341517, 0.227509, 0.415024, 0.20869, 0.189426, 0.082729, 0.154707, 0.0901585, 0.332708, 0.349932, 

0.0112869, 9.53629e-05, 9.56146, 0.310487, 0.884522, 0.0793045, 30.4305, 0.000881916, 0.148639, 0.266611, 0.00781701, 0.00384135, 0.265992, 1.25431, 0.105995, 0.447072, 0.199578, 0.179097, 0.0070947, 0.0809384, 0.0470594, 0.025475, 0.407773, 1.79804, 0.0891238, 7.63187, 13.3911, 0.00415152, 0.286899, 0.111955, 0.0301305, 0.0292574, 0.0523646, 0.418805, 4.9878, 0.172473, 0.141868, 0.0260988, 0.0179519, 0.0190297, 0.227509, 0.20869, 0.189426, 0.082729, 0.154707, 0.0901585, 0.146288, 0.127379, 0.313815, 0.332708, 

0.0112869, 9.53629e-05, 9.56146, 0.0958515, 0.884522, 0.000881916, 0.0107688, 0.0179519, 0.148639, 0.0356745, 0.00781701, 0.00384135, 0.447072, 0.199578, 0.0070947, 8.11979, 0.691735, 0.111955, 0.0793045, 0.0809384, 0.0470594, 0.015586, 0.407773, 1.79804, 0.0763541, 0.286899, 6.19367, 0.0891238, 0.105995, 0.243023, 0.0179044, 0.0292574, 0.0523646, 0.418805, 0.172473, 0.0260988, 0.0190297, 0.00415152, 0.179097, 0.141868, 0.20869, 0.189426, 0.082729, 0.154707, 0.0901585, 0.146288, 0.127379, 0.0259059, 0.265992, 0.313815, 

0.0112869, 9.53629e-05, 0.884522, 0.0179519, 0.148639, 0.245827, 24.6358, 0.0809384, 0.000881916, 0.0793045, 0.00781701, 0.00384135, 0.447072, 0.199578, 0.0070947, 8.11979, 0.691735, 0.141868, 0.0107688, 0.0260988, 0.0345548, 0.00117232, 0.407773, 6.19367, 0.0891238, 0.105995, 0.243023, 0.0356745, 0.172473, 0.100765, 0.0179044, 0.0259059, 0.0523646, 0.418805, 0.0190297, 0.00415152, 0.216899, 0.0763541, 0.0958515, 0.111955, 0.082729, 0.154707, 0.0901585, 0.146288, 0.127379, 0.0292574, 0.125377, 0.0470594, 0.179097, 0.265992, 

0.0112869, 9.53629e-05, 0.884522, 0.0179519, 0.00407305, 0.000881916, 0.896385, 0.0070947, 0.0356745, 0.179097, 0.00781701, 0.00384135, 0.447072, 0.691735, 0.141868, 0.0107688, 10.4309, 0.0301473, 0.00415152, 0.100765, 0.0345548, 0.00117232, 0.407773, 0.0891238, 0.105995, 0.172473, 1.72558, 0.0809384, 0.0793045, 0.0682006, 0.0179044, 0.0188887, 0.418805, 0.0190297, 0.111955, 9.93781, 10.4469, 0.0958515, 0.0260988, 0.0523646, 0.082729, 0.0901585, 0.146288, 0.127379, 0.0292574, 0.125377, 0.0470594, 0.0259059, 0.216899, 0.243023, 

0.0112869, 9.53629e-05, 0.00290909, 0.896385, 0.0070947, 0.734561, 4.88953, 0.100765, 0.00415152, 0.0356745, 0.00781701, 0.00384135, 0.447072, 0.691735, 0.0301473, 1.16705, 4.43571, 0.141868, 0.0523646, 0.000881916, 0.0345548, 0.00117232, 0.105995, 0.172473, 1.70754, 0.0809384, 0.0793045, 0.0190297, 0.0958515, 0.0179519, 0.0179044, 0.0188887, 0.111955, 9.93781, 0.406051, 0.0260988, 0.198732, 0.0682006, 0.0107688, 0.0891238, 0.082729, 0.0901585, 0.0292574, 0.125377, 0.0470594, 0.0259059, 0.080112, 0.102047, 0.179097, 0.211221, 

0.0112869, 9.53629e-05, 0.00290909, 0.0070947, 0.734561, 0.100765, 13.0263, 0.0793045, 0.179097, 0.0958515, 0.00781701, 0.000263602, 0.661453, 0.141868, 0.0523646, 0.000881916, 10.7713, 0.111955, 0.105995, 0.00415152, 0.0188887, 0.00117232, 0.172473, 1.70754, 0.0809384, 0.0179519, 7.94415, 0.0891238, 0.0682006, 0.198732, 0.0179044, 0.000561418, 9.93781, 0.406051, 0.0260988, 0.0107688, 6.94808e-05, 0.0356745, 0.0301473, 0.0190297, 0.082729, 0.0345548, 0.0470594, 0.0292574, 0.080112, 0.0843623, 0.0872222, 0.0259059, 0.205813, 0.211221, 

0.0112869, 9.53629e-05, 0.00290909, 0.0070947, 0.100765, 13.0263, 13.2226, 0.0809384, 0.105995, 0.0958515, 0.00781701, 0.000263602, 0.141868, 0.0523646, 0.000881916, 10.7713, 0.0513537, 0.00415152, 6.94808e-05, 0.0260988, 0.0188887, 0.00117232, 1.70754, 7.67355, 0.0682006, 0.198732, 1.8239, 0.0301473, 0.0179519, 0.179097, 0.00429702, 0.000561418, 9.93781, 0.406051, 0.0107688, 0.0356745, 0.0190297, 0.0596078, 0.0891238, 0.172473, 0.082729, 0.0345548, 0.0470594, 0.0292574, 0.080112, 0.0843623, 0.0259059, 0.00824241, 0.179724, 0.205813, 

0.00824241, 9.53629e-05, 0.00290909, 13.2226, 0.0809384, 0.105995, 14.5817, 0.100765, 0.179097, 0.0958515, 0.000263602, 0.000493832, 0.00500546, 0.000881916, 0.00415152, 0.0260988, 0.000170541, 6.94808e-05, 0.0107688, 0.141868, 0.0188887, 0.00117232, 0.0682006, 0.941073, 0.0301473, 0.14637, 0.227013, 0.0179519, 0.0891238, 0.0596078, 0.00125836, 0.000253798, 9.93781, 0.406051, 0.0356745, 0.0190297, 8.93131, 0.132998, 0.0513537, 0.0070947, 0.082729, 0.0345548, 0.0470594, 0.0292574, 0.080112, 0.0259059, 0.0112869, 0.00290916, 0.179724, 0.198732, 

0.00290916, 9.53629e-05, 0.0809384, 0.105995, 0.179097, 0.139898, 20.3168, 0.14637, 0.100765, 0.0117704, 0.000263602, 0.000493832, 0.00500546, 6.94808e-05, 0.0107688, 0.141868, 1.03289, 0.000881916, 0.0513537, 0.0682006, 0.0188887, 0.00117232, 0.941073, 0.0301473, 0.0891238, 0.0596078, 0.358835, 0.0958515, 0.00415152, 0.0179519, 0.00125836, 0.000253798, 0.0356745, 0.0190297, 8.93131, 0.132998, 0.0070947, 0.0260988, 0.000170541, 0.00290909, 0.082729, 0.0345548, 0.0470594, 0.0292574, 0.080112, 0.0259059, 0.0112869, 0.00824241, 0.179724, 0.198732, 

9.53629e-05, 0.00248427, 0.105995, 0.179097, 20.3168, 0.100765, 23.6236, 0.000881916, 0.0190297, 0.0301473, 0.000263602, 0.000493832, 0.00500546, 6.94808e-05, 0.141868, 0.0513537, 0.0682006, 0.0809384, 0.0107688, 0.0891238, 0.0141394, 0.00117232, 0.941073, 0.0958515, 0.00415152, 0.0141838, 0.111795, 0.0117704, 0.132998, 0.0596078, 0.00086467, 0.000253798, 0.0356745, 8.93131, 0.0070947, 0.0260988, 0.000170541, 0.00290909, 0.0179519, 0.139898, 0.0345548, 0.0470594, 0.0292574, 0.080112, 0.0259059, 0.0112869, 0.00824241, 0.00290916, 0.14637, 0.179724, 

9.53629e-05, 0.00248427, 0.105995, 0.179097, 0.0190297, 1.14485, 0.200158, 0.0301473, 0.0682006, 0.0107688, 3.41685e-05, 0.000189507, 0.00500546, 6.94808e-05, 0.141868, 0.0809384, 0.291259, 0.0117704, 0.00290909, 0.100765, 0.00290916, 0.00117232, 0.0958515, 0.00415152, 0.0141838, 0.111795, 13.5651, 0.000881916, 0.0179519, 0.0356745, 3.68374e-05, 0.000253798, 0.434184, 0.0070947, 0.0260988, 0.000170541, 0.525468, 0.0031674, 0.0891238, 0.0596078, 0.0345548, 0.0470594, 0.0292574, 0.080112, 0.0259059, 0.0112869, 0.0141394, 0.00824241, 0.132998, 0.139898, 

9.53629e-05, 0.00248427, 0.179097, 0.0301473, 0.0682006, 0.0107688, 0.342611, 0.0070947, 0.0958515, 0.00415152, 3.41685e-05, 0.000189507, 0.141868, 0.0809384, 0.0400656, 0.0117704, 1.72199, 0.0461672, 0.0891238, 0.0031674, 0.000924822, 0.00117232, 0.0141838, 0.111795, 0.0179519, 0.0223979, 4.14074, 0.00500546, 0.0356745, 0.00290909, 3.68374e-05, 0.000253798, 0.0260988, 0.000170541, 0.0596078, 1.17672, 1.707, 0.0190297, 0.000881916, 6.94808e-05, 0.0345548, 0.0292574, 0.0259059, 0.0112869, 0.0141394, 0.00824241, 0.00846319, 0.0255345, 0.100765, 0.105995, 

9.53629e-05, 0.00248427, 0.179097, 0.0301473, 0.0107688, 0.00415152, 5.67917, 0.100765, 0.0809384, 0.0117704, 3.41685e-05, 0.000189301, 0.0400656, 1.72199, 0.0461672, 0.0891238, 4.8052, 0.0141838, 0.0958515, 0.0596078, 0.000924822, 0.00117232, 0.111795, 0.0179519, 0.00500546, 0.0356745, 0.00290909, 0.0190297, 0.0682006, 0.000170541, 3.68374e-05, 0.000253798, 0.0260988, 1.17672, 1.707, 0.000881916, 6.94808e-05, 0.0223979, 0.0070947, 0.0031674, 0.0345548, 0.0292574, 0.0259059, 0.0112869, 0.0141394, 0.00824241, 0.00846319, 0.0255345, 0.105995, 0.141868, 

9.53629e-05, 0.00248427, 0.179097, 0.0107688, 0.00415152, 5.67917, 0.0117704, 0.0141838, 0.000881916, 0.00290909, 3.41685e-05, 0.000189301, 0.0400656, 0.0461672, 0.0958515, 5.60909, 0.303609, 0.0260988, 0.0809384, 0.0223979, 0.000924822, 0.00117232, 0.0179519, 0.00500546, 0.0356745, 2.01193, 0.484453, 0.0190297, 0.000170541, 0.0682006, 3.68374e-05, 0.000253798, 1.17672, 1.707, 6.94808e-05, 0.0070947, 7.49243, 0.0596078, 0.0301473, 0.0031674, 0.0345548, 0.0292574, 0.0259059, 0.0112869, 0.0141394, 0.00824241, 0.00846319, 0.0255345, 0.0891238, 0.100765, 

9.53629e-05, 0.00248427, 0.00415152, 0.0117704, 0.000881916, 0.00290909, 16.8881, 0.0809384, 0.179097, 0.0107688, 3.41685e-05, 0.000156404, 0.0400656, 0.0461672, 0.303609, 0.0260988, 0.0223979, 6.94808e-05, 0.100765, 0.0682006, 0.000924822, 0.00117232, 0.0179519, 0.00500546, 0.0356745, 2.01193, 0.000170541, 0.0141838, 0.0190297, 0.0958515, 3.68374e-05, 8.38753e-05, 1.17672, 1.707, 0.0596078, 0.0301473, 0.0031674, 0.0222297, 0.0891238, 0.0070947, 0.0345548, 0.0292574, 0.0259059, 0.0112869, 0.0141394, 0.00824241, 0.00846319, 0.0255345, 0.484453, 0.594765, 

1.48122e-05, 0.00048724, 0.00415152, 0.00290909, 16.8881, 0.179097, 0.967296, 0.0222297, 0.0157843, 0.000881916, 3.41685e-05, 5.1741e-05, 0.303609, 0.0223979, 0.0635012, 0.0166456, 2.12684, 0.0190297, 0.0356745, 0.00500546, 0.000646127, 0.00117232, 0.0179519, 0.000170541, 0.0141838, 0.0958515, 0.166218, 0.0107688, 0.0596078, 6.94808e-05, 3.68374e-05, 8.38753e-05, 1.707, 0.0301473, 0.0031674, 0.0070947, 4.62055, 0.0260988, 0.0117704, 0.0461672, 0.0292574, 0.0259059, 0.0112869, 0.0141394, 0.00824241, 0.00846319, 0.0255345, 0.0162765, 0.0809384, 0.0891238, 

1.48122e-05, 0.00048724, 1.00368, 0.174461, 0.0222297, 0.000867287, 0.0543477, 0.00500546, 0.00290909, 0.0117704, 3.41685e-05, 5.1741e-05, 0.0223979, 2.12684, 0.0190297, 0.0356745, 0.179256, 0.0461672, 0.0786502, 0.0142095, 0.000646127, 0.00117232, 0.000170541, 0.0141838, 0.0958515, 0.0107688, 6.94808e-05, 0.0290867, 0.0635012, 0.0179519, 3.68374e-05, 8.38753e-05, 0.0301473, 0.0031674, 0.0070947, 0.0260988, 0.32521, 0.00415152, 0.0596078, 0.0166456, 0.0292574, 0.0259059, 0.0112869, 0.0141394, 0.00824241, 0.00846319, 0.0255345, 0.0162765, 0.0809384, 0.0891238, 

1.48122e-05, 0.00048724, 1.00368, 0.0222297, 0.000867287, 0.00500546, 0.0117704, 0.0543477, 0.0070947, 0.0596078, 3.41685e-05, 5.1741e-05, 0.371506, 0.0190297, 0.179256, 0.0461672, 0.0142095, 0.0786502, 0.0031674, 0.0891238, 0.000646127, 0.00117232, 0.000170541, 0.00326423, 0.0107688, 6.94808e-05, 0.0635012, 0.0809384, 0.0356745, 0.0223979, 3.68374e-05, 8.38753e-05, 0.0142772, 0.0260988, 0.00414466, 0.0166456, 2.46399, 0.0179519, 0.00290909, 0.0290867, 0.0292574, 0.0259059, 0.0112869, 0.0141394, 0.00824241, 0.00846319, 0.0255345, 0.0162765, 0.0958515, 0.174461, 

1.48122e-05, 0.00048724, 0.000867287, 0.00500546, 0.0117704, 0.0070947, 0.0596078, 0.0543477, 0.0107688, 0.0260988, 3.41685e-05, 5.1741e-05, 0.371506, 0.0190297, 0.0142095, 0.0891238, 0.0439624, 0.0222297, 0.0031674, 0.0290867, 0.000646127, 0.00117232, 0.000170541, 0.00272906, 6.94808e-05, 0.0223979, 2.16011, 0.0786502, 0.0179519, 0.0461672, 3.68374e-05, 8.38753e-05, 0.00414466, 0.0166456, 0.744614, 0.00290909, 1.20228, 0.0142772, 0.0356745, 0.0635012, 0.0292574, 0.0259059, 0.0112869, 0.0141394, 0.00824241, 0.00846319, 0.0255345, 0.0162765, 0.0809384, 0.0958515, 

2.71366e-06, 0.00048724, 0.000867287, 0.00500546, 0.0070947, 0.0596078, 0.0543477, 0.00999835, 0.0439624, 0.0397387, 3.41685e-05, 5.1741e-05, 0.0190297, 0.0142095, 0.0222297, 0.0031674, 0.0290867, 0.0166456, 0.00272906, 0.0461672, 0.000646127, 0.00117232, 0.000170541, 6.94808e-05, 0.0223979, 1.09513, 4.22495, 0.0786502, 0.00414466, 0.0179519, 3.68374e-05, 8.38753e-05, 0.00290909, 0.0142772, 0.0356745, 0.0635012, 1.64166, 0.0260988, 0.0117704, 0.0107688, 0.0292574, 0.0259059, 0.0112869, 0.0141394, 0.00824241, 0.00846319, 0.0255345, 0.0162765, 0.0809384, 0.0958515, 

2.71366e-06, 0.00048724, 0.000867287, 0.0070947, 0.0397387, 3.87566, 0.00101416, 0.0142772, 6.94808e-05, 0.00500546, 3.41685e-05, 5.1741e-05, 0.0190297, 0.0222297, 0.0166456, 0.878369, 21.1402, 0.0290867, 0.0031674, 0.0142095, 0.000646127, 1.44697e-05, 0.000170541, 0.0223979, 4.22495, 0.00414466, 0.0179519, 0.0350255, 0.0356745, 0.0260988, 3.68374e-05, 8.38753e-05, 0.00290909, 0.0635012, 0.0117704, 0.0107688, 0.00385597, 0.00272906, 0.00999835, 0.0439624, 0.0112869, 0.0141394, 0.00824241, 0.00846319, 0.00167129, 0.00386924, 0.0073448, 0.00162619, 0.0461672, 0.0543477, 

2.71366e-06, 0.00048724, 0.000867287, 0.0070947, 0.00101416, 6.94808e-05, 1.65872, 0.0166456, 0.0142772, 0.0031674, 3.41685e-05, 5.1741e-05, 0.878369, 21.1402, 0.0290867, 0.0142095, 1.47385, 0.00500546, 0.0222297, 0.00999835, 0.000646127, 1.44697e-05, 0.0223979, 0.0179519, 0.0356745, 0.546229, 0.772305, 0.00272906, 0.0117704, 0.00414466, 3.68374e-05, 8.38753e-05, 0.00290909, 0.0635012, 0.00385597, 0.0439624, 0.0023037, 0.0107688, 0.000170541, 0.0190297, 0.0112869, 0.00824241, 0.00846319, 0.00167129, 0.00386924, 0.0073448, 0.00162619, 0.00298492, 0.0260988, 0.0350255, 

2.71366e-06, 0.00048724, 0.0070947, 1.65872, 0.0031674, 0.201431, 13.7639, 0.000170541, 0.0166456, 0.0142772, 1.51752e-05, 5.1741e-05, 0.0290867, 0.0142095, 1.47385, 0.00500546, 0.00999835, 0.000867287, 0.00272906, 0.00284054, 0.000646127, 1.44697e-05, 0.0179519, 0.0356745, 0.546229, 0.0117704, 0.00414466, 0.00385597, 0.0222297, 0.00101416, 3.68374e-05, 7.48129e-06, 0.00290909, 0.0023037, 0.0190297, 0.481458, 8.15763, 0.0107688, 0.0223979, 6.94808e-05, 0.00824241, 0.00846319, 0.00167129, 0.00386924, 0.0073448, 0.00162619, 0.00298492, 0.0022128, 0.0260988, 0.0350255, 

2.71366e-06, 0.00048724, 1.65872, 0.0031674, 0.201431, 0.0166456, 0.0142772, 0.00272906, 0.000170541, 0.0117704, 1.51752e-05, 5.1741e-05, 1.47385, 0.000867287, 0.00284054, 5.49108, 6.41597, 0.0142095, 0.00999835, 6.94808e-05, 0.000646127, 1.44697e-05, 0.546229, 0.0222297, 0.00101416, 0.936855, 1.87827, 0.00414466, 0.0070947, 0.0107688, 3.68374e-05, 7.48129e-06, 0.00290909, 0.0190297, 0.481458, 8.15763, 0.690573, 0.0023037, 0.00500546, 0.00385597, 0.00824241, 0.00846319, 0.00167129, 0.00386924, 0.0073448, 0.00162619, 0.00298492, 0.0022128, 0.0179519, 0.0223979, 

2.71366e-06, 0.00048724, 0.0031674, 0.0142772, 0.00272906, 0.0117704, 1.6873, 0.00290909, 0.0179519, 0.0223979, 1.51752e-05, 5.1741e-05, 0.00284054, 5.49108, 6.41597, 0.0142095, 14.5784, 0.201431, 0.0166456, 0.0190297, 0.000646127, 1.44697e-05, 0.546229, 0.00101416, 0.936855, 0.00414466, 0.0070947, 0.000867287, 0.0222297, 0.00999835, 1.11906e-06, 7.48129e-06, 0.481458, 0.0023037, 0.00500546, 0.00385597, 1.77552, 0.000170541, 0.0107688, 6.94808e-05, 0.00824241, 0.00846319, 0.00167129, 0.00386924, 0.0073448, 0.00162619, 0.00298492, 0.0022128, 0.343791, 0.442679, 

2.71366e-06, 0.00048724, 0.0031674, 0.0142772, 0.0117704, 1.6873, 1.99796, 0.00353854, 0.0023037, 0.0166456, 1.51752e-05, 5.1741e-05, 5.49108, 6.41597, 0.0142095, 0.0190297, 0.663523, 0.00290909, 0.0070947, 1.71946e-05, 0.000646127, 1.44697e-05, 0.00101416, 0.00414466, 0.000867287, 0.0222297, 1.71801, 0.00272906, 0.0179519, 6.94808e-05, 1.11906e-06, 7.48129e-06, 0.481458, 0.00500546, 0.00385597, 0.000170541, 5.63473, 0.00284054, 0.00999835, 0.0223979, 0.00824241, 0.00846319, 0.00167129, 0.00386924, 0.0073448, 0.00162619, 0.00298492, 0.0022128, 0.039997, 0.045766, 

2.71366e-06, 0.00048724, 0.0031674, 0.0142772, 1.99796, 0.00353854, 0.0023037, 0.0190297, 0.00500546, 6.94808e-05, 1.51752e-05, 1.04818e-05, 5.49108, 6.41597, 0.00290909, 8.54409e-06, 3.51994, 0.00272906, 0.000867287, 0.0142095, 1.44697e-05, 4.91127e-05, 0.00101416, 0.00414466, 0.0222297, 0.0179519, 4.58529e-05, 0.00135543, 0.00284054, 0.0166456, 1.10694e-06, 7.48129e-06, 0.481458, 0.00385597, 0.000170541, 0.00999835, 5.4554, 0.0070947, 1.71946e-05, 0.0117704, 0.00167129, 0.00386924, 0.00162619, 0.00298492, 0.0022128, 5.1741e-05, 0.000646127, 0.00113496, 0.0223979, 0.039997, 

2.71366e-06, 0.000353809, 0.0031674, 0.0142772, 1.99796, 0.0023037, 6.94808e-05, 0.00290909, 0.00101416, 0.00500546, 1.51752e-05, 1.04818e-05, 6.41597, 0.000867287, 0.0142095, 4.72365, 1.24963, 0.00353854, 0.00385597, 0.0166456, 1.44697e-05, 4.60602e-05, 0.00414466, 0.0222297, 0.0179519, 4.58529e-05, 0.00135543, 0.0117704, 0.00284054, 8.54409e-06, 1.10694e-06, 2.62969e-07, 0.481458, 0.000170541, 5.4554, 1.71946e-05, 14.3628, 0.00272906, 0.00999835, 0.0070947, 0.00167129, 0.00386924, 0.00162619, 0.00298492, 0.0022128, 5.1741e-05, 0.000646127, 0.00113496, 0.0190297, 0.0223979, 

2.71366e-06, 3.93762e-06, 0.0031674, 0.0142772, 0.0023037, 6.94808e-05, 0.00500546, 0.00290909, 0.000223707, 0.000867287, 1.51752e-05, 1.04818e-05, 6.41597, 1.24963, 0.00353854, 0.00385597, 5.52211, 0.0179519, 0.0166456, 0.0070947, 1.44697e-05, 1.5599e-05, 0.00414466, 4.58529e-05, 0.00135543, 0.0117704, 0.000186707, 1.71946e-05, 8.54409e-06, 0.00101416, 1.10694e-06, 2.62969e-07, 0.000170541, 5.4554, 0.00272906, 0.00999835, 3.60666, 0.00131766, 0.00284054, 4.22603e-06, 0.00167129, 0.00162619, 0.0022128, 5.1741e-05, 0.000646127, 0.00113496, 0.000353809, 0.000171254, 0.0190297, 0.0222297, 

2.71366e-06, 3.93762e-06, 0.0142772, 0.0023037, 0.00500546, 0.000223707, 3.64201, 0.0031674, 0.00131766, 0.00101416, 1.51752e-05, 1.04818e-05, 0.00385597, 0.0179519, 0.0166456, 0.0070947, 4.7676, 0.00999835, 4.22603e-06, 6.94808e-05, 1.44697e-05, 4.08244e-06, 0.00414466, 4.58529e-05, 1.71946e-05, 8.54409e-06, 0.482296, 0.0117704, 0.000186707, 0.000867287, 1.10694e-06, 2.62969e-07, 0.000170541, 0.00272906, 0.209007, 0.00284054, 2.87993, 9.75603e-05, 0.00135543, 0.00353854, 0.00167129, 0.00162619, 5.1741e-05, 0.000646127, 0.00113496, 0.000353809, 0.000171254, 1.5599e-05, 0.0190297, 0.0222297, 

2.71366e-06, 3.93762e-06, 0.000223707, 3.64201, 0.0031674, 5.39049, 5.72447, 0.0142772, 0.000170541, 6.94808e-05, 1.51752e-05, 1.04818e-05, 0.0166456, 0.0070947, 0.00894407, 4.22603e-06, 0.774245, 0.00500546, 0.00131766, 0.00385597, 1.44697e-05, 4.08244e-06, 0.00414466, 4.58529e-05, 1.71946e-05, 0.0117704, 0.000186707, 0.00353854, 0.00101416, 8.54409e-06, 1.10694e-06, 2.62969e-07, 0.00272906, 0.209007, 0.00284054, 9.75603e-05, 0.00135543, 0.0023037, 0.00135621, 0.000867287, 0.00167129, 0.00162619, 5.1741e-05, 0.000646127, 0.00113496, 0.000353809, 0.000171254, 1.5599e-05, 0.0179519, 0.0190297, 

2.71366e-06, 3.93762e-06, 3.64201, 5.39049, 5.72447, 0.0142772, 12.0498, 0.000186707, 6.94808e-05, 0.000223707, 1.51752e-05, 1.04818e-05, 0.0166456, 0.0070947, 4.22603e-06, 0.774245, 0.00385597, 0.00101416, 8.54409e-06, 0.000642444, 1.44697e-05, 4.08244e-06, 0.00414466, 1.71946e-05, 0.0117704, 0.00353854, 20.8298, 0.0023037, 4.58529e-05, 0.00131766, 1.10694e-06, 2.62969e-07, 0.209007, 9.75603e-05, 0.00135621, 3.23558, 1.64619, 0.000867287, 0.00135543, 1.26755e-05, 0.00162619, 5.1741e-05, 0.000646127, 0.00113496, 0.000353809, 0.000171254, 1.5599e-05, 0.00132312, 0.00272906, 0.00284054, 

1.82007e-06, 3.93762e-06, 5.39049, 5.72447, 0.000186707, 1.45946, 1.2051, 0.0117704, 6.94808e-05, 0.00272906, 1.51752e-05, 9.1594e-06, 0.0070947, 4.22603e-06, 0.00101416, 8.54409e-06, 4.22094, 0.00284054, 0.00385597, 2.25721e-05, 5.79743e-06, 4.08244e-06, 0.00353854, 0.0023037, 4.58529e-05, 0.00131766, 18.077, 0.000867287, 1.71946e-05, 0.000223707, 1.10694e-06, 2.62969e-07, 0.209007, 9.75603e-05, 0.00135621, 0.620673, 0.00135543, 1.26755e-05, 0.00414466, 3.17107e-06, 0.00162619, 5.1741e-05, 0.000646127, 0.00113496, 0.000353809, 0.000171254, 1.5599e-05, 0.00132312, 0.0142772, 0.0166456, 

1.82007e-06, 3.93762e-06, 5.39049, 0.000186707, 1.2051, 20.2184, 1.50058, 4.22603e-06, 2.25721e-05, 6.94808e-05, 1.51752e-05, 5.63154e-06, 0.00101416, 0.00284054, 0.00385597, 2.9411, 11.4131, 0.000733648, 0.000867287, 0.00135543, 5.79743e-06, 4.08244e-06, 4.58529e-05, 1.71946e-05, 0.000223707, 1.18936, 3.71935, 1.26755e-05, 3.17107e-06, 8.54409e-06, 1.10694e-06, 2.62969e-07, 0.209007, 9.75603e-05, 0.00135621, 8.97796, 0.0131477, 0.00131766, 0.00353854, 0.00272906, 0.00162619, 5.1741e-05, 0.000646127, 0.00113496, 0.000353809, 0.000171254, 1.5599e-05, 0.00132312, 0.00414466, 0.0070947, 

1.82007e-06, 3.93762e-06, 1.2051, 4.22603e-06, 2.25721e-05, 6.94808e-05, 0.709662, 0.00116422, 0.00353854, 1.26755e-05, 1.51752e-05, 5.63154e-06, 0.00101416, 0.00284054, 0.00385597, 11.4131, 0.000733648, 4.58529e-05, 0.000867287, 0.00414466, 5.79743e-06, 2.894e-06, 1.71946e-05, 0.000223707, 1.18936, 3.1078, 13.6856, 8.54409e-06, 0.00131766, 3.17107e-06, 1.10694e-06, 2.62969e-07, 0.209007, 9.75603e-05, 0.0131477, 0.00272906, 0.154191, 0.00135543, 0.000186707, 0.00135621, 5.1741e-05, 0.000646127, 0.00113496, 0.000353809, 0.000171254, 1.5599e-05, 0.00132312, 0.000443764, 0.0070947, 1.16741, 

1.82007e-06, 3.93762e-06, 1.2051, 2.25721e-05, 0.00116422, 0.835318, 5.80298, 0.000186707, 0.000867287, 0.00272906, 5.79743e-06, 5.63154e-06, 0.00101416, 0.00284054, 0.000733648, 4.58529e-05, 7.19161, 4.2675e-07, 1.71946e-05, 1.26755e-05, 2.894e-06, 6.92468e-07, 0.000223707, 3.1078, 13.6856, 0.00131766, 3.17107e-06, 6.94808e-05, 0.00385597, 0.00414466, 1.10694e-06, 2.62969e-07, 0.209007, 9.75603e-05, 0.00135543, 0.00135621, 0.0418641, 8.54409e-06, 0.00353854, 4.22603e-06, 5.1741e-05, 0.000646127, 0.00113496, 0.000353809, 0.000171254, 1.5599e-05, 0.000443764, 1.51752e-05, 0.0070947, 0.0130306, 

1.82007e-06, 3.93762e-06, 2.25721e-05, 0.00116422, 5.80298, 0.000867287, 0.491954, 0.00353854, 0.000223707, 0.000186707, 5.79743e-06, 5.00685e-06, 0.000128205, 0.00284054, 7.19161, 4.2675e-07, 1.26755e-05, 0.000733648, 0.00385597, 0.00414466, 2.894e-06, 6.92468e-07, 13.6856, 0.00131766, 3.17107e-06, 6.94808e-05, 0.670806, 8.54409e-06, 4.58529e-05, 4.22603e-06, 5.92062e-07, 2.62969e-07, 9.75603e-05, 0.00135543, 0.00135621, 0.000822537, 5.22737, 0.00272906, 0.0070947, 1.71946e-05, 5.1741e-05, 0.000646127, 0.00113496, 0.000353809, 0.000171254, 1.5599e-05, 0.000443764, 1.51752e-05, 0.0130306, 0.0347151, 

1.82007e-06, 3.93762e-06, 2.25721e-05, 0.000867287, 0.000223707, 1.53941, 0.687267, 3.17107e-06, 0.000822537, 0.000128205, 9.929e-07, 5.00685e-06, 7.19161, 4.2675e-07, 0.000733648, 0.00414466, 7.9794, 1.26755e-05, 0.00135621, 0.00116422, 2.894e-06, 6.92468e-07, 13.6856, 6.94808e-05, 0.0777005, 4.58529e-05, 4.22603e-06, 0.00131766, 8.54409e-06, 0.00353854, 5.92062e-07, 2.62969e-07, 9.75603e-05, 0.00272906, 0.0070947, 1.71946e-05, 3.7387, 0.00135543, 0.00284054, 0.000186707, 5.1741e-05, 0.000646127, 0.00113496, 0.000353809, 0.000171254, 1.5599e-05, 0.000443764, 1.51752e-05, 0.00385597, 0.0130306, 

1.82007e-06, 3.93762e-06, 0.000223707, 0.687267, 3.17107e-06, 0.000822537, 0.000128205, 0.00131766, 0.00385597, 0.00116422, 9.929e-07, 5.00685e-06, 0.247877, 4.2675e-07, 0.000733648, 7.9794, 1.16392, 0.000867287, 2.25721e-05, 1.26755e-05, 2.894e-06, 6.92468e-07, 0.00301634, 4.58529e-05, 8.54409e-06, 0.00353854, 7.62171, 4.22603e-06, 0.00272906, 1.71946e-05, 5.92062e-07, 2.62969e-07, 9.75603e-05, 0.0070947, 0.00135543, 0.00284054, 2.94236e-05, 0.00135621, 6.94808e-05, 0.000186707, 5.1741e-05, 0.000646127, 0.000353809, 0.000171254, 1.5599e-05, 0.000443764, 1.51752e-05, 6.0867e-05, 0.00414466, 0.0130306, 

1.82007e-06, 1.22393e-06, 3.17107e-06, 0.000822537, 0.00131766, 0.00385597, 2.96655e-08, 0.000867287, 0.00116422, 0.000178548, 8.44649e-07, 3.54124e-06, 4.2675e-07, 7.9794, 1.16392, 2.25721e-05, 6.49501, 0.00135543, 0.000128205, 0.000223707, 2.894e-06, 6.92468e-07, 4.58529e-05, 4.11309, 4.22603e-06, 0.00272906, 1.43465, 1.71946e-05, 1.26755e-05, 9.75603e-05, 5.92062e-07, 2.62969e-07, 0.0070947, 2.94236e-05, 0.00135621, 6.94808e-05, 1.37802, 0.000186707, 8.54409e-06, 0.000733648, 5.1741e-05, 0.000353809, 0.000171254, 1.5599e-05, 0.000443764, 1.51752e-05, 6.0867e-05, 4.11961e-05, 0.00284054, 0.00353854, 

1.82007e-06, 1.22393e-06, 3.17107e-06, 0.00131766, 2.96655e-08, 0.00116422, 1.03301, 0.000867287, 4.2675e-07, 0.000178548, 8.44649e-07, 1.23694e-06, 7.9794, 0.000128205, 0.000223707, 17.8532, 4.45208, 0.00135621, 0.000276884, 6.94808e-05, 2.894e-06, 6.92468e-07, 4.11309, 4.22603e-06, 1.43465, 1.71946e-05, 9.75603e-05, 0.00272906, 4.58529e-05, 1.26755e-05, 5.92062e-07, 2.62969e-07, 2.94236e-05, 0.000186707, 8.54409e-06, 0.000733648, 0.665979, 0.000822537, 0.00135543, 2.25721e-05, 5.1741e-05, 0.000353809, 0.000171254, 1.5599e-05, 1.51752e-05, 6.0867e-05, 4.11961e-05, 0.000342709, 0.00284054, 0.00353854, 

1.82007e-06, 1.22393e-06, 3.17107e-06, 0.00116422, 1.03301, 0.000867287, 3.88913, 1.71946e-05, 4.2675e-07, 2.25721e-05, 8.44649e-07, 1.23694e-06, 7.9794, 0.000128205, 0.000223707, 0.000276884, 4.19147, 6.94808e-05, 2.94236e-05, 4.58529e-05, 2.894e-06, 6.92468e-07, 3.4796, 4.22603e-06, 1.43465, 0.00272906, 2.94646e-06, 0.000186707, 2.96655e-08, 0.000733648, 5.92062e-07, 2.62969e-07, 8.54409e-06, 0.665979, 0.000822537, 0.00135543, 18.9417, 0.000178548, 0.00131766, 9.75603e-05, 5.1741e-05, 0.000353809, 0.000171254, 1.5599e-05, 1.51752e-05, 6.0867e-05, 4.11961e-05, 0.000342709, 0.00135621, 0.00284054, 

Best:
0.000164294	-5.17021e-05	

Fitness Evaluations:
3215

End Population
(-7.310789e-05), (1.347118e-03), (3.119968e-04), (1.061407e-03), (2.255242e-04), (-1.766412e-03), (2.130064e-02), (-2.665522e-02), (-7.737150e-01), (-6.590742e-01), (7.724315e-03), (-2.841869e-02), (-3.767999e-01), (-1.935757e+00), (-1.800295e-04), (4.142730e-03), (-1.177665e-04), (-6.425581e-04), (-1.433707e-03), (-4.529525e-03), (-3.567140e-04), (-8.469972e-04), (-4.962330e-04), (-9.953336e-04), (1.981840e+00), (2.012885e+00), (1.098665e-02), (-2.738300e-03), (4.551294e-03), (1.424755e-02), (-6.925136e-03), (-1.513033e-02), (4.189684e-01), (-2.003980e+00), (8.289355e-03), (8.759963e-04), (-4.363770e-03), (-3.221974e-03), (5.033744e-03), (-4.529274e-03), (-5.770321e-05), (-1.700196e-03), (-6.052830e-05), (-8.299426e-04), (-1.555755e+00), (1.029186e+00), (1.775479e-04), (2.048050e-03), (-1.154333e+00), (3.196334e-01), (4.029695e-02), (-3.324482e-02), (-1.660497e-03), (-4.349821e-04), (-1.119248e-02), (-7.838097e-03), (1.642937e-04), (-5.170211e-05), (6.586458e-03), (-2.627292e-02), (7.065984e-04), (-3.045993e-04), (2.817504e-04), (4.284692e-04), (-2.908791e-03), (2.881334e-04), (-6.550240e-01), (4.867473e-01), (1.675846e-02), (2.327426e-02), (-3.037566e-02), (-2.080259e-02), (-4.352095e+00), (3.120452e-02), (-1.333818e-02), (8.004085e-04), (-1.471144e-02), (-3.318478e-02), (2.531684e-03), (-9.547294e-03), (-5.961863e-03), (-4.024576e-03), (1.501200e-02), (-1.133355e-02), (3.245453e-03), (-1.267758e-02), (2.363338e-03), (-3.164425e-03), (-1.489130e-03), (-3.599683e-03), (-6.334537e-03), (-4.554188e-03), (-6.412444e-03), (-2.768473e-04), (-7.666855e-03), (-1.685019e-02), (1.625507e-03), (-3.679092e-02), (3.482938e-02), (-4.034172e-02), 