Iterations: 50
Function Evaluations Limit: 150000
Population: 50

Prides Length: 4

Percent Nomads: 0.2
Percent Roaming: 0.2
Percent Sex: 0.8

Mating Rate: 0.3
Mutation Probability: 0.2
Immigration Rate: 0.4

Dimensions: 2
N-Dimension Space: -5:5

Fitness Iterations:
1.42941
3.92821, 18.6148, 13.5764, 23.7605, 37.1395, 23.0778, 23.4574, 39.8912, 9.51185, 5.63755, 5.66285, 21.1658, 19.9536, 3.09289, 10.5208, 27.0711, 1.74761, 5.72198, 12.0443, 17.8279, 9.14145, 4.81109, 26.6874, 12.5077, 44.3127, 1.42941, 20.401, 21.5583, 22.3141, 8.42624, 13.4791, 13.955, 27.5241, 6.57948, 10.7466, 5.44137, 3.92656, 17.7881, 2.48618, 18.7884, 2.61225, 12.7234, 37.5735, 11.3559, 4.31863, 29.8651, 26.909, 12.6546, 3.53059, 21.9218, 

1.14604, 1.34308, 5.75768, 37.1395, 18.1402, 23.4574, 1.28268, 3.53059, 1.2759, 4.65638, 1.1149, 3.52276, 19.9536, 22.3124, 1.74761, 12.0443, 4.95788, 1.01983, 1.88915, 2.48618, 2.56794, 1.03, 2.27526, 0.234351, 18.9955, 7.09043, 1.33982, 0.489317, 3.09289, 2.68549, 0.501263, 1.40064, 3.05748, 3.09502, 1.37679, 6.66526, 1.5758, 3.62788, 5.63755, 0.343039, 3.25527, 5.2017, 4.31863, 10.5562, 5.66285, 6.44292, 10.2381, 4.88742, 5.72198, 7.33227, 

0.00421781, 0.876642, 0.809456, 37.1395, 1.28268, 3.53059, 0.134241, 0.287802, 2.48618, 1.01983, 0.501263, 1.98033, 12.0443, 4.95788, 1.88915, 6.84567, 10.0525, 3.09502, 3.44864, 1.2759, 1.03, 1.55366, 2.27526, 18.9955, 1.33982, 0.180866, 2.09911, 2.01176, 1.01802, 1.46114, 0.164016, 0.205749, 3.05748, 1.37679, 1.36674, 5.63755, 0.110871, 1.08058, 0.234351, 1.74761, 3.25527, 4.31863, 4.88742, 1.34308, 3.59768, 3.52276, 2.45834, 1.1149, 3.62788, 5.38882, 

0.00421781, 0.876642, 3.53059, 0.134241, 0.287802, 1.01983, 9.23818, 1.46114, 1.08058, 1.37679, 0.501263, 0.739719, 4.95788, 6.84567, 10.0525, 2.55203, 7.3282, 1.01802, 1.28268, 2.09911, 0.77167, 1.3086, 18.9955, 1.33982, 0.180866, 2.01176, 4.764, 1.2759, 2.27526, 1.88915, 0.0468935, 0.140553, 3.05748, 5.63755, 0.110871, 0.234351, 1.74761, 1.9393, 1.36674, 0.727804, 3.25527, 1.34308, 0.164016, 2.45834, 1.1149, 1.03, 2.81989, 1.55366, 2.48618, 3.48294, 

0.00421781, 0.140553, 0.287802, 1.46114, 1.37679, 22.3492, 5.15987, 0.180866, 1.2759, 1.88915, 0.164016, 0.739719, 4.95788, 2.55203, 7.3282, 1.28268, 6.02847, 1.01983, 1.01802, 1.33982, 0.183649, 0.71514, 12.716, 2.01176, 4.764, 2.23961, 0.408239, 1.08058, 1.36674, 0.426034, 0.0468935, 0.0536599, 0.110871, 1.9393, 0.727804, 0.0485867, 4.33343, 0.234351, 0.134241, 1.74761, 1.34308, 0.190519, 2.45834, 1.1149, 1.03, 1.55366, 1.3086, 0.876642, 2.09911, 2.48618, 

0.00421781, 0.140553, 0.287802, 1.46114, 0.180866, 0.159682, 6.4005, 0.250054, 0.110871, 0.157287, 0.164016, 0.190519, 7.3282, 1.01983, 1.01802, 3.96947, 4.24918, 1.25276, 0.506812, 1.28268, 0.183649, 0.71514, 2.23961, 0.408239, 1.08058, 0.426034, 11.7753, 1.45266, 0.170958, 1.88915, 0.0468935, 0.0536599, 1.9393, 0.727804, 0.134241, 1.74761, 1.13544, 0.234351, 0.524426, 0.0485867, 1.34308, 0.214211, 1.1149, 1.03, 1.3086, 0.876642, 0.307084, 0.204991, 2.01176, 2.09911, 

0.00421781, 0.140553, 0.180866, 3.53846, 0.157287, 3.00205, 1.29449, 1.13544, 1.25276, 0.110871, 0.164016, 0.161528, 3.96947, 4.24918, 0.506812, 1.28268, 1.78895, 0.287802, 0.250054, 0.727804, 0.183649, 0.307084, 0.408239, 1.08058, 0.426034, 1.63674, 7.45596, 0.333752, 0.159682, 0.234351, 0.0468935, 0.0536599, 1.9393, 0.134241, 0.524426, 0.0485867, 0.176411, 1.01802, 0.188791, 0.170958, 0.214211, 1.1149, 1.03, 0.876642, 0.71514, 0.204991, 0.63758, 0.223172, 1.45266, 1.46114, 

0.00421781, 0.140553, 0.180866, 2.22159, 1.29449, 1.13544, 0.743277, 0.0485867, 0.261089, 0.0876796, 0.164016, 0.103932, 0.506812, 0.287802, 0.250054, 0.727804, 9.99709, 0.0801642, 0.134241, 0.426034, 0.118677, 0.0808427, 1.63674, 7.45596, 0.159682, 0.234351, 4.82144, 0.333752, 0.110871, 0.408239, 0.0468935, 0.0536599, 1.9393, 0.176411, 0.188791, 0.170958, 0.993175, 0.157287, 0.146332, 0.000337921, 0.214211, 0.876642, 0.71514, 0.204991, 0.63758, 0.223172, 0.183649, 0.110687, 0.516638, 0.524426, 

0.00421781, 0.110514, 2.22159, 1.29449, 0.128529, 0.0876796, 0.11054, 0.234351, 0.261089, 0.0485867, 0.0788969, 0.0829332, 0.506812, 0.250054, 0.0775178, 0.134241, 0.426034, 0.524426, 0.157287, 0.516638, 0.118677, 0.0808427, 1.63674, 0.159682, 0.333752, 0.408239, 4.80825, 0.287802, 0.110871, 0.170958, 0.0468935, 0.0536599, 0.176411, 0.188791, 0.146332, 0.000337921, 1.46252, 0.314057, 0.0240855, 0.180866, 0.214211, 0.204991, 0.223172, 0.183649, 0.110687, 0.127634, 0.103932, 0.354059, 0.727804, 0.993175, 

0.00421781, 0.0424208, 0.853064, 0.128529, 0.0876796, 0.0873585, 0.0485867, 0.176411, 0.000337921, 0.0809142, 0.0788969, 0.0829332, 0.506812, 0.0775178, 0.134241, 0.516638, 2.18118, 0.250054, 0.234351, 0.0517124, 0.0606212, 0.0808427, 0.333752, 4.80825, 0.170958, 5.71172, 8.82469, 0.261089, 0.287802, 0.159682, 0.0468935, 0.0468652, 0.0840195, 0.0240855, 0.180866, 0.0628718, 1.51601, 0.314057, 0.110871, 0.188791, 0.204991, 0.183649, 0.118677, 0.127634, 0.103932, 0.110514, 0.200115, 0.110687, 0.348709, 0.408239, 

0.00421781, 0.0424208, 0.853064, 0.0876796, 0.0873585, 0.000337921, 6.09579, 0.0775178, 0.09191, 0.0809142, 0.0788969, 0.0118225, 0.506812, 0.134241, 0.516638, 0.250054, 0.0517124, 0.261089, 0.0840195, 0.128529, 0.0606212, 0.079742, 0.333752, 5.71172, 0.159682, 9.39232, 2.85883, 0.170958, 0.0485867, 0.0628718, 0.0468935, 0.0468652, 0.0240855, 0.180866, 0.314057, 0.110871, 0.188791, 0.176411, 0.234351, 0.043343, 0.183649, 0.118677, 0.127634, 0.103932, 0.110514, 0.200115, 0.110687, 0.0502235, 0.287802, 0.348709, 

0.00280655, 0.0113897, 0.853064, 0.0873585, 0.000337921, 2.26511, 0.09191, 0.0772893, 0.0240855, 0.0628718, 0.0242373, 0.0118225, 0.506812, 0.134241, 0.516638, 0.250054, 0.0517124, 0.110871, 0.10689, 0.188791, 0.0467903, 0.079742, 5.71172, 0.159682, 0.170958, 0.0485867, 16.7917, 0.0876796, 0.043343, 0.128529, 0.0148114, 6.50147e-05, 0.314057, 0.176411, 0.0544799, 5.88315, 12.4809, 0.0840195, 0.0775178, 0.0457333, 0.118677, 0.103932, 0.110514, 0.110687, 0.0788969, 0.0960428, 0.0137155, 0.0502235, 0.19708, 0.287802, 

0.00280655, 0.0113897, 0.853064, 0.0873585, 1.18817, 0.0772893, 10.5034, 0.09191, 0.043343, 0.176411, 0.0137155, 0.0102885, 0.506812, 0.516638, 0.0122094, 0.10689, 6.773, 0.0628718, 0.0517124, 0.159682, 0.0467903, 0.0502235, 5.71172, 0.0485867, 16.7917, 0.128529, 15.9545, 0.170958, 0.0775178, 0.000337921, 0.0148114, 6.50147e-05, 0.314057, 0.0544799, 0.0840195, 0.0457333, 0.805682, 0.0876796, 0.134241, 0.0240855, 0.118677, 0.103932, 0.110514, 0.110687, 0.0788969, 0.0960428, 0.0242373, 0.079742, 0.188791, 0.189705, 

0.00280655, 0.0113897, 0.0873585, 1.18817, 10.5034, 0.176411, 5.06816, 0.0485867, 0.0122094, 0.0728706, 0.0137155, 0.0102885, 0.506812, 0.516638, 0.0628718, 7.70467, 0.156311, 0.128529, 0.0517124, 0.09191, 0.0242373, 0.0277701, 5.71172, 16.7917, 0.170958, 0.0775178, 0.000337921, 0.0240855, 0.043343, 0.0457333, 0.0148114, 6.50147e-05, 0.314057, 0.0544799, 0.805682, 0.0876796, 1.83382, 0.0541144, 0.10689, 0.0840195, 0.118677, 0.103932, 0.110514, 0.110687, 0.0788969, 0.0960428, 0.0301292, 0.079742, 0.134241, 0.159682, 

0.00280655, 0.0113897, 0.0873585, 0.176411, 5.06816, 0.0485867, 2.51978, 0.0544799, 0.0775178, 0.10689, 0.0116517, 0.0102885, 0.0628718, 0.156311, 0.0517124, 0.09191, 1.87204, 0.0728706, 0.134241, 0.0122094, 0.0242373, 0.00137249, 5.71172, 0.170958, 0.043343, 0.0457333, 5.59899, 0.0840195, 0.128529, 0.159612, 0.0148114, 6.50147e-05, 0.314057, 0.0876796, 1.83382, 0.0541144, 3.47577, 0.000337921, 0.0240855, 0.134043, 0.118677, 0.103932, 0.110514, 0.110687, 0.0788969, 0.0960428, 0.0301292, 0.079742, 0.159682, 0.506812, 

0.00280655, 0.0113897, 0.176411, 0.0544799, 0.0775178, 8.57731, 2.26591, 0.09191, 0.0517124, 0.0541144, 0.0116517, 0.00234695, 0.0628718, 1.87204, 0.134241, 0.0122094, 8.78949, 0.0728706, 0.0457333, 0.156311, 0.0242373, 0.00137249, 5.71172, 0.170958, 5.59899, 0.0840195, 0.187532, 0.043343, 0.0873585, 0.0485867, 0.00602924, 6.50147e-05, 0.314057, 0.0876796, 0.000337921, 0.134043, 2.52234, 0.128529, 0.0240855, 0.10689, 0.118677, 0.103932, 0.110514, 0.110687, 0.0788969, 0.0960428, 0.0301292, 0.079742, 0.159612, 0.159682, 

0.00280655, 0.0113897, 8.57731, 2.26591, 0.0517124, 0.0541144, 2.87017, 0.159682, 0.134241, 0.0544799, 0.0116517, 0.00234695, 1.87204, 0.0122094, 0.00572287, 0.156311, 1.88962, 0.159612, 0.134043, 0.0628718, 0.00137249, 0.023104, 5.59899, 0.0840195, 0.0873585, 0.0485867, 4.55525, 0.0728706, 0.043343, 0.000337921, 0.00153374, 6.50147e-05, 2.52234, 0.128529, 0.0240855, 0.10689, 13.173, 0.09191, 0.0876796, 0.0775178, 0.103932, 0.110514, 0.110687, 0.0788969, 0.0960428, 0.0301292, 0.079742, 0.0242373, 0.170958, 0.176411, 

0.00280655, 0.0113897, 8.57731, 2.26591, 2.87017, 0.134241, 0.0544799, 0.0541144, 0.0240855, 0.159612, 0.0116517, 0.00234695, 1.87204, 0.156311, 1.88962, 0.134043, 0.0628718, 0.159682, 0.0122094, 0.0485867, 0.00137249, 0.0123704, 0.0840195, 0.0873585, 0.0728706, 0.043343, 3.09264, 0.000337921, 0.00572287, 0.0517124, 0.00153374, 6.50147e-05, 0.128529, 0.10689, 0.0876796, 0.969804, 0.0260729, 0.170958, 0.0775178, 0.09191, 0.103932, 0.110514, 0.0788969, 0.0960428, 0.0301292, 0.079742, 0.0242373, 0.0229205, 0.176411, 0.541249, 

0.00280655, 0.0113897, 8.57731, 2.26591, 2.87017, 0.134241, 0.0240855, 0.0541144, 0.0728706, 0.043343, 0.0116517, 0.00234695, 1.87204, 0.0628718, 0.159682, 1.33706, 0.413083, 0.0544799, 0.0840195, 0.00572287, 0.00137249, 0.0123704, 0.0873585, 3.09264, 0.000337921, 0.0185839, 13.5055, 0.0122094, 0.0775178, 0.0876796, 0.00153374, 6.50147e-05, 0.128529, 0.10689, 0.0260729, 0.170958, 0.09191, 0.032458, 0.0485867, 0.0517124, 0.103932, 0.110514, 0.0788969, 0.0960428, 0.0301292, 0.079742, 0.0242373, 0.0229205, 0.134043, 0.156311, 

0.00280655, 0.00575298, 2.26591, 2.87017, 0.0728706, 0.0196983, 0.00156522, 0.0876796, 0.0873585, 0.0240855, 0.00698749, 0.00234695, 1.87204, 0.159682, 1.33706, 0.00572287, 26.2504, 0.000337921, 0.0628718, 0.0541144, 0.00137249, 0.00285326, 3.09264, 0.0122094, 0.0775178, 0.00247873, 3.59674, 0.000119054, 0.0260729, 0.09191, 0.00153374, 6.50147e-05, 0.10689, 0.170958, 0.0485867, 0.0517124, 4.3412, 0.0840195, 0.0544799, 0.032458, 0.0788969, 0.0301292, 0.079742, 0.0242373, 0.0229205, 0.0113897, 0.0123704, 0.0459242, 0.128529, 0.134043, 

0.00280655, 0.00575298, 2.26591, 0.0196983, 0.0876796, 0.0873585, 10.0482, 0.09191, 0.0517124, 0.128529, 0.00698749, 0.00234695, 0.159682, 1.33706, 0.00572287, 0.000337921, 13.7179, 0.032458, 0.00156522, 0.0240855, 0.00137249, 0.00233126, 3.09264, 0.0775178, 0.00247873, 2.6588, 0.000119054, 0.0541144, 0.0412841, 0.0728706, 0.00087979, 6.50147e-05, 0.10689, 0.170958, 0.0485867, 0.0840195, 0.0544799, 0.0628718, 0.0260729, 0.0122094, 0.0788969, 0.0301292, 0.0242373, 0.0229205, 0.0113897, 0.0123704, 0.0459242, 0.0205326, 0.134043, 0.413932, 

0.00280655, 0.000813271, 2.26591, 0.0423801, 10.0482, 0.128529, 10.8955, 0.09191, 0.0840195, 0.00572287, 0.00698749, 0.00234695, 0.159682, 13.7179, 0.00156522, 0.0240855, 4.0267, 0.0541144, 0.0196983, 0.0517124, 0.000545736, 0.00233126, 0.00247873, 2.6588, 0.000119054, 0.0412841, 0.284588, 0.000337921, 0.0876796, 0.0728706, 0.00087979, 6.50147e-05, 0.170958, 0.0544799, 0.0628718, 0.0260729, 0.0044775, 0.0775178, 0.0485867, 0.032458, 0.0301292, 0.0242373, 0.0229205, 0.0113897, 0.0123704, 0.0459242, 0.0205326, 0.00485175, 0.10689, 0.134043, 

0.00280655, 0.000813271, 0.0423801, 0.128529, 0.0840195, 0.00572287, 0.0291168, 0.0775178, 0.0276928, 0.0196983, 0.00698749, 0.00234695, 0.0107445, 0.0240855, 0.0237467, 0.00643113, 2.909, 0.10689, 0.0517124, 0.0485867, 0.000545736, 0.00233126, 0.000119054, 0.284588, 0.000337921, 0.0876796, 18.6179, 0.0728706, 0.09191, 0.00247873, 0.00087979, 6.50147e-05, 0.170958, 0.0544799, 0.0628718, 0.0260729, 0.0044775, 0.00156522, 0.032458, 0.0412841, 0.0301292, 0.0242373, 0.0229205, 0.0113897, 0.0123704, 0.0205326, 0.00485175, 0.00898288, 0.134043, 0.516249, 

0.0026694, 0.000813271, 0.128529, 0.0291168, 0.00209358, 0.0196983, 0.544271, 0.00572287, 0.0840195, 0.0628718, 0.00698749, 0.00234695, 0.0240855, 0.10689, 0.0517124, 0.217027, 1.70721, 0.0485867, 0.0775178, 0.0260729, 0.000545736, 0.00233126, 0.000119054, 0.000337921, 0.00247873, 1.36162, 0.000796118, 0.0237467, 0.0107445, 0.00643113, 0.00087979, 6.50147e-05, 0.0044775, 0.00156522, 0.032458, 0.0412841, 0.00644763, 0.0544799, 0.0728706, 0.0423801, 0.0301292, 0.0242373, 0.0229205, 0.0113897, 0.0123704, 0.0205326, 0.00485175, 0.00898288, 0.0876796, 0.09191, 

0.000416281, 0.00087979, 0.0291168, 0.0196983, 0.544271, 0.0840195, 1.38478, 0.0107445, 0.0044775, 0.00480846, 0.0026694, 0.00234695, 0.0240855, 0.0517124, 0.00283643, 1.70721, 0.0260729, 0.000337921, 0.000796118, 0.0237467, 0.000545736, 0.00233126, 0.000119054, 0.00247873, 0.00643113, 0.337167, 28.4519, 0.000444129, 0.0412841, 0.0485867, 6.50147e-05, 0.000395621, 0.00156522, 0.032458, 0.0423801, 0.000291591, 0.0831529, 0.00572287, 0.0544799, 0.00209358, 0.0229205, 0.0113897, 0.0123704, 0.0205326, 0.00698749, 0.00898288, 0.00485175, 0.00198642, 0.0628718, 0.0728706, 

0.000416281, 0.00087979, 0.0840195, 1.38478, 0.0107445, 0.0044775, 21.097, 0.0423801, 0.000291591, 0.0291168, 0.00198642, 0.00234695, 0.00283643, 0.0260729, 0.000796118, 0.0237467, 1.51346, 0.0485867, 0.00247873, 0.0196983, 0.000545736, 0.000192485, 0.000119054, 0.00643113, 0.0412841, 12.8627, 2.12181, 0.032458, 0.0240855, 0.000444129, 6.50147e-05, 0.000395621, 0.00156522, 0.00572287, 0.0544799, 0.00209358, 8.90938, 0.000337921, 0.00480846, 0.00123255, 0.0229205, 0.0113897, 0.0123704, 0.0205326, 0.00698749, 0.00898288, 0.00485175, 0.0026694, 0.0517124, 0.0628718, 

0.000416281, 0.000267839, 0.0840195, 0.0107445, 21.097, 0.000291591, 1.9223, 0.032458, 0.0240855, 0.00247873, 0.00198642, 0.00234695, 0.00283643, 0.0260729, 0.000796118, 1.51346, 0.0196983, 0.00123255, 0.00209358, 0.00643113, 3.29218e-05, 0.000192485, 0.000119054, 12.8627, 2.12181, 0.000444129, 7.96953, 0.00480846, 0.0237467, 0.0044775, 6.50147e-05, 0.000197942, 0.0544799, 8.90938, 0.000337921, 6.85609, 6.97974, 0.00156522, 0.00572287, 0.0291168, 0.0229205, 0.0113897, 0.0123704, 0.0205326, 0.00698749, 0.00898288, 0.00485175, 0.0026694, 0.0412841, 0.0423801, 

0.000416281, 0.000267839, 2.50073, 1.9223, 0.032458, 0.0240855, 0.835816, 0.000796118, 0.000456862, 0.00572287, 0.00198642, 6.64824e-05, 0.0260729, 1.51346, 0.00123255, 0.00209358, 0.170758, 0.000291591, 0.00156522, 0.00247873, 3.29218e-05, 0.000192485, 0.000119054, 2.12181, 0.000444129, 0.0044775, 3.61435, 0.00643113, 0.000337921, 0.0107445, 6.50147e-05, 0.000197942, 0.0544799, 8.90938, 6.85609, 6.97974, 0.014585, 0.00283643, 0.0196983, 0.00480846, 0.0113897, 0.0123704, 0.00698749, 0.00898288, 0.00485175, 0.0026694, 0.00234695, 0.0145688, 0.0237467, 0.0291168, 

0.000416281, 0.000267839, 2.50073, 1.9223, 0.0240855, 0.835816, 0.000456862, 0.000796118, 0.00156522, 0.0044775, 0.00191925, 6.64824e-05, 0.0260729, 0.00123255, 0.170758, 0.00247873, 4.8216, 0.000337921, 0.0291168, 0.032458, 3.29218e-05, 0.000192485, 0.000119054, 0.000444129, 3.61435, 0.00643113, 0.661188, 0.000291591, 0.00209358, 0.00518049, 6.50147e-05, 0.000197942, 8.90938, 6.97974, 0.000873691, 0.00283643, 0.00480846, 0.00572287, 0.0237467, 0.0196983, 0.0113897, 0.0123704, 0.00698749, 0.00898288, 0.00485175, 0.0026694, 0.00234695, 0.0145688, 0.0544799, 1.51346, 

0.000392877, 0.000137602, 2.50073, 0.835816, 0.000796118, 0.0044775, 1.63406, 0.00643113, 0.0144896, 0.00123255, 0.00191925, 6.64824e-05, 0.170758, 0.00247873, 0.000337921, 0.0291168, 0.0515439, 0.0196983, 0.00156522, 0.0317259, 3.29218e-05, 0.000192485, 0.000119054, 0.000444129, 0.00209358, 0.00518049, 5.34899, 0.0260729, 0.0237467, 0.000291591, 6.50147e-05, 0.000197942, 8.10813, 4.29072, 0.00283643, 0.00480846, 0.00572287, 0.000456862, 0.000873691, 0.0240855, 0.0113897, 0.0123704, 0.00698749, 0.00898288, 0.00485175, 0.0026694, 0.00234695, 0.0145688, 0.032458, 0.0544799, 

0.000137602, 0.00036693, 0.924378, 0.835816, 1.63406, 0.0144896, 11.9269, 0.0237467, 0.00123255, 0.000796118, 0.000392877, 6.64824e-05, 0.170758, 0.0291168, 0.0196983, 3.58722, 4.58268, 0.000444129, 0.00480846, 0.00643113, 3.29218e-05, 0.000192485, 0.000119054, 0.00518049, 0.0260729, 0.000291591, 1.01133, 0.00209358, 0.000337921, 0.00247873, 6.50147e-05, 0.000197942, 0.00283643, 0.000456862, 0.000873691, 0.0240855, 9.36235, 0.0044775, 0.00156522, 0.00572287, 0.0113897, 0.0123704, 0.00698749, 0.00898288, 0.00485175, 0.0026694, 0.00234695, 0.00191925, 0.0317259, 0.032458, 

0.000137602, 0.00036693, 0.924378, 0.469369, 0.00840068, 0.00123255, 0.000796118, 0.0240855, 0.170758, 0.189296, 0.000356575, 6.64824e-05, 0.0291168, 0.0196983, 1.1756, 0.00480846, 2.59983, 0.000444129, 0.000119054, 0.00643113, 3.29218e-05, 0.000192485, 0.0260729, 0.000291591, 0.000337921, 0.00247873, 0.294774, 0.032458, 0.00209358, 0.00518049, 6.50147e-05, 0.000197942, 0.000456862, 0.000873691, 0.0044775, 0.00156522, 0.00572287, 0.0317259, 0.0144896, 0.00182712, 0.0113897, 0.0123704, 0.00698749, 0.00898288, 0.00485175, 0.0026694, 0.00234695, 0.00191925, 0.607341, 0.770726, 

0.000137602, 0.000270601, 0.924378, 0.00840068, 0.170758, 0.189296, 1.41602, 0.00804815, 0.00123255, 0.0044775, 0.000356575, 6.64824e-05, 0.0291168, 0.00480846, 2.59983, 0.000444129, 0.000119054, 0.00518049, 0.000873691, 0.0196983, 3.29218e-05, 0.000160343, 0.000337921, 0.00247873, 0.0568719, 0.032458, 0.129202, 0.000291591, 0.00209358, 0.000796118, 6.50147e-05, 0.000197942, 0.000456862, 0.00156522, 0.0144896, 0.00182712, 8.80524, 0.00572287, 0.00643113, 0.0240855, 0.0113897, 0.0123704, 0.00698749, 0.00898288, 0.00485175, 0.0026694, 0.00234695, 0.00191925, 0.0260729, 0.0317259, 

0.000137602, 0.000160667, 0.0294137, 0.189296, 1.41602, 0.00123255, 0.0131887, 0.00840068, 0.000444129, 0.00182712, 6.64824e-05, 0.00011574, 0.0291168, 0.00518049, 0.000873691, 0.0196983, 0.000169866, 0.000456862, 0.000337921, 0.0144896, 3.29218e-05, 0.000150572, 0.032458, 0.129202, 0.00209358, 0.000796118, 2.51887, 0.000119054, 0.000291591, 0.0044775, 6.50147e-05, 0.000197942, 0.00156522, 8.80524, 0.00572287, 0.00643113, 0.0240855, 0.00480846, 0.00247873, 0.00804815, 0.0113897, 0.00698749, 0.00898288, 0.00485175, 0.0026694, 0.00234695, 0.00191925, 0.000160343, 0.0260729, 0.0317259, 

0.000137602, 0.000160343, 1.41602, 0.0131887, 0.000444129, 0.00182712, 8.32325, 0.00247873, 0.000815035, 0.00156522, 6.64824e-05, 0.00011574, 0.0291168, 0.00518049, 0.000873691, 0.000456862, 0.0144896, 0.000119054, 0.000337921, 0.00840068, 3.29218e-05, 0.000135291, 0.00209358, 0.000291591, 0.0044775, 9.14169, 1.9655, 0.000169866, 0.00123255, 0.000796118, 6.50147e-05, 0.000197942, 8.80524, 0.00643113, 0.0240855, 0.00480846, 4.06424, 0.00804815, 0.0196983, 0.00572287, 0.00698749, 0.00898288, 0.00485175, 0.0026694, 0.00234695, 0.00191925, 0.000160667, 0.000773782, 0.0260729, 0.0294137, 

0.000137602, 0.000160343, 1.41602, 0.0131887, 0.00182712, 0.00247873, 0.00156522, 0.00480846, 0.000456862, 0.000337921, 6.64824e-05, 0.00011574, 0.000873691, 0.0144896, 0.00840068, 1.97709, 0.00383872, 0.000815035, 0.00123255, 0.0260729, 3.29218e-05, 5.51533e-05, 0.00209358, 0.0044775, 0.000169866, 1.45712, 4.75728e-05, 0.00518049, 0.000796118, 0.000291591, 6.50147e-05, 0.000135291, 0.00643113, 0.0240855, 0.00804815, 0.00572287, 14.8358, 0.0196983, 0.000444129, 0.000119054, 0.00485175, 0.0026694, 0.00234695, 0.00191925, 0.000160667, 0.000773782, 0.00500327, 0.000197942, 0.0291168, 0.0294137, 

0.000137602, 9.44279e-05, 1.41602, 0.00182712, 0.00480846, 0.511443, 2.1183e-05, 0.000337921, 0.000456862, 0.00804815, 6.64824e-05, 0.00011574, 0.000873691, 0.0144896, 0.00840068, 0.0360336, 1.89905, 0.00383872, 0.00247873, 0.000815035, 3.29218e-05, 5.51533e-05, 0.0044775, 1.45712, 0.000796118, 0.000291591, 0.256835, 0.00156522, 4.75728e-05, 0.00518049, 6.50147e-05, 0.000135291, 0.00643113, 0.00572287, 0.000444129, 0.000119054, 1.85552, 0.000169866, 0.00209358, 0.00123255, 0.00485175, 0.0026694, 0.00234695, 0.00191925, 0.000160667, 0.000773782, 0.00500327, 0.000197942, 0.0131887, 0.0196983, 

0.000135291, 9.44279e-05, 0.00480846, 2.1183e-05, 0.000337921, 0.000456862, 1.00697, 0.00247873, 0.00643113, 0.000291591, 6.64824e-05, 0.00011574, 0.0144896, 0.00840068, 0.0360336, 0.00383872, 0.000815035, 0.0044775, 0.00182712, 0.00156522, 3.29218e-05, 5.51533e-05, 1.45712, 0.000796118, 4.75728e-05, 0.00111277, 0.0344789, 0.00123255, 0.00016258, 0.00209358, 6.50147e-05, 6.00292e-05, 0.000444129, 0.000119054, 1.85552, 0.000169866, 5.89424e-05, 0.00804815, 0.00572287, 0.000873691, 0.0026694, 0.00234695, 0.00191925, 0.000160667, 0.000773782, 0.000197942, 0.000533992, 0.000137602, 0.0131887, 0.0196983, 

6.50147e-05, 9.44279e-05, 2.1183e-05, 0.000337921, 0.000456862, 0.00643113, 2.30612, 0.000796118, 0.000815035, 0.000873691, 6.64824e-05, 5.21033e-05, 0.0144896, 0.00840068, 0.0360336, 0.00383872, 0.00182712, 0.00156522, 0.000119054, 0.000291591, 3.29218e-05, 3.96165e-05, 1.45712, 0.00111277, 0.00123255, 0.00016258, 1.48831, 0.00209358, 5.89424e-05, 4.75728e-05, 6.00292e-05, 3.89047e-05, 0.000444129, 0.000169866, 0.00804815, 0.00572287, 4.27819e-05, 0.0044775, 0.00247873, 0.00480846, 0.00234695, 0.00191925, 0.000160667, 0.000773782, 0.000197942, 0.000533992, 0.000137602, 0.000135291, 0.0131887, 0.0196983, 

6.50147e-05, 6.70849e-06, 2.1183e-05, 0.00643113, 2.30612, 0.000815035, 0.000873691, 0.00016258, 0.00113329, 4.75728e-05, 5.77821e-05, 5.21033e-05, 0.0144896, 0.00840068, 0.0248088, 0.000119054, 4.59055, 0.000456862, 0.000796118, 0.00156522, 3.29218e-05, 3.96165e-05, 1.45712, 0.00111277, 0.00123255, 0.551206, 5.9819, 0.000169866, 5.89424e-05, 0.00182712, 6.00292e-05, 3.89047e-05, 0.000444129, 0.00804815, 0.00572287, 4.27819e-05, 3.40912, 0.000221724, 0.000337921, 0.000291591, 0.00191925, 0.000160667, 0.000773782, 0.000197942, 0.000533992, 0.000137602, 0.000135291, 0.00029055, 0.00209358, 0.00247873, 

5.77821e-05, 6.70849e-06, 2.30612, 0.000873691, 0.00016258, 4.75728e-05, 7.87924, 0.000444129, 0.000796118, 4.27819e-05, 5.21033e-05, 2.34656e-05, 0.0144896, 0.0248088, 0.000456862, 0.00156522, 4.43708e-06, 0.000815035, 0.000119054, 2.1183e-05, 3.29218e-05, 3.8378e-05, 1.45712, 0.551206, 5.89424e-05, 0.00182712, 0.303129, 0.000291591, 0.00123255, 0.00111277, 4.6407e-05, 3.89047e-05, 0.00804815, 3.40912, 0.000337921, 9.9342, 0.94057, 0.00113329, 0.000221724, 0.000169866, 0.000160667, 0.000773782, 0.000197942, 0.000533992, 0.000137602, 0.000135291, 0.00029055, 6.50147e-05, 0.00209358, 0.00247873, 

5.77821e-05, 6.70849e-06, 0.00016258, 4.68085, 4.27819e-05, 0.846893, 0.79827, 2.1183e-05, 5.89424e-05, 0.000796118, 5.21033e-05, 2.34656e-05, 0.0144896, 0.0248088, 0.000456862, 0.000119054, 6.19754, 0.000444129, 0.00113329, 0.000815035, 3.29218e-05, 3.8378e-05, 0.551206, 0.00123255, 0.00111277, 12.4868, 3.31616, 0.000337921, 0.00156522, 0.000291591, 1.84057e-05, 3.89047e-05, 0.94057, 0.000221724, 0.000169866, 9.38058, 10.1133, 4.43708e-06, 4.75728e-05, 0.000873691, 0.000160667, 0.000197942, 0.000533992, 0.000137602, 0.000135291, 0.00029055, 6.50147e-05, 0.000255405, 0.00182712, 0.00209358, 

5.77821e-05, 6.70849e-06, 4.68085, 0.846893, 0.000796118, 6.01749, 5.73086e-05, 0.000456862, 0.00182712, 0.000291591, 5.21033e-05, 1.24787e-05, 0.0144896, 0.000119054, 0.000444129, 0.00113329, 0.000815035, 0.000337921, 0.000873691, 0.00016258, 3.29218e-05, 3.8378e-05, 0.00123255, 0.00111277, 3.31616, 2.05323, 0.277621, 0.000221724, 2.1183e-05, 0.00156522, 1.84057e-05, 3.89047e-05, 0.94057, 0.000169866, 4.43708e-06, 4.75728e-05, 3.71509, 4.27819e-05, 0.00209358, 5.89424e-05, 0.000160667, 0.000197942, 0.000137602, 0.000135291, 0.00029055, 6.50147e-05, 0.000255405, 7.10007e-05, 0.0248088, 0.551206, 

5.5844e-05, 6.70849e-06, 4.68085, 0.846893, 0.000796118, 0.00182712, 0.000291591, 2.08026e-05, 4.43708e-06, 0.000221724, 5.21033e-05, 1.24787e-05, 0.000444129, 0.00113329, 0.000815035, 0.00016258, 1.37152, 0.00209358, 3.49281e-05, 0.000337921, 3.29218e-05, 3.48264e-05, 0.000151939, 2.05323, 0.277621, 2.1183e-05, 0.00156522, 5.89424e-05, 0.000119054, 0.000873691, 1.84057e-05, 3.8378e-05, 0.487152, 0.000169866, 4.75728e-05, 1.63536, 4.27819e-05, 5.73086e-05, 2.31684e-05, 0.00111277, 0.000160667, 0.000197942, 0.000137602, 0.000135291, 6.50147e-05, 7.10007e-05, 3.89047e-05, 7.50382e-05, 0.0144896, 0.0248088, 

5.5844e-05, 6.70849e-06, 0.000796118, 0.00182712, 0.000291591, 0.000221724, 1.23532, 0.000542598, 4.27819e-05, 0.000815035, 3.89047e-05, 1.24787e-05, 0.00016258, 0.00209358, 3.49281e-05, 0.000337921, 0.547144, 0.000119054, 4.43708e-06, 0.000873691, 2.7213e-05, 2.43389e-05, 2.05323, 0.277621, 0.00156522, 5.89424e-05, 1.20267, 2.08026e-05, 2.1183e-05, 5.02638e-06, 1.84057e-05, 2.97741e-05, 0.000169866, 5.73086e-05, 2.31684e-05, 1.29514, 1.18708, 0.000444129, 4.75728e-05, 0.000305967, 0.000160667, 0.000197942, 0.000137602, 0.000135291, 6.50147e-05, 7.10007e-05, 5.21033e-05, 7.50382e-05, 0.00111277, 0.00113329, 

5.5844e-05, 6.70849e-06, 0.000291591, 0.000221724, 1.23532, 0.000815035, 1.44457, 0.000542598, 4.43708e-06, 5.02638e-06, 3.89047e-05, 1.24787e-05, 0.00016258, 0.00209358, 0.547144, 0.000119054, 0.000873691, 4.75728e-05, 0.000337921, 0.00030089, 1.80304e-06, 2.43389e-05, 2.05323, 1.20267, 2.1183e-05, 1.12651, 2.36066, 3.49281e-05, 0.000169866, 5.89424e-05, 1.84057e-05, 2.97741e-05, 5.73086e-05, 2.31684e-05, 1.18708, 0.000305967, 7.24153, 4.27819e-05, 0.000444129, 2.08026e-05, 0.000160667, 0.000137602, 0.000135291, 6.50147e-05, 7.10007e-05, 5.21033e-05, 7.50382e-05, 9.91236e-05, 0.000796118, 0.00111277, 

1.23543e-05, 3.70631e-06, 0.000221724, 0.000815035, 0.000542598, 5.02638e-06, 3.87138, 0.000169866, 0.000873691, 4.43708e-06, 3.89047e-05, 1.24787e-05, 0.00209358, 4.75728e-05, 0.000337921, 0.00030089, 0.316597, 0.00016258, 0.00111277, 2.08026e-05, 1.80304e-06, 2.43389e-05, 2.05323, 2.36066, 3.49281e-05, 5.37206, 1.71228, 5.89424e-05, 0.000119054, 2.1183e-05, 1.84057e-05, 2.97741e-05, 2.31684e-05, 0.000305967, 4.27819e-05, 0.000444129, 0.0548085, 0.000291591, 0.000796118, 5.73086e-05, 0.000160667, 0.000137602, 0.000135291, 6.50147e-05, 7.10007e-05, 5.21033e-05, 7.50382e-05, 9.91236e-05, 0.101161, 0.547144, 

1.23543e-05, 3.70631e-06, 0.000815035, 0.000542598, 0.000873691, 4.43708e-06, 0.128376, 4.75728e-05, 0.000119054, 2.1183e-05, 3.89047e-05, 1.24787e-05, 0.000337921, 0.00030089, 2.08026e-05, 4.71333, 1.82211, 4.27819e-05, 2.31684e-05, 0.000221724, 1.80304e-06, 5.04889e-06, 2.05323, 2.36066, 0.740515, 5.89424e-05, 1.73758, 0.000169866, 0.000796118, 0.000305967, 1.84057e-05, 2.97741e-05, 0.000444129, 0.0125568, 0.000291591, 5.73086e-05, 0.664729, 5.02638e-06, 0.00016258, 3.49281e-05, 0.000160667, 0.000137602, 0.000135291, 6.50147e-05, 7.10007e-05, 5.21033e-05, 7.50382e-05, 9.91236e-05, 0.00111277, 0.00209358, 

9.68766e-06, 3.70631e-06, 0.000542598, 0.128376, 4.75728e-05, 0.000119054, 2.1183e-05, 0.000796118, 0.000169866, 0.00016258, 3.89047e-05, 1.06688e-05, 0.00030089, 4.71333, 4.27819e-05, 0.000221724, 6.94362, 0.000305967, 0.000337921, 2.31684e-05, 1.80304e-06, 5.04889e-06, 2.36066, 0.740515, 5.89424e-05, 1.73758, 0.450244, 2.08026e-05, 4.43708e-06, 5.02638e-06, 1.84057e-05, 2.97741e-05, 0.0125568, 0.000291591, 0.664729, 3.49281e-05, 22.1763, 0.000444129, 5.73086e-05, 0.000815035, 0.000160667, 0.000137602, 0.000135291, 6.50147e-05, 7.10007e-05, 5.21033e-05, 7.50382e-05, 9.91236e-05, 0.000873691, 0.00111277, 

9.68766e-06, 3.70631e-06, 0.000542598, 4.75728e-05, 0.000119054, 2.1183e-05, 0.00016258, 5.73086e-05, 4.27819e-05, 5.89424e-05, 3.89047e-05, 1.06688e-05, 0.000221724, 0.000305967, 0.000337921, 3.32383, 5.60503, 0.000873691, 0.00030089, 2.31684e-05, 1.80304e-06, 5.04889e-06, 2.36066, 0.450244, 2.08026e-05, 4.43708e-06, 0.621366, 0.000174488, 0.00111277, 0.000796118, 1.84057e-05, 2.97741e-05, 0.0125568, 0.000291591, 0.664729, 0.000444129, 0.000815035, 0.000169866, 5.02638e-06, 3.49281e-05, 0.000137602, 0.000135291, 6.50147e-05, 7.10007e-05, 5.21033e-05, 7.50382e-05, 9.91236e-05, 0.000133347, 0.128376, 0.740515, 

2.36365e-06, 3.70631e-06, 4.75728e-05, 0.000119054, 5.73086e-05, 4.27819e-05, 3.02916, 4.43708e-06, 2.08026e-05, 0.000305967, 2.2728e-05, 1.06688e-05, 0.000221724, 3.32383, 0.000873691, 0.00030089, 6.15684, 0.000337921, 2.1183e-05, 2.95059e-05, 1.80304e-06, 5.04889e-06, 2.36066, 0.000174488, 0.000796118, 6.16295, 2.84645, 3.49281e-05, 0.000542598, 2.31684e-05, 5.83342e-06, 2.97741e-05, 0.0125568, 0.000291591, 0.000815035, 0.000169866, 5.02638e-06, 0.000444129, 5.89424e-05, 0.00016258, 0.000137602, 0.000135291, 6.50147e-05, 7.10007e-05, 5.21033e-05, 7.50382e-05, 9.91236e-05, 0.000133347, 0.00111277, 0.128376, 

Best:
-0.00133192	-0.000170345	

Fitness Evaluations:
3382

End Population
(7.618442e-04), (1.335380e-03), (-4.816695e-04), (1.863947e-03), (-2.696793e-03), (-6.348235e-03), (1.091086e-02), (-8.209513e-05), (-6.598803e-03), (-3.710045e-03), (5.356233e-03), (-3.754021e-03), (1.053176e+00), (1.385633e+00), (-4.659590e-04), (2.054255e-03), (2.575439e-03), (-3.764267e-03), (-1.302503e-02), (1.167543e-02), (-3.642474e-03), (3.075771e-03), (3.096961e-03), (1.038111e-03), (-6.429627e-03), (-1.343069e-02), (1.629382e+00), (-8.178895e-01), (-1.172104e-02), (-2.713499e-02), (-5.960301e-03), (-1.629001e-02), (6.723354e-01), (2.388474e+00), (-1.633163e-02), (-8.437913e-03), (-4.545907e-03), (7.195137e-04), (-4.267465e-03), (-3.360755e-03), (-1.331923e-03), (-1.703448e-04), (-2.207420e-03), (4.197511e-04), (-3.357227e-01), (-1.499317e+00), (-1.068435e-02), (7.767387e-03), (-1.593736e-02), (-2.328343e-02), (1.292911e+00), (-2.119276e+00), (3.328652e-01), (-1.653979e+00), (-2.514612e-03), (-5.348346e-03), (-1.943971e-02), (1.283338e-02), (-4.527207e-03), (-1.634868e-03), (1.927324e-03), (-1.455625e-03), (-2.830632e-03), (-4.664935e-03), (7.873634e-02), (7.973323e-02), (-6.311085e-03), (-1.586697e-02), (-1.856509e-02), (-2.168807e-02), (-1.087818e-02), (-7.178518e-03), (2.239932e-03), (-9.529541e-05), (-1.878808e-02), (-9.546591e-03), (5.801078e-03), (-5.028904e-03), (-9.161341e-03), (-8.868500e-03), (-1.020718e-03), (-1.168591e-02), (3.257606e-03), (-1.116599e-02), (-1.057068e-03), (-7.993580e-03), (-7.049064e-03), (-4.616432e-03), (-6.252734e-03), (3.606466e-03), (-6.114462e-03), (-6.136089e-03), (-2.435155e-03), (-9.653683e-03), (-9.237031e-03), (6.929944e-03), (-2.443505e-02), (2.270908e-02), (2.927971e-01), (-2.065091e-01), 