Iterations: 50
Function Evaluations Limit: 150000
Population: 50

Prides Length: 4

Percent Nomads: 0.2
Percent Roaming: 0.2
Percent Sex: 0.8

Mating Rate: 0.3
Mutation Probability: 0.2
Immigration Rate: 0.4

Dimensions: 2
N-Dimension Space: -5:5

Fitness Iterations:
0.12459
0.593138, 25.0237, 16.9484, 16.5569, 1.89707, 27.2042, 32.4761, 9.13644, 27.6598, 19.153, 2.51098, 4.52841, 0.12459, 23.5158, 26.6806, 1.76568, 19.6088, 7.46881, 11.8279, 20.467, 17.3262, 3.66052, 37.0684, 5.3854, 14.4073, 19.9883, 41.6901, 3.49844, 21.3829, 5.61442, 24.5873, 17.9249, 22.44, 19.8781, 0.551203, 9.09313, 36.3711, 13.7047, 3.17288, 4.12383, 21.2935, 7.58351, 25.7435, 29.7806, 0.191478, 15.1654, 31.0268, 13.3171, 31.057, 28.3605, 

0.495195, 0.240399, 1.89707, 27.2042, 16.9188, 9.13644, 10.8927, 0.18686, 0.414583, 15.6521, 1.65888, 0.544654, 0.12459, 26.6806, 19.6088, 2.61533, 8.60726, 1.76568, 7.46881, 3.17288, 0.191478, 3.20712, 37.0684, 5.3854, 19.9883, 41.6901, 5.0051, 0.858721, 5.61442, 16.091, 4.36097, 0.497922, 19.8781, 8.80224, 13.7047, 1.35061, 3.17124, 0.551203, 3.49844, 12.6191, 8.9659, 3.66052, 0.593138, 7.58351, 2.51098, 4.87296, 4.13549, 3.27697, 16.8559, 16.9484, 

0.495195, 0.240399, 1.89707, 10.8927, 15.6521, 8.6345, 7.15633, 0.18686, 2.19201, 1.76568, 0.363663, 0.544654, 25.9464, 2.61533, 8.60726, 6.12643, 0.108545, 2.14577, 0.414583, 0.858721, 0.191478, 0.592153, 9.79184, 5.3854, 11.9025, 5.0051, 0.876242, 5.61442, 4.35172, 0.12459, 0.497922, 2.51098, 18.659, 13.7047, 1.02937, 3.17124, 3.49844, 6.77428, 0.551203, 3.54231, 3.66052, 1.88533, 3.41147, 3.94043, 3.27697, 0.593138, 3.20712, 0.543077, 8.80224, 9.58763, 

0.253167, 0.240399, 3.76118, 0.18686, 2.19201, 1.76568, 1.22401, 2.44102, 0.414583, 0.957633, 0.167588, 0.165982, 25.9464, 8.60726, 6.12643, 2.00499, 0.821971, 0.129176, 3.24379, 0.108545, 0.191478, 0.592153, 9.79184, 0.39226, 1.09014, 4.35172, 2.15467, 3.17124, 0.12459, 0.251664, 0.497922, 0.593138, 18.659, 13.7047, 0.551203, 17.4981, 14.883, 1.89707, 1.02937, 0.591861, 1.88533, 2.51098, 3.20712, 0.543077, 1.78088, 0.495195, 0.459452, 1.0389, 3.3145, 3.49844, 

0.188393, 0.249849, 1.76568, 2.44102, 0.414583, 0.957633, 8.60149, 0.523978, 0.18686, 0.251664, 0.167588, 0.165982, 25.9464, 5.1106, 0.821971, 3.24379, 1.04241, 1.41081, 0.640025, 0.12459, 0.191478, 0.148557, 0.39226, 1.09014, 2.15467, 0.063061, 21.1733, 0.129176, 0.108545, 1.22401, 0.122854, 0.452044, 13.7047, 0.551203, 5.73739, 1.02937, 2.50477, 1.36103, 0.591861, 1.60347, 0.543077, 0.495195, 0.459452, 1.0389, 0.253167, 0.592153, 0.612111, 0.593138, 2.19201, 2.92149, 

0.0915985, 0.116258, 1.76568, 0.957633, 0.18686, 0.251664, 0.332915, 0.80772, 0.12459, 0.414583, 0.167588, 0.165982, 25.2195, 5.1106, 0.821971, 1.04241, 0.466136, 0.129836, 0.129176, 0.640025, 0.191478, 0.148557, 0.063061, 21.1733, 0.108545, 1.22401, 10.1536, 1.41081, 0.351012, 0.523978, 0.122854, 0.188554, 0.551203, 1.02937, 0.591861, 1.60347, 2.7294, 1.82508, 1.09014, 0.39226, 0.543077, 0.495195, 0.459452, 0.253167, 0.249849, 0.188393, 0.576368, 0.452044, 2.15467, 2.19201, 

0.0915985, 0.00859704, 1.76568, 0.957633, 0.12459, 0.414583, 2.60195, 1.41081, 0.39226, 0.108545, 0.167588, 0.165982, 0.821971, 1.04241, 0.129176, 0.640025, 10.7289, 0.18686, 0.551203, 1.60347, 0.188393, 0.148557, 0.063061, 10.1536, 0.351012, 0.523978, 15.3741, 0.80772, 0.332915, 1.22401, 0.122854, 0.188554, 1.02937, 0.591861, 1.82508, 1.09014, 0.211177, 0.129836, 0.251664, 0.466136, 0.495195, 0.459452, 0.253167, 0.249849, 0.191478, 0.452044, 0.21714, 0.413432, 2.15467, 2.19201, 

0.0915985, 0.00859704, 1.76568, 0.12459, 2.60195, 0.136178, 0.509349, 0.128536, 0.18686, 1.02937, 0.167588, 0.165982, 0.640025, 10.7289, 0.551203, 21.6099, 3.91632, 0.351012, 0.591861, 0.957633, 0.188393, 0.148557, 0.063061, 0.523978, 15.3741, 0.0584606, 22.5457, 0.821971, 0.108545, 0.414583, 0.122854, 0.188554, 1.09014, 0.211177, 0.129836, 0.251664, 0.743696, 0.39226, 0.332915, 0.129176, 0.495195, 0.459452, 0.253167, 0.249849, 0.191478, 0.452044, 0.21714, 0.413432, 1.04241, 1.14969, 

0.0915985, 0.00859704, 1.76568, 0.12459, 0.136178, 1.02937, 5.43597, 0.625542, 0.211177, 0.063061, 0.167588, 0.165982, 0.640025, 0.0107432, 3.91632, 0.957633, 2.12347, 0.351012, 0.523978, 0.591861, 0.11371, 0.0824385, 13.9104, 0.821971, 0.108545, 2.23103, 9.82509, 0.509349, 0.18686, 0.0314699, 0.122854, 0.188554, 0.129836, 0.39226, 0.332915, 0.129176, 9.00971, 0.0584606, 0.128536, 0.251664, 0.495195, 0.459452, 0.253167, 0.249849, 0.191478, 0.452044, 0.21714, 0.413432, 0.743696, 1.04241, 

0.0915985, 0.00859704, 1.55352, 0.136178, 1.02937, 5.43597, 0.625542, 0.18686, 0.0107432, 0.108545, 0.167588, 0.165982, 2.12347, 0.351012, 0.523978, 9.31437, 0.39847, 0.129176, 0.063061, 0.12459, 0.11371, 0.0824385, 13.9104, 2.23103, 9.82509, 0.509349, 0.0314699, 0.39226, 0.332915, 0.478622, 0.122854, 0.138722, 0.0584606, 0.128536, 0.251664, 7.35319, 7.13241, 0.362647, 0.211177, 0.129836, 0.459452, 0.253167, 0.249849, 0.191478, 0.452044, 0.21714, 0.413432, 0.308521, 0.591861, 0.640025, 

0.0915985, 0.00859704, 0.136178, 0.18686, 0.0107432, 18.8005, 5.63343, 0.12459, 0.509349, 0.128536, 0.11371, 0.0362939, 0.351012, 9.31437, 0.39847, 2.32534, 3.10084, 0.129176, 0.412121, 0.0584606, 0.0824385, 0.0559353, 13.9104, 9.82509, 0.0314699, 0.478622, 0.0490209, 0.129836, 0.063061, 0.523978, 0.122854, 0.0305458, 0.251664, 7.35319, 0.362647, 0.211177, 0.0710687, 0.108545, 0.39226, 0.332915, 0.253167, 0.249849, 0.191478, 0.174421, 0.413432, 0.308521, 0.167588, 0.138722, 0.591861, 0.625542, 

0.0915985, 0.00859704, 0.136178, 0.0107432, 0.509349, 0.128536, 5.5895, 0.344714, 0.0710687, 0.129836, 0.11371, 0.0362939, 0.39847, 0.56323, 0.412121, 0.0584606, 1.51949, 0.0490209, 0.0871314, 0.591861, 0.0824385, 0.0559353, 13.9104, 0.0314699, 0.063061, 0.523978, 10.8937, 0.351012, 0.12459, 0.129176, 0.0954437, 0.0305458, 0.362647, 0.108545, 0.39226, 0.332915, 0.362149, 0.211177, 0.159394, 0.251664, 0.253167, 0.249849, 0.191478, 0.174421, 0.413432, 0.308521, 0.167588, 0.138722, 0.625542, 2.82219, 

0.0915985, 0.00859704, 0.0107432, 0.509349, 0.128536, 2.00191, 7.50236, 0.0314699, 0.251664, 0.344714, 0.11371, 0.0362939, 0.412121, 0.0584606, 1.51949, 0.0490209, 0.277559, 0.159394, 0.122358, 0.332915, 0.0824385, 0.0559353, 0.063061, 10.8937, 0.12459, 12.6535, 2.60003, 0.0710687, 0.129836, 0.351012, 0.0954437, 0.0305458, 0.108545, 0.39226, 0.362149, 0.211177, 2.00491, 0.129176, 0.136178, 0.0871314, 0.253167, 0.249849, 0.191478, 0.174421, 0.308521, 0.167588, 0.138722, 0.14968, 0.39847, 0.484609, 

0.0915985, 0.00859704, 0.128536, 0.0314699, 0.251664, 0.218374, 1.56414, 0.39847, 0.0710687, 0.129836, 0.11371, 0.0362939, 0.0584606, 0.277559, 0.159394, 0.122358, 0.0208554, 0.129176, 0.108545, 0.063061, 0.0824385, 0.0520786, 0.12459, 12.6535, 2.60003, 4.59681, 0.548606, 0.412121, 0.0107432, 0.362149, 0.0954437, 0.0305458, 0.39226, 0.211177, 2.00491, 0.136178, 0.0871314, 0.351012, 0.0490209, 0.484609, 0.253167, 0.249849, 0.191478, 0.174421, 0.308521, 0.167588, 0.138722, 0.14968, 0.509349, 0.885324, 

0.0915985, 0.00859704, 0.128536, 1.56414, 0.129836, 2.95516, 6.02648, 0.0384114, 0.218374, 0.063061, 0.11371, 0.0362939, 0.277559, 0.159394, 0.122358, 0.0208554, 0.108545, 0.0314699, 0.251664, 0.129176, 0.0520786, 0.000802989, 0.12459, 2.60003, 4.59681, 0.412121, 0.0107432, 0.362149, 0.0584606, 0.211177, 0.0954437, 0.0293048, 2.00491, 0.0871314, 0.351012, 0.0490209, 0.484609, 0.136178, 0.0710687, 0.00705969, 0.253167, 0.249849, 0.191478, 0.174421, 0.167588, 0.138722, 0.14968, 0.0824385, 0.379164, 0.39226, 

0.0915985, 0.00859704, 0.746624, 0.129836, 2.95516, 1.46242, 10.6482, 0.0384114, 0.0208554, 0.218374, 0.0412241, 0.0310148, 0.109828, 0.122358, 0.108545, 1.16358, 5.39964, 0.063061, 0.128536, 0.277559, 0.0520786, 0.000802989, 0.12459, 0.412121, 0.362149, 0.211177, 1.71764, 0.0584606, 0.0490209, 0.251664, 0.0954437, 0.0210704, 1.023, 0.0871314, 0.136178, 0.0710687, 0.00705969, 0.0314699, 0.129176, 0.0107432, 0.253167, 0.249849, 0.191478, 0.174421, 0.167588, 0.138722, 0.14968, 0.0824385, 0.351012, 0.379164, 

0.00706092, 0.00859704, 0.129836, 0.0384114, 0.0208554, 0.155098, 14.5749, 0.128536, 0.129176, 0.156321, 0.0412241, 0.0310148, 0.0316762, 1.16358, 5.39964, 0.063061, 0.277559, 0.351012, 0.048417, 0.0710687, 0.0520786, 0.000802989, 0.412121, 0.211177, 0.0490209, 0.460871, 1.1149, 0.136178, 0.108545, 0.0584606, 0.0824385, 0.0210704, 1.023, 0.00705969, 0.0314699, 0.0107432, 6.80639, 0.0871314, 0.12459, 0.251664, 0.249849, 0.191478, 0.174421, 0.167588, 0.138722, 0.14968, 0.0954437, 0.139695, 0.362149, 0.379164, 

0.00706092, 0.00859704, 0.0384114, 0.155098, 0.156321, 1.41621, 11.6344, 0.0490209, 0.0792265, 0.129176, 0.0412241, 0.0310148, 0.0316762, 5.39964, 0.351012, 0.048417, 0.0710687, 0.12459, 0.128536, 0.0584606, 0.0290536, 0.000802989, 0.412121, 0.211177, 1.1149, 0.108545, 5.57462, 0.129836, 0.0314699, 0.251664, 0.0695446, 0.0155124, 1.023, 0.00705969, 0.0107432, 0.0871314, 2.9736, 0.0208554, 0.063061, 0.136178, 0.249849, 0.191478, 0.174421, 0.167588, 0.138722, 0.14968, 0.0954437, 0.139695, 0.277559, 0.341869, 

0.00706092, 0.00859704, 0.156321, 1.41621, 0.0792265, 0.0275423, 5.82561, 0.0490209, 0.00417036, 0.0584606, 0.0412241, 0.0103942, 0.0316762, 0.351012, 0.12459, 0.128536, 1.05492, 0.136178, 0.108545, 0.0710687, 0.0290536, 0.000802989, 0.412121, 0.211177, 1.1149, 5.57462, 0.0314699, 0.00705969, 0.0107432, 0.0384114, 0.0572232, 0.0155124, 1.023, 0.0871314, 0.0208554, 0.867874, 1.72802, 0.048417, 0.063061, 0.129836, 0.249849, 0.191478, 0.174421, 0.167588, 0.138722, 0.14968, 0.0954437, 0.139695, 0.155098, 0.251664, 

0.00706092, 0.00373598, 1.41621, 0.0275423, 5.82561, 0.0584606, 14.0408, 0.0384114, 0.0792265, 0.00705969, 0.0412241, 0.0103942, 0.351012, 0.108545, 0.0710687, 1.30543, 3.52069, 0.0490209, 0.128536, 0.00417036, 0.0290536, 0.000802989, 0.412121, 5.57462, 0.0314699, 0.0107432, 1.51816, 0.020171, 0.00163794, 0.048417, 0.0547288, 0.0155124, 0.0871314, 0.0208554, 1.72802, 0.063061, 0.129836, 0.155098, 0.136178, 0.12459, 0.249849, 0.191478, 0.174421, 0.167588, 0.138722, 0.14968, 0.0954437, 0.139695, 0.156321, 0.211177, 

0.00706092, 0.00373598, 1.41621, 3.55484, 14.0408, 0.00705969, 0.359763, 0.0792265, 0.0239365, 0.12459, 0.0103942, 0.0379121, 0.351012, 0.108545, 0.0710687, 0.0490209, 1.43487, 0.00163794, 0.0275423, 0.00417036, 0.000783014, 0.0234924, 0.412121, 0.0314699, 0.0107432, 0.048417, 0.0249479, 0.128536, 0.0584606, 0.020171, 0.0290536, 0.0155124, 0.0871314, 0.0208554, 0.129836, 0.0777328, 0.136178, 0.156321, 0.0384114, 0.063061, 0.167588, 0.138722, 0.14968, 0.0954437, 0.139695, 0.0547288, 0.0412241, 0.0352282, 0.211177, 0.228358, 

0.00706092, 0.00373598, 3.55484, 0.00705969, 0.0792265, 1.13201, 4.00405, 0.12459, 0.0384114, 0.108545, 0.0103942, 0.0379121, 0.0490209, 1.43487, 0.00163794, 0.00417036, 23.7657, 0.128536, 0.129836, 0.0710687, 0.000783014, 0.0234924, 0.0314699, 0.048417, 0.0249479, 0.020171, 5.08897, 0.136178, 0.0239365, 0.0584606, 0.0238175, 0.0155124, 0.0871314, 0.0208554, 0.0777328, 0.156321, 0.063061, 0.162207, 0.0107432, 0.0275423, 0.167588, 0.138722, 0.14968, 0.0954437, 0.139695, 0.0547288, 0.0412241, 0.0352282, 0.211177, 0.228358, 

0.00706092, 0.00373598, 3.55484, 1.13201, 4.00405, 0.0384114, 2.94713, 0.0275423, 0.0777328, 0.00163794, 0.0103942, 0.0175314, 1.43487, 0.128536, 0.129836, 0.0710687, 0.397298, 0.0239365, 0.0208554, 0.0314699, 0.000783014, 0.0234924, 0.048417, 0.0249479, 5.08897, 1.2302, 0.451618, 0.0490209, 0.00705969, 0.0620518, 0.0122522, 0.0155124, 0.0871314, 0.156321, 0.063061, 0.0107432, 0.0165126, 0.0584606, 0.020171, 0.00417036, 0.138722, 0.0954437, 0.139695, 0.0547288, 0.0412241, 0.0379121, 0.0871265, 0.0352282, 0.0792265, 0.108545, 

0.00706092, 0.00373598, 3.55484, 0.0384114, 0.0777328, 0.00163794, 0.0245224, 0.0275423, 0.0490209, 0.0107432, 0.0103942, 0.0175314, 1.43487, 0.128536, 0.129836, 0.0239365, 0.0208554, 0.048417, 0.0871314, 0.0165126, 0.000783014, 0.0234924, 5.08897, 0.451618, 0.00705969, 0.0620518, 1.8317, 0.063061, 0.0314699, 0.0249479, 0.01067, 0.0155124, 0.156321, 0.0584606, 0.020171, 0.00417036, 2.99055, 0.0710687, 0.0792265, 0.108545, 0.138722, 0.0954437, 0.0547288, 0.0412241, 0.0379121, 0.0871265, 0.0352282, 0.0329578, 0.397298, 0.431905, 

0.00363705, 0.00324534, 0.0384114, 0.00163794, 0.0245224, 0.00688165, 5.35915, 0.414642, 0.0275423, 0.0165126, 0.0103942, 0.0175314, 0.128536, 0.0208554, 0.048417, 0.0871314, 0.0458047, 0.0490209, 0.129836, 0.0249479, 0.000783014, 0.0214161, 0.00705969, 0.0620518, 0.063061, 0.0314699, 14.2024, 0.156321, 0.0239365, 0.0777328, 0.01067, 0.0155124, 0.0584606, 0.00417036, 2.99055, 0.0792265, 0.108545, 0.020171, 0.0710687, 0.397298, 0.0954437, 0.0547288, 0.0412241, 0.0379121, 0.0871265, 0.0352282, 0.0329578, 0.0429878, 0.431905, 0.451618, 

0.00324534, 0.00323712, 0.00163794, 5.35915, 0.414642, 0.0275423, 0.0165126, 0.020171, 0.0384114, 0.0871314, 0.00363705, 0.00950467, 0.128536, 0.0208554, 0.0458047, 0.0490209, 1.14192, 0.0777328, 0.0249479, 0.048417, 0.000783014, 0.0214161, 0.00705969, 0.0620518, 0.0314699, 0.0239365, 2.13567, 0.063061, 0.0032142, 0.0792265, 0.01067, 0.0155124, 0.0584606, 0.00417036, 2.99055, 0.108545, 0.620937, 0.0710687, 0.0245224, 0.00332219, 0.0547288, 0.0412241, 0.0379121, 0.0871265, 0.0352282, 0.0329578, 0.0429878, 0.0103942, 0.129836, 0.156321, 

0.00324534, 0.00295189, 5.35915, 0.0275423, 0.020171, 2.94173, 4.23162, 0.063061, 0.00163794, 0.0584606, 0.00363705, 0.00950467, 0.0208554, 0.0458047, 0.0486432, 0.0777328, 0.0249479, 0.073096, 0.0620518, 0.0384114, 0.000783014, 0.0214161, 0.00705969, 0.0239365, 2.13567, 0.0032142, 1.10615, 0.0165126, 0.0871314, 0.0314699, 0.01067, 0.0155124, 0.00417036, 0.108545, 0.0245224, 0.00332219, 0.208191, 0.0710687, 0.048417, 0.0792265, 0.0547288, 0.0412241, 0.0379121, 0.0352282, 0.0329578, 0.0429878, 0.0103942, 0.0802669, 0.128536, 0.129836, 

0.00324534, 0.00295189, 0.0275423, 0.020171, 0.063061, 0.0584606, 0.978451, 0.0458047, 0.0239365, 0.00332219, 0.00363705, 0.00950467, 0.0249479, 0.073096, 0.0620518, 0.0202784, 2.70575, 0.00417036, 0.00163794, 0.0208554, 0.000783014, 0.0214161, 2.13567, 1.10615, 0.0314699, 9.50273, 0.766475, 0.0032142, 0.0777328, 0.0486432, 0.0103942, 0.0155124, 0.108545, 0.0245224, 0.0710687, 0.048417, 2.59977, 0.00705969, 0.0165126, 0.0384114, 0.0547288, 0.0412241, 0.0379121, 0.0352282, 0.0329578, 0.0429878, 0.01067, 0.0802669, 0.0792265, 0.0871314, 

0.00324534, 0.00295189, 0.020171, 0.063061, 0.00332219, 0.0396363, 0.579212, 0.0249479, 0.0239365, 0.0584606, 0.00363705, 0.00311119, 0.073096, 0.0620518, 0.00417036, 0.00163794, 0.0208554, 0.0202784, 0.0458047, 0.0384114, 0.000783014, 0.01067, 1.10615, 0.0314699, 0.066207, 0.0777328, 15.8738, 0.0245224, 0.0165126, 0.0792265, 0.0103942, 0.0155124, 0.0710687, 0.048417, 2.59977, 0.00705969, 9.76551, 0.0486432, 0.0032142, 0.0275423, 0.0547288, 0.0412241, 0.0379121, 0.0352282, 0.0329578, 0.0429878, 0.0213339, 0.0262137, 0.0871314, 0.108545, 

0.00324534, 0.00288982, 0.020171, 0.00332219, 0.0396363, 0.579212, 0.0249479, 0.0239365, 0.00163794, 0.0486432, 0.00363705, 0.00311119, 0.0620518, 0.00417036, 0.0208554, 3.33162, 2.17848, 0.063061, 0.0584606, 0.048417, 0.000783014, 0.01067, 1.10615, 0.0314699, 1.76413, 0.0792265, 2.18282, 0.0275423, 0.0384114, 0.0458047, 0.0103942, 0.0155124, 0.0710687, 2.59977, 0.00705969, 9.76551, 0.0032142, 0.0202784, 0.0165126, 0.0245224, 0.0547288, 0.0412241, 0.0379121, 0.0352282, 0.0329578, 0.0429878, 0.0213339, 0.0262137, 0.066207, 0.073096, 

0.00324534, 0.00288982, 0.579212, 0.0249479, 0.0239365, 0.00163794, 1.23595, 0.066207, 0.0165126, 0.0486432, 0.00363705, 0.00311119, 0.00417036, 0.0208554, 0.063061, 0.0584606, 0.048417, 0.0396363, 0.0126911, 0.020171, 0.000783014, 0.01067, 1.10615, 2.18282, 0.0275423, 0.0458047, 1.15443, 0.0032142, 0.0384114, 0.0620518, 0.0103942, 0.00178233, 0.0710687, 0.00705969, 8.85301, 0.0202784, 0.0245224, 0.00332219, 0.0314699, 0.0458069, 0.0412241, 0.0379121, 0.0352282, 0.0329578, 0.0429878, 0.0213339, 0.0262137, 0.0155124, 0.073096, 0.0792265, 

0.00324534, 0.00288982, 0.579212, 0.0239365, 0.00163794, 0.066207, 0.0486432, 0.048417, 0.0465765, 0.0458047, 0.00363705, 0.0024911, 0.00417036, 0.063061, 0.0584606, 0.0396363, 0.0126911, 0.017236, 0.0620518, 0.00484648, 0.000783014, 0.01067, 1.10615, 2.18282, 0.0032142, 0.0384114, 8.82809, 0.0165126, 0.0275423, 0.0249479, 0.00417756, 0.00178233, 0.00705969, 0.0245224, 0.00332219, 0.0314699, 0.836485, 0.0208554, 0.0458069, 0.0202784, 0.0412241, 0.0379121, 0.0352282, 0.0329578, 0.0213339, 0.0262137, 0.0155124, 0.0189495, 0.0688059, 0.0710687, 

0.00324534, 0.00288982, 0.0239365, 0.048417, 0.0465765, 0.0458047, 8.61292, 0.0126911, 0.0249479, 0.0032142, 0.00363705, 0.0024911, 0.00417036, 0.063061, 0.0584606, 0.0396363, 0.895466, 0.0458069, 0.00397686, 0.00332219, 0.000783014, 0.01067, 0.0384114, 2.14449, 0.0165126, 0.0275423, 1.95344, 0.00484648, 0.0429888, 0.00163794, 0.00417756, 0.00178233, 0.0314699, 0.836485, 0.0208554, 0.0202784, 1.32745, 0.0245224, 0.00705969, 0.017236, 0.0379121, 0.0352282, 0.0329578, 0.0213339, 0.0262137, 0.0155124, 0.0189495, 0.0217653, 0.0486432, 0.0620518, 

0.00324534, 0.00288982, 0.0239365, 0.048417, 0.0465765, 0.599619, 0.0032142, 0.00332219, 0.0165126, 0.017236, 0.00212624, 0.00195092, 0.063061, 0.0396363, 0.0458069, 0.00182036, 11.5601, 0.0384114, 0.00397686, 0.0249479, 0.000783014, 0.00363705, 2.14449, 0.0275423, 0.00484648, 0.177986, 0.0135768, 0.00163794, 0.015656, 0.00417036, 0.00417756, 0.00178233, 0.0208554, 0.0202784, 0.0227279, 0.00705969, 0.620227, 0.0314699, 0.0429888, 0.0126911, 0.0329578, 0.0213339, 0.0262137, 0.0155124, 0.0189495, 0.0217653, 0.00466766, 0.01067, 0.0458047, 0.0486432, 

0.00209694, 0.00288982, 0.0239365, 0.048417, 0.0465765, 8.02675, 0.0779643, 0.00163794, 0.00397686, 0.00484648, 0.00195092, 0.00110084, 0.063061, 0.0396363, 8.11954, 0.0384114, 0.000988077, 0.0032142, 0.00103337, 0.00332219, 0.000783014, 0.00363705, 0.0275423, 0.0135768, 0.015656, 0.00417036, 21.8228, 0.0165126, 0.0227279, 0.017236, 0.00178233, 0.0019996, 0.0208554, 0.620227, 0.0314699, 7.21993, 0.00232446, 0.0126911, 0.00705969, 0.0202784, 0.0213339, 0.0155124, 0.0189495, 0.0217653, 0.00466766, 0.01067, 0.00324534, 0.00417756, 0.0249479, 0.0429888, 

0.00209694, 0.00288982, 0.0465765, 7.7017, 0.00163794, 0.00484648, 1.93529, 0.0208554, 0.0249479, 0.00232446, 0.00195092, 0.000856314, 0.0396363, 0.000988077, 0.0032142, 0.00103337, 0.239976, 0.00705969, 0.0384114, 0.0275423, 0.000783014, 0.000483113, 0.00417036, 21.8228, 0.0165126, 0.017236, 2.82247, 0.0239365, 0.0227279, 0.00332219, 0.00178233, 0.0019996, 0.0314699, 0.0126911, 0.0202784, 2.06889, 0.236301, 0.0135768, 0.015656, 0.00397686, 0.0213339, 0.0155124, 0.0189495, 0.0217653, 0.00466766, 0.01067, 0.00324534, 0.00417756, 0.0429888, 0.048417, 

0.000411113, 0.00288982, 0.00484648, 0.0320581, 0.0208554, 0.00232446, 1.75603, 0.000905804, 0.0465765, 0.0165126, 0.000856314, 0.000888498, 0.0396363, 0.000988077, 0.00103337, 0.0275423, 20.1348, 0.0227279, 0.017236, 0.0032142, 0.000483113, 0.000639289, 0.00417036, 2.82247, 0.0239365, 0.00157881, 0.00049951, 0.0429888, 0.0249479, 0.0126911, 0.000783014, 0.0019996, 0.0314699, 0.0202784, 0.0135768, 0.015656, 0.00397686, 0.0384114, 0.00705969, 0.00163794, 0.0155124, 0.0189495, 0.00466766, 0.01067, 0.00324534, 0.00417756, 0.00195092, 0.00178233, 0.048417, 0.099465, 

0.000411113, 0.00178233, 0.00484648, 0.0320581, 0.0208554, 0.00232446, 0.0465765, 0.0239365, 0.00049951, 0.000988077, 0.000856314, 0.000888498, 0.0396363, 0.017236, 0.0032142, 2.42377, 1.33787, 0.0227279, 0.000905804, 0.00157881, 0.000483113, 0.000639289, 0.00417036, 0.0249479, 0.0126911, 7.48564, 1.73226, 0.00397686, 0.000667229, 0.00103337, 0.000783014, 0.0019996, 0.0314699, 0.0202784, 0.0384114, 0.00705969, 0.00163794, 0.0135768, 0.015656, 0.0165126, 0.0155124, 0.0189495, 0.00466766, 0.01067, 0.00324534, 0.00417756, 0.00195092, 0.00288982, 0.0275423, 0.0429888, 

0.000411113, 0.00178233, 0.0320581, 0.0208554, 0.00232446, 0.54691, 0.21666, 0.00185347, 0.000988077, 0.00049951, 0.000856314, 0.000888498, 0.0396363, 2.42377, 1.33787, 0.0227279, 4.28248, 0.00103337, 0.00397686, 0.00163794, 0.000419268, 0.000639289, 0.0249479, 7.48564, 1.73226, 0.000667229, 7.63889, 0.017236, 0.0126911, 0.00417036, 0.000783014, 0.0019996, 0.0384114, 0.00705969, 0.0135768, 0.015656, 0.0165126, 0.00157881, 0.000905804, 0.0032142, 0.0155124, 0.0189495, 0.00466766, 0.01067, 0.00324534, 0.00417756, 0.00195092, 0.00288982, 0.0202784, 0.0239365, 

0.000411113, 0.00161067, 0.0208554, 0.54691, 0.00185347, 2.70478, 1.13712, 0.00103337, 0.00049951, 0.000905804, 0.000856314, 0.000888498, 0.0396363, 2.27837, 1.33787, 0.371929, 0.313955, 0.0126911, 0.000667229, 0.00157881, 0.000419268, 0.000302176, 0.0249479, 7.48564, 1.73226, 0.017236, 4.39025, 0.00417036, 0.00397686, 0.000988077, 0.000783014, 0.00140152, 0.0384114, 0.015656, 0.0165126, 0.0032142, 1.76586, 0.00163794, 0.00705969, 0.00232446, 0.0155124, 0.0189495, 0.00466766, 0.01067, 0.00324534, 0.00417756, 0.00195092, 0.00288982, 0.0135768, 0.0202784, 

0.000411113, 0.00138695, 0.0208554, 0.54691, 1.13712, 0.00049951, 5.56681, 0.000905804, 0.017236, 0.0126911, 0.000856314, 0.000888498, 0.0396363, 2.27837, 0.000667229, 0.00157881, 26.2026, 0.313955, 0.0135768, 0.0202784, 0.000419268, 0.000302176, 0.0249479, 0.00417036, 0.00397686, 0.000988077, 6.52959, 0.00103337, 0.00705969, 0.015656, 0.000595422, 0.00140152, 0.0165126, 0.0032142, 0.00232446, 0.0708942, 0.245745, 0.00163794, 0.00990414, 0.00185347, 0.0155124, 0.0189495, 0.00466766, 0.01067, 0.00324534, 0.00417756, 0.00195092, 0.00288982, 0.371929, 0.528752, 

0.000411113, 0.000194457, 0.54691, 5.56681, 0.000905804, 0.017236, 0.0126911, 0.0165126, 0.000667229, 0.00049951, 0.000856314, 0.000888498, 2.27837, 0.00157881, 26.2026, 0.180166, 2.90746, 0.00163794, 0.00990414, 0.00397686, 0.000419268, 0.000283012, 0.000988077, 6.52959, 0.00705969, 0.015656, 4.84329, 0.0032142, 0.0202784, 0.00103337, 0.000595422, 0.00140152, 0.00232446, 0.0160095, 0.245745, 0.00185347, 0.196872, 0.0135768, 0.00417036, 0.000215379, 0.0155124, 0.00466766, 0.01067, 0.00324534, 0.00417756, 0.00195092, 0.00288982, 0.00138695, 0.0208554, 0.0249479, 

0.000411113, 0.000194457, 5.56681, 0.000905804, 0.017236, 0.00049951, 0.00567327, 0.0249479, 0.00397686, 0.0126911, 0.000856314, 0.000888498, 0.0752273, 0.00157881, 0.180166, 0.00163794, 0.00990414, 0.0032142, 0.196872, 0.000667229, 0.000419268, 0.000283012, 6.52959, 0.015656, 0.00906019, 0.00103337, 4.39395, 0.0165126, 0.00185347, 0.0208554, 0.000595422, 0.00140152, 0.00232446, 0.0135768, 0.00417036, 0.000215379, 13.653, 0.0160095, 0.000988077, 0.00705969, 0.00466766, 0.01067, 0.00324534, 0.00417756, 0.00195092, 0.00288982, 0.00138695, 0.00360201, 0.245745, 0.54691, 

0.000194457, 4.85446e-05, 5.56681, 0.000905804, 0.0249479, 0.00397686, 6.80211, 0.0032142, 0.00705969, 0.00049951, 0.000411113, 0.000888498, 0.00163794, 0.196872, 0.000667229, 5.22092, 1.24343, 0.000215379, 0.00185347, 0.00182085, 0.00032715, 0.000283012, 0.00906019, 0.00103337, 4.39395, 0.0165126, 18.669, 0.00417036, 0.000361995, 0.00157881, 0.000595422, 0.00140152, 0.0135768, 0.0160095, 0.000988077, 0.572107, 1.26697, 0.00990414, 7.51125e-05, 0.00567327, 0.00466766, 0.00324534, 0.00417756, 0.00195092, 0.00288982, 0.00138695, 0.00360201, 0.000856314, 0.0126911, 0.015656, 

0.000194457, 4.85446e-05, 0.0249479, 6.80211, 0.00705969, 0.00049951, 0.00123025, 0.0135768, 0.00567327, 0.000215379, 0.000411113, 0.000888498, 0.00163794, 0.000667229, 1.24343, 0.00182085, 7.15462, 0.00157881, 0.00103337, 0.00417036, 0.00032715, 0.000283012, 0.00906019, 0.0165126, 18.669, 0.000361995, 9.58134, 0.0032142, 0.0126911, 0.00185347, 0.000502667, 0.000856314, 0.0160095, 0.00990414, 7.51125e-05, 36.9331, 7.23613, 0.000988077, 0.00397686, 0.000905804, 0.00324534, 0.00417756, 0.00195092, 0.00288982, 0.00140152, 0.00360201, 0.00138695, 0.00100701, 0.015656, 0.0642899, 

0.000194457, 4.85446e-05, 6.80211, 0.00705969, 0.00049951, 0.00123025, 0.00567327, 0.015656, 0.000361995, 0.0126911, 0.000411113, 0.000888498, 0.000667229, 1.24343, 0.00182085, 0.00157881, 0.00417036, 0.00103337, 0.000905804, 0.0135768, 0.00032715, 0.00020523, 0.0165126, 9.58134, 0.0032142, 0.00185347, 3.98645, 7.51125e-05, 0.0160095, 0.00906019, 0.000502667, 0.000856314, 0.00990414, 7.23613, 0.000988077, 7.83807, 1.74366, 0.00163794, 0.00397686, 0.000215379, 0.00324534, 0.00417756, 0.00195092, 0.00288982, 0.00140152, 0.00360201, 0.00138695, 0.00100701, 0.0249479, 0.0642899, 

0.000194457, 4.85446e-05, 0.00705969, 0.00049951, 0.00567327, 0.000361995, 0.0126911, 0.0642899, 0.00417036, 0.00123025, 0.000411113, 0.000352872, 0.000667229, 1.24343, 0.00157881, 0.00103337, 0.000905804, 0.0160095, 0.0032142, 0.0135768, 0.00032715, 0.00020523, 0.0165126, 0.00185347, 7.51125e-05, 0.00906019, 9.46431, 0.015656, 0.00397686, 0.0249479, 0.000502667, 0.000156412, 0.00990414, 0.000988077, 1.74366, 0.00163794, 0.619722, 0.000215379, 0.00182085, 0.0599564, 0.00324534, 0.00417756, 0.00195092, 0.00288982, 0.00140152, 0.00360201, 0.00138695, 0.00100701, 0.078678, 0.889133, 

0.000194457, 4.85446e-05, 0.00705969, 0.00049951, 0.00567327, 8.88208e-05, 2.81226, 0.00990414, 0.0126911, 0.000361995, 0.000411113, 0.000352872, 0.000464366, 0.000905804, 0.0032142, 0.0135768, 4.42667, 0.000988077, 0.0160095, 0.0165126, 0.00032715, 0.00020523, 0.00185347, 7.51125e-05, 0.00906019, 0.00397686, 0.0249479, 8.0723e-05, 0.000215379, 0.000667229, 0.000502667, 0.000156412, 1.74366, 0.00163794, 0.00182085, 0.0235162, 1.02328, 0.00123025, 0.015656, 0.00103337, 0.00324534, 0.00417756, 0.00195092, 0.00288982, 0.00140152, 0.00360201, 0.00138695, 0.00100701, 0.0642899, 0.078678, 

0.000153388, 4.85446e-05, 0.00705969, 0.00567327, 2.81226, 0.000361995, 4.34967, 0.015656, 0.00397686, 0.000215379, 0.000411113, 0.000352872, 0.000464366, 0.0032142, 0.0135768, 0.0160095, 0.0165126, 0.00185347, 0.00906019, 8.88208e-05, 0.00032715, 0.00020523, 7.51125e-05, 0.0249479, 8.0723e-05, 0.000667229, 0.0376299, 0.0126911, 0.00049951, 0.000905804, 0.000502667, 0.000156412, 0.00182085, 0.0235162, 0.00123025, 0.00103337, 9.02628, 0.00990414, 0.00163794, 0.000988077, 0.00324534, 0.00417756, 0.00195092, 0.00288982, 0.00140152, 0.00360201, 0.00138695, 0.00100701, 0.0159859, 0.0415384, 

0.000153388, 4.85446e-05, 0.00705969, 0.000361995, 0.015656, 0.00397686, 0.000215379, 0.000667229, 0.0032142, 0.00049951, 0.000307593, 0.000352872, 0.0135768, 0.0165126, 0.00185347, 5.20667, 5.53463, 0.00163794, 0.00906019, 0.00123025, 0.00032715, 2.93988e-05, 7.51125e-05, 8.0723e-05, 0.0126911, 0.000905804, 1.20618, 0.0160095, 0.00567327, 0.0159859, 0.000502667, 0.000156412, 0.00182085, 0.00103337, 3.25463, 0.00990414, 0.87757, 0.000464366, 8.88208e-05, 0.000988077, 0.00324534, 0.00417756, 0.00195092, 0.00288982, 0.00140152, 0.00360201, 0.00138695, 0.00100701, 0.0235162, 0.0249479, 

0.000153388, 4.85446e-05, 0.00705969, 0.000361995, 0.015656, 0.000667229, 0.354447, 0.00397686, 0.0032142, 8.88208e-05, 0.000307593, 0.000352872, 0.0165126, 0.00185347, 5.20667, 0.00906019, 1.74704, 0.000464366, 0.00123025, 0.00567327, 0.00032715, 2.5546e-05, 8.0723e-05, 0.0160095, 0.0159859, 1.79598, 16.5005, 0.000215379, 0.000905804, 0.00103337, 0.000156412, 0.000137176, 0.00182085, 3.25463, 0.000988077, 0.000713698, 0.242182, 0.00049951, 7.51125e-05, 0.00163794, 0.00324534, 0.00195092, 0.00288982, 0.00140152, 0.00360201, 0.00138695, 0.00100701, 0.000502667, 0.00990414, 0.0126911, 

Best:
0.00290692	0.00413471	

Fitness Evaluations:
3349

End Population
(1.052545e-02), (6.527102e-03), (6.895164e-03), (1.000644e-03), (5.343663e-02), (-6.483993e-02), (5.521045e-03), (1.820751e-02), (1.041122e-01), (-6.940237e-02), (-2.127152e-02), (1.465438e-02), (-2.913415e-01), (-5.191986e-01), (5.229396e-02), (3.524491e-02), (3.687287e-02), (-4.306494e-02), (9.415207e-03), (-4.179673e-04), (1.742327e-02), (2.005567e-03), (1.383914e-02), (1.270238e-02), (1.126920e-01), (-6.175010e-02), (2.798695e-02), (-3.271393e-02), (-3.728868e-01), (-2.251139e+00), (7.208316e-02), (6.216279e-02), (-8.228189e-01), (-1.034413e+00), (5.244849e-03), (2.090114e-02), (3.113087e-02), (1.615915e-02), (-4.550078e-02), (-6.002458e-02), (-5.625768e-04), (-1.807853e-02), (2.906918e-03), (4.134710e-03), (8.766230e-03), (-1.968804e-03), (1.232070e-01), (-2.880233e-02), (1.036000e-01), (7.247687e-02), (5.676460e-01), (1.213986e+00), (2.876046e+00), (2.868607e+00), (7.486104e-03), (-1.262287e-02), (2.953327e-02), (5.795734e-03), (3.214597e-02), (1.059442e-04), (2.337741e-03), (-1.228607e-02), (1.162921e-02), (1.391777e-03), (3.076836e-02), (2.956624e-02), (8.348370e-01), (-1.599273e+00), (2.594415e-02), (1.774762e-02), (2.147689e-02), (1.588840e-02), (-4.269687e-01), (-2.447034e-01), (4.110845e-03), (-2.196841e-02), (6.519004e-03), (5.710966e-03), (1.377916e-03), (-4.044801e-02), (3.261482e-02), (-4.670775e-02), (1.800432e-02), (4.033321e-02), (3.994830e-02), (-3.597160e-02), (-3.619115e-02), (-9.577040e-03), (-3.392818e-02), (-4.950646e-02), (2.882964e-02), (-2.357541e-02), (2.855723e-02), (1.383813e-02), (-3.762129e-04), (-2.241708e-02), (-8.285610e-02), (-5.512716e-02), (-9.596324e-02), (-5.900955e-02), 