Iterations: 50
Function Evaluations Limit: 150000
Population: 50

Prides Length: 4

Percent Nomads: 0.2
Percent Roaming: 0.2
Percent Sex: 0.8

Mating Rate: 0.3
Mutation Probability: 0.2
Immigration Rate: 0.4

Percent Group Influence: 0.4
Annealing On: true
Ranked Selection Pressure: 2
Near To Best Random Pressure: 2

Dimensions: 1
N-Dimension Space: -100:100

Fitness Iterations:
0.1547 (Initial Best)

0.261586, 3.00327, 2.05923, 1.66725, 1.44686, 3.02685, 0.992743, 2.08252, 0.390851, 0.801362, 2.21813, 1.83295, 2.13419, 1.71648, 3.21017, 1.54829, 2.327, 0.542558, 2.07965, 0.546648, 1.30926, 2.2986, 2.8801, 1.97546, 2.75627, 0.1547, 2.80487, 0.995613, 1.65876, 3.02519, 1.61946, 3.07682, 3.79572, 1.40023, 2.24786, 0.738177, 2.06765, 3.03714, 1.66048, 0.361392, 2.17078, 3.69711, 3.61295, 0.484757, 0.957633, 1.94963, 1.78769, 1.57236, 1.93321, 2.51026, 

0.261586, 0.484757, 0.801362, 0.992743, 1.25674, 0.251418, 2.06114, 0.111452, 0.0395927, 1.28045, 0.201859, 0.54816, 1.2672, 2.07965, 2.327, 2.63768, 0.38978, 1.02541, 1.39952, 0.0962121, 0.957633, 1.57236, 0.228604, 0.995613, 2.63768, 2.06172, 0.652588, 0.390851, 1.5436, 0.537511, 0.164778, 0.249749, 0.361392, 0.738177, 0.887372, 1.73617, 2.63768, 0.1547, 1.44686, 0.352448, 1.71655, 0.256054, 0.539362, 0.813105, 0.989669, 1.28129, 1.75934, 1.78769, 1.82265, 1.86555, 

0.256054, 0.19194, 0.111452, 0.795908, 1.25674, 2.08265, 1.63716, 0.0869368, 0.0401228, 0.0599224, 0.201859, 0.202158, 0.935246, 1.12826, 1.1962, 2.07965, 13.1616, 0.04417, 0.0962121, 0.251418, 0.319806, 0.332113, 0.390851, 0.537511, 2.00232, 1.40547, 0.21327, 0.38978, 0.247505, 0.163464, 0.164778, 0.249749, 0.344819, 0.622785, 0.819314, 1.93726, 0.849196, 0.0395927, 0.1547, 0.228604, 0.261586, 0.897952, 0.484757, 0.539362, 0.54816, 0.813105, 0.873844, 0.945007, 0.577534, 0.992743, 

0.19194, 0.234484, 0.0401228, 0.111452, 0.119714, 1.12682, 1.83282, 0.0599224, 0.390851, 0.344819, 0.201859, 0.202158, 0.04417, 0.0962121, 0.251418, 2.63768, 0.344047, 0.157845, 0.163464, 0.537511, 0.192628, 0.245966, 0.21327, 0.247505, 1.40547, 1.8291, 1.89874, 0.163229, 0.0395927, 0.577534, 0.164778, 0.249749, 0.228604, 0.819314, 0.849196, 1.29821, 0.603961, 0.1547, 0.0869368, 0.142823, 0.0488138, 0.256054, 0.319806, 0.261586, 0.484757, 0.494813, 0.54816, 0.728386, 0.622785, 0.795908, 

0.0488138, 0.202158, 0.0401228, 0.0599224, 0.119714, 0.390851, 0.0475625, 0.0469864, 0.144506, 0.0013382, 0.201859, 0.0132763, 0.04417, 0.0962121, 0.157845, 0.185089, 0.537511, 0.1547, 0.349142, 0.577534, 0.192628, 0.245966, 0.0395927, 0.141248, 0.163229, 0.21327, 1.75332, 0.163464, 0.13071, 0.344819, 0.164778, 0.165922, 0.0869368, 0.16994, 0.539115, 0.603961, 0.165834, 0.142823, 0.111452, 0.251418, 0.19194, 0.234484, 0.249749, 0.256054, 0.261586, 0.263232, 0.319806, 0.494813, 0.795908, 0.849196, 

0.0488138, 0.0891522, 0.0469864, 0.0475625, 0.144506, 1.97265, 2.01265, 0.00136103, 0.0013382, 0.0599224, 0.0132763, 0.104992, 0.0962121, 0.185089, 0.537511, 0.577534, 2.17754, 0.1547, 0.0444567, 0.157845, 0.192628, 0.234484, 0.0395927, 0.141248, 0.21327, 0.344819, 1.7256, 0.119714, 0.163229, 0.04417, 0.0394873, 0.165922, 0.0869368, 0.165834, 0.603961, 1.80982, 1.80936, 0.13071, 0.111452, 0.000752586, 0.202158, 0.201859, 0.19194, 0.245966, 0.249749, 0.256054, 0.261586, 0.263232, 0.163464, 0.16994, 

0.0160653, 0.0891522, 0.0013382, 0.00136103, 0.0469864, 0.144506, 0.0191383, 0.163464, 0.04417, 0.0392813, 0.000747284, 0.104992, 0.0444567, 0.0962121, 0.157845, 0.185089, 0.537511, 0.141248, 0.0599224, 0.16994, 0.00592826, 0.125652, 0.119714, 0.163229, 1.7256, 1.67626, 1.39044, 0.116572, 0.21327, 0.0395927, 0.0394873, 0.165922, 0.0395719, 0.111452, 0.13071, 0.165834, 1.69349, 0.0475625, 0.000752586, 0.1547, 0.0132763, 0.042509, 0.0984093, 0.234484, 0.201859, 0.202158, 0.245966, 0.249749, 0.331929, 0.344819, 

0.0132763, 0.0891522, 0.0191383, 0.04417, 0.0469864, 0.163464, 0.224207, 0.0962121, 0.0395719, 0.116572, 0.000747284, 0.042509, 0.0104263, 0.0405078, 0.0444567, 0.0599224, 0.16994, 0.0475625, 0.1547, 0.0013382, 0.00592826, 0.125652, 0.0395927, 0.21327, 1.67626, 1.7256, 1.13214, 0.00136103, 0.157845, 0.144506, 0.0394873, 0.0984093, 0.000752586, 0.111452, 1.69349, 2.19155, 0.318949, 0.0392813, 0.119714, 0.13071, 0.0160653, 0.104992, 0.165922, 0.201859, 0.202158, 0.234484, 0.245966, 0.249749, 0.163229, 0.165834, 

0.0132763, 0.0160653, 0.0191383, 0.0395719, 0.0962121, 0.116572, 1.1219, 0.0469864, 0.039991, 0.111452, 0.000747284, 0.0414184, 0.0104263, 0.010673, 0.0444567, 0.1547, 1.7537, 0.0405078, 0.163229, 0.0132072, 2.73563e-05, 0.104992, 0.00136103, 0.0395927, 0.21327, 0.355376, 1.37781, 0.163464, 0.0392813, 0.144506, 0.0394873, 0.0984093, 0.119714, 0.13071, 1.08461, 0.295957, 1.00312, 0.000752586, 0.0300248, 0.0013382, 0.0394998, 0.042509, 0.125652, 0.165922, 0.201859, 0.202158, 0.245966, 0.249749, 0.165834, 0.16994, 

0.0131637, 0.0160653, 0.0962121, 0.111452, 0.116572, 0.443369, 0.491625, 0.13071, 0.0132072, 0.119714, 0.000747284, 0.0394998, 0.0104263, 0.010673, 0.0405078, 0.0444567, 0.1547, 0.000752586, 0.00136103, 0.039991, 2.73563e-05, 0.104992, 0.0395927, 0.144506, 0.251797, 2.26601, 1.98638, 0.0473509, 0.0191383, 0.0392813, 0.0394873, 0.042509, 0.0013382, 0.0142806, 0.295957, 1.70531, 0.0450232, 0.0395719, 0.163229, 0.0469864, 0.0132763, 0.0414184, 0.0609998, 0.118367, 0.125652, 0.165922, 0.201859, 0.202158, 0.163464, 0.165834, 

5.68935e-06, 0.0132763, 0.0132072, 0.116572, 0.119714, 0.13071, 0.443369, 0.165834, 0.251797, 0.0013382, 6.09444e-05, 0.0394692, 0.0105306, 0.010673, 0.0405078, 0.1547, 2.30249, 0.0450232, 0.0392813, 0.111452, 2.73563e-05, 0.0206387, 0.0191383, 0.0395927, 0.0473509, 0.144506, 1.05598, 0.0104263, 0.0962121, 0.00136103, 0.0394873, 0.042509, 0.0142806, 0.0395719, 0.0469864, 0.163229, 0.295957, 0.039991, 0.000752586, 0.163464, 0.0131637, 0.000747284, 0.0160653, 0.0414184, 0.0609998, 0.118367, 0.125652, 0.165922, 0.47862, 0.491625, 

5.68935e-06, 0.000514842, 0.0013382, 0.116572, 0.165834, 0.251797, 0.443369, 0.0473509, 0.0450232, 0.000265014, 5.2784e-06, 0.000747284, 0.0105306, 0.106294, 0.111452, 0.1547, 2.08918, 0.013888, 0.0392813, 0.00136103, 2.73563e-05, 0.00976634, 0.0191383, 0.0394603, 1.05598, 0.357599, 0.144738, 0.0132072, 0.010673, 0.0104263, 0.00862004, 0.0131637, 0.0142806, 0.039991, 0.0469864, 0.295957, 0.91502, 0.0395719, 0.000752586, 0.0405078, 6.09444e-05, 0.0394692, 0.0394873, 0.042509, 0.0132763, 0.0160653, 0.0414184, 0.0609998, 0.0962121, 0.119714, 

5.68935e-06, 6.09444e-05, 0.000265014, 0.0013382, 0.0450232, 0.0473509, 0.116572, 0.1547, 0.000752586, 0.039991, 5.2784e-06, 0.000747284, 0.00136103, 0.013888, 0.0392813, 0.106294, 0.61261, 0.0394603, 0.0962121, 0.0132072, 2.73563e-05, 0.000831671, 0.0104263, 0.0191383, 0.357599, 1.05598, 1.6767, 0.111452, 0.144738, 0.0105306, 0.0044844, 0.00954976, 0.0395719, 0.0405078, 0.0469864, 0.677127, 1.97278, 0.119714, 0.010673, 0.0142806, 0.000457497, 0.00976634, 0.0132763, 0.0160653, 0.0394692, 0.0394873, 0.042509, 0.0609998, 0.165834, 0.251797, 

5.68935e-06, 6.09444e-05, 0.0013382, 0.039991, 0.0473509, 0.116572, 1.55473, 0.0962121, 0.000265014, 0.0191383, 5.2784e-06, 0.000457497, 0.013888, 0.0392813, 0.0394603, 0.61261, 0.355677, 0.111452, 0.106294, 0.0405078, 2.73563e-05, 0.00048967, 0.0104263, 0.0105306, 0.357599, 1.6767, 1.59087, 0.0395719, 0.00136103, 0.0132072, 0.00253331, 0.0044844, 0.010673, 0.0127095, 0.677127, 0.00781402, 1.70887, 0.0450232, 0.0142806, 0.000752586, 0.000747284, 0.00703944, 0.00976634, 0.0132763, 0.0160653, 0.0394692, 0.0394873, 0.042509, 0.119714, 0.144738, 

5.68935e-06, 6.09444e-05, 0.0013382, 0.0191383, 0.0473509, 0.0962121, 0.116572, 0.119714, 0.039991, 0.0132072, 5.2784e-06, 0.000457497, 0.0394603, 0.0405078, 0.106294, 0.111452, 0.355677, 0.0127095, 0.00781402, 0.013888, 2.73563e-05, 0.00048967, 0.00136103, 0.0104263, 0.0105306, 0.357599, 0.755634, 0.0392813, 0.0395719, 0.144738, 0.000747284, 0.0044844, 0.010673, 0.0450232, 0.359552, 0.0152125, 1.14726, 0.000752586, 0.000265014, 0.0142806, 0.00253331, 0.00703944, 0.00976634, 0.0132763, 0.0160653, 0.0394692, 0.0394873, 0.042509, 0.366372, 0.61261, 

4.08994e-07, 1.20772e-05, 0.0013382, 0.0132072, 0.0473509, 0.562924, 0.740883, 0.0394603, 0.0104263, 0.0142806, 5.2784e-06, 8.38028e-05, 0.00781402, 0.0405078, 0.355677, 2.96746, 0.805474, 0.010673, 0.0105306, 0.013888, 2.73563e-05, 0.00048967, 0.00136103, 0.144738, 0.253935, 0.29803, 2.30634, 0.0127095, 0.000265014, 0.039991, 0.000672898, 0.000747284, 0.000752586, 0.0152125, 0.0450232, 0.640717, 1.88002, 0.0392813, 0.0191383, 0.0395719, 0.000104147, 0.00169166, 0.00703944, 0.00976634, 0.0132763, 0.0160653, 0.0394692, 0.042509, 0.0962121, 0.106294, 

4.08994e-07, 1.20772e-05, 0.0013382, 0.0104263, 0.0394603, 0.740883, 1.00458, 0.0473509, 0.0405078, 0.0152125, 5.2784e-06, 5.9715e-06, 0.00781402, 0.013888, 0.805474, 0.699703, 2.27556, 0.0137295, 0.0191383, 0.0132072, 2.73563e-05, 0.00048967, 0.000265014, 0.29803, 0.632869, 0.668143, 0.0565342, 0.00136103, 0.0395719, 0.0105306, 0.000672898, 0.000747284, 0.000752586, 0.0392813, 0.0450232, 1.18264, 1.83856, 0.010673, 0.0127095, 0.0142806, 0.000104147, 0.00169166, 0.00703944, 0.00976634, 0.0132763, 0.0160653, 0.0333158, 0.0341027, 0.0962121, 0.106294, 

4.08994e-07, 1.43566e-06, 0.0013382, 0.0394603, 0.0473509, 1.0084, 2.00779, 0.0395719, 0.0962121, 0.0450232, 5.0329e-06, 5.2784e-06, 0.00781402, 0.699703, 0.805474, 2.01286, 0.833195, 0.0137295, 0.0152125, 0.0132072, 2.73563e-05, 0.000299503, 0.000265014, 0.00136103, 0.0105306, 0.0565342, 0.668143, 0.013888, 0.0104263, 0.0142806, 0.000672898, 0.000747284, 0.000752586, 0.010673, 0.0127095, 1.18264, 1.12651, 0.0191383, 0.0405078, 0.0392813, 0.000104147, 0.00169166, 0.00703944, 0.00976634, 0.0132763, 0.0160653, 0.0333158, 0.0341027, 0.106294, 0.29803, 

4.08994e-07, 1.43566e-06, 0.0013382, 0.0394603, 0.0962121, 1.0084, 2.00779, 0.0565342, 0.0450232, 0.0142806, 5.0329e-06, 5.2784e-06, 0.0137295, 0.699703, 0.805474, 0.244553, 2.31807, 0.0395719, 0.000752586, 0.0473509, 1.49777e-06, 0.000104147, 0.000265014, 0.00136103, 0.0105306, 0.013888, 0.551944, 0.0132072, 0.00781402, 0.106294, 0.000672898, 0.000747284, 0.010673, 0.0127095, 0.0191383, 0.0405078, 1.18264, 0.0104263, 0.0152125, 0.0392813, 0.000299503, 0.00169166, 0.00703944, 0.00976634, 0.0132763, 0.0160653, 0.0195614, 0.0333158, 0.107363, 0.220888, 

4.08994e-07, 1.43566e-06, 0.0013382, 0.0394603, 0.0565342, 0.0962121, 2.00779, 0.000752586, 0.0127095, 0.0152125, 5.0329e-06, 5.2784e-06, 0.0395719, 0.0473509, 0.805474, 1.4322, 0.852165, 0.00136103, 0.0137295, 0.0142806, 1.49777e-06, 0.000104147, 0.000265014, 0.00781402, 0.0132072, 0.013888, 1.96632, 0.107363, 0.0105306, 0.106294, 0.000299503, 0.000747284, 0.0104263, 0.010673, 0.0191383, 0.0392813, 1.18264, 0.0450232, 0.0962252, 0.0405078, 0.000672898, 0.00169166, 0.00703944, 0.00976634, 0.0132763, 0.0160653, 0.0195614, 0.0333158, 0.220888, 

4.08994e-07, 1.43566e-06, 0.000752586, 0.0013382, 0.0565342, 1.10236, 1.96607, 0.0105306, 0.0152125, 0.013888, 5.0329e-06, 5.2784e-06, 0.00136103, 0.0395719, 0.61558, 0.805474, 1.84971, 0.0127095, 0.0137295, 0.00781402, 1.49777e-06, 0.000104147, 0.0132072, 0.106294, 0.107363, 0.759072, 0.633184, 0.000265014, 0.010673, 0.0473509, 0.000299503, 0.000672898, 0.0104263, 0.0191383, 0.0392813, 0.0405078, 1.18264, 0.0394603, 0.0142806, 0.0450232, 0.000747284, 0.00169166, 0.00703944, 0.00976634, 0.0132763, 0.0160653, 0.0195614, 0.0333158, 0.0962121, 0.0962252, 

4.08994e-07, 6.00942e-07, 0.0105306, 0.0152125, 0.0565342, 1.10236, 1.96607, 0.000752586, 0.0142806, 0.0137295, 5.0329e-06, 5.2784e-06, 0.0127095, 0.61558, 0.805474, 1.71822, 0.485122, 0.013888, 0.00781402, 0.0191383, 1.49777e-06, 0.000104147, 0.000265014, 0.010673, 0.0473509, 0.107363, 0.572702, 0.0392813, 0.00136103, 0.0962121, 0.000299503, 0.000672898, 0.0104263, 0.0394603, 0.0405078, 0.0450232, 0.287402, 0.0132072, 0.0013382, 0.00403088, 0.000747284, 0.00169166, 0.00703944, 0.00976634, 0.0132763, 0.0160653, 0.0195614, 0.0333158, 0.0962252, 

2.01421e-10, 4.08994e-07, 0.000752586, 0.0142806, 0.0565342, 1.96607, 1.58788, 0.0137295, 0.0127095, 0.0105306, 5.0329e-06, 5.06537e-06, 0.013888, 0.0191383, 0.61558, 1.71822, 1.20391, 0.00781402, 0.00403088, 0.0152125, 1.49777e-06, 0.000104147, 0.0392813, 0.0962121, 0.107363, 0.572702, 3.93732, 0.0394603, 0.0473509, 0.000265014, 0.000299503, 0.000672898, 0.0104263, 0.0132072, 0.0405078, 0.0450232, 0.354534, 0.00136103, 0.010673, 0.0013382, 0.000747284, 0.00169166, 0.00703944, 0.00976634, 0.0132763, 0.0142764, 0.0160653, 0.0195614, 0.0962252, 

2.01421e-10, 2.24723e-07, 0.000752586, 0.0127095, 0.0142806, 0.838614, 1.211, 0.00136103, 0.0394603, 0.0392813, 5.0329e-06, 5.06537e-06, 0.0191383, 0.61558, 1.71822, 0.11933, 1.19938, 0.000265014, 0.0104263, 0.0137295, 1.49777e-06, 5.48838e-05, 0.0473509, 0.0840139, 1.71554, 2.0096, 0.696169, 0.00403088, 0.013888, 0.010673, 0.000299503, 0.000672898, 0.0013382, 0.0132072, 0.0450232, 0.354534, 0.0549287, 0.00781402, 0.0152125, 0.0105306, 0.000747284, 0.00169166, 0.00703944, 0.00976634, 0.0132763, 0.0142764, 0.0160653, 0.0195614, 0.0405078, 0.0962252, 

2.01421e-10, 8.37617e-08, 0.00136103, 0.0142806, 0.0394603, 0.838614, 2.06162, 0.0104263, 0.0105306, 0.0392813, 5.0329e-06, 5.06537e-06, 0.0191383, 0.61558, 1.19938, 1.71822, 7.30579e-05, 0.0127095, 0.00781402, 0.000752586, 1.49777e-06, 5.48838e-05, 0.010673, 0.013888, 0.696169, 0.901848, 1.60369, 0.0137295, 0.0405078, 0.00403088, 0.000299503, 0.000672898, 0.0013382, 0.0132072, 0.0450232, 0.0549287, 0.483383, 0.0962252, 0.0152125, 0.000265014, 0.000747284, 0.00169166, 0.00703944, 0.00976634, 0.0132763, 0.0142764, 0.0160653, 0.0195614, 

2.01421e-10, 8.37617e-08, 0.00136103, 0.0104263, 0.0105306, 2.06162, 0.247527, 5.0329e-06, 5.04153e-06, 0.000752586, 0.00781402, 0.61558, 0.00337772, 1.91224, 1.49777e-06, 2.37819e-05, 0.00403088, 0.010673, 0.013888, 0.0405078, 0.04695, 0.000267746, 0.000672898, 0.000265014, 0.0013382, 0.0450232, 0.0549287, 1.08941, 0.000747284, 0.00169166, 0.00324324, 0.00351246, 0.00703944, 0.00976634, 0.0132763, 0.0142764, 7.30579e-05, 0.00372793, 

2.01421e-10, 3.79982e-09, 0.00136103, 0.0104263, 0.247527, 2.06162, 0.929773, 5.0329e-06, 5.04153e-06, 0.000752586, 0.00337772, 0.00781402, 0.61558, 1.91224, 1.49777e-06, 2.37819e-05, 0.00403088, 0.010673, 0.013888, 0.0405078, 0.04695, 0.000225018, 0.000267746, 0.000265014, 0.0013382, 0.0450232, 0.0549287, 1.08941, 0.000747284, 0.00169166, 0.00324324, 0.00351246, 0.00703944, 0.00976634, 0.0132763, 0.0142764, 7.30579e-05, 0.00372793, 

2.01421e-10, 3.50116e-10, 3.185e-05, 0.00136103, 0.0104263, 0.929773, 0.3284, 5.0329e-06, 5.04153e-06, 0.000752586, 0.00337772, 0.00781402, 0.163486, 1.89903, 1.49777e-06, 2.37819e-05, 0.00403088, 0.010673, 0.013888, 0.0405078, 0.04695, 0.000225018, 0.000267746, 0.000265014, 0.0450232, 0.0549287, 1.08941, 0.962493, 4.46794e-05, 0.000169268, 0.000747284, 0.00169166, 0.00324324, 0.00703944, 0.00976634, 0.0142764, 7.30579e-05, 0.0013382, 

2.01421e-10, 3.50116e-10, 3.185e-05, 0.00136103, 0.0104263, 0.163925, 0.929773, 5.0329e-06, 5.04153e-06, 0.000752586, 0.00337772, 0.00781402, 0.163486, 0.301373, 6.77774e-07, 1.49777e-06, 0.00403088, 0.013888, 0.0405078, 0.04695, 1.68673, 4.46794e-05, 0.000242535, 0.0450232, 0.0549287, 0.962493, 1.08941, 1.92672, 0.000225018, 0.000169268, 0.000747284, 0.00169166, 0.00324324, 0.00703944, 0.00976634, 0.0142764, 7.30579e-05, 0.000265014, 

2.01421e-10, 3.50116e-10, 3.185e-05, 0.00136103, 0.0104263, 0.929773, 1.80205, 5.0329e-06, 5.04153e-06, 0.000752586, 0.00337772, 0.00781402, 0.163486, 0.240367, 6.77774e-07, 1.03876e-06, 0.00403088, 0.013888, 0.0405078, 0.04695, 1.70043, 4.46794e-05, 6.93758e-05, 0.0450232, 0.0549287, 0.303482, 0.962493, 1.44704, 0.000169268, 0.000225018, 0.000747284, 0.00169166, 0.00324324, 0.00703944, 0.00976634, 0.0142764, 1.16872e-06, 7.30579e-05, 

2.42895e-12, 3.50116e-10, 3.185e-05, 0.0104263, 0.929773, 1.80205, 1.00127, 5.02519e-06, 5.0329e-06, 0.000752586, 0.00337772, 0.00781402, 0.0580462, 0.163486, 6.77774e-07, 1.03876e-06, 0.013888, 0.0405078, 0.04695, 1.40426, 1.96058, 4.46794e-05, 6.93758e-05, 0.00813602, 0.0549287, 0.303482, 0.962493, 0.00293813, 0.000169268, 0.000225018, 0.000747284, 0.00169166, 0.00324324, 0.00703944, 0.00976634, 0.0142764, 1.16872e-06, 7.30579e-05, 

2.42895e-12, 3.17697e-11, 3.185e-05, 0.0104263, 0.186381, 0.929773, 1.85857, 5.02519e-06, 5.0329e-06, 0.000752586, 0.00781402, 0.0220031, 0.163486, 0.00414189, 6.77774e-07, 1.03876e-06, 0.013888, 0.0405078, 0.04695, 1.96058, 0.512388, 4.46794e-05, 5.53005e-05, 0.00293813, 0.00813602, 0.303482, 0.577409, 0.803696, 0.000169268, 0.000225018, 0.000747284, 0.00169166, 0.00324324, 0.00703944, 0.00976634, 0.0142764, 1.16872e-06, 7.30579e-05, 

2.42895e-12, 3.17697e-11, 3.185e-05, 0.186381, 0.581151, 0.929773, 0.172619, 5.02519e-06, 5.0329e-06, 0.000752586, 0.00414189, 0.0220031, 0.163486, 1.20061, 4.40166e-07, 6.77774e-07, 0.013888, 0.0405078, 0.512388, 1.96058, 1.37906, 3.59804e-05, 4.46794e-05, 0.00293813, 0.00813602, 0.303482, 0.788751, 0.203931, 0.000169268, 0.000225018, 0.000747284, 0.00169166, 0.00324324, 0.00703944, 0.00976634, 0.0142764, 1.16872e-06, 7.30579e-05, 

2.42895e-12, 2.5883e-11, 3.185e-05, 0.172619, 0.581151, 0.929773, 1.95105, 5.02519e-06, 5.0329e-06, 0.000752586, 0.00414189, 0.0220031, 0.163486, 1.20061, 4.40166e-07, 6.77774e-07, 0.013888, 0.0405078, 1.37906, 1.41837, 0.617567, 3.59804e-05, 4.46794e-05, 0.00293813, 0.00813602, 0.203931, 0.788751, 9.405e-05, 0.000169268, 0.000225018, 0.000747284, 0.00169166, 0.00324324, 0.00703944, 0.00976634, 0.0142764, 1.16872e-06, 7.30579e-05, 

2.42895e-12, 2.5883e-11, 3.185e-05, 0.00528135, 0.581151, 1.84165, 1.73979, 5.02519e-06, 5.02525e-06, 0.000752586, 0.00414189, 0.0220031, 0.163486, 1.20061, 4.40166e-07, 6.77774e-07, 0.0405078, 0.278349, 0.617567, 1.37906, 1.04085, 3.59804e-05, 4.46794e-05, 9.405e-05, 0.00813602, 0.203931, 0.788751, 9.34378e-07, 0.000169268, 0.000225018, 0.000747284, 0.00169166, 0.00324324, 0.00703944, 0.00976634, 0.0142764, 1.16872e-06, 7.30579e-05, 

4.00679e-13, 2.42895e-12, 3.185e-05, 0.00528135, 0.581151, 1.11518, 0.841384, 5.02514e-06, 5.02519e-06, 0.000752586, 0.00414189, 0.0220031, 0.0892209, 1.92259, 4.40166e-07, 6.77774e-07, 0.0405078, 0.278349, 0.53147, 1.04085, 1.35708, 3.59804e-05, 4.46794e-05, 9.34378e-07, 9.405e-05, 0.00813602, 0.788751, 0.265236, 0.000169268, 0.000225018, 0.000747284, 0.00169166, 0.00324324, 0.00703944, 0.00976634, 0.0142764, 1.16872e-06, 7.30579e-05, 

4.00679e-13, 2.42895e-12, 3.185e-05, 0.581151, 0.841384, 1.11518, 1.70065, 5.02514e-06, 5.02519e-06, 0.000752586, 0.00414189, 0.0220031, 0.0892209, 1.74406, 3.63402e-07, 4.40166e-07, 0.0405078, 0.267937, 0.278349, 1.35708, 0.0826075, 3.59804e-05, 4.46794e-05, 9.34378e-07, 1.39979e-05, 0.00813602, 0.265236, 0.813273, 0.000169268, 0.000225018, 0.000747284, 0.00169166, 0.00324324, 0.00703944, 0.00976634, 0.0142764, 1.16872e-06, 7.30579e-05, 

4.00679e-13, 2.42895e-12, 0.180541, 0.581151, 1.11518, 1.70065, 4.7081e-06, 5.02514e-06, 5.02519e-06, 0.000220998, 0.000752586, 0.0892209, 0.1353, 0.242466, 3.63402e-07, 3.88044e-07, 0.0405078, 0.0826075, 0.278349, 1.35708, 2.05904, 3.96143e-06, 5.41654e-06, 9.34378e-07, 1.39979e-05, 0.0103839, 0.813273, 0.044283, 0.000169268, 0.000225018, 0.000747284, 0.00169166, 0.00324324, 0.00703944, 0.00976634, 0.0142764, 1.16872e-06, 7.30579e-05, 

4.00679e-13, 2.42895e-12, 0.180541, 0.581151, 1.11518, 1.70065, 1.83923, 5.02514e-06, 5.02515e-06, 0.000220998, 0.000752586, 0.0329761, 0.1353, 0.112096, 3.61786e-07, 3.63402e-07, 0.0405078, 0.278349, 0.671895, 2.05904, 0.424241, 3.96143e-06, 5.41654e-06, 1.39979e-05, 0.0103839, 0.044283, 0.813273, 1.63028, 0.000169268, 0.000225018, 0.000747284, 0.00169166, 0.00324324, 0.00703944, 0.00976634, 0.0142764, 1.16872e-06, 7.30579e-05, 

4.00679e-13, 2.42895e-12, 0.154252, 0.180541, 0.724682, 1.11518, 0.0347418, 5.02514e-06, 5.02515e-06, 0.000220998, 0.000752586, 0.0329761, 0.1353, 4.36951, 3.61786e-07, 3.62985e-07, 0.0405078, 0.278349, 0.671895, 2.05904, 0.260886, 6.68886e-07, 5.41654e-06, 1.39979e-05, 0.0103839, 0.044283, 1.63028, 0.66746, 0.000169268, 0.000225018, 0.000747284, 0.00169166, 0.00324324, 0.00703944, 0.00976634, 0.0142764, 1.16872e-06, 7.30579e-05, 

4.00679e-13, 2.42895e-12, 0.154252, 0.180541, 0.724682, 1.11518, 0.00487278, 5.02514e-06, 5.02515e-06, 0.000220998, 0.000752586, 0.0329761, 0.1353, 0.173298, 3.61786e-07, 3.62985e-07, 0.260886, 0.278349, 0.671895, 2.05904, 2.09424, 6.68886e-07, 5.41654e-06, 1.39979e-05, 0.044283, 0.66746, 1.63028, 0.413233, 0.000169268, 0.000225018, 0.000747284, 0.00169166, 0.00324324, 0.00703944, 0.00976634, 0.0142764, 1.16872e-06, 7.30579e-05, 

4.00679e-13, 2.42895e-12, 0.00487278, 0.154252, 0.724682, 1.11518, 0.625277, 4.26129e-06, 3.5642e-06, 2.92627e-06, 0.000220998, 0.0329761, 0.173298, 3.56082e-06, 3.61786e-07, 3.62985e-07, 0.260886, 0.278349, 0.671895, 2.05904, 1.11117, 6.68886e-07, 5.41654e-06, 1.39979e-05, 0.044283, 0.116532, 1.63028, 0.0944419, 0.000169268, 0.000225018, 0.000747284, 0.00169166, 0.00324324, 0.00703944, 0.00976634, 0.0142764, 1.16872e-06, 7.30579e-05, 

4.00679e-13, 2.42895e-12, 0.00487278, 0.625277, 0.724682, 1.11518, 0.482609, 3.5642e-06, 3.66029e-06, 2.92627e-06, 3.56082e-06, 0.000220998, 0.173298, 0.108239, 3.61786e-07, 3.62985e-07, 0.260886, 0.278349, 0.671895, 1.11117, 2.06886, 6.68886e-07, 5.10705e-06, 1.39979e-05, 0.044283, 0.0944419, 0.116532, 1.33086, 0.000169268, 0.000225018, 0.000747284, 0.00169166, 0.00324324, 0.00703944, 0.00976634, 0.0142764, 1.16872e-06, 7.30579e-05, 

4.00679e-13, 2.42895e-12, 0.00487278, 0.482609, 0.625277, 1.11518, 0.0950197, 2.52039e-06, 3.5642e-06, 2.92627e-06, 3.56082e-06, 0.000220998, 0.108239, 0.173298, 3.61786e-07, 3.62985e-07, 0.278349, 0.671895, 0.734558, 2.06886, 2.17657, 6.68886e-07, 5.10705e-06, 1.39979e-05, 0.044283, 0.0803503, 0.0944419, 1.33086, 0.000169268, 0.000225018, 0.000747284, 0.00169166, 0.00324324, 0.00703944, 0.00976634, 0.0142764, 1.16872e-06, 7.30579e-05, 

4.00679e-13, 2.42895e-12, 0.00487278, 0.0950197, 0.482609, 0.625277, 1.11518, 2.52039e-06, 3.5642e-06, 3.56082e-06, 0.000220998, 0.108239, 0.173298, 0.500536, 3.61786e-07, 3.62898e-07, 0.278349, 0.671895, 1.34529, 2.06886, 2.08337, 6.68886e-07, 1.52942e-06, 1.39979e-05, 0.044283, 0.0944419, 0.959766, 1.70295, 0.000169268, 0.000225018, 0.000747284, 0.00169166, 0.00324324, 0.00703944, 0.00976634, 0.0142764, 1.16872e-06, 7.30579e-05, 

4.00679e-13, 8.894e-13, 0.00487278, 0.0950197, 0.482609, 0.625277, 1.74259, 1.93497e-06, 2.52039e-06, 3.56082e-06, 0.000220998, 0.173298, 0.500536, 2.69295e-06, 3.61786e-07, 3.62898e-07, 0.278349, 0.671895, 0.889843, 1.97654, 0.364811, 4.47727e-07, 6.68886e-07, 1.39979e-05, 0.044283, 0.269813, 0.959766, 1.17872, 0.000169268, 0.000225018, 0.000747284, 0.00169166, 0.00324324, 0.00703944, 0.00976634, 0.0142764, 1.16872e-06, 7.30579e-05, 

4.00679e-13, 5.43454e-13, 0.00487278, 0.0950197, 0.625277, 1.74259, 1.92441, 1.93497e-06, 2.52039e-06, 2.69295e-06, 0.000220998, 0.173298, 0.490141, 1.45012, 3.61786e-07, 3.62207e-07, 0.0709468, 0.0889472, 0.278349, 0.671895, 0.662567, 3.92141e-07, 4.47727e-07, 1.39979e-05, 0.044283, 0.269813, 0.959766, 1.29969, 0.000169268, 0.000225018, 0.000747284, 0.00169166, 0.00324324, 0.00703944, 0.00976634, 0.0142764, 1.16872e-06, 7.30579e-05, 

4.00679e-13, 5.43454e-13, 0.00487278, 0.0950197, 0.625277, 0.845498, 1.05973, 1.65248e-06, 1.93497e-06, 2.69295e-06, 0.000220998, 0.490141, 1.45012, 1.6005, 3.61786e-07, 3.62207e-07, 0.0602404, 0.0709468, 0.186214, 0.278349, 0.662567, 3.92141e-07, 4.47727e-07, 1.39979e-05, 0.269813, 0.959766, 1.29969, 2.22104, 0.000169268, 0.000225018, 0.000747284, 0.00169166, 0.00324324, 0.00703944, 0.00976634, 0.0142764, 1.16872e-06, 7.30579e-05, 

3.15414e-13, 4.00679e-13, 0.00487278, 0.0950197, 0.201021, 0.625277, 1.05973, 1.65248e-06, 1.93497e-06, 2.69295e-06, 0.000220998, 0.0633131, 1.6005, 2.07802, 3.61786e-07, 3.62207e-07, 0.0602404, 0.186214, 0.278349, 0.662567, 0.36007, 3.85656e-07, 3.92141e-07, 1.39979e-05, 0.269813, 0.959766, 1.29969, 2.22104, 0.000169268, 0.000225018, 0.000747284, 0.00169166, 0.00324324, 0.00703944, 0.00976634, 0.0142764, 1.16872e-06, 7.30579e-05, 

3.15414e-13, 4.00679e-13, 0.00487278, 0.0127491, 0.0950197, 1.05973, 1.69985, 1.65248e-06, 1.93497e-06, 0.000220998, 0.0633131, 1.27095, 1.89368, 1.97527, 3.61551e-07, 3.61786e-07, 0.186214, 0.278349, 0.36007, 0.662567, 1.86163, 3.85656e-07, 3.92141e-07, 1.39979e-05, 0.0593179, 0.269813, 0.959766, 0.0694801, 0.000169268, 0.000225018, 0.000747284, 0.00169166, 0.00324324, 0.00703944, 0.00976634, 0.0142764, 1.16872e-06, 7.30579e-05, 

3.15414e-13, 4.00679e-13, 0.00487278, 0.0127491, 0.0950197, 1.69985, 1.67657, 1.65248e-06, 1.93497e-06, 0.000220998, 0.0633131, 0.698797, 1.09754, 1.27095, 3.61409e-07, 3.61551e-07, 0.186214, 0.278349, 0.310608, 0.36007, 0.182732, 3.85656e-07, 3.89739e-07, 1.39979e-05, 0.0593179, 0.0694801, 0.212217, 0.269813, 0.000169268, 0.000225018, 0.000747284, 0.00169166, 0.00324324, 0.00703944, 0.00976634, 0.0142764, 1.16872e-06, 7.30579e-05, 

Best:
(-7.93898e-07, )

Fitness Evaluations:
2803

End Population
(-7.938980e-07), (-8.949333e-07), (9.873500e-02), (1.598116e-01), (1.872839e+01), (-1.025657e+01), (-8.572408e+00), (1.817502e-03), (1.966726e-03), (2.101882e-02), (3.576592e-01), (1.264424e+00), (-1.667789e+00), (2.979611e+01), (-8.499750e-04), (-8.501416e-04), (-1.310825e+01), (-3.114751e+01), (-3.104027e+01), (3.758080e+01), (-6.876504e+00), (-8.780246e-04), (-8.826596e-04), (5.289796e-03), (1.236047e+01), (-1.231443e+01), (-2.478871e+01), (5.542292e+00), (1.839503e-02), (2.120915e-02), (3.865238e-02), (5.816004e-02), (8.054029e-02), (1.186944e-01), (1.398383e-01), (6.373985e+00), (-1.528484e-03), (1.208489e-02), 