Iterations: 50
Function Evaluations Limit: 150000
Population: 50

Prides Length: 4

Percent Nomads: 0.2
Percent Roaming: 0.2
Percent Sex: 0.8

Mating Rate: 0.3
Mutation Probability: 0.2
Immigration Rate: 0.4

Percent Group Influence: 0.4
Annealing On: true
Ranked Selection Pressure: 2
Near To Best Random Pressure: 2

Dimensions: 1
N-Dimension Space: -100:100

Fitness Iterations:
0.140659 (Initial Best)

0.425409, 1.58771, 3.04711, 0.934009, 1.41624, 1.14029, 3.92684, 1.24676, 2.12611, 2.15578, 2.0933, 3.13661, 1.33038, 1.85645, 1.20253, 0.602209, 2.61833, 3.70998, 2.6203, 1.44854, 1.16821, 1.13372, 3.17172, 1.86486, 0.633318, 1.73617, 0.140659, 1.78796, 1.48998, 1.86144, 3.46637, 1.56137, 0.575199, 0.257503, 2.77453, 3.20465, 2.34423, 0.830576, 1.01173, 1.95081, 1.96471, 2.7087, 1.27448, 1.76937, 1.33024, 2.07556, 2.90198, 1.1512, 1.94864, 1.90012, 

0.411794, 0.457823, 0.92221, 2.15578, 2.63768, 3.67394, 0.146708, 0.484802, 0.140659, 0.0128261, 1.05753, 0.588247, 0.0696872, 0.46084, 1.20253, 1.32208, 3.63989, 0.534128, 0.569981, 0.575199, 0.903997, 0.725936, 0.984605, 1.36973, 1.73617, 1.86144, 1.86486, 0.830576, 0.456887, 0.860914, 1.13372, 0.814134, 0.016551, 1.01173, 1.32735, 1.95081, 1.6161, 0.104014, 0.934009, 0.992472, 0.425409, 1.56137, 1.1512, 1.27448, 1.32988, 1.33024, 1.58771, 1.74024, 1.0363, 1.24676, 

0.411794, 0.414286, 0.146708, 0.35845, 0.484802, 1.6823, 2.40916, 0.167876, 0.0696872, 0.0137238, 0.00351693, 0.0237648, 1.20253, 1.32208, 1.82702, 0.0884342, 2.01163, 0.230238, 0.76618, 0.534128, 0.174872, 0.243755, 0.456887, 1.36973, 1.61016, 0.159509, 0.34299, 0.575199, 0.140659, 0.790964, 0.556819, 0.211645, 0.104014, 1.01173, 1.32735, 0.974223, 0.000499511, 0.46084, 0.0128261, 0.805234, 0.588247, 0.691854, 0.457823, 0.425409, 0.814134, 0.707786, 0.775302, 0.979862, 0.852499, 0.92221, 

0.411794, 0.414286, 0.0137238, 0.0696872, 0.167876, 2.40916, 0.973088, 0.76618, 0.0128261, 0.755459, 0.00351693, 0.0237648, 0.0884342, 0.230238, 2.01163, 1.30481, 0.381322, 0.451638, 0.484802, 0.159509, 0.174872, 0.197437, 0.140659, 0.34299, 0.838877, 2.06158, 0.564436, 0.456887, 0.425907, 0.104014, 0.211645, 0.105167, 0.000499511, 0.46084, 0.805234, 1.05347, 1.94207, 0.060697, 0.35845, 0.146708, 0.243755, 0.39162, 0.421054, 0.447162, 0.457823, 0.537749, 0.588247, 0.632063, 0.790964, 0.852499, 

0.000985421, 0.243755, 0.0128261, 0.0286892, 0.0995855, 0.755459, 2.26254, 0.564436, 0.146708, 0.381322, 0.00351693, 0.0237648, 0.0884342, 0.230238, 0.451638, 2.01163, 1.18178, 0.167876, 0.484802, 0.159509, 0.0650748, 0.158241, 0.104014, 0.34299, 0.425907, 0.456887, 0.884088, 0.46084, 0.790964, 0.140659, 0.105167, 0.097826, 0.000499511, 0.060697, 1.05347, 0.318197, 2.28274, 0.0137238, 0.35845, 0.76618, 0.411794, 0.174872, 0.0868179, 0.197437, 0.211645, 0.308907, 0.341262, 0.414286, 0.805234, 0.838877, 

0.000985421, 0.0868179, 0.00528705, 0.146708, 0.564436, 0.610165, 0.435718, 0.34299, 0.151451, 0.167876, 0.00351693, 0.0237648, 0.155247, 0.159509, 0.230238, 0.484802, 0.069722, 0.0286892, 0.0254704, 0.104014, 0.000930152, 0.0486466, 0.140659, 0.425907, 0.456887, 0.476191, 3.23027, 0.249293, 0.0128261, 0.433426, 0.097826, 0.105167, 0.0137238, 0.060697, 0.318197, 0.35845, 0.76618, 0.0884342, 0.381322, 0.000499511, 0.0650748, 0.158241, 0.243755, 0.174872, 0.197437, 0.211645, 0.293648, 0.308907, 0.451638, 0.755459, 

0.000985421, 0.0650748, 0.146708, 0.151451, 0.34299, 1.62614, 2.82941, 0.318197, 0.282484, 0.060697, 0.00351693, 0.0237648, 0.0286892, 0.104014, 0.159509, 1.23519, 1.32117, 0.155247, 0.0884342, 0.0254704, 0.000930152, 0.0486466, 0.0128261, 0.249293, 0.456887, 3.23027, 0.355564, 0.069722, 0.000499511, 0.167876, 0.0098878, 0.097826, 0.0137238, 0.381322, 0.76618, 0.639597, 2.67827, 0.00120631, 0.140659, 0.230238, 0.000354292, 0.0868179, 0.158241, 0.159311, 0.162844, 0.174872, 0.197437, 0.211645, 0.35845, 0.424487, 

0.000354292, 0.0205899, 0.282484, 0.318197, 0.34299, 1.62614, 0.0152991, 0.159509, 0.104014, 0.151451, 0.00351693, 0.0237648, 0.0884342, 0.155247, 1.32117, 0.0483571, 1.75874, 0.060697, 0.000499511, 0.00120631, 0.000930152, 0.0486466, 0.0128261, 0.069722, 0.355564, 1.80888, 1.21697, 0.140659, 0.0286892, 0.146708, 0.0098878, 0.053472, 0.230238, 0.381322, 0.694839, 0.76618, 1.59602, 0.167876, 0.0137238, 0.0254704, 0.000985421, 0.097826, 0.0650748, 0.0868179, 0.139322, 0.159311, 0.159662, 0.162844, 0.249293, 0.35845, 

0.000354292, 0.000985421, 0.318197, 0.34299, 1.62614, 0.000187021, 0.625404, 0.159509, 0.104014, 0.0483571, 0.00351693, 0.0237648, 0.000499511, 0.00120631, 0.628446, 1.75874, 0.28419, 0.0286892, 0.060697, 0.0128261, 0.000930152, 0.0486466, 0.069722, 0.146708, 0.284182, 2.71077, 1.22113, 0.140659, 0.0152991, 0.157736, 0.0098878, 0.0260684, 0.0137238, 0.0254704, 0.230238, 0.76618, 0.0589844, 0.0884342, 0.151451, 0.155247, 0.0205899, 0.053472, 0.0650748, 0.0868179, 0.097826, 0.121169, 0.139322, 0.159311, 0.249293, 0.282484, 

0.000354292, 0.000985421, 0.318197, 0.34299, 0.625404, 0.266872, 0.0151285, 0.000187021, 0.0104544, 0.0589844, 0.00351693, 0.0237648, 0.0286892, 0.28419, 1.75874, 2.11821, 1.38126, 0.0884342, 0.00120631, 0.069722, 0.000930152, 0.0486466, 0.140659, 0.146708, 0.157736, 0.284182, 0.0103553, 0.060697, 0.0152991, 0.0702937, 0.0098878, 0.0260684, 0.0137238, 0.0254704, 0.155247, 1.42164, 2.01099, 0.0483571, 0.104014, 0.000499511, 0.0205899, 0.053472, 0.0650748, 0.0868179, 0.0939859, 0.097826, 0.121169, 0.139322, 0.151451, 0.159509, 

0.000222253, 0.000985421, 0.0589844, 0.0732698, 0.318197, 0.625404, 1.91657, 0.0151285, 0.146708, 0.104014, 0.00351693, 0.0205899, 0.00120631, 0.069722, 0.28419, 0.437643, 2.0014, 0.0884342, 0.0286892, 0.140659, 0.000930152, 0.0260684, 0.0103553, 0.0152991, 0.060697, 0.0702937, 1.42917, 0.0143281, 0.000187021, 0.0254704, 0.0098878, 0.014426, 0.0137238, 0.0483571, 1.42164, 2.01099, 0.922512, 0.000499511, 0.000192862, 0.0104544, 0.0237648, 0.0486466, 0.053472, 0.0650748, 0.0868179, 0.0939859, 0.097826, 0.121169, 0.151451, 0.155247, 

0.000156598, 0.000222253, 0.0151285, 0.0732698, 1.91521, 0.705445, 1.67326, 0.0884342, 0.146708, 0.000187021, 0.00351693, 0.0154478, 0.00120631, 0.28419, 0.437643, 1.11164, 2.06014, 0.104014, 0.0589844, 0.060697, 0.000930152, 0.0260684, 0.0143281, 0.0152991, 0.0254704, 1.42917, 1.90805, 0.140659, 0.0103553, 0.0702937, 0.000693604, 0.014426, 0.000499511, 0.0104544, 0.0137238, 0.0483571, 1.42164, 0.0115769, 0.069722, 0.000192862, 0.0237648, 0.0486466, 0.053472, 0.0650748, 0.0718602, 0.0868179, 0.0939859, 0.097826, 0.151451, 0.155247, 

0.000156598, 0.000222253, 0.000187021, 0.0732698, 0.0884342, 1.67326, 2.15038, 0.0103553, 0.0151285, 0.000192862, 0.00351693, 0.0154478, 0.00120631, 0.0395281, 0.0589844, 0.28419, 0.107022, 0.000499511, 0.0115769, 0.0254704, 0.000930152, 0.0260684, 0.0702937, 0.140659, 0.837261, 1.42917, 1.34401, 0.0483571, 0.0143281, 0.146708, 0.000693604, 0.014426, 0.0104544, 0.0137238, 0.317887, 0.20907, 1.69266, 0.060697, 0.0152991, 0.069722, 0.0237648, 0.0486466, 0.053472, 0.0650748, 0.0718602, 0.0783256, 0.083337, 0.0868179, 0.151451, 0.155247, 

0.000156598, 0.000222253, 0.0103553, 0.0151285, 1.45958, 2.38193, 0.915703, 0.000192862, 0.0254704, 0.000187021, 0.00351693, 0.0154478, 0.000499511, 0.00120631, 0.0589844, 0.107022, 0.28419, 0.0732698, 0.0884342, 0.069722, 0.000930152, 0.0156052, 0.0143281, 0.0483571, 0.140659, 1.34401, 0.248565, 0.0115769, 0.0104544, 0.0395281, 0.000693604, 0.014426, 0.0137238, 0.20907, 0.317887, 1.44295, 0.0315576, 0.0702937, 0.0152991, 0.060697, 0.0260684, 0.0237648, 0.0412593, 0.0486466, 0.053472, 0.0568808, 0.0650748, 0.0718602, 0.146708, 0.151451, 

0.000156598, 0.000222253, 0.000192862, 0.0103553, 0.915703, 2.38193, 2.66132, 0.0254704, 0.000187021, 0.0483571, 0.00351693, 0.0154478, 0.0732698, 0.0884342, 0.107022, 0.28419, 2.0474, 0.0115769, 0.0151285, 0.0137238, 0.000930152, 0.0156052, 0.0104544, 0.0395281, 0.992062, 0.877054, 1.49851, 0.0152991, 0.000499511, 0.00120631, 0.000693604, 0.014426, 0.0315576, 0.0702937, 0.20907, 0.317887, 1.44295, 0.0589844, 0.0143281, 0.0125769, 0.0237648, 0.0241001, 0.0260684, 0.0332571, 0.0412593, 0.0486466, 0.053472, 0.0568808, 0.060697, 0.069722, 

0.000156598, 0.000222253, 0.0103553, 0.0254704, 0.0483571, 0.552789, 1.20214, 0.069722, 0.0315576, 0.0395281, 0.00351693, 0.0154478, 0.0137238, 0.0151285, 0.0732698, 1.94279, 1.973, 0.00120631, 0.0115769, 0.0125769, 0.000930152, 0.0156052, 0.000499511, 0.0104544, 0.992062, 1.49851, 1.92911, 0.060697, 0.0152991, 0.0884342, 0.000693604, 0.014426, 0.0143281, 0.0589844, 0.0702937, 0.20907, 0.317887, 0.000192862, 0.000187021, 0.0946317, 0.0237648, 0.0241001, 0.0260684, 0.0332571, 0.0412593, 0.0486466, 0.053472, 0.0568808, 0.107022, 

0.000146707, 0.000156598, 0.0103553, 0.0395281, 0.0483571, 0.069722, 1.86961, 0.0152991, 0.0115769, 0.0143281, 0.00351693, 0.000196429, 0.00120631, 0.0125769, 0.0151285, 0.0732698, 1.42312, 2.14998e-05, 0.0254704, 0.0589844, 0.000249388, 1.415e-05, 0.0884342, 0.824172, 0.992062, 1.92911, 2.46024, 0.000187021, 0.0104544, 0.0569649, 0.000693604, 0.0114919, 0.000192862, 0.0946317, 0.20907, 0.317887, 0.157838, 0.0137238, 0.0315576, 0.000499511, 0.014426, 0.0156052, 0.0237648, 0.0241001, 0.0260684, 0.0332571, 0.0405272, 0.0412593, 0.0702937, 0.107022, 

0.000146707, 0.000156598, 0.0115769, 0.0483571, 0.0516102, 1.07663, 1.7019, 0.000187021, 0.0152991, 0.0143281, 4.44132e-06, 0.00178908, 2.14998e-05, 0.00120631, 0.0732698, 1.57103, 1.60151, 0.0589844, 0.0104544, 0.000192862, 1.415e-05, 0.000249388, 0.0569649, 0.0884342, 0.824172, 1.92911, 1.61011, 0.0254704, 0.0315576, 0.0103553, 0.000693604, 0.0114919, 0.000499511, 0.0137238, 0.157838, 0.20907, 0.0914545, 0.0151285, 0.0395281, 0.0125769, 0.014426, 0.0156052, 0.0237648, 0.0241001, 0.0260684, 0.0332571, 0.0405272, 0.0412593, 0.0702937, 0.107022, 

0.000146707, 0.000153374, 0.000376893, 0.0115769, 0.0143281, 1.07663, 1.7019, 0.000192862, 0.0109614, 0.0104544, 4.44132e-06, 5.45416e-05, 0.00120631, 0.0732698, 1.57103, 0.570215, 1.71657, 0.0125769, 0.000187021, 0.0395281, 1.415e-05, 0.000249388, 0.0103553, 0.0315576, 0.824172, 1.92911, 2.05875, 0.000221589, 0.000499511, 2.14998e-05, 0.000276898, 0.0114919, 0.0137238, 0.0914545, 0.157838, 0.20907, 1.68157, 0.0152991, 0.0483571, 0.0254704, 0.000693604, 0.014426, 0.0156052, 0.0237648, 0.0241001, 0.0260684, 0.0332571, 0.0405272, 0.0569649, 0.0589844, 

0.000144483, 0.000146707, 0.0104544, 0.0109614, 0.0143281, 1.49199, 1.824, 0.0137238, 0.0315576, 0.000499511, 4.44132e-06, 5.45416e-05, 0.0395281, 0.0732698, 0.570215, 1.71657, 0.536071, 0.00120631, 0.0115769, 0.0254704, 1.415e-05, 2.06093e-05, 2.14998e-05, 0.000221589, 0.528484, 1.92911, 2.03433e-05, 0.000187021, 0.000192862, 0.0125769, 0.000249388, 0.0114919, 0.0152991, 0.0483571, 0.20907, 1.00702, 1.03503, 0.0569649, 0.000376893, 0.0103553, 0.000276898, 0.000693604, 0.014426, 0.0156052, 0.0237648, 0.0241001, 0.0260684, 0.0332571, 0.0589844, 

2.06093e-05, 0.000146707, 0.0104544, 0.0143281, 0.0315576, 1.49199, 1.824, 4.44132e-06, 5.45416e-05, 0.00120631, 0.0115769, 0.0254704, 0.512698, 1.43034, 1.415e-05, 1.65592e-05, 0.000192862, 0.0125769, 0.528484, 0.950288, 1.76626e-05, 0.000249388, 0.0114919, 0.000376893, 0.0152991, 0.0483571, 0.20907, 0.898248, 0.000144483, 0.000276898, 0.000688033, 0.014426, 0.0156052, 0.0223663, 0.0237648, 0.0241001, 2.03433e-05, 2.14998e-05, 

2.06093e-05, 0.000144483, 0.0104544, 0.0143281, 0.0315576, 1.824, 1.07379, 4.44132e-06, 5.45416e-05, 0.00120631, 0.0115769, 0.0254704, 0.512698, 1.43034, 1.415e-05, 1.65592e-05, 0.000192862, 0.00990626, 0.0125769, 0.950288, 0.769502, 0.000249388, 0.000276898, 0.000376893, 0.0152991, 0.0483571, 0.20907, 0.898248, 0.000146707, 0.0114919, 0.000688033, 0.014426, 0.0156052, 0.0223663, 0.0237648, 0.0241001, 1.76626e-05, 2.03433e-05, 

2.06093e-05, 0.000144483, 0.0143281, 0.0315576, 0.587368, 1.824, 0.968115, 4.44132e-06, 5.45416e-05, 0.00120631, 0.0115769, 0.0254704, 0.366425, 0.512698, 1.415e-05, 1.55507e-05, 0.000192862, 0.0125769, 0.769502, 0.950288, 1.59956e-05, 3.6425e-05, 0.000276898, 0.0152991, 0.0483571, 0.20907, 0.898248, 0.106841, 0.000249388, 0.000146707, 0.000688033, 0.0114919, 0.014426, 0.0156052, 0.0223663, 0.0237648, 1.76626e-05, 2.03433e-05, 

2.06093e-05, 2.59699e-05, 0.0143281, 0.0315576, 0.663959, 1.57385, 1.50485, 1.71107e-07, 4.44132e-06, 0.0115769, 0.0254704, 0.366425, 0.512698, 0.000363586, 1.415e-05, 1.55507e-05, 1.59956e-05, 0.000192862, 0.0125769, 0.769502, 2.48766, 3.6425e-05, 0.000249388, 0.0152991, 0.0483571, 0.20907, 0.898248, 2.47194, 0.000146707, 0.000276898, 0.000315912, 0.000688033, 0.00988875, 0.014426, 0.0156052, 0.0223663, 1.76626e-05, 2.03433e-05, 

2.06093e-05, 2.59699e-05, 0.0143281, 0.0315576, 0.613109, 0.815437, 1.57385, 1.71107e-07, 4.44132e-06, 0.000363586, 0.0115769, 0.0254704, 0.366425, 0.0102731, 1.415e-05, 1.55507e-05, 1.59956e-05, 0.000192862, 0.00608835, 0.769502, 2.48766, 3.6425e-05, 0.000146707, 0.0152991, 0.0400499, 0.0483571, 2.19613, 1.2406, 0.000249388, 0.000276898, 0.000315912, 0.000688033, 0.00988875, 0.0116282, 0.014426, 0.0156052, 1.76626e-05, 2.03433e-05, 

2.06093e-05, 2.59699e-05, 0.0143281, 0.0315576, 0.815437, 1.19262, 1.52406, 1.71107e-07, 9.69859e-07, 0.000363586, 0.0102731, 0.0254704, 0.0871144, 0.239836, 1.415e-05, 1.51198e-05, 1.59956e-05, 0.000192862, 0.00608835, 0.769502, 0.134308, 3.6425e-05, 0.000146707, 0.0152991, 0.0400499, 0.0483571, 0.290537, 2.19613, 0.000249388, 0.000276898, 0.000315912, 0.000688033, 0.00988875, 0.0116282, 0.014426, 0.0156052, 1.76626e-05, 2.03433e-05, 

2.06093e-05, 2.59699e-05, 0.0143281, 0.0315576, 0.439581, 0.81799, 1.52406, 9.83471e-09, 1.71107e-07, 0.000363586, 0.0102731, 0.0254704, 0.0871144, 0.239836, 1.415e-05, 1.51198e-05, 1.59956e-05, 0.000192862, 0.00608835, 0.134308, 0.769502, 3.6425e-05, 0.000146707, 0.0152991, 0.0483571, 0.259093, 0.290537, 1.75944, 0.000249388, 0.000276898, 0.000315912, 0.000688033, 0.00988875, 0.0116282, 0.014426, 0.0156052, 1.76626e-05, 2.03433e-05, 

2.06093e-05, 2.59699e-05, 0.00417196, 0.0143281, 0.0315576, 0.81799, 0.999005, 9.83471e-09, 1.71107e-07, 0.000363586, 0.0102731, 0.0871144, 0.239836, 0.000107398, 1.415e-05, 1.51198e-05, 1.59956e-05, 0.000192862, 0.134308, 0.769502, 0.174068, 3.6425e-05, 5.08948e-05, 0.0483571, 0.259093, 0.290537, 1.75944, 0.264705, 8.31511e-05, 0.000249388, 0.000276898, 0.000315912, 0.000688033, 0.00988875, 0.0116282, 0.014426, 1.76626e-05, 2.03433e-05, 

2.06093e-05, 2.59699e-05, 0.0143281, 0.0315576, 0.203937, 0.728196, 0.000888355, 9.83471e-09, 1.71107e-07, 0.000363586, 0.0102731, 0.0871144, 0.239836, 0.552816, 1.415e-05, 6.91978e-07, 1.59956e-05, 0.000192862, 0.134308, 0.769502, 4.62434e-07, 1.51198e-05, 5.02085e-05, 0.259093, 0.264705, 0.290537, 1.49018, 0.395696, 3.6425e-05, 8.31511e-05, 0.000249388, 0.000276898, 0.000315912, 0.000688033, 0.00988875, 0.0116282, 1.76626e-05, 2.03433e-05, 

9.80766e-09, 2.59699e-05, 0.000888355, 0.0143281, 0.0315576, 0.203937, 0.728196, 9.83471e-09, 1.71107e-07, 0.000363586, 0.0871144, 0.239836, 0.552816, 2.50715, 6.91978e-07, 1.415e-05, 4.62434e-07, 1.59956e-05, 0.000192862, 0.0641694, 0.748358, 1.51198e-05, 5.02085e-05, 0.259093, 0.264705, 0.395696, 1.49018, 0.0973814, 2.06093e-05, 3.6425e-05, 8.31511e-05, 0.000249388, 0.000315912, 0.000688033, 0.00988875, 0.0116282, 1.76626e-05, 2.03433e-05, 

9.80766e-09, 1.40433e-05, 0.000888355, 0.0143281, 0.203937, 0.728196, 1.78021, 9.83471e-09, 1.71107e-07, 0.000363586, 0.0871144, 0.146974, 0.256075, 0.0394987, 6.91978e-07, 1.415e-05, 4.62434e-07, 1.59956e-05, 0.0641694, 0.748358, 1.82742, 1.51198e-05, 2.06093e-05, 0.0406074, 0.0973814, 0.259093, 0.395696, 1.49018, 5.02085e-05, 3.6425e-05, 8.31511e-05, 0.000249388, 0.000315912, 0.000688033, 0.00988875, 0.0116282, 1.76626e-05, 2.03433e-05, 

9.80766e-09, 1.40433e-05, 0.000888355, 0.203937, 0.728196, 1.20448, 1.03827, 4.56894e-10, 9.83471e-09, 0.000363586, 0.0394987, 0.0871144, 0.146974, 0.256075, 6.91978e-07, 3.17382e-06, 4.62434e-07, 1.59956e-05, 0.0641694, 1.82742, 0.782553, 1.51198e-05, 2.06093e-05, 0.0406074, 0.0973814, 0.395696, 0.791325, 2.00041, 3.6425e-05, 5.02085e-05, 8.31511e-05, 0.000249388, 0.000315912, 0.000688033, 0.00988875, 0.0116282, 1.76626e-05, 2.03433e-05, 

9.80766e-09, 5.48811e-07, 0.203937, 0.728196, 1.03827, 1.20448, 0.274758, 4.56894e-10, 9.83471e-09, 0.000363586, 0.0394987, 0.0871144, 0.146974, 0.335651, 7.59412e-08, 2.66399e-07, 4.62434e-07, 1.59956e-05, 0.0641694, 0.782553, 1.93126e-07, 1.51198e-05, 2.06093e-05, 0.0401695, 0.395696, 0.791325, 0.843573, 2.01265, 1.82716e-06, 3.6425e-05, 5.02085e-05, 8.31511e-05, 0.000249388, 0.000315912, 0.000688033, 0.00988875, 1.76626e-05, 2.03433e-05, 

9.80766e-09, 2.8224e-07, 0.203937, 0.274758, 1.03827, 1.20448, 1.58734, 4.56894e-10, 9.83471e-09, 0.0394987, 0.0871144, 0.146974, 0.335651, 2.87585, 5.1187e-08, 7.59412e-08, 1.93126e-07, 2.29221e-07, 1.59956e-05, 0.0641694, 0.782553, 1.07269e-07, 2.06093e-05, 0.0401695, 0.196525, 0.791325, 0.843573, 2.01265, 1.51198e-05, 1.82716e-06, 3.6425e-05, 5.02085e-05, 8.31511e-05, 0.000249388, 0.000315912, 0.000688033, 1.76626e-05, 2.03433e-05, 

9.80766e-09, 2.8224e-07, 0.203937, 0.274758, 1.03827, 1.58734, 1.93106, 4.72515e-11, 4.56894e-10, 0.0026361, 0.0394987, 0.146974, 0.335651, 2.63768, 4.33174e-08, 5.1187e-08, 1.93126e-07, 2.29221e-07, 1.59956e-05, 0.0641694, 0.782553, 1.07269e-07, 1.66639e-05, 0.0401695, 0.0491546, 0.843573, 2.01265, 0.263117, 1.82716e-06, 1.51198e-05, 3.6425e-05, 5.02085e-05, 8.31511e-05, 0.000249388, 0.000315912, 0.000688033, 1.76626e-05, 2.03433e-05, 

9.80766e-09, 2.8224e-07, 0.274758, 0.575754, 1.03827, 1.58734, 2.08717, 4.72515e-11, 4.21066e-10, 5.81859e-06, 0.0394987, 0.335651, 1.97488, 0.730683, 4.33174e-08, 4.94386e-08, 1.93126e-07, 2.29221e-07, 1.59956e-05, 0.0641694, 0.782553, 1.02156e-07, 1.02194e-06, 0.0401695, 0.0491546, 0.263117, 0.843573, 2.01265, 1.07269e-07, 2.89668e-07, 1.82716e-06, 1.51198e-05, 3.6425e-05, 5.02085e-05, 0.000249388, 0.000315912, 1.76626e-05, 2.03433e-05, 

9.80766e-09, 1.07269e-07, 0.394344, 0.575754, 1.03827, 1.58734, 2.02612, 4.72515e-11, 7.50432e-11, 5.81859e-06, 0.0394987, 0.335651, 1.73725, 3.2017, 4.33174e-08, 4.94386e-08, 1.93126e-07, 2.29221e-07, 1.59956e-05, 0.0641694, 0.205835, 1.02156e-07, 2.89668e-07, 0.0401695, 0.0442487, 0.209335, 0.843573, 1.06127, 2.8224e-07, 3.62279e-07, 1.82716e-06, 1.51198e-05, 3.6425e-05, 5.02085e-05, 0.000249388, 0.000315912, 1.76626e-05, 2.03433e-05, 

9.80766e-09, 1.07269e-07, 0.0705093, 1.03827, 1.58734, 2.02612, 2.26188, 4.72515e-11, 7.50432e-11, 5.81859e-06, 0.0394987, 0.335651, 2.92473, 1.38808e-06, 4.33174e-08, 4.94386e-08, 1.93126e-07, 2.29221e-07, 0.0641694, 0.205835, 1.86621, 1.02156e-07, 2.8224e-07, 0.0442487, 0.209335, 0.843573, 1.06127, 1.31283, 2.89668e-07, 3.62279e-07, 1.82716e-06, 1.51198e-05, 3.6425e-05, 5.02085e-05, 0.000249388, 0.000315912, 1.76626e-05, 2.03433e-05, 

8.73172e-11, 1.07269e-07, 0.0705093, 1.03827, 1.58734, 2.26188, 0.303077, 4.72515e-11, 4.97974e-11, 1.38808e-06, 5.81859e-06, 0.0394987, 0.335651, 1.08312, 4.33174e-08, 4.94386e-08, 1.93126e-07, 2.29221e-07, 0.0641694, 0.205835, 0.341583, 1.02156e-07, 2.8224e-07, 0.0442487, 0.209335, 0.634972, 0.843573, 1.93045, 9.80766e-09, 2.89668e-07, 3.62279e-07, 1.82716e-06, 1.51198e-05, 5.02085e-05, 0.000249388, 0.000315912, 1.76626e-05, 2.03433e-05, 

8.73172e-11, 1.07269e-07, 0.0705093, 0.303077, 1.03827, 2.26188, 1.26238, 4.72515e-11, 4.97974e-11, 1.38808e-06, 5.81859e-06, 0.335651, 1.08312, 1.02392, 9.80766e-09, 4.94386e-08, 1.93126e-07, 2.29221e-07, 0.0641694, 0.205835, 1.19763, 1.02156e-07, 1.4581e-07, 0.0442487, 0.22347, 0.634972, 0.843573, 0.626496, 4.33174e-08, 2.89668e-07, 3.62279e-07, 1.82716e-06, 1.51198e-05, 5.02085e-05, 0.000249388, 0.000315912, 1.76626e-05, 2.03433e-05, 

8.73172e-11, 4.33174e-08, 0.303077, 0.785187, 1.26238, 2.26188, 0.543615, 4.72515e-11, 4.89729e-11, 1.38808e-06, 5.81859e-06, 0.335651, 1.08312, 4.20665e-07, 9.80766e-09, 4.94386e-08, 1.93126e-07, 2.29221e-07, 0.0641694, 0.758339, 0.282843, 1.02156e-07, 1.4581e-07, 0.0543045, 0.22347, 0.286479, 0.843573, 1.64711, 1.07269e-07, 2.89668e-07, 3.62279e-07, 1.82716e-06, 1.51198e-05, 5.02085e-05, 0.000249388, 0.000315912, 1.76626e-05, 2.03433e-05, 

8.73172e-11, 4.33174e-08, 0.0152885, 0.303077, 0.543615, 1.67198, 0.993156, 4.57161e-11, 4.72515e-11, 4.20665e-07, 5.81859e-06, 0.306721, 0.335651, 3.48835, 9.80766e-09, 4.94386e-08, 1.93126e-07, 2.29221e-07, 0.0641694, 0.282843, 1.09182, 1.02156e-07, 1.07269e-07, 0.0543045, 0.22347, 0.286479, 0.843573, 1.64711, 1.4581e-07, 2.89668e-07, 3.62279e-07, 1.82716e-06, 1.51198e-05, 5.02085e-05, 0.000249388, 0.000315912, 1.76626e-05, 2.03433e-05, 

8.73172e-11, 4.33174e-08, 0.0152885, 0.303077, 0.543615, 0.993156, 1.20156, 4.57161e-11, 4.6119e-11, 4.20665e-07, 0.306721, 0.335651, 1.93394, 0.0678834, 9.80766e-09, 3.99745e-08, 1.93126e-07, 2.29221e-07, 0.0641694, 0.282843, 0.00569874, 1.02156e-07, 1.07269e-07, 0.0395728, 0.22347, 0.286479, 0.843573, 0.905843, 1.4581e-07, 2.89668e-07, 3.62279e-07, 1.82716e-06, 1.51198e-05, 5.02085e-05, 0.000249388, 0.000315912, 1.76626e-05, 2.03433e-05, 

8.73172e-11, 3.22218e-09, 0.0152885, 0.446679, 0.993156, 1.20156, 1.59, 4.57161e-11, 4.59308e-11, 0.0678834, 0.15011, 0.306721, 0.335651, 0.0937545, 9.80766e-09, 3.99745e-08, 1.93126e-07, 2.29221e-07, 0.0641694, 0.282843, 0.0134786, 1.02156e-07, 1.07269e-07, 0.0395728, 0.152292, 0.183894, 0.843573, 1.81356, 1.4581e-07, 2.89668e-07, 3.62279e-07, 1.82716e-06, 1.51198e-05, 5.02085e-05, 0.000249388, 0.000315912, 1.76626e-05, 2.03433e-05, 

8.73172e-11, 3.22218e-09, 0.402566, 0.446679, 0.993156, 1.20156, 0.0474548, 4.57161e-11, 4.58095e-11, 0.0678834, 0.0937545, 0.15011, 0.306721, 0.335651, 9.80766e-09, 3.99745e-08, 1.93126e-07, 0.0134786, 0.0641694, 0.282843, 2.71305, 1.02156e-07, 1.07269e-07, 0.115732, 0.150762, 0.383704, 0.587933, 0.846188, 1.4581e-07, 2.89668e-07, 3.62279e-07, 1.82716e-06, 1.51198e-05, 5.02085e-05, 0.000249388, 0.000315912, 1.76626e-05, 2.03433e-05, 

8.73172e-11, 3.22218e-09, 0.0474548, 0.118565, 0.693173, 1.20156, 0.127241, 4.57161e-11, 4.58095e-11, 0.0678834, 0.15011, 0.306721, 0.335651, 0.277533, 9.80766e-09, 3.99745e-08, 1.93126e-07, 0.0134786, 0.0641694, 0.282843, 0.824301, 9.74544e-08, 1.02156e-07, 0.115732, 0.150762, 0.2705, 0.587933, 1.61317, 1.4581e-07, 2.89668e-07, 3.62279e-07, 1.82716e-06, 1.51198e-05, 5.02085e-05, 0.000249388, 0.000315912, 1.76626e-05, 2.03433e-05, 

8.73172e-11, 3.22218e-09, 0.0474548, 0.118565, 0.127241, 0.693173, 0.677203, 4.57161e-11, 4.58095e-11, 0.15011, 0.277533, 0.306721, 0.335651, 0.169717, 9.80766e-09, 3.99745e-08, 1.93126e-07, 0.00119936, 0.0641694, 0.282843, 0.163716, 9.74544e-08, 1.02156e-07, 0.0152775, 0.150762, 0.2705, 0.587933, 1.95034, 1.4581e-07, 2.89668e-07, 3.62279e-07, 1.82716e-06, 1.51198e-05, 5.02085e-05, 0.000249388, 0.000315912, 1.76626e-05, 2.03433e-05, 

8.73172e-11, 7.64123e-10, 0.0474548, 0.118565, 0.677203, 0.693173, 1.24422, 4.57161e-11, 4.58095e-11, 0.15011, 0.169717, 0.277533, 0.306721, 0.265667, 9.80766e-09, 3.99745e-08, 1.93126e-07, 0.00119936, 0.0641694, 0.163716, 0.282843, 9.74544e-08, 1.02156e-07, 0.0152775, 0.0395021, 0.111725, 0.150762, 0.698099, 1.4581e-07, 2.89668e-07, 3.62279e-07, 1.82716e-06, 1.51198e-05, 5.02085e-05, 0.000249388, 0.000315912, 1.76626e-05, 2.03433e-05, 

8.73172e-11, 7.64123e-10, 0.0474548, 0.118565, 0.238056, 0.677203, 0.693173, 4.57161e-11, 4.57712e-11, 0.0990868, 0.169717, 0.196928, 0.265667, 0.277533, 9.80766e-09, 3.99745e-08, 0.00119936, 0.0641694, 0.163716, 0.282843, 2.02961, 9.36075e-08, 9.74544e-08, 0.0152775, 0.0395021, 0.150762, 0.679521, 0.306036, 1.4581e-07, 2.89668e-07, 3.62279e-07, 1.82716e-06, 1.51198e-05, 5.02085e-05, 0.000249388, 0.000315912, 1.76626e-05, 2.03433e-05, 

8.73172e-11, 7.64123e-10, 0.0474548, 0.238056, 0.677203, 0.693173, 1.67127, 4.57161e-11, 4.57712e-11, 0.0990868, 0.169717, 0.265667, 0.277533, 1.70968, 9.80766e-09, 1.51585e-08, 0.00119936, 0.0641694, 0.163716, 0.231496, 0.282843, 9.36075e-08, 9.74544e-08, 0.0152775, 0.0340357, 0.0395021, 0.150762, 0.160266, 1.4581e-07, 2.89668e-07, 3.62279e-07, 1.82716e-06, 1.51198e-05, 5.02085e-05, 0.000249388, 0.000315912, 1.76626e-05, 2.03433e-05, 

8.73172e-11, 7.64123e-10, 0.0474548, 0.552097, 0.693173, 1.67127, 0.473866, 4.57152e-11, 4.57161e-11, 0.0990868, 0.265667, 0.277533, 1.33361, 1.8801, 9.80766e-09, 1.51585e-08, 0.00119936, 0.0641694, 0.231496, 0.282843, 1.80271, 9.33221e-08, 9.36075e-08, 0.0152775, 0.0340357, 0.0395021, 0.150762, 1.1676, 1.4581e-07, 2.89668e-07, 3.62279e-07, 1.82716e-06, 1.51198e-05, 5.02085e-05, 0.000249388, 0.000315912, 1.76626e-05, 2.03433e-05, 

Best:
(-9.55953e-06, )

Fitness Evaluations:
2710

End Population
(-1.321162e-05), (-3.908301e-05), (6.005018e+00), (3.059552e+01), (-7.527205e+00), (1.480146e+01), (1.974699e+01), (-9.559533e-06), (-9.559631e-06), (6.705472e+00), (-1.823576e+01), (-2.462546e+01), (1.909955e+00), (2.129411e+01), (1.400197e-04), (1.740743e-04), (-4.896943e-02), (-6.610973e+00), (6.958343e+00), (-7.708688e-01), (3.786551e+00), (-4.319154e-04), (-4.325754e-04), (-6.384107e+00), (2.615846e-01), (-1.256941e+01), (-1.848609e+01), (1.425424e+01), (-5.398843e-04), (7.609507e-04), (-8.509972e-04), (-1.911148e-03), (-5.497685e-03), (1.001836e-02), (2.232819e-02), (2.513047e-02), (-5.942032e-03), (-6.377016e-03), 