Iterations: 50
Function Evaluations Limit: 150000
Population: 50

Prides Length: 4

Percent Nomads: 0.2
Percent Roaming: 0.2
Percent Sex: 0.8

Mating Rate: 0.3
Mutation Probability: 0.2
Immigration Rate: 0.4

Percent Group Influence: 0.4
Annealing On: true
Ranked Selection Pressure: 2
Near To Best Random Pressure: 2

Dimensions: 1
N-Dimension Space: -100:100

Fitness Iterations:
0.281239 (Initial Best)

1.42959, 3.52994, 0.439899, 0.281239, 0.448708, 2.28226, 2.71475, 0.481546, 0.313442, 2.24468, 2.14156, 1.87053, 2.53445, 1.26349, 1.97053, 1.99724, 2.555, 1.16487, 0.376286, 1.64797, 1.03649, 2.13716, 2.83199, 2.68065, 1.13502, 2.30203, 2.26138, 1.25888, 2.88725, 3.03419, 2.02258, 3.12001, 1.74642, 2.04231, 2.15552, 0.727769, 1.92872, 1.51547, 0.745584, 2.08858, 0.813292, 2.88868, 3.55017, 1.1848, 1.74426, 1.69078, 3.70638, 1.84001, 2.59358, 2.45663, 

0.0692508, 0.0899458, 0.313442, 0.448708, 0.481546, 2.63768, 1.52803, 1.26349, 0.376286, 0.151719, 0.490085, 0.815073, 1.64797, 1.97053, 2.53445, 2.555, 1.01364, 0.745584, 0.727769, 0.339312, 0.813292, 1.23252, 0.840601, 1.09461, 1.69879, 2.32381, 2.42224, 0.480901, 0.281239, 1.16487, 1.13224, 0.955602, 0.382145, 0.579493, 0.660165, 1.38264, 0.862358, 0.876, 0.439899, 0.223429, 0.200872, 0.496097, 1.03649, 1.1848, 1.52047, 1.69078, 1.74426, 1.89451, 1.66874, 1.76285, 

0.0692508, 0.0899458, 0.151719, 0.313442, 0.448708, 1.52803, 1.1122, 0.764428, 0.439899, 0.177718, 0.0684072, 0.78365, 0.339312, 0.745584, 1.64797, 1.97053, 0.984904, 0.0193973, 0.281239, 0.862358, 0.200872, 0.496097, 0.480901, 0.760948, 1.16487, 0.981277, 0.887722, 1.01364, 0.481546, 0.82964, 0.663832, 0.0410046, 0.223429, 0.579493, 0.61029, 1.24366, 1.93456, 0.382145, 0.0964041, 0.727769, 0.490085, 0.226248, 0.705358, 0.505729, 0.955602, 0.815073, 0.797366, 0.903799, 1.06609, 1.09461, 

0.0692508, 0.0621243, 0.439899, 0.448708, 0.764428, 1.1122, 1.52803, 0.29469, 0.0193973, 0.579493, 0.0684072, 0.457621, 0.281239, 0.984904, 1.64797, 1.97053, 1.42418, 0.151719, 0.339312, 0.0447982, 0.200872, 0.0937854, 0.486197, 0.63241, 0.677908, 0.981277, 0.50576, 0.480901, 0.372732, 0.0973515, 0.0410046, 0.226248, 0.0964041, 0.382145, 0.61029, 1.21655, 0.0255437, 0.481546, 0.158679, 0.223429, 0.0899458, 0.465862, 0.490085, 0.496097, 0.505729, 0.663832, 0.705358, 0.754538, 0.727769, 0.745584, 

0.0228685, 0.012348, 0.0193973, 0.29469, 0.363328, 0.448708, 0.579493, 0.0135827, 0.01818, 0.480901, 0.0621243, 0.268224, 0.281239, 0.339312, 0.984904, 0.562381, 0.530546, 0.186002, 0.0255437, 0.151719, 0.0937854, 0.200872, 0.0973515, 0.50576, 0.981277, 2.01046, 1.46047, 0.382145, 0.0447982, 0.0964041, 0.0410046, 0.0899458, 0.157836, 0.481546, 0.61029, 1.5157, 0.870845, 0.372732, 0.355694, 0.158679, 0.0502926, 0.0684072, 0.226248, 0.109317, 0.301818, 0.465862, 0.490085, 0.495221, 0.486197, 0.49029, 

0.012348, 0.0228685, 0.0135827, 0.01818, 0.29469, 0.363328, 0.579493, 0.339312, 0.480901, 0.281239, 0.0621243, 0.109317, 0.0255437, 0.562381, 0.621003, 2.28758, 0.442941, 0.386712, 0.382145, 0.0927647, 0.0502926, 0.165073, 0.0964041, 0.0973515, 1.46047, 2.01046, 1.79407, 0.186002, 0.0193973, 0.151719, 0.0410046, 0.0899458, 0.157836, 0.158679, 0.355694, 0.481546, 0.870845, 0.0447982, 0.372732, 0.174611, 0.0937854, 0.0684072, 0.173872, 0.125075, 0.181036, 0.226248, 0.301818, 0.381277, 0.486197, 0.49029, 

0.012348, 0.0228685, 0.0135827, 0.281239, 0.339312, 1.42078, 1.02579, 0.355694, 0.0255437, 0.0447982, 0.0621243, 0.0684072, 0.224656, 0.354361, 0.442941, 0.562381, 0.915172, 0.0193973, 0.272228, 0.0729832, 0.0502926, 0.0937854, 0.0973515, 0.151719, 1.46047, 2.01046, 0.0937633, 0.360473, 0.01818, 0.0927647, 0.0410046, 0.0899458, 0.157836, 0.158679, 0.174611, 0.870845, 1.87507, 0.261674, 0.0964041, 0.29469, 0.109317, 0.165073, 0.121554, 0.125075, 0.145046, 0.173872, 0.181036, 0.194481, 0.363328, 0.372732, 

0.012348, 0.0228685, 0.0255437, 0.281239, 0.355694, 1.03958, 1.55097, 0.0135827, 0.157836, 0.29469, 0.0621243, 0.0670684, 0.0729832, 0.224656, 0.354361, 0.562381, 0.688406, 0.0193973, 0.339312, 0.0927647, 0.0502926, 0.000334464, 0.0937633, 0.0973515, 0.151719, 0.259924, 1.46047, 0.200676, 0.01818, 0.0964041, 0.0410046, 0.0899458, 0.174611, 0.261674, 1.27155, 0.106526, 0.573286, 0.158679, 0.272228, 0.0447982, 0.0937854, 0.109317, 0.121554, 0.125075, 0.145046, 0.165073, 0.173872, 0.181036, 0.360473, 0.363328, 

0.000166917, 0.0228685, 0.0135827, 0.157836, 0.191569, 1.55097, 1.90416, 0.24669, 0.174611, 0.224656, 0.0358949, 0.0670684, 0.0193973, 0.0685925, 0.0729832, 0.562381, 1.20508, 0.0964041, 0.01818, 0.259924, 0.000334464, 0.0502926, 0.0937633, 0.0973515, 0.151719, 0.200676, 1.45353, 0.339312, 0.0255437, 0.0706332, 0.0410046, 0.0899458, 0.106526, 0.261674, 0.272228, 0.813845, 3.2624, 0.273596, 0.0447982, 0.158679, 0.012348, 0.0621243, 0.0937854, 0.109317, 0.124878, 0.125075, 0.145046, 0.173872, 0.354361, 0.355694, 

0.000166917, 0.000196301, 0.117797, 0.174611, 0.24669, 1.55097, 1.41723, 0.157836, 0.0193973, 0.191569, 0.0358949, 0.0670684, 0.01818, 0.0729832, 0.0964041, 0.562381, 1.89102, 0.0685925, 0.339312, 0.259924, 0.000334464, 0.0112483, 0.0255437, 0.0937633, 0.0973515, 0.151719, 0.532826, 0.224656, 0.0447982, 0.0135827, 0.0410046, 0.0621243, 0.106526, 0.158679, 0.261674, 0.272228, 0.273596, 0.0975572, 0.200676, 0.0706332, 0.0228685, 0.012348, 0.0899458, 0.0937854, 0.109317, 0.116219, 0.124878, 0.145046, 0.354361, 0.355694, 

0.000166917, 0.000194312, 0.0193973, 0.174611, 0.191569, 0.24669, 1.41723, 0.0685925, 0.259924, 0.157836, 0.012348, 0.0358949, 0.01818, 0.0729832, 0.0964041, 0.996713, 2.1373, 0.151719, 0.261674, 0.106526, 0.000334464, 0.0112483, 0.0135827, 0.0203013, 0.0255437, 0.0447982, 0.532826, 0.158679, 0.354361, 0.117797, 0.0228685, 0.0523937, 0.026044, 0.0706332, 0.0975572, 0.200676, 0.272228, 0.044908, 0.0937633, 0.339312, 0.0212503, 0.0410046, 0.0621243, 0.0882271, 0.0899458, 0.0937854, 0.116219, 0.118893, 0.355694, 0.562381, 

0.000166917, 0.000177075, 0.157836, 0.174611, 1.41723, 0.234248, 1.16431, 0.24669, 0.0135827, 0.0937633, 0.012348, 0.0358949, 0.01818, 0.0964041, 0.106526, 0.151719, 0.261674, 0.158679, 0.191569, 0.187838, 0.000334464, 0.0112483, 0.0255437, 0.0447982, 0.117797, 0.194159, 1.06766, 0.0975572, 0.0685925, 0.0598757, 0.0228685, 0.0523937, 0.026044, 0.044908, 0.0706332, 0.339312, 0.476915, 0.0193973, 0.200676, 0.0203013, 0.0212503, 0.0410046, 0.0621243, 0.0882271, 0.0899458, 0.0937854, 0.116219, 0.118893, 0.259924, 0.272228, 

0.000166917, 0.000177075, 0.0135827, 0.157836, 0.174611, 0.234248, 0.290697, 0.0255437, 0.0937633, 0.0706332, 0.012348, 0.0212503, 0.01818, 0.106526, 0.151719, 0.158679, 0.187838, 0.117797, 0.0975572, 0.0888211, 0.000334464, 0.0112483, 0.0447982, 0.0448273, 0.0685925, 0.194159, 0.894442, 0.0964041, 0.191569, 0.221203, 0.0195988, 0.0230489, 0.0203013, 0.026044, 0.044908, 0.200676, 0.118569, 0.0193973, 0.24669, 0.0211769, 0.0358949, 0.0410046, 0.052116, 0.0523937, 0.0558283, 0.0621243, 0.0740543, 0.0882271, 0.259924, 0.272228, 

0.000166917, 0.000177075, 0.0255437, 0.0706332, 0.157836, 0.174611, 0.290697, 0.044908, 0.01818, 0.0203013, 0.012348, 0.0212503, 0.106526, 0.117797, 0.158679, 0.187838, 1.30474, 0.0685925, 0.0135827, 0.0937633, 0.000334464, 0.0112483, 0.042364, 0.191569, 0.221203, 0.551684, 1.50838, 0.0211769, 0.0437416, 0.0888211, 0.0195988, 0.0230489, 0.0193973, 0.158081, 0.200676, 0.388915, 0.365294, 0.0448273, 0.0447982, 0.026044, 0.0358949, 0.0410046, 0.052116, 0.0523937, 0.0558283, 0.0621243, 0.0740543, 0.0882271, 0.0964041, 0.0975572, 

0.000162863, 0.000166917, 0.0203013, 0.0255437, 0.157836, 0.174611, 1.085, 0.01818, 0.0193973, 0.106526, 0.012348, 0.0212503, 0.0135827, 0.0685925, 0.117797, 0.187838, 0.256543, 0.0448273, 0.0211769, 0.0975572, 0.000334464, 0.000394971, 0.042364, 0.0437416, 0.221203, 0.551684, 1.53766, 0.158081, 0.0888211, 0.0937633, 0.0193085, 0.0211176, 0.026044, 0.0447982, 0.200676, 0.388915, 2.00178, 0.044908, 0.0964041, 0.0706332, 0.0112483, 0.0358949, 0.0410046, 0.0523937, 0.0558283, 0.0621243, 0.0740543, 0.0882271, 0.158679, 0.191569, 

0.000162863, 0.000166917, 0.0255437, 0.106526, 1.085, 0.723403, 1.49295, 0.0443441, 0.117797, 0.0706332, 0.0112483, 0.0212503, 0.0211769, 0.0448273, 0.0975572, 0.187838, 0.844524, 0.01818, 0.0193973, 0.042364, 0.000334464, 0.000394971, 0.0100137, 0.0888211, 0.0937633, 0.551684, 1.53766, 0.0135827, 0.0394845, 0.0685925, 0.0193085, 0.0211176, 0.026044, 0.0447982, 0.0964041, 0.388915, 1.76186, 0.044908, 0.0437416, 0.0203013, 0.012348, 0.0358949, 0.0410046, 0.0523937, 0.0558283, 0.0621243, 0.0740543, 0.0882271, 0.158679, 0.174611, 

0.000159793, 0.000162863, 0.106526, 0.292722, 1.085, 0.15251, 1.83893, 0.0211769, 0.0706332, 0.0437416, 0.0112483, 0.012348, 0.01818, 0.0193973, 0.042364, 0.187838, 0.844524, 0.044908, 0.0135827, 0.0443441, 0.000334464, 0.000394971, 0.0100137, 0.0394845, 0.0937633, 0.551684, 0.633655, 0.0255437, 0.0888211, 0.088897, 0.0193085, 0.0211176, 0.0203013, 0.0447982, 0.0964041, 0.491424, 0.654772, 0.026044, 0.0448273, 0.0685925, 0.01634, 0.0358949, 0.0410046, 0.0523937, 0.0558283, 0.0621243, 0.0740543, 0.0882271, 0.0975572, 0.117797, 

0.000157532, 0.000159793, 0.0211769, 0.292722, 1.085, 1.83893, 1.96052, 0.0937633, 0.026044, 0.044908, 0.0101566, 0.012348, 0.01818, 0.0193973, 0.042364, 0.0443441, 1.47046, 0.0706332, 0.0100137, 0.0964041, 0.000334464, 0.000394971, 0.0255437, 0.0394845, 0.633655, 0.709842, 0.649787, 0.0888211, 0.068119, 0.0437416, 0.000413243, 0.01634, 0.0203013, 0.0447982, 0.0685925, 0.654772, 2.12066, 0.088897, 0.0135827, 0.0448273, 0.0193085, 0.0112483, 0.0211176, 0.0358949, 0.0410046, 0.0510239, 0.0523937, 0.0621243, 0.0975572, 0.106526, 

0.000157532, 0.000159793, 0.026044, 0.044908, 0.292722, 1.67305, 1.83893, 0.0706332, 0.068119, 0.0331425, 0.0017, 0.0112483, 0.01818, 0.0193973, 0.0443441, 0.0487846, 1.47046, 0.00965568, 0.0135827, 0.0975572, 0.000334464, 0.000394971, 0.0394845, 0.0888211, 0.501297, 0.00579928, 1.27509, 0.0255437, 0.0937633, 0.042364, 0.000413243, 0.01634, 0.0203013, 0.0685925, 0.088897, 0.654772, 1.93393, 0.0100137, 0.0447982, 0.0211769, 0.0101566, 0.012348, 0.0193085, 0.0211176, 0.0358949, 0.0410046, 0.0510239, 0.0523937, 0.106526, 0.113641, 

0.000157532, 0.000159793, 0.0331425, 0.044908, 0.0706332, 1.86862, 0.0551534, 0.026044, 0.0211769, 0.0193973, 0.0017, 0.00193667, 0.00965568, 0.01818, 0.0487846, 1.47046, 1.74687, 0.0443441, 0.068119, 0.042364, 0.000299439, 0.000334464, 0.00579928, 0.0255437, 0.0394845, 0.0888211, 0.0937633, 0.088897, 0.0135827, 0.0100137, 0.000413243, 0.012348, 0.0447982, 0.0685925, 0.654772, 1.93393, 2.01261, 0.0975572, 0.0203013, 0.106526, 0.0112483, 0.0101566, 0.01634, 0.0193085, 0.0211176, 0.0358949, 0.0410046, 0.0510239, 0.113641, 

0.000157532, 0.000159793, 0.000139918, 0.0211769, 0.026044, 0.0331425, 0.044908, 0.0017, 0.00193667, 0.00965568, 0.01818, 0.042364, 0.068119, 1.29871, 0.000299439, 0.000334464, 0.0135827, 0.0255437, 0.0394845, 0.0888211, 0.0716825, 0.000413243, 0.0112483, 0.0203013, 0.0447982, 0.0685925, 0.106526, 1.88858, 0.0101566, 0.012348, 0.01634, 0.0193085, 0.0211176, 0.0358949, 0.0410046, 0.0510239, 0.00579928, 0.0100137, 

0.000157532, 0.000148874, 0.000139918, 0.0211769, 0.0331425, 0.044908, 0.000150087, 0.0017, 0.00192227, 0.00965568, 0.01818, 0.042364, 0.068119, 0.74622, 0.000159358, 0.000299439, 0.0135827, 0.0255437, 0.0716825, 0.0888211, 1.68075, 0.000413243, 0.0101566, 0.0203013, 0.0447982, 0.0685925, 1.88858, 1.70197, 0.000290291, 0.0112483, 0.012348, 0.01634, 0.0193085, 0.0211176, 0.0358949, 0.0410046, 0.00579928, 0.0100137, 

0.000148874, 0.000151486, 0.000139918, 0.000150087, 0.0211769, 0.0331425, 0.203629, 0.0017, 0.00192227, 0.01818, 0.042364, 0.068119, 0.115257, 0.0988453, 0.000159358, 0.000299439, 0.0135827, 0.0255437, 0.0716825, 1.68075, 1.66884, 0.000290291, 0.0101566, 0.0203013, 0.0447982, 1.15944, 1.35786, 1.44207, 0.000413243, 0.0112483, 0.012348, 0.01634, 0.0193085, 0.0211176, 0.0346697, 0.0358949, 0.00579928, 0.00965568, 

0.000129082, 0.000148874, 0.000139918, 0.000150087, 0.0211769, 0.203629, 0.0288844, 0.0017, 0.00192227, 0.01818, 0.042364, 0.068119, 0.0988453, 1.59644, 0.000159358, 0.000299439, 0.0135827, 0.0716825, 1.19289, 1.66884, 1.81893, 0.000290291, 0.000413243, 0.000417395, 0.0447982, 1.35786, 1.44207, 1.38438, 0.0101566, 0.0112483, 0.012348, 0.0135347, 0.01634, 0.0179681, 0.0193085, 0.0346697, 0.00579928, 0.00965568, 

0.000129082, 0.000130888, 0.000150087, 0.0211769, 0.0288844, 0.203629, 1.21491, 0.0017, 0.00192227, 0.01818, 0.068119, 0.0988453, 1.59644, 2.13724, 0.000159358, 0.000299439, 0.0135827, 0.528653, 1.19289, 1.66884, 1.43964, 3.35385e-06, 0.00038317, 0.000417395, 0.0447982, 1.38438, 1.44207, 0.115248, 0.0101566, 0.0112483, 0.012348, 0.0135347, 0.01634, 0.0179681, 0.0193085, 0.0346697, 0.000139918, 0.00579928, 

0.000129082, 0.000130888, 0.000150087, 0.0211769, 0.0288844, 0.203629, 0.164229, 0.00038317, 0.0017, 0.01818, 0.0988453, 1.59644, 1.67022, 1.23783, 6.6816e-05, 0.000159358, 0.0135827, 1.19289, 1.43964, 1.66884, 0.089483, 3.35385e-06, 2.38156e-05, 0.000417395, 0.0447982, 0.310084, 1.38438, 3.28987e-05, 0.00161908, 0.00915929, 0.0101566, 0.0112483, 0.012348, 0.01634, 0.0179681, 0.0193085, 0.000139918, 0.00579928, 

0.000128048, 0.000129082, 0.000150087, 0.0211769, 0.0288844, 0.203629, 1.82843, 0.00038317, 0.00161908, 0.01818, 0.0988453, 1.59644, 1.67022, 1.11184, 6.6816e-05, 0.000159358, 0.0135827, 0.089483, 0.210666, 1.19289, 1.66884, 3.35385e-06, 2.38156e-05, 3.28987e-05, 6.4553e-05, 0.0447982, 1.38438, 0.767405, 0.0017, 0.00915929, 0.0101566, 0.0112483, 0.012348, 0.01634, 0.0179681, 0.0193085, 0.000139918, 0.00579928, 

0.000127188, 0.000128048, 0.000150087, 0.0211769, 0.0288844, 0.203629, 0.183186, 0.00038317, 0.00161908, 0.0988453, 0.401693, 0.484711, 1.11184, 0.563354, 6.6816e-05, 0.000159358, 0.0135827, 0.089483, 0.210666, 1.19289, 3.04266, 3.35385e-06, 7.75707e-06, 2.17287e-05, 3.28987e-05, 0.767405, 1.38438, 2.01667e-09, 1.61971e-05, 0.0017, 0.00915929, 0.0101566, 0.0112483, 0.012348, 0.01634, 0.0179681, 0.000139918, 0.00579928, 

0.000127149, 0.000127188, 0.0211769, 0.0288844, 0.0466058, 0.203629, 0.872233, 0.00038317, 0.00161908, 0.0988453, 0.484711, 0.563354, 0.956404, 1.25442, 1.61971e-05, 6.6816e-05, 0.0135827, 0.210666, 1.19289, 1.47229, 2.01105, 1.30085e-06, 2.22015e-06, 2.17287e-05, 3.28987e-05, 0.767405, 1.38438, 0.725756, 2.66387e-05, 0.0017, 0.00915929, 0.0101566, 0.0112483, 0.012348, 0.01634, 0.0179681, 0.000139918, 0.00579928, 

0.000127149, 0.000127188, 0.0211769, 0.0288844, 0.0466058, 0.872233, 1.99362, 2.66387e-05, 0.000790991, 0.0988453, 0.563354, 0.956404, 1.25442, 1.85724, 5.4972e-07, 1.61971e-05, 0.0135827, 0.210666, 0.672776, 1.47229, 2.11958, 1.30085e-06, 2.22015e-06, 2.17287e-05, 3.28987e-05, 0.725756, 0.767405, 1.22743, 0.00038317, 0.0017, 0.00915929, 0.0101566, 0.0112483, 0.012348, 0.01634, 0.0179681, 0.000139918, 0.00579928, 

0.000127149, 0.000127188, 0.0211769, 0.0311433, 0.0466058, 0.872233, 1.58488, 2.66387e-05, 3.80413e-05, 0.0988453, 0.563354, 0.956404, 1.25442, 1.85724, 5.4972e-07, 6.11298e-06, 0.0135827, 0.210666, 0.589417, 1.47229, 2.11958, 1.30085e-06, 2.22015e-06, 2.17287e-05, 3.28987e-05, 0.725756, 1.22743, 1.85945, 0.00038317, 0.0017, 0.00915929, 0.0101566, 0.0112483, 0.012348, 0.01634, 0.0179681, 0.000139918, 0.00579928, 

0.000127149, 0.000127177, 0.0211769, 0.0311433, 0.0466058, 0.872233, 0.167041, 2.29232e-08, 3.80413e-05, 0.0988453, 0.563354, 0.956404, 1.25442, 1.99902, 5.4972e-07, 6.11298e-06, 0.0135827, 0.210666, 1.47229, 2.11958, 0.1639, 1.30085e-06, 2.22015e-06, 2.17287e-05, 3.28987e-05, 0.235641, 1.22743, 1.36236, 2.66387e-05, 0.0017, 0.00915929, 0.0101566, 0.0112483, 0.012348, 0.01634, 0.0179681, 0.000139918, 0.00579928, 

2.66387e-05, 0.000127149, 0.0211769, 0.0311433, 0.167041, 0.872233, 0.342877, 2.29232e-08, 3.51846e-07, 0.0988453, 0.259924, 1.25442, 1.99902, 0.958024, 7.01644e-08, 5.4972e-07, 0.0135827, 0.0465322, 0.210666, 2.11958, 0.0112503, 1.30085e-06, 2.22015e-06, 2.17287e-05, 3.28987e-05, 1.22743, 1.36236, 1.21423, 0.000127141, 0.0017, 0.00915929, 0.0101566, 0.0112483, 0.012348, 0.01634, 0.0179681, 0.000139918, 0.00579928, 

2.66387e-05, 0.000127141, 0.0211769, 0.0311433, 0.342877, 0.872233, 1.97328, 2.29232e-08, 3.51846e-07, 0.0105348, 0.259924, 0.563975, 1.25442, 0.525831, 7.01644e-08, 5.0576e-07, 0.0112503, 0.0135827, 0.0465322, 0.140551, 1.52529, 4.69641e-07, 1.30085e-06, 2.17287e-05, 3.28987e-05, 0.0145913, 0.697421, 1.4128, 0.000127149, 0.0017, 0.00915929, 0.0101566, 0.0112483, 0.012348, 0.01634, 0.0179681, 0.000139918, 0.00579928, 

2.66387e-05, 0.000127141, 0.0211769, 0.0311433, 0.342877, 0.872233, 1.29375, 2.29232e-08, 3.51846e-07, 0.0105348, 0.259924, 0.525831, 1.25442, 1.40521, 7.01644e-08, 5.0576e-07, 0.0112503, 0.0135827, 0.0400549, 0.0465322, 0.311356, 4.69641e-07, 1.30085e-06, 2.17287e-05, 0.0145913, 0.49563, 0.697421, 0.581372, 0.000127149, 0.0017, 0.00915929, 0.0101566, 0.0112483, 0.012348, 0.01634, 0.0179681, 3.28987e-05, 0.000139918, 

1.09732e-05, 0.000127141, 0.0211769, 0.0311433, 0.455149, 1.29375, 0.624463, 2.29232e-08, 3.02776e-08, 0.0105348, 0.156531, 0.217791, 1.25442, 1.40521, 7.01644e-08, 5.0576e-07, 0.000902019, 0.0135827, 0.0400549, 0.311356, 1.10707, 2.79346e-08, 4.69641e-07, 2.17287e-05, 0.0145913, 0.581372, 0.697421, 0.268599, 2.66387e-05, 0.000127149, 0.0017, 0.00915929, 0.0101566, 0.0112483, 0.012348, 0.01634, 3.28987e-05, 0.000139918, 

1.09732e-05, 0.000127141, 0.0211769, 0.455149, 0.624463, 1.29375, 1.92612, 2.29232e-08, 3.02776e-08, 0.156531, 0.217791, 1.25442, 1.40521, 1.91747, 7.01644e-08, 5.0576e-07, 0.000902019, 0.0135827, 0.0400549, 0.311356, 0.00483005, 2.79346e-08, 4.69641e-07, 2.17287e-05, 0.0145913, 0.581372, 0.697421, 1.7648, 2.66387e-05, 0.000127149, 0.0017, 0.00915929, 0.0101566, 0.0112483, 0.012348, 0.01634, 3.28987e-05, 0.000139918, 

1.09732e-05, 0.00011245, 0.0211769, 0.316653, 0.455149, 1.92612, 1.14116, 2.29232e-08, 3.02776e-08, 0.137423, 0.156531, 0.217791, 1.40521, 0.0390279, 7.01644e-08, 5.0576e-07, 0.000902019, 0.00483005, 0.0135827, 0.0386383, 0.154317, 2.79346e-08, 1.05455e-07, 2.17287e-05, 0.0145913, 0.581372, 0.697421, 1.7648, 2.66387e-05, 0.000127149, 0.0017, 0.00915929, 0.0101566, 0.0112483, 0.012348, 0.01634, 3.28987e-05, 0.000139918, 

1.09732e-05, 1.79513e-05, 0.316653, 0.455149, 1.14116, 1.92612, 2.02041, 2.29232e-08, 3.02776e-08, 0.0390279, 0.137423, 0.156531, 0.217791, 1.40521, 7.01644e-08, 5.0576e-07, 0.000902019, 0.0135827, 0.0353756, 0.0386383, 0.10974, 2.79346e-08, 8.37021e-08, 0.0145913, 0.234052, 0.635664, 1.7648, 2.34873, 2.66387e-05, 0.000127149, 0.0017, 0.00915929, 0.0101566, 0.0112483, 0.012348, 0.01634, 3.28987e-05, 0.000139918, 

1.09732e-05, 1.79513e-05, 0.316653, 0.391057, 1.90272, 1.92612, 1.70767, 1.42364e-08, 3.02776e-08, 0.0390279, 0.137423, 0.156531, 0.217791, 1.39991, 7.01644e-08, 3.28467e-07, 0.000902019, 0.0135827, 0.0353756, 0.0386383, 0.10974, 2.79346e-08, 8.37021e-08, 6.56735e-05, 0.234052, 1.7648, 2.34873, 0.827366, 2.66387e-05, 0.000127149, 0.0017, 0.00915929, 0.0101566, 0.0112483, 0.012348, 0.01634, 3.28987e-05, 0.000139918, 

1.09732e-05, 1.79513e-05, 0.0651759, 0.316653, 0.391057, 1.50002, 1.86726, 1.42364e-08, 3.02776e-08, 0.0390279, 0.137423, 0.156531, 0.217791, 1.93489, 7.01644e-08, 3.28467e-07, 0.000902019, 0.0135827, 0.0353756, 0.0386383, 0.10974, 2.79346e-08, 8.37021e-08, 4.72112e-06, 0.234052, 0.827366, 1.0235, 1.77328e-06, 2.66387e-05, 0.000127149, 0.0017, 0.00915929, 0.0101566, 0.0112483, 0.012348, 0.01634, 3.28987e-05, 0.000139918, 

7.74717e-06, 1.79513e-05, 0.0648959, 0.0651759, 0.316653, 1.50002, 1.72936, 1.94954e-09, 1.42364e-08, 0.137423, 0.156531, 0.217791, 1.93489, 0.519891, 7.01644e-08, 3.28467e-07, 0.000902019, 0.0353756, 0.0386383, 0.10974, 1.54084, 2.79346e-08, 8.37021e-08, 1.77328e-06, 0.234052, 0.827366, 1.0235, 0.698008, 2.66387e-05, 0.000127149, 0.0017, 0.00915929, 0.0101566, 0.0112483, 0.012348, 0.01634, 3.28987e-05, 0.000139918, 

6.93957e-06, 7.74717e-06, 0.0648959, 0.316653, 0.472531, 1.72936, 0.201554, 1.94954e-09, 9.11054e-09, 0.137423, 0.156531, 0.519891, 1.93489, 1.53472, 7.01644e-08, 3.28467e-07, 0.000902019, 0.0353756, 0.0386383, 0.10974, 0.993271, 8.37533e-09, 2.79346e-08, 1.77328e-06, 0.4128, 0.698008, 1.0235, 2.65106, 2.66387e-05, 0.000127149, 0.0017, 0.00915929, 0.0101566, 0.0112483, 0.012348, 0.01634, 3.28987e-05, 0.000139918, 

6.93957e-06, 7.74717e-06, 0.0648959, 0.201554, 0.316653, 0.472531, 1.72936, 1.94954e-09, 9.11054e-09, 0.137423, 0.156531, 0.519891, 1.93489, 1.02468, 7.01644e-08, 3.28467e-07, 0.000902019, 0.0353756, 0.0386383, 0.993271, 1.96707, 8.37533e-09, 2.79346e-08, 1.77328e-06, 0.698008, 1.0235, 2.65106, 0.697055, 2.66387e-05, 0.000127149, 0.0017, 0.00915929, 0.0101566, 0.0112483, 0.012348, 0.01634, 3.28987e-05, 0.000139918, 

6.93957e-06, 7.33253e-06, 0.0648959, 0.201554, 0.316653, 1.72936, 0.283632, 1.94954e-09, 9.11054e-09, 0.137423, 0.156531, 0.519891, 0.901132, 1.93489, 7.01644e-08, 3.28467e-07, 0.000902019, 0.0353756, 0.0386383, 0.993271, 1.56312, 8.37533e-09, 2.79346e-08, 1.77328e-06, 0.697055, 0.698008, 1.33463, 0.263483, 2.66387e-05, 0.000127149, 0.0017, 0.00915929, 0.0101566, 0.0112483, 0.012348, 0.01634, 3.28987e-05, 0.000139918, 

6.93957e-06, 7.33253e-06, 0.0648959, 0.096613, 0.283632, 0.316653, 1.93853, 1.89553e-09, 1.94954e-09, 0.137423, 0.156531, 0.901132, 1.93489, 0.565656, 7.01644e-08, 3.28467e-07, 0.000902019, 0.0353756, 0.0386383, 1.56312, 0.232596, 8.37533e-09, 2.79346e-08, 0.263483, 0.697055, 0.698008, 1.33463, 1.09009, 2.66387e-05, 0.000127149, 0.0017, 0.00915929, 0.0101566, 0.0112483, 0.012348, 0.01634, 3.28987e-05, 0.000139918, 

6.93957e-06, 7.33253e-06, 0.0648959, 0.283632, 0.316653, 1.93853, 0.877787, 1.85956e-09, 1.89553e-09, 0.137423, 0.156531, 0.565656, 0.901132, 0.698633, 2.54885e-09, 7.01644e-08, 0.0353756, 0.0386383, 0.232596, 1.56312, 1.86463, 8.37533e-09, 2.79346e-08, 0.0444078, 0.263483, 0.697055, 1.09009, 1.33463, 2.66387e-05, 0.000127149, 0.0017, 0.00915929, 0.0101566, 0.0112483, 0.012348, 0.01634, 3.28987e-05, 0.000139918, 

6.93957e-06, 7.33253e-06, 0.0648959, 0.283632, 0.316653, 0.381903, 1.04666, 1.85315e-09, 1.85956e-09, 0.137423, 0.156531, 0.24741, 0.698633, 2.23849, 2.54885e-09, 7.01644e-08, 0.0353756, 0.232596, 1.38592, 1.86463, 1.62028, 8.37533e-09, 2.79346e-08, 0.00037668, 0.0444078, 0.263483, 0.697055, 1.85035, 2.66387e-05, 0.000127149, 0.0017, 0.00915929, 0.0101566, 0.0112483, 0.012348, 0.01634, 3.28987e-05, 0.000139918, 

6.93957e-06, 7.33253e-06, 0.0621305, 0.283632, 0.316653, 0.381903, 1.82779, 1.85315e-09, 1.85956e-09, 0.137423, 0.156531, 0.698633, 1.58849, 0.68519, 2.54885e-09, 7.01644e-08, 0.0353756, 0.232596, 1.38592, 1.62028, 0.00926428, 8.37533e-09, 1.92126e-08, 0.000227202, 0.0444078, 0.0708426, 0.697055, 1.85035, 2.66387e-05, 0.000127149, 0.0017, 0.00915929, 0.0101566, 0.0112483, 0.012348, 0.01634, 3.28987e-05, 0.000139918, 

6.93957e-06, 7.33253e-06, 0.0621305, 0.283632, 0.316653, 1.72237, 1.61327, 1.85315e-09, 1.85956e-09, 0.137423, 0.156531, 0.68519, 0.698633, 1.58849, 2.54885e-09, 1.01434e-08, 0.00926428, 0.0353756, 0.0757359, 1.62028, 1.27537, 8.37533e-09, 1.24288e-08, 0.0444078, 0.0509034, 0.697055, 0.753449, 2.14886, 2.66387e-05, 0.000127149, 0.0017, 0.00915929, 0.0101566, 0.0102084, 0.012348, 0.01634, 3.28987e-05, 0.000139918, 

6.93957e-06, 7.33253e-06, 0.043772, 0.0621305, 0.316653, 1.31803, 1.4885, 1.85315e-09, 1.85956e-09, 0.137423, 0.156531, 0.163508, 0.698633, 1.58849, 2.54885e-09, 1.01434e-08, 0.00926428, 0.0100399, 0.022005, 1.47807, 1.92275, 5.9178e-09, 8.37533e-09, 0.0225937, 0.0444078, 0.0509034, 0.753449, 2.14886, 2.66387e-05, 0.000127149, 0.0017, 0.00915929, 0.0101566, 0.0102084, 0.012348, 0.01634, 3.28987e-05, 0.000139918, 

Best:
(-6.08642e-05, )

Fitness Evaluations:
2718

End Population
(-3.724544e-03), (-3.828543e-03), (-6.018921e+00), (3.542674e-01), (1.952779e+01), (-5.148443e+01), (-2.701458e+01), (-6.086422e-05), (-6.096931e-05), (5.303151e-01), (1.304845e+01), (6.841417e+00), (2.402385e+01), (2.946456e+01), (-7.138038e-05), (-1.423963e-04), (-1.361908e-01), (-1.417865e-01), (6.124091e+00), (1.052841e+01), (2.741115e+00), (-1.087644e-04), (-1.293920e-04), (-6.120346e+00), (-1.246057e+01), (-3.203597e-01), (3.034204e+01), (-8.724824e+01), (-7.297323e-03), (-1.594288e-02), (-5.830320e-02), (-1.354157e-01), (6.255887e+00), (1.429735e-01), (6.350514e+00), (6.393873e+00), (8.109557e-03), (-1.672429e-02), 