Iterations: 50
Function Evaluations Limit: 150000
Population: 50

Prides Length: 4

Percent Nomads: 0.2
Percent Roaming: 0.2
Percent Sex: 0.8

Mating Rate: 0.3
Mutation Probability: 0.2
Immigration Rate: 0.4

Percent Group Influence: 0.4
Annealing On: true
Ranked Selection Pressure: 2
Near To Best Random Pressure: 2

Dimensions: 1
N-Dimension Space: -100:100

Fitness Iterations:
0.0698874 (Initial Best)

0.49532, 2.61543, 0.332784, 0.591832, 1.21203, 0.13416, 0.347277, 0.85885, 2.00623, 1.19197, 4.3419, 1.1549, 1.71797, 1.79209, 2.01884, 1.20659, 1.1938, 1.98288, 2.48941, 1.61368, 2.80732, 1.03186, 2.47716, 0.236515, 1.48939, 1.54568, 0.547285, 0.393774, 1.69025, 0.739162, 2.35313, 2.80075, 2.04573, 2.03472, 1.72407, 0.523889, 2.29863, 0.257612, 1.4331, 0.0698874, 1.07744, 2.20201, 1.20064, 1.04355, 1.26604, 1.81506, 2.08886, 2.38692, 1.31667, 2.87543, 

0.464474, 0.53479, 0.13416, 0.179678, 0.332784, 1.19197, 1.21203, 0.500383, 0.682149, 0.25821, 0.254762, 0.0043026, 0.333646, 0.551047, 1.1938, 1.71797, 1.73786, 0.85885, 0.0698874, 0.367843, 0.302919, 1.03186, 0.236515, 0.393774, 0.739162, 1.48939, 2.47716, 1.4331, 0.591832, 0.819573, 0.0839307, 0.886224, 0.257612, 0.416018, 1.11261, 1.72407, 2.04573, 0.640906, 1.54568, 1.41963, 0.0888805, 0.49532, 1.07364, 1.04355, 1.07744, 1.14876, 1.20064, 1.81506, 1.58597, 1.61368, 

0.20801, 0.0452076, 0.13416, 0.179678, 1.21203, 0.0967132, 1.48649, 0.367843, 0.739162, 0.682149, 0.00393698, 0.254762, 0.0698874, 0.149671, 0.679418, 0.695857, 2.01003, 0.591832, 0.257612, 0.332784, 0.302919, 0.312814, 0.159198, 0.236515, 0.641451, 1.311, 0.921749, 0.416018, 0.551047, 0.25821, 0.0839307, 0.0888805, 0.1554, 0.262102, 1.54568, 0.252769, 1.77895, 0.500383, 0.393774, 0.622819, 0.0043026, 0.0395379, 0.886224, 0.277715, 0.857393, 0.49532, 0.681442, 0.778381, 1.19197, 1.25146, 

0.0395379, 0.20801, 0.13416, 0.367843, 0.588224, 1.21203, 2.00197, 0.536134, 0.0698874, 0.00452932, 0.00393698, 0.0043026, 0.149671, 0.257612, 0.332784, 0.523252, 0.695857, 0.179678, 0.641451, 0.252769, 0.228873, 0.260152, 0.159198, 0.236515, 0.25821, 0.416018, 0.538436, 0.0967132, 0.551047, 0.262102, 0.0663041, 0.0888805, 0.393774, 0.500383, 0.622819, 1.54568, 0.288319, 0.1554, 0.679418, 0.739162, 0.254762, 0.0452076, 0.208682, 0.277715, 0.302919, 0.394953, 0.49532, 0.681442, 0.790119, 0.986849, 

0.0395379, 0.0452076, 0.159629, 0.321981, 0.367843, 1.21203, 1.778, 0.523252, 0.500383, 0.00394306, 0.00393698, 0.0043026, 0.179678, 0.195617, 0.252769, 0.332784, 1.20071, 0.430683, 0.394803, 0.149671, 0.00431173, 0.260152, 0.159198, 0.236515, 0.262102, 0.538436, 0.551047, 0.25821, 0.13416, 0.416018, 0.0663041, 0.0888805, 0.1554, 0.288319, 0.393774, 0.622819, 1.54568, 0.0698874, 0.00452932, 0.0967132, 0.228873, 0.20801, 0.208682, 0.254762, 0.277715, 0.295133, 0.302919, 0.394953, 0.598694, 0.641451, 

0.0196818, 0.0452076, 0.00394306, 0.367843, 0.523252, 1.21203, 1.76918, 0.159629, 0.16295, 0.195617, 0.00393698, 0.0043026, 0.252769, 0.332784, 0.394803, 1.20071, 0.735491, 0.149671, 0.321981, 0.00452932, 0.00431173, 0.113014, 0.13416, 0.236515, 0.25821, 0.416018, 1.47719, 0.159198, 0.179678, 0.351847, 0.0663041, 0.0888805, 0.0698874, 0.1554, 0.393774, 0.622819, 1.12106, 0.288319, 0.262102, 0.0967132, 0.00484171, 0.0395379, 0.138819, 0.166983, 0.200245, 0.20801, 0.208682, 0.254762, 0.500383, 0.527284, 

0.0121235, 0.0395379, 0.16295, 0.195617, 0.367843, 0.925006, 0.941155, 0.394803, 0.321981, 0.00394306, 0.00393698, 0.0043026, 0.0235318, 0.252769, 0.735491, 1.20071, 2.19992, 0.00452932, 0.219761, 0.25821, 0.00431173, 0.0148618, 0.157965, 0.159198, 0.351847, 2.02064, 0.0991122, 0.159629, 0.0967132, 0.13416, 0.0663041, 0.0888805, 0.1554, 0.262102, 0.288319, 0.393774, 0.622819, 0.0698874, 0.236515, 0.00917273, 0.00484171, 0.0355663, 0.0452076, 0.107483, 0.113014, 0.138819, 0.166983, 0.200245, 0.416018, 0.458102, 

0.00484171, 0.0395379, 0.00394306, 0.16295, 0.321981, 0.925006, 1.29555, 0.351847, 0.0991122, 0.00917273, 0.00382754, 0.00393698, 0.16173, 0.25821, 1.20071, 2.19992, 1.27604, 0.252769, 0.186943, 0.103778, 0.00431173, 0.0148618, 0.0967132, 0.157965, 0.159629, 2.02064, 2.41619, 0.0235318, 0.236515, 0.232457, 0.0663041, 0.0888805, 0.0698874, 0.1554, 0.262102, 0.622819, 2.0638, 0.13416, 0.195617, 0.00452932, 0.0121235, 0.0355663, 0.0452076, 0.107483, 0.113014, 0.138819, 0.154041, 0.166983, 0.367843, 0.393774, 

0.00484171, 0.0121235, 0.00394306, 0.00917273, 0.0991122, 0.925006, 1.29555, 0.0967132, 0.252769, 0.16295, 0.00382754, 0.0039338, 0.103778, 0.16173, 0.186943, 0.25821, 1.27604, 0.367843, 0.159629, 0.321981, 0.00431173, 0.0148618, 0.157965, 0.232457, 0.236515, 0.313791, 0.661687, 0.351847, 0.393774, 0.195617, 0.0663041, 0.0888805, 4.10559e-06, 0.00452932, 0.0698874, 0.262102, 0.622819, 0.0851441, 0.0235318, 0.1554, 0.0395379, 0.0355663, 0.0452076, 0.107483, 0.113014, 0.138819, 0.154041, 0.158377, 0.440109, 0.874905, 

0.00356044, 0.00547987, 0.00394306, 0.00917273, 0.0991122, 0.252769, 1.53034, 0.16295, 0.36844, 0.0967132, 0.00382754, 0.0039338, 0.103778, 0.159629, 0.16173, 0.186943, 1.27604, 0.125204, 0.262102, 0.25821, 0.00431173, 0.0148618, 0.157965, 0.195617, 0.232457, 0.313791, 0.186086, 0.236515, 0.321981, 0.0851441, 0.0452076, 0.0766456, 4.10559e-06, 0.00452932, 0.0235318, 0.1554, 0.622819, 0.351847, 0.367843, 0.0698874, 0.0345802, 0.0355663, 0.0395379, 0.0663041, 0.0888805, 0.113014, 0.138819, 0.154041, 0.393774, 0.411265, 

0.00356044, 0.00465156, 0.0967132, 0.0991122, 0.16295, 1.53034, 0.818852, 0.16173, 0.0962141, 0.103778, 0.00382754, 0.0039338, 0.125204, 0.25821, 0.262102, 1.27604, 1.92257, 0.186943, 0.00917273, 0.00452932, 0.000757257, 0.00431173, 0.157965, 0.195617, 0.232457, 0.321981, 0.577608, 0.0698874, 0.0851441, 0.159629, 0.0345802, 0.0766456, 4.10559e-06, 0.1554, 0.351847, 0.367843, 0.622819, 0.00394306, 0.186086, 0.0235318, 0.0452076, 0.0355663, 0.0395379, 0.0663041, 0.0888805, 0.113014, 0.138819, 0.147422, 0.236515, 0.252769, 

0.00356044, 0.00465156, 0.0991122, 0.16173, 0.818852, 1.53034, 1.86082, 0.0967132, 0.16295, 0.00452932, 0.00382754, 0.0039005, 0.186943, 0.262102, 1.27604, 1.92257, 1.99239, 0.157965, 0.00394306, 0.0235318, 0.000757257, 0.00431173, 0.0698874, 0.0851441, 0.195617, 0.577608, 0.0744264, 0.00917273, 4.10559e-06, 0.0962141, 0.0345802, 0.0452076, 0.1554, 0.186086, 0.351847, 0.367843, 2.85505, 0.159629, 0.125204, 0.103778, 0.0355663, 0.0395379, 0.0766456, 0.0663041, 0.0888805, 0.0901037, 0.113014, 0.138819, 0.232457, 0.236515, 

0.00314974, 0.00454199, 0.0967132, 0.114906, 1.53034, 0.525065, 1.40567, 0.186943, 0.00394306, 0.0991122, 0.00382396, 0.00382754, 0.0235318, 1.27604, 1.92257, 1.24762, 1.29832, 0.0744264, 0.125204, 0.16173, 0.000757257, 0.00098459, 0.00917273, 0.0698874, 0.0851441, 0.0962141, 0.178125, 0.00452932, 4.10559e-06, 0.232457, 0.0183401, 0.0355663, 0.103778, 0.1554, 0.159629, 0.186086, 1.90939, 0.195617, 0.157965, 0.16295, 0.00356044, 0.0452076, 0.0395379, 0.0663041, 0.0724967, 0.0766456, 0.113014, 0.138819, 0.236515, 0.262102, 

0.00314974, 0.00338959, 0.00394306, 0.0885604, 0.186943, 1.53034, 1.31734, 0.178125, 0.114906, 0.103778, 0.00356044, 0.00382754, 0.0235318, 0.0744264, 1.27604, 1.29832, 1.92257, 0.0851441, 0.16173, 0.157965, 0.000757257, 0.00098459, 4.10559e-06, 0.00917273, 0.0698874, 0.232457, 2.02352, 0.0962141, 0.066047, 0.0967132, 0.0183401, 0.0355663, 0.1554, 0.159629, 0.186086, 0.195617, 1.90939, 0.125204, 0.16295, 0.00452932, 0.00382396, 0.0395379, 0.0452076, 0.0663041, 0.0724967, 0.0766456, 0.113014, 0.138819, 0.236515, 0.262102, 

0.00314974, 0.00338959, 0.00394306, 0.0885604, 0.186943, 0.919662, 0.501381, 0.0235318, 0.0846948, 0.178125, 0.00356044, 0.00382754, 0.0744264, 0.0851441, 1.27604, 1.29832, 4.04884, 0.157965, 0.16173, 0.00452932, 0.000757257, 0.00098459, 4.10559e-06, 0.00917273, 0.066047, 0.0962141, 0.876087, 0.0967132, 0.16295, 0.138176, 0.0183401, 0.0265337, 0.125204, 0.1554, 0.159629, 0.195617, 0.178687, 0.103778, 0.114906, 0.0698874, 0.00382396, 0.00399935, 0.0395379, 0.0452076, 0.0663041, 0.0724967, 0.0766456, 0.113014, 0.186086, 0.232457, 

0.000757257, 0.00338959, 0.0846948, 0.186943, 0.501381, 0.919662, 0.0651576, 0.0693553, 0.00394306, 0.0885604, 0.0033551, 0.00356044, 0.0851441, 0.16173, 1.27604, 2.63768, 2.40936, 4.10559e-06, 0.066047, 0.00917273, 0.00014357, 2.08228e-05, 0.0962141, 0.138176, 0.876087, 2.90821e-05, 0.480675, 0.00452932, 0.0744264, 0.0268708, 0.0183401, 0.0265337, 0.0698874, 0.114906, 0.159629, 0.178687, 0.195617, 0.0235318, 0.0967132, 0.103778, 0.00314974, 0.00382396, 0.00399935, 0.0395379, 0.0452076, 0.0663041, 0.0724967, 0.0766456, 0.125204, 0.139263, 

0.000757257, 0.00338959, 0.0651576, 0.0885604, 0.186943, 0.919662, 0.039626, 0.0744264, 0.0268708, 0.0693553, 6.38525e-05, 0.00182331, 0.00917273, 0.0562446, 0.698404, 1.27572, 3.17396, 4.10559e-06, 0.0235318, 0.00452932, 1.6878e-05, 2.08228e-05, 2.90821e-05, 0.138176, 0.231738, 0.876087, 0.419159, 0.0962141, 0.00394306, 0.066047, 0.00314974, 0.00399935, 0.0172309, 0.0967132, 0.103778, 0.195617, 0.639568, 0.0883806, 0.103918, 0.0846948, 0.0102903, 0.00382396, 0.0183401, 0.0395379, 0.0432605, 0.0452076, 0.0663041, 0.0698532, 0.114906, 0.125204, 

0.000757257, 0.00338959, 0.0268708, 0.0651576, 0.0744264, 0.0885604, 0.186943, 0.00999118, 0.0693553, 4.10559e-06, 4.39211e-05, 6.38525e-05, 0.00452932, 0.0235318, 1.27572, 1.9317, 0.00160627, 0.103778, 0.0962141, 0.0562446, 1.6878e-05, 2.08228e-05, 0.00394306, 0.066047, 0.231738, 0.419159, 0.829531, 2.90821e-05, 0.0846948, 0.114906, 0.00314974, 0.00399935, 0.0160174, 0.0394595, 0.0967132, 0.195617, 0.639568, 0.0442447, 0.039626, 0.00917273, 0.00119364, 0.00382396, 0.0102903, 0.0183401, 0.0395379, 0.0432605, 0.0452076, 0.0523218, 0.125204, 0.138176, 

0.000110669, 0.00179514, 4.10559e-06, 0.00999118, 0.0268708, 0.0885604, 1.28603, 0.0562446, 2.90821e-05, 0.12771, 4.39211e-05, 6.38525e-05, 0.00452932, 0.0282056, 0.0962141, 1.9317, 1.50384, 0.0693553, 1.34202e-05, 0.00160627, 1.6878e-05, 2.08228e-05, 0.00394306, 0.0183039, 0.066047, 0.419159, 1.07303, 0.0967132, 0.0235318, 0.0744264, 3.81319e-06, 0.00119364, 3.80288e-05, 0.0160174, 0.0394595, 0.039626, 0.195617, 0.125204, 0.00917273, 0.0846948, 0.00314974, 0.00382396, 0.0102903, 0.0183401, 0.0395379, 0.0432605, 0.0452076, 0.0523218, 0.138176, 0.186943, 

5.24301e-05, 0.00099024, 0.0268708, 0.0562446, 0.0885604, 0.12771, 1.19539, 0.00917273, 0.01972, 0.0744264, 4.39211e-05, 6.38525e-05, 1.34202e-05, 0.00452932, 0.0282056, 0.0693553, 1.34904, 0.00160627, 2.90821e-05, 0.0698261, 1.6878e-05, 2.08228e-05, 0.00394306, 0.0183039, 0.0235318, 0.419159, 1.13289, 0.00999118, 0.0962141, 4.10559e-06, 3.81319e-06, 0.00119364, 0.039626, 0.0846948, 0.125204, 0.141332, 1.21156, 3.80288e-05, 0.066047, 0.0160174, 0.00314974, 0.00382396, 0.0102903, 0.0183401, 0.0395379, 0.0432605, 0.0438449, 0.0452076, 0.0967132, 0.138176, 

4.39211e-05, 0.00099024, 0.01972, 0.0562446, 0.0744264, 0.12771, 1.8402, 0.066047, 1.34202e-05, 0.00917273, 2.39569e-05, 1.20603e-08, 2.90821e-05, 0.00160627, 0.00452932, 1.34904, 0.471943, 2.45331e-06, 0.00394306, 0.0235318, 1.6878e-05, 2.08228e-05, 4.10559e-06, 0.0183039, 0.0962141, 0.411166, 0.591942, 0.0693553, 0.0282056, 0.0268708, 3.81319e-06, 0.00119364, 3.80288e-05, 0.0846948, 0.141332, 1.21156, 1.76339, 0.00999118, 0.0104797, 0.039626, 5.24301e-05, 0.00314974, 0.00382396, 0.0102903, 0.0183401, 0.0395379, 0.0432605, 0.0438449, 0.0698261, 0.0885604, 

2.08228e-05, 5.24301e-05, 1.34202e-05, 0.00917273, 0.0562446, 0.0744264, 1.32652, 2.45331e-06, 0.0268708, 0.0698261, 1.20603e-08, 2.39569e-05, 0.00160627, 0.00394306, 0.00452932, 0.471943, 2.04447, 0.0282056, 0.039626, 0.00999118, 1.6878e-05, 1.82089e-06, 4.10559e-06, 0.0183039, 0.0962141, 0.591942, 2.06037, 5.36796e-07, 0.066047, 0.0235318, 3.81319e-06, 0.000219319, 3.80288e-05, 0.0104797, 0.0846948, 1.21156, 1.07674, 0.0693553, 0.01972, 2.90821e-05, 4.39211e-05, 0.00099024, 0.00314974, 0.00382396, 0.0102903, 0.0183401, 0.0395379, 0.0432605, 0.0885604, 

1.61324e-09, 3.20846e-05, 1.34202e-05, 0.00917273, 0.0267785, 0.0268708, 1.04909, 0.00160627, 0.00394306, 2.90821e-05, 1.20603e-08, 2.39569e-05, 0.00452932, 0.00999118, 0.471943, 2.02398, 0.092298, 2.45331e-06, 0.039626, 0.0183039, 1.82089e-06, 1.6878e-05, 0.0235318, 0.066047, 0.0962141, 0.0753204, 0.000103242, 0.0035495, 0.0104797, 0.0282056, 3.81319e-06, 4.39211e-05, 3.80288e-05, 0.01972, 0.0846948, 0.956487, 1.07674, 0.000345382, 4.10559e-06, 5.36796e-07, 5.24301e-05, 0.000176629, 0.00099024, 0.00314974, 0.00382396, 0.0102903, 0.0183401, 0.0395379, 0.0693553, 0.0698261, 

1.61324e-09, 2.42855e-06, 0.00160627, 0.00917273, 0.0267785, 0.0268708, 0.884966, 0.00394306, 5.36796e-07, 2.45331e-06, 1.20603e-08, 2.39569e-05, 0.0183039, 0.039626, 2.02398, 0.857218, 2.00806, 0.0104797, 0.0693553, 2.90821e-05, 1.82089e-06, 1.42835e-05, 0.000103242, 0.0035495, 0.0282056, 0.066047, 0.0753204, 0.01972, 1.34202e-05, 0.0235318, 1.14019e-06, 4.39211e-05, 4.10559e-06, 3.80288e-05, 0.0846948, 0.956487, 1.49582, 0.00452932, 0.000345382, 0.00999118, 5.24301e-05, 0.000176629, 0.00099024, 0.00314974, 0.00382396, 0.0102903, 0.0125944, 0.0183401, 0.0698261, 

1.61324e-09, 1.20983e-06, 2.45331e-06, 0.00160627, 0.00917273, 0.0267785, 0.73621, 0.066047, 0.00394306, 0.000345382, 1.20603e-08, 2.39569e-05, 0.0104797, 0.039626, 0.857218, 2.00806, 1.98293, 0.0069467, 0.0183039, 2.90821e-05, 8.06362e-07, 1.42835e-05, 1.34202e-05, 0.0035495, 0.01972, 0.0753204, 1.87771, 0.0453316, 5.36796e-07, 0.0268708, 1.14019e-06, 5.81484e-06, 4.10559e-06, 3.80288e-05, 0.00452932, 0.00999118, 1.13984, 1.0647e-05, 0.0282056, 0.000103242, 1.98719e-05, 5.24301e-05, 0.000176629, 0.00099024, 0.00314974, 0.00382396, 0.0102903, 0.0125944, 0.0698261, 

1.61324e-09, 1.20983e-06, 2.45331e-06, 0.00394306, 0.0267785, 0.066047, 0.310921, 0.000103242, 0.00999118, 0.0183039, 1.20603e-08, 9.27332e-06, 2.90821e-05, 0.00422031, 0.0104797, 0.857218, 2.16565, 0.0453316, 0.039626, 4.10559e-06, 8.06362e-07, 8.12903e-07, 5.36796e-07, 1.34202e-05, 0.0035495, 0.01972, 0.433556, 3.80288e-05, 0.000345382, 0.00160627, 1.14019e-06, 2.51486e-06, 1.0647e-05, 0.00452932, 0.0282056, 0.865729, 1.58097, 4.61232e-07, 0.0268708, 0.00917273, 1.98719e-05, 5.24301e-05, 0.000176629, 0.00099024, 0.00314974, 0.00382396, 0.0102903, 0.0125944, 0.0525628, 0.0698261, 

1.61324e-09, 8.06362e-07, 2.45331e-06, 0.00999118, 0.064158, 1.23389, 1.3601, 0.00422031, 0.00394306, 3.80288e-05, 1.20603e-08, 2.35322e-06, 2.90821e-05, 0.039626, 0.0453316, 0.857218, 2.16565, 0.00917273, 5.36796e-07, 0.0183039, 7.0144e-07, 6.83298e-07, 1.34202e-05, 0.000345382, 0.00160627, 0.0035495, 1.24665, 5.87506e-07, 4.10559e-06, 4.61232e-07, 1.14019e-06, 2.51486e-06, 1.0647e-05, 0.0282056, 0.865729, 0.636756, 1.98116, 0.0104797, 0.00452932, 0.000103242, 1.20983e-06, 1.98719e-05, 5.24301e-05, 0.000176629, 0.00099024, 0.00314974, 0.00382396, 0.0102903, 0.01972, 0.0267785, 

1.61324e-09, 8.06362e-07, 2.45331e-06, 3.80288e-05, 0.000143002, 0.00394306, 1.23389, 1.20603e-08, 1.20983e-06, 5.36796e-07, 2.90821e-05, 0.00917273, 0.0453316, 0.857218, 7.06985e-08, 6.83298e-07, 4.61232e-07, 1.34202e-05, 0.000345382, 0.0035495, 1.24665, 1.14019e-06, 1.47377e-06, 1.0647e-05, 0.0104797, 0.0282056, 0.865729, 1.02813, 2.35322e-06, 1.13853e-05, 1.98719e-05, 5.24301e-05, 0.000176629, 0.00099024, 0.00314974, 0.00382396, 5.87506e-07, 4.10559e-06, 

1.61324e-09, 8.06362e-07, 2.45331e-06, 3.80288e-05, 0.000143002, 1.23389, 1.73807, 1.20603e-08, 1.20983e-06, 5.36796e-07, 2.90821e-05, 0.0453316, 0.857218, 0.853341, 7.06985e-08, 6.83298e-07, 4.61232e-07, 1.34202e-05, 0.000345382, 0.0035495, 2.06162, 1.14019e-06, 1.47377e-06, 0.0104797, 0.0282056, 0.0431957, 1.02813, 0.162193, 2.35322e-06, 1.13853e-05, 1.98719e-05, 5.24301e-05, 0.000176629, 0.00059437, 0.00314974, 0.00382396, 5.87506e-07, 4.10559e-06, 

1.61324e-09, 2.51068e-07, 2.45331e-06, 3.80288e-05, 0.000143002, 1.23389, 0.774708, 1.20603e-08, 3.80396e-08, 5.36796e-07, 2.90821e-05, 0.2534, 0.853341, 0.538549, 7.06985e-08, 6.83298e-07, 4.61232e-07, 0.000345382, 0.0035495, 2.06162, 2.18609, 1.14019e-06, 1.47377e-06, 0.0104797, 0.0282056, 0.0431957, 0.162193, 1.02813, 2.35322e-06, 1.13853e-05, 1.98719e-05, 5.24301e-05, 0.000176629, 0.00059437, 0.00314974, 0.00382396, 5.87506e-07, 4.10559e-06, 

1.61324e-09, 7.43725e-09, 2.45331e-06, 3.80288e-05, 0.000143002, 0.774708, 1.23389, 1.20603e-08, 3.80396e-08, 5.36796e-07, 2.90821e-05, 0.538549, 0.853341, 0.171823, 7.06985e-08, 6.83298e-07, 4.61232e-07, 0.000345382, 0.0035495, 0.150219, 2.06162, 1.14019e-06, 1.47377e-06, 0.0104797, 0.0282056, 0.0431957, 0.162193, 1.7965, 2.35322e-06, 1.13853e-05, 1.98719e-05, 5.24301e-05, 0.000176629, 0.00059437, 0.00314974, 0.00382396, 5.87506e-07, 4.10559e-06, 

1.61324e-09, 7.43725e-09, 2.45331e-06, 0.000143002, 0.173818, 0.505155, 0.643732, 1.20603e-08, 3.80396e-08, 5.36796e-07, 2.90821e-05, 0.538549, 0.853341, 1.44169e-07, 7.06985e-08, 6.83298e-07, 4.61232e-07, 0.0035495, 0.150219, 2.06162, 0.760183, 1.14019e-06, 1.47377e-06, 0.0104797, 0.0282056, 0.0431957, 1.66858, 0.110438, 2.14172e-07, 2.35322e-06, 1.13853e-05, 1.98719e-05, 5.24301e-05, 0.000176629, 0.00059437, 0.00314974, 5.87506e-07, 4.10559e-06, 

1.61324e-09, 7.43725e-09, 2.45331e-06, 0.000143002, 0.173818, 0.643732, 2.00232, 8.6325e-10, 1.20603e-08, 1.44169e-07, 2.90821e-05, 0.387523, 0.538549, 2.25715e-07, 7.06985e-08, 6.83298e-07, 4.61232e-07, 0.0286467, 0.150219, 2.01005, 0.844159, 2.14172e-07, 1.47377e-06, 0.0282056, 0.0431957, 0.110438, 0.786053, 1.85202, 1.14019e-06, 2.35322e-06, 1.13853e-05, 1.98719e-05, 5.24301e-05, 0.000176629, 0.00059437, 0.00314974, 5.87506e-07, 4.10559e-06, 

1.61324e-09, 7.43725e-09, 2.45331e-06, 0.000143002, 0.643732, 2.00232, 0.643945, 8.6325e-10, 1.20603e-08, 1.44169e-07, 2.25715e-07, 2.90821e-05, 0.387523, 0.358759, 7.06985e-08, 6.83298e-07, 4.61232e-07, 0.0286467, 0.133413, 0.150219, 1.2659, 2.14172e-07, 1.47377e-06, 0.0282056, 0.0431957, 0.110438, 1.85202, 2.29861, 1.14019e-06, 2.35322e-06, 1.13853e-05, 1.98719e-05, 5.24301e-05, 0.000176629, 0.00059437, 0.00314974, 5.87506e-07, 4.10559e-06, 

1.61324e-09, 7.43725e-09, 2.45331e-06, 0.000143002, 0.643732, 0.643945, 2.04517, 8.6325e-10, 4.40296e-09, 2.25715e-07, 2.90821e-05, 0.358759, 0.387523, 1.95349, 7.06985e-08, 8.98629e-08, 4.61232e-07, 0.0286467, 0.133413, 0.150219, 1.28771e-08, 2.14172e-07, 2.71961e-07, 0.0282056, 0.0431957, 0.857144, 1.85202, 1.45294, 6.83298e-07, 1.14019e-06, 2.35322e-06, 1.13853e-05, 1.98719e-05, 5.24301e-05, 0.000176629, 0.00059437, 1.44169e-07, 5.87506e-07, 

1.61324e-09, 7.43725e-09, 2.45331e-06, 0.000143002, 0.643732, 0.643945, 0.658577, 8.6325e-10, 4.40296e-09, 2.25715e-07, 2.90821e-05, 0.358759, 0.359233, 1.62432, 8.14448e-09, 2.35758e-08, 4.61232e-07, 0.0286467, 0.133413, 0.150219, 0.704742, 2.14172e-07, 2.71961e-07, 0.0431957, 0.857144, 1.45294, 1.80392, 1.87856, 6.83298e-07, 1.14019e-06, 2.35322e-06, 1.13853e-05, 1.98719e-05, 5.24301e-05, 0.000176629, 0.00059437, 1.44169e-07, 5.87506e-07, 

3.98593e-10, 1.61324e-09, 2.45331e-06, 0.000143002, 0.643732, 0.658577, 0.364306, 8.6325e-10, 4.40296e-09, 2.25715e-07, 2.90821e-05, 0.358759, 0.359233, 0.800606, 2.01998e-09, 8.14448e-09, 0.0286467, 0.133413, 0.150219, 0.704742, 1.27664e-07, 2.14172e-07, 2.17387e-07, 0.0431957, 0.857144, 1.19757, 1.23116, 1.45294, 6.83298e-07, 1.14019e-06, 2.35322e-06, 1.13853e-05, 1.98719e-05, 5.24301e-05, 0.000176629, 0.00059437, 1.44169e-07, 5.87506e-07, 

3.98593e-10, 1.61324e-09, 0.000143002, 0.364306, 0.643732, 0.658577, 1.00157e-06, 8.6325e-10, 4.40296e-09, 2.25715e-07, 2.90821e-05, 0.359233, 0.800606, 0.48242, 2.01998e-09, 8.14448e-09, 1.27664e-07, 0.0286467, 0.150219, 0.704742, 0.201203, 2.14172e-07, 2.17387e-07, 0.0408636, 0.269008, 0.857144, 1.45294, 0.187092, 6.83298e-07, 1.14019e-06, 2.35322e-06, 1.13853e-05, 1.98719e-05, 5.24301e-05, 0.000176629, 0.00059437, 1.44169e-07, 5.87506e-07, 

3.98593e-10, 1.61324e-09, 0.000143002, 0.0126449, 0.361327, 0.658577, 0.396203, 1.00729e-10, 8.6325e-10, 2.25715e-07, 2.90821e-05, 0.48242, 0.800606, 1.12239, 2.01998e-09, 8.14448e-09, 1.27664e-07, 0.150219, 0.201203, 0.704742, 1.41492, 2.14172e-07, 2.15247e-07, 0.0408636, 0.187092, 0.427749, 0.462398, 1.62015, 6.83298e-07, 1.14019e-06, 2.35322e-06, 1.13853e-05, 1.98719e-05, 5.24301e-05, 0.000176629, 0.00059437, 1.44169e-07, 5.87506e-07, 

3.98593e-10, 1.22535e-09, 0.000143002, 0.0126449, 0.361327, 0.396203, 1.82132, 1.00729e-10, 8.6325e-10, 2.90821e-05, 0.48242, 0.800606, 1.12239, 0.506805, 2.01998e-09, 3.70645e-09, 1.27664e-07, 0.150219, 0.201203, 1.41492, 0.303657, 2.14172e-07, 2.14568e-07, 0.187092, 0.228137, 0.427749, 0.462398, 2.12152, 6.83298e-07, 1.14019e-06, 2.35322e-06, 1.13853e-05, 1.98719e-05, 5.24301e-05, 0.000176629, 0.00059437, 1.44169e-07, 5.87506e-07, 

1.4238e-10, 3.98593e-10, 0.000143002, 0.0126449, 0.273299, 1.82132, 0.392163, 1.00729e-10, 8.6325e-10, 2.90821e-05, 0.0531657, 0.48242, 0.506805, 2.08973, 2.01998e-09, 3.60909e-09, 1.27664e-07, 0.150219, 0.201203, 0.303657, 1.70597, 2.14172e-07, 2.14568e-07, 0.0162036, 0.187092, 0.195659, 0.462398, 2.12152, 6.83298e-07, 1.14019e-06, 2.35322e-06, 1.13853e-05, 1.98719e-05, 5.24301e-05, 0.000176629, 0.00059437, 1.44169e-07, 5.87506e-07, 

9.98166e-11, 1.4238e-10, 0.000143002, 0.0126449, 0.273299, 1.08663, 0.434296, 1.00729e-10, 8.6325e-10, 0.0287901, 0.348693, 0.401256, 0.506805, 1.63975, 2.01998e-09, 3.60909e-09, 1.27664e-07, 0.201203, 0.303657, 1.70597, 0.862024, 2.14172e-07, 2.14201e-07, 0.0162036, 0.195659, 0.462398, 2.12152, 2.70673, 6.83298e-07, 1.14019e-06, 2.35322e-06, 1.13853e-05, 1.98719e-05, 5.24301e-05, 0.000176629, 0.00059437, 1.44169e-07, 5.87506e-07, 

9.98166e-11, 1.4238e-10, 0.000143002, 0.0126449, 0.273299, 0.320176, 0.434296, 1.00729e-10, 8.6325e-10, 0.132662, 0.193254, 0.506805, 1.63975, 0.313325, 2.01998e-09, 3.60909e-09, 1.27664e-07, 0.0899125, 0.862024, 1.70597, 1.2297, 2.14172e-07, 2.14201e-07, 0.0162036, 0.195659, 0.462398, 1.54477, 2.12152, 6.83298e-07, 1.14019e-06, 2.35322e-06, 1.13853e-05, 1.98719e-05, 5.24301e-05, 0.000176629, 0.00059437, 1.44169e-07, 5.87506e-07, 

6.68907e-11, 9.98166e-11, 0.000143002, 0.0126449, 0.273299, 0.434296, 0.178764, 1.00729e-10, 2.8876e-10, 0.0884445, 0.193254, 0.292645, 0.313325, 1.96318, 2.01998e-09, 2.88975e-09, 0.0899125, 0.862024, 1.2297, 1.57159, 0.195283, 2.14172e-07, 2.14201e-07, 0.035503, 0.195659, 1.54477, 1.82898, 0.010775, 6.83298e-07, 1.14019e-06, 2.35322e-06, 1.13853e-05, 1.98719e-05, 5.24301e-05, 0.000176629, 0.00059437, 1.44169e-07, 5.87506e-07, 

6.65134e-11, 6.68907e-11, 0.000143002, 0.0126449, 0.0561113, 0.178764, 0.273299, 1.00729e-10, 2.8876e-10, 0.0625276, 0.0884445, 0.292645, 0.313325, 1.94213, 2.01998e-09, 2.88975e-09, 0.0387276, 0.862024, 1.2297, 1.57159, 1.16645, 2.14169e-07, 2.14172e-07, 0.010775, 0.035503, 0.195659, 1.54477, 2.15281, 6.83298e-07, 1.14019e-06, 2.35322e-06, 1.13853e-05, 1.98719e-05, 5.24301e-05, 0.000176629, 0.00059437, 1.44169e-07, 5.87506e-07, 

6.65134e-11, 6.68907e-11, 0.000143002, 0.0179748, 0.178764, 0.273299, 0.799945, 1.00729e-10, 2.8876e-10, 0.0884445, 0.292645, 0.313325, 1.0607, 2.02116, 2.01998e-09, 2.88975e-09, 0.037681, 0.0387276, 0.252539, 1.2297, 1.57159, 2.14169e-07, 2.14169e-07, 0.010775, 0.035503, 0.195659, 2.15281, 0.509379, 6.83298e-07, 1.14019e-06, 2.35322e-06, 1.13853e-05, 1.98719e-05, 5.24301e-05, 0.000176629, 0.00059437, 1.44169e-07, 5.87506e-07, 

6.65134e-11, 6.68856e-11, 0.000143002, 0.0179748, 0.178764, 0.192, 2.11196, 2.14256e-11, 1.00729e-10, 0.234957, 0.292645, 0.499915, 0.640476, 1.60272, 1.55871e-09, 2.01998e-09, 0.037681, 0.0387276, 0.252539, 1.2297, 1.57159, 2.14169e-07, 2.14169e-07, 0.010775, 0.195659, 0.509379, 2.15281, 0.00327932, 6.83298e-07, 1.14019e-06, 2.35322e-06, 1.13853e-05, 1.98719e-05, 5.24301e-05, 0.000176629, 0.00059437, 1.44169e-07, 5.87506e-07, 

6.65134e-11, 6.68856e-11, 0.000143002, 0.0179748, 0.0655227, 0.775255, 0.00751599, 7.2552e-12, 1.00729e-10, 0.0953146, 0.234957, 0.292645, 0.499915, 0.640476, 1.55871e-09, 2.01998e-09, 0.037681, 0.0387276, 0.252539, 1.2297, 1.57159, 2.14169e-07, 2.14169e-07, 0.00327932, 0.010775, 0.195659, 0.509379, 2.15281, 6.83298e-07, 1.14019e-06, 2.35322e-06, 1.13853e-05, 1.98719e-05, 5.24301e-05, 0.000176629, 0.00059437, 1.44169e-07, 5.87506e-07, 

6.65134e-11, 6.68856e-11, 0.000143002, 0.00751599, 0.0179748, 0.0655227, 1.92278, 2.18359e-12, 7.2552e-12, 0.234957, 0.292645, 0.499915, 0.640476, 1.79025, 1.55871e-09, 2.01998e-09, 0.0387276, 0.252539, 1.2297, 1.57159, 1.26102, 2.14169e-07, 2.14169e-07, 0.00327932, 0.010775, 0.241469, 0.64722, 1.59839, 6.83298e-07, 1.14019e-06, 2.35322e-06, 1.13853e-05, 1.98719e-05, 5.24301e-05, 0.000176629, 0.00059437, 1.44169e-07, 5.87506e-07, 

6.65134e-11, 6.68856e-11, 0.000143002, 0.0179748, 0.0655227, 1.85205, 1.00878, 2.18359e-12, 7.2552e-12, 0.292645, 0.499915, 0.640476, 1.79025, 0.50316, 1.55871e-09, 2.01998e-09, 0.0387276, 0.252539, 1.19794, 1.2297, 0.498579, 2.14169e-07, 2.14169e-07, 0.00327932, 0.241469, 0.64722, 1.59839, 1.68492, 6.83298e-07, 1.14019e-06, 2.35322e-06, 1.13853e-05, 1.98719e-05, 5.24301e-05, 0.000176629, 0.00059437, 1.44169e-07, 5.87506e-07, 

6.62355e-11, 6.65134e-11, 0.000143002, 0.0179748, 0.0655227, 0.729092, 1.6583, 2.18359e-12, 3.28149e-12, 0.0413377, 0.499915, 0.50316, 0.640476, 1.31052, 1.21091e-09, 1.55871e-09, 0.0387276, 0.252539, 0.498579, 1.19794, 1.2297, 2.14169e-07, 2.14169e-07, 0.241469, 0.64722, 1.59839, 1.68492, 0.000678237, 6.83298e-07, 1.14019e-06, 2.35322e-06, 1.13853e-05, 1.98719e-05, 5.24301e-05, 0.000176629, 0.00059437, 1.44169e-07, 5.87506e-07, 

Best:
(-2.08922e-06, )

Fitness Evaluations:
2857

End Population
(-1.150673e-05), (-1.153083e-05), (-1.690762e-02), (-1.898410e-01), (3.639153e-01), (4.979370e+01), (-3.999133e+00), (-2.089223e-06), (-2.561241e-06), (-6.028521e+00), (-4.414233e+01), (7.318529e+00), (-5.010501e+01), (1.703851e+01), (4.919965e-05), (5.581996e-05), (-6.039231e+00), (-3.150906e+01), (-4.413482e+01), (-6.898747e+01), (-6.351009e+01), (-6.543112e-04), (-6.543118e-04), (2.553162e+01), (3.232558e+01), (1.038734e+01), (5.796381e+01), (-3.682321e-02), (-1.168723e-03), (-1.509717e-03), (2.168891e-03), (-4.770669e-03), (6.302700e-03), (1.023761e-02), (-1.879075e-02), (-3.447119e-02), (-5.368370e-04), (-1.083709e-03), 