Iterations: 50
Function Evaluations Limit: 150000
Population: 50

Prides Length: 4

Percent Nomads: 0.2
Percent Roaming: 0.2
Percent Sex: 0.8

Mating Rate: 0.3
Mutation Probability: 0.2
Immigration Rate: 0.4

Percent Group Influence: 0.4
Annealing On: true
Ranked Selection Pressure: 2
Near To Best Random Pressure: 2

Dimensions: 1
N-Dimension Space: -100:100

Fitness Iterations:
0.000810682 (Initial Best)

1.59128, 0.487987, 0.6329, 2.18998, 1.69651, 0.0396326, 0.175689, 0.000810682, 1.69221, 2.79043, 2.04759, 4.16719, 1.15476, 1.89278, 0.638079, 1.05612, 2.22005, 1.5283, 0.96781, 2.362, 1.76672, 0.635555, 3.53819, 1.53888, 1.98993, 4.07593, 3.54163, 3.22461, 2.68425, 0.444817, 1.15625, 1.77186, 1.67915, 3.2953, 1.4983, 2.50372, 0.452545, 1.66221, 1.88372, 2.46995, 0.649377, 2.2776, 2.82572, 2.15015, 3.26089, 1.586, 0.258144, 3.74211, 0.484141, 0.452351, 

0.258144, 0.261913, 0.0396326, 0.283808, 1.92337, 1.95858, 1.45721, 0.484141, 0.175689, 0.0436149, 0.369367, 0.986471, 0.325667, 0.96781, 1.46506, 1.89278, 1.25596, 0.452351, 0.657944, 1.13627, 0.000952575, 0.493716, 0.371777, 0.444817, 2.08417, 2.3089, 2.02126, 0.680921, 1.20412, 0.000810682, 0.438033, 0.412544, 0.0951702, 0.771291, 1.01729, 1.88372, 0.243138, 0.604155, 0.452545, 0.798246, 0.42256, 0.335322, 0.847192, 0.649377, 0.689498, 0.806324, 1.12333, 1.16447, 1.36793, 1.53888, 

0.127648, 0.161242, 0.175689, 0.355926, 0.534918, 1.45721, 0.1119, 0.237324, 0.680921, 0.0396326, 0.0951102, 0.114647, 0.452351, 0.96781, 1.25596, 1.46506, 0.998713, 0.243138, 0.444817, 0.200695, 0.000117886, 0.112574, 0.000810682, 0.371777, 2.02126, 2.13631, 1.98192, 0.0436149, 0.452545, 0.00286405, 0.092378, 0.335322, 0.0951702, 0.261816, 0.604155, 1.01729, 2.00481, 0.186028, 0.283808, 0.325667, 0.369367, 0.261913, 0.298572, 0.393299, 0.367108, 0.42256, 0.438033, 0.493716, 0.894312, 0.947317, 

0.127648, 0.161242, 0.0396326, 0.355926, 0.534918, 1.45721, 1.15991, 0.452545, 0.175689, 0.452351, 0.0951102, 0.114647, 0.057163, 0.743839, 0.96781, 0.998713, 0.0918536, 0.136042, 0.243138, 0.199246, 0.000117886, 0.0161093, 0.00286405, 0.0436149, 0.371777, 1.94806, 2.21293, 0.1119, 0.444817, 0.468441, 0.092378, 0.118495, 0.0951702, 0.138933, 0.186028, 0.325667, 0.129123, 0.000810682, 0.261816, 0.237324, 0.112574, 0.273457, 0.298572, 0.335322, 0.367108, 0.369367, 0.393299, 0.42256, 0.604155, 0.680921, 

0.127648, 0.089052, 0.175689, 0.452351, 0.534918, 1.45721, 1.18582, 0.0436149, 0.129123, 0.155182, 0.0951102, 0.0129689, 0.057163, 0.0918536, 0.96781, 1.04867, 0.065733, 0.0669733, 0.359524, 0.0951702, 0.000117886, 0.0161093, 0.00286405, 0.371777, 0.444817, 0.963285, 2.87356, 0.199246, 0.0138988, 0.0396326, 0.0597991, 0.091387, 0.000810682, 0.138933, 0.186028, 0.261816, 0.325667, 0.136042, 0.237324, 0.1119, 0.0611289, 0.112574, 0.114647, 0.118495, 0.161242, 0.273457, 0.298572, 0.335322, 0.452545, 0.468441, 

0.0039912, 0.0812297, 0.129123, 0.155182, 0.260503, 0.452351, 1.93835, 0.175689, 0.13852, 0.0436149, 0.0129689, 0.091387, 0.057163, 0.065733, 0.0918536, 0.359524, 0.96781, 0.0639372, 0.0497572, 0.00551838, 0.000117886, 0.0105531, 0.0138988, 0.199246, 0.257521, 0.29024, 1.77374, 0.0951702, 0.00286405, 0.148556, 0.0597991, 0.0855, 0.1119, 0.123216, 0.136042, 0.186028, 0.278886, 0.282079, 0.0963559, 0.000810682, 0.0770067, 0.0951102, 0.112574, 0.114647, 0.118495, 0.130363, 0.161242, 0.273457, 0.371777, 0.452545, 

0.0039912, 0.0770067, 0.13852, 0.175689, 0.260503, 0.452351, 1.81572, 0.00551838, 0.1119, 0.129123, 0.0129689, 0.091387, 0.057163, 0.065733, 0.96781, 2.87117, 2.06167, 0.0955034, 0.0161569, 0.0639372, 0.000117886, 0.000853142, 0.00286405, 0.0138988, 0.148556, 0.257521, 1.10116, 0.094759, 0.0436149, 0.000810682, 0.058093, 0.0597991, 0.123216, 0.136042, 0.278886, 0.282079, 2.8721, 0.0497572, 0.0918536, 0.0951702, 0.0812297, 0.0951102, 0.112574, 0.114647, 0.118495, 0.130363, 0.147379, 0.161242, 0.155182, 0.186028, 

0.0039912, 1.38761e-05, 0.129123, 0.13852, 0.175689, 0.000220458, 1.4562, 0.057163, 0.1119, 0.00286405, 0.0129689, 0.0770067, 0.0639372, 0.0955034, 0.670546, 0.96781, 1.39509, 0.065733, 0.161538, 0.136042, 0.000117886, 0.000853142, 0.0436149, 0.094759, 0.148556, 0.257521, 1.96511, 0.0138988, 0.00551838, 0.186028, 0.058093, 0.0597991, 0.0497572, 0.0918536, 0.0951702, 0.123216, 2.01155, 0.0161569, 0.000810682, 0.155182, 0.091387, 0.0796372, 0.0812297, 0.0951102, 0.112574, 0.114647, 0.118495, 0.130363, 0.260503, 0.282079, 

1.38761e-05, 0.000189089, 0.00286405, 0.0101825, 0.057163, 1.4562, 0.812707, 0.0639372, 0.065733, 0.0918536, 0.00220734, 0.0770067, 0.136042, 0.161538, 0.670546, 0.96781, 1.39509, 0.0138988, 0.094759, 0.148556, 0.000117886, 0.000853142, 0.00551838, 0.186028, 0.257521, 1.26053, 1.79573, 0.000220458, 0.0955034, 0.0436149, 0.058093, 0.0597991, 0.0161569, 0.0497572, 0.0951702, 0.123216, 0.155182, 0.000810682, 0.13852, 0.1119, 0.0110651, 0.0796372, 0.0812297, 0.090818, 0.091387, 0.0951102, 0.112574, 0.114647, 0.175689, 0.260503, 

1.38761e-05, 0.000189089, 0.00286405, 0.0101825, 0.0639372, 0.522299, 2.05091, 0.094759, 0.00147041, 0.000284063, 0.00220734, 0.00252961, 0.0138988, 0.148556, 0.17165, 1.99936, 0.760236, 0.0412404, 0.0918536, 0.0161569, 8.37332e-05, 0.000117886, 0.000220458, 0.186028, 1.18053, 1.79573, 2.2644, 0.0436149, 0.0869617, 0.0955034, 0.000420952, 0.0110651, 0.000810682, 0.0497572, 0.0763076, 0.0951702, 0.1119, 0.136042, 0.065733, 0.057163, 0.058093, 0.0770067, 0.0597991, 0.0796372, 0.0812297, 0.090818, 0.091387, 0.0951102, 0.155182, 0.161538, 

1.38761e-05, 0.000189089, 0.00286405, 0.0101825, 0.0639372, 1.71062, 2.40231, 0.0436149, 0.00147041, 0.0138988, 0.00220734, 0.00252961, 0.0918536, 0.148556, 0.17165, 2.13746, 1.33606, 0.00186367, 0.000284063, 0.000810682, 8.37332e-05, 0.000117886, 0.0869617, 0.0955034, 0.186028, 1.79573, 0.856218, 0.0161569, 0.0497572, 0.000220458, 0.000420952, 0.00365701, 0.0763076, 0.0951702, 0.1119, 0.136042, 0.323305, 0.057163, 0.065733, 0.0412404, 0.00469092, 0.0597991, 0.0770067, 0.0796372, 0.0812297, 0.090818, 0.091387, 0.0951102, 0.094759, 0.161538, 

1.38761e-05, 0.000189089, 0.00286405, 0.0101825, 0.0639372, 1.71062, 0.0879165, 0.0497572, 0.0138988, 0.0951702, 0.000427312, 0.000888459, 0.000284063, 0.000810682, 0.00186367, 0.148556, 1.33606, 0.089107, 0.057163, 0.094759, 8.37332e-05, 0.000117886, 0.000220458, 0.0869617, 0.186028, 1.79573, 1.09522, 0.0955034, 0.1119, 0.00147041, 0.000420952, 0.00365701, 0.0412404, 0.065733, 0.0763076, 1.3684, 2.01964, 0.0161569, 0.0436149, 0.136042, 0.00469092, 0.0597991, 0.0770067, 0.0796372, 0.0812297, 0.090818, 0.091387, 0.0951102, 0.161538, 0.17165, 

1.38761e-05, 0.000189089, 0.0138988, 0.0497572, 0.0951702, 1.71062, 0.383921, 0.0879165, 0.0639372, 0.0161569, 0.000427312, 0.000888459, 0.000284063, 0.000810682, 0.00186367, 0.057163, 0.094759, 0.0131093, 0.00147041, 0.0101825, 8.37332e-05, 0.000117886, 0.000220458, 0.0869617, 0.1119, 0.186028, 1.09522, 0.0268223, 0.148556, 0.0955034, 0.000420952, 0.00365701, 0.0412404, 0.0436149, 0.065733, 0.0690476, 1.3684, 0.136042, 0.00286405, 0.122056, 0.00469092, 0.0152911, 0.0192712, 0.0597991, 0.0796372, 0.0812297, 0.090818, 0.091387, 0.17165, 0.19398, 

8.31434e-06, 0.000189089, 0.0497572, 0.0639372, 0.383921, 1.71062, 2.11115, 0.0879165, 0.00186367, 0.0131093, 0.000162272, 0.000888459, 0.000284063, 0.00147041, 0.0101825, 0.094759, 0.554977, 0.0161569, 0.0138988, 0.065733, 8.37332e-05, 0.000117886, 0.000220458, 0.0268223, 0.0955034, 0.1119, 2.40852, 0.057163, 0.0690476, 0.0869617, 0.000420952, 0.00365701, 0.00286405, 0.0412404, 0.122056, 0.136042, 1.3684, 0.000810682, 0.0951702, 0.0436149, 0.00469092, 0.0152911, 0.0192712, 0.0597991, 0.0796372, 0.0812297, 0.090818, 0.091387, 0.148556, 0.17165, 

6.00901e-06, 0.000189089, 0.0131093, 0.0639372, 0.0879165, 0.383921, 2.11115, 0.065733, 0.0412404, 0.000284063, 0.000162272, 0.000888459, 0.00147041, 0.0161569, 0.514099, 0.273758, 1.69694, 0.00186367, 0.000220458, 0.0497572, 8.37332e-05, 0.000117886, 0.057163, 0.0690476, 0.0869617, 2.40852, 0.617324, 0.000810682, 0.0101825, 0.0138988, 0.000420952, 0.00365701, 0.0436149, 0.0951702, 0.122056, 0.136042, 1.64553, 0.0268223, 0.094759, 0.00286405, 0.00469092, 0.0152911, 0.0192712, 0.0597991, 0.0796372, 0.0812297, 0.090818, 0.091387, 0.0955034, 0.1119, 

6.00901e-06, 8.21096e-05, 0.0131093, 0.0639372, 0.065733, 0.383921, 0.734903, 0.0268223, 0.0138988, 0.000284063, 0.000162272, 0.000189089, 0.00186367, 0.0497572, 0.273758, 1.69694, 0.0796742, 0.057163, 0.0405883, 0.000220458, 8.37332e-05, 0.000117886, 0.0101825, 0.529599, 0.617324, 1.28859, 1.90656, 2.8534e-05, 0.0436149, 0.00286405, 0.000250086, 0.000420952, 0.094759, 0.0951702, 0.136042, 0.271375, 1.83475, 0.0161569, 0.00147041, 0.000810682, 0.000425468, 0.00469092, 0.0152911, 0.0192712, 0.0597991, 0.0796372, 0.0812297, 0.090818, 0.0690476, 0.0869617, 

6.00901e-06, 8.21096e-05, 0.0639372, 0.065733, 0.383921, 0.734903, 0.249927, 0.0268223, 0.0131093, 0.00093538, 0.000162272, 0.000189089, 0.000220458, 0.00186367, 0.0127671, 0.0497572, 2.00115, 2.8534e-05, 0.0161569, 0.000810682, 8.37332e-05, 0.000117886, 0.00286405, 0.0101825, 0.529599, 1.28859, 0.513213, 0.0796742, 0.0690476, 0.000284063, 0.000250086, 0.000267918, 0.00147041, 0.136042, 0.271375, 0.259889, 0.000939565, 0.057163, 0.0138988, 0.0436149, 0.000425468, 0.000565884, 0.00469092, 0.00486625, 0.0152911, 0.0192712, 0.0597991, 0.0796372, 0.0869617, 0.094759, 

6.00901e-06, 8.21096e-05, 0.00093538, 0.0131093, 0.734903, 0.0418063, 0.07059, 0.000191908, 0.00147041, 2.8534e-05, 6.15028e-05, 8.68509e-05, 0.000810682, 0.0161569, 0.0497572, 0.161042, 1.9585, 0.000220458, 0.0101825, 0.0639372, 8.37332e-05, 0.000117886, 0.000284063, 0.00286405, 0.529599, 1.28859, 1.96806, 0.0268223, 0.0796742, 0.065733, 0.000250086, 0.000250682, 0.000939565, 0.0138988, 0.0436149, 0.057163, 0.271375, 0.0690476, 0.0869617, 0.00186367, 0.000425468, 0.000565884, 0.00469092, 0.00486625, 0.00993513, 0.0152911, 0.0192712, 0.0422975, 0.094759, 0.136042, 

6.00901e-06, 7.9542e-05, 2.8534e-05, 0.0131093, 0.0418063, 0.07059, 1.27716, 0.00286405, 0.000939565, 0.0436149, 6.15028e-05, 8.68509e-05, 0.0161569, 0.0639372, 0.0816782, 1.9585, 0.243264, 0.0101825, 0.00147041, 0.000810682, 8.37332e-05, 0.000117886, 0.0098657, 0.0268223, 0.529599, 1.96502, 1.96069, 0.000220458, 0.00093538, 0.000191908, 0.000250086, 0.000250682, 0.00186367, 0.0138988, 0.271375, 2.04862, 0.193223, 0.000284063, 0.0497572, 0.0260997, 0.000425468, 0.000565884, 0.00469092, 0.00486625, 0.00993513, 0.0152911, 0.0192712, 0.0422975, 0.057163, 0.065733, 

6.00901e-06, 7.9542e-05, 0.00286405, 0.0131093, 0.0436149, 0.196821, 0.664733, 0.013239, 0.000220458, 0.0418063, 6.15028e-05, 8.68509e-05, 0.000810682, 0.0101825, 0.0639372, 0.0816782, 1.9585, 0.000939565, 0.057163, 0.0161569, 8.37332e-05, 0.000117886, 0.000191908, 0.00093538, 1.96502, 0.880867, 2.23621, 0.0098657, 0.0138988, 0.0268223, 0.000250086, 0.00025013, 0.000284063, 0.0260997, 0.0497572, 0.38432, 0.87197, 0.00147041, 0.00186367, 2.8534e-05, 0.000425468, 0.000565884, 0.00469092, 0.00486625, 0.00993513, 0.012012, 0.0152911, 0.0192712, 0.065733, 0.07059, 

6.00901e-06, 2.03665e-05, 0.0131093, 0.013239, 0.0418063, 0.664733, 0.83619, 0.000191908, 0.0138988, 0.00286405, 6.15028e-05, 8.68509e-05, 0.000810682, 0.0101825, 0.057163, 0.0639372, 1.9585, 0.0098657, 2.8534e-05, 0.0110307, 8.37332e-05, 0.000117886, 0.00093538, 0.0268223, 1.81949, 1.96502, 0.017409, 0.00186367, 0.000284063, 0.000220458, 1.34278e-05, 0.000250086, 0.00147041, 0.0497572, 0.38432, 0.87197, 0.0527406, 0.0260997, 0.0161569, 0.000939565, 0.000425468, 0.000565884, 0.00469092, 0.00486625, 0.00993513, 0.012012, 0.0152911, 0.0192712, 0.0436149, 0.0469153, 

6.00901e-06, 2.03665e-05, 0.00286405, 0.0418063, 0.83619, 1.31938, 1.51936, 1.83349e-05, 0.000810682, 0.0098657, 7.97486e-06, 1.50837e-05, 2.8534e-05, 0.0101825, 0.0110307, 1.9585, 2.54389, 0.000191908, 0.0131093, 0.0138988, 8.37332e-05, 8.68509e-05, 0.000220458, 0.000284063, 0.00186367, 1.96502, 0.833593, 0.00093538, 0.000939565, 0.013239, 1.34278e-05, 0.000250086, 0.00147041, 0.0161569, 0.0497572, 0.292971, 0.0937205, 0.0100047, 0.0268223, 0.0260997, 0.000117886, 0.000425468, 0.000565884, 0.00469092, 0.00486625, 0.00993513, 0.012012, 0.0152911, 0.0436149, 0.0469153, 

6.00901e-06, 2.03665e-05, 0.000810682, 0.00286405, 0.83619, 1.51936, 0.16731, 0.000284063, 0.0098657, 2.8534e-05, 7.97486e-06, 1.50837e-05, 0.000191908, 0.00835031, 0.0110307, 0.0131093, 1.9585, 0.00377639, 0.0268223, 0.000939565, 8.37332e-05, 8.68509e-05, 0.000220458, 0.00093538, 0.013239, 1.71605, 0.000194097, 0.0136972, 0.0161569, 1.83349e-05, 1.34278e-05, 6.52948e-05, 0.00147041, 0.0260997, 0.0497572, 0.0937205, 2.54812, 0.0100047, 0.00186367, 0.0101825, 0.000117886, 0.000273987, 0.000425468, 0.000565884, 0.000680517, 0.00469092, 0.00486625, 0.00993513, 0.0282081, 0.0418063, 

2.57276e-06, 6.00901e-06, 0.000284063, 0.00286405, 0.0098657, 2.022, 1.22564, 0.000810682, 0.000939565, 0.00186367, 7.97486e-06, 1.50837e-05, 0.00262354, 0.0131093, 1.9585, 1.98571, 1.56075, 0.00377639, 0.000194097, 2.8534e-05, 8.37332e-05, 8.68509e-05, 0.000220458, 0.00093538, 0.0136972, 0.0161569, 1.91934, 1.83349e-05, 0.013239, 0.00147041, 1.34278e-05, 6.52948e-05, 0.0100047, 0.0101825, 0.239322, 0.980751, 0.911909, 0.00616495, 0.0110307, 0.000191908, 0.000117886, 0.000273987, 0.000425468, 0.000565884, 0.000680517, 0.00469092, 0.00486625, 0.00993513, 0.0260997, 0.0268223, 

2.57276e-06, 5.12456e-06, 0.00186367, 0.00286405, 0.0098657, 1.22564, 2.022, 0.000284063, 0.0260997, 0.0110307, 7.97486e-06, 1.50837e-05, 2.8534e-05, 0.00377639, 0.0131093, 0.0396649, 0.798648, 0.000810682, 0.00093538, 0.0136972, 8.37332e-05, 8.68509e-05, 0.000220458, 0.00147041, 0.013239, 0.0161569, 0.395408, 0.0268223, 0.000300079, 1.83349e-05, 1.34278e-05, 6.52948e-05, 0.000191908, 0.0100047, 0.0101825, 0.106374, 2.57585, 0.000939565, 0.000194097, 0.00616495, 0.000117886, 0.000273987, 0.000425468, 0.000565884, 0.000680517, 0.00469092, 0.00486625, 0.00993513, 0.0744115, 0.239322, 

2.57276e-06, 4.29347e-06, 0.000284063, 0.00186367, 0.00286405, 1.22564, 1.67279, 0.0136972, 0.000220458, 0.000191908, 7.97486e-06, 1.50837e-05, 2.8534e-05, 0.000810682, 0.00377639, 0.798648, 1.37325e-05, 0.0131093, 0.0110307, 0.000194097, 4.96826e-05, 8.68509e-05, 1.83349e-05, 0.000300079, 0.00147041, 0.0161569, 0.339703, 0.0098657, 0.0268223, 0.00093538, 1.34278e-05, 1.98912e-05, 0.000939565, 0.00616495, 0.0100047, 0.0101825, 0.322353, 0.0396649, 0.013239, 0.0260997, 6.52948e-05, 0.000117886, 0.000273987, 0.000425468, 0.000565884, 0.000680517, 0.00469092, 0.00486625, 0.0715631, 0.0744115, 

4.10797e-08, 2.57276e-06, 0.000191908, 0.000284063, 0.00186367, 0.0136972, 0.15474, 0.00147041, 0.0098657, 7.10485e-05, 7.97486e-06, 1.50837e-05, 0.000194097, 0.000810682, 0.0110307, 0.0131093, 0.0864385, 0.0100047, 1.37325e-05, 2.8534e-05, 4.96826e-05, 1.14499e-05, 1.83349e-05, 2.69737e-05, 0.00093538, 0.0268223, 1.89896e-05, 0.00377639, 0.00286405, 0.00616495, 1.34278e-05, 1.98912e-05, 0.000939565, 0.0101825, 0.0396649, 0.322353, 1.96686, 0.000220458, 0.013239, 0.000300079, 6.52948e-05, 8.68509e-05, 0.000117886, 0.000273987, 0.000425468, 0.000565884, 0.000680517, 0.00469092, 0.0260997, 0.0304654, 

4.10797e-08, 2.57276e-06, 7.10485e-05, 0.000284063, 0.00186367, 0.0098657, 0.822073, 0.000810682, 0.00147041, 5.83886e-06, 7.97486e-06, 1.50837e-05, 1.37325e-05, 0.0100047, 0.0131093, 0.0864385, 2.00111, 0.0110307, 2.69737e-05, 0.0136972, 3.32148e-06, 3.45691e-06, 1.83349e-05, 0.00286405, 0.00377639, 0.00616495, 3.95165e-06, 0.00093538, 0.000194097, 0.000191908, 1.34278e-05, 1.98912e-05, 0.000220458, 0.000939565, 0.013239, 0.0396649, 1.04254, 0.000300079, 0.0101825, 2.8534e-05, 1.99753e-05, 3.42603e-05, 6.52948e-05, 8.68509e-05, 0.000117886, 0.000273987, 0.000425468, 0.000565884, 0.0260997, 0.0268223, 

4.10797e-08, 6.66846e-08, 5.83886e-06, 7.10485e-05, 0.00147041, 0.000125683, 0.601013, 3.95165e-06, 0.00616495, 0.00186367, 5.62661e-06, 7.97486e-06, 1.37325e-05, 0.0110307, 0.0131093, 0.134441, 0.618403, 0.00093538, 1.83349e-05, 0.0100047, 3.32148e-06, 3.45691e-06, 0.000194097, 0.00286405, 0.00377639, 1.80689, 0.356446, 2.8534e-05, 0.0098657, 0.000810682, 9.45647e-08, 1.07419e-05, 0.000220458, 0.000300079, 0.000939565, 0.0396649, 1.23371, 0.000284063, 2.69737e-05, 0.000191908, 2.57276e-06, 1.99753e-05, 3.42603e-05, 4.17245e-05, 6.52948e-05, 8.68509e-05, 0.000245209, 0.000273987, 0.0101825, 0.013239, 

4.10797e-08, 6.66846e-08, 3.95165e-06, 5.83886e-06, 7.10485e-05, 0.000125683, 0.00186367, 0.000810682, 0.0101825, 2.8534e-05, 2.57276e-06, 7.97486e-06, 1.37325e-05, 1.83349e-05, 0.00093538, 0.0110307, 0.134441, 0.000220458, 2.69737e-05, 0.00377639, 3.32148e-06, 3.45691e-06, 0.000194097, 0.00286405, 0.356446, 1.80689, 1.98381, 0.0098657, 0.00147041, 0.000284063, 9.45647e-08, 1.72089e-06, 0.000191908, 0.000300079, 0.000939565, 0.0396649, 1.47107, 0.0100047, 0.0131093, 0.00616495, 5.62661e-06, 1.99753e-05, 3.42603e-05, 4.17245e-05, 6.52948e-05, 8.68509e-05, 0.000245209, 0.000273987, 0.013239, 

4.10797e-08, 6.66846e-08, 5.83886e-06, 2.8534e-05, 7.10485e-05, 0.00186367, 0.195612, 0.000300079, 0.000125683, 0.00286405, 2.57276e-06, 5.62661e-06, 1.69238e-05, 1.83349e-05, 2.69737e-05, 1.76869, 0.222563, 0.000194097, 3.95165e-06, 0.00147041, 3.32148e-06, 3.45691e-06, 0.000284063, 0.0098657, 1.80689, 1.98381, 1.77122, 0.00093538, 0.000939565, 0.000810682, 9.45647e-08, 1.72089e-06, 0.000191908, 0.0100047, 0.0131093, 0.0396649, 0.000165633, 0.00616495, 0.00377639, 1.37325e-05, 7.97486e-06, 1.99753e-05, 3.42603e-05, 4.17245e-05, 6.52948e-05, 8.68509e-05, 0.000245209, 0.000273987, 0.0101825, 0.0110307, 

4.10797e-08, 6.66846e-08, 5.83886e-06, 2.8534e-05, 0.000300079, 0.00286405, 5.74e-05, 0.00616495, 2.69737e-05, 0.0100047, 2.57276e-06, 5.62661e-06, 3.95165e-06, 1.69238e-05, 0.000194097, 0.222563, 1.49853, 0.00093538, 0.0101825, 0.000125683, 3.32148e-06, 3.45691e-06, 0.000284063, 0.000939565, 0.0098657, 0.857302, 1.16076, 0.000810682, 1.37325e-05, 0.00147041, 9.45647e-08, 4.49359e-07, 0.000165633, 0.000191908, 0.00377639, 0.0131093, 1.31727, 7.10485e-05, 0.00186367, 1.83349e-05, 7.97486e-06, 1.99753e-05, 3.42603e-05, 4.17245e-05, 6.52948e-05, 8.68509e-05, 9.05611e-05, 0.000245209, 0.0110307, 

4.10797e-08, 6.66846e-08, 0.000300079, 0.00286405, 0.00616495, 0.0100047, 1.54438e-06, 0.000152758, 0.000194097, 1.37325e-05, 2.57276e-06, 4.92628e-06, 0.000125683, 0.0101825, 0.222563, 1.49853, 1.90291, 1.69238e-05, 5.83886e-06, 1.83349e-05, 3.32148e-06, 3.45691e-06, 0.000810682, 0.000939565, 0.00147041, 0.857302, 1.16076, 0.000191908, 6.78998e-06, 2.8534e-05, 9.37688e-10, 9.45647e-08, 7.10485e-05, 0.00377639, 1.31727, 0.599516, 2.0877, 2.69737e-05, 0.000165633, 3.95165e-06, 7.97486e-06, 1.99753e-05, 3.42603e-05, 4.17245e-05, 6.52948e-05, 8.68509e-05, 9.05611e-05, 0.000245209, 0.000284063, 0.00093538, 

4.10797e-08, 4.2905e-08, 1.54438e-06, 1.37325e-05, 0.000152758, 0.000194097, 0.0100047, 0.00286405, 2.69737e-05, 2.8534e-05, 2.57276e-06, 4.92628e-06, 5.83886e-06, 0.0101825, 0.222563, 0.667287, 1.49853, 0.000810682, 0.000125683, 1.69238e-05, 3.32148e-06, 3.45691e-06, 6.78998e-06, 0.000191908, 0.000939565, 0.857302, 1.99024, 7.10485e-05, 0.000300079, 0.000284063, 9.37688e-10, 9.18217e-08, 3.95165e-06, 0.000165633, 0.599516, 2.0877, 2.00699, 1.83349e-05, 0.00147041, 0.00093538, 7.97486e-06, 1.99753e-05, 3.42603e-05, 4.17245e-05, 6.52948e-05, 8.68509e-05, 9.05611e-05, 0.000245209, 0.00377639, 0.00616495, 

4.10797e-08, 4.2905e-08, 1.37325e-05, 0.00286405, 0.0100047, 2.19147, 1.3779, 7.10485e-05, 1.83349e-05, 1.54438e-06, 2.46155e-06, 4.25007e-06, 5.83886e-06, 0.000125683, 0.00727271, 0.0101825, 0.263141, 0.000152758, 0.000191908, 0.000300079, 3.32148e-06, 3.41078e-06, 6.78998e-06, 0.000284063, 0.000939565, 0.857302, 1.86514, 1.69238e-05, 0.000810682, 2.69737e-05, 9.37688e-10, 9.18217e-08, 3.95165e-06, 0.00093538, 0.00147041, 2.64247, 1.57776, 0.000194097, 0.000165633, 2.8534e-05, 7.97486e-06, 1.99753e-05, 3.42603e-05, 4.17245e-05, 6.52948e-05, 8.68509e-05, 9.05611e-05, 0.000245209, 0.00377639, 0.00616495, 

4.10797e-08, 4.2905e-08, 1.37325e-05, 0.00286405, 0.0100047, 1.38916, 4.81773e-06, 6.07244e-09, 2.46155e-06, 5.83886e-06, 0.000125683, 0.000191908, 0.000300079, 0.580727, 3.32148e-06, 3.33215e-06, 6.78998e-06, 1.69238e-05, 0.000810682, 1.86514, 1.12024, 9.37688e-10, 9.18217e-08, 2.8534e-05, 0.000194097, 0.00093538, 0.00147041, 1.85229, 7.97486e-06, 1.99753e-05, 3.42603e-05, 4.17245e-05, 6.52948e-05, 8.68509e-05, 9.05611e-05, 0.000245209, 1.54438e-06, 3.95165e-06, 

4.10797e-08, 4.2905e-08, 4.81773e-06, 0.00286405, 0.0100047, 1.21748, 0.0888829, 6.07244e-09, 2.69634e-07, 5.83886e-06, 0.000125683, 0.000191908, 0.580727, 0.621774, 1.86511e-06, 2.2324e-06, 2.47877e-06, 6.78998e-06, 1.12024, 1.37893, 2.09086e-06, 9.37688e-10, 9.18217e-08, 2.8534e-05, 0.000194097, 0.00147041, 0.869032, 1.5545, 1.23143e-06, 3.33215e-06, 7.97486e-06, 1.99753e-05, 3.42603e-05, 4.17245e-05, 6.52948e-05, 8.68509e-05, 1.54438e-06, 3.95165e-06, 

4.0981e-08, 4.10797e-08, 4.81773e-06, 0.0100047, 0.0691997, 0.0888829, 0.0333203, 6.07244e-09, 1.28386e-08, 5.83886e-06, 0.000125683, 0.000191908, 0.435299, 0.621774, 1.23143e-06, 2.2324e-06, 2.44786e-06, 6.78998e-06, 1.12024, 1.37893, 1.99306, 9.37688e-10, 9.18217e-08, 2.8534e-05, 7.66823e-05, 0.00147041, 1.5545, 1.99417, 1.86511e-06, 3.33215e-06, 7.97486e-06, 1.99753e-05, 3.42603e-05, 4.17245e-05, 6.52948e-05, 8.68509e-05, 1.54438e-06, 2.09086e-06, 

4.0981e-08, 4.10797e-08, 4.81773e-06, 0.0100047, 0.0333203, 0.0888829, 2.40529, 6.07244e-09, 1.28386e-08, 5.83886e-06, 0.000191908, 0.435299, 0.621774, 1.65399, 1.23143e-06, 1.26653e-06, 6.78998e-06, 1.01721, 1.37893, 1.99306, 1.76391e-06, 9.37688e-10, 5.75426e-08, 2.8534e-05, 7.66823e-05, 0.00147041, 1.5545, 0.8021, 1.69133e-06, 1.86511e-06, 3.33215e-06, 7.97486e-06, 1.99753e-05, 3.42603e-05, 4.17245e-05, 6.52948e-05, 1.54438e-06, 2.09086e-06, 

4.0981e-08, 4.10797e-08, 0.0100047, 0.0333203, 0.08031, 1.81255, 0.0126671, 6.07244e-09, 1.02845e-08, 5.83886e-06, 0.435299, 0.621774, 1.65399, 2.04154, 1.23143e-06, 1.26653e-06, 6.78998e-06, 1.01721, 1.37893, 1.99306, 1.6537, 9.37688e-10, 5.75426e-08, 2.8534e-05, 7.66823e-05, 0.8021, 1.5545, 8.14714e-06, 1.69133e-06, 1.86511e-06, 3.33215e-06, 7.97486e-06, 1.99753e-05, 3.42603e-05, 4.17245e-05, 6.52948e-05, 1.54438e-06, 2.09086e-06, 

4.0981e-08, 4.10797e-08, 0.0100047, 0.0126671, 0.0333203, 0.08031, 1.6663, 6.07244e-09, 1.02845e-08, 5.83886e-06, 0.435299, 0.621774, 1.65399, 1.16755, 1.23143e-06, 1.26653e-06, 6.78998e-06, 1.01721, 1.37893, 1.99306, 2.33064, 9.37688e-10, 2.07859e-08, 8.14714e-06, 2.8534e-05, 7.66823e-05, 0.557106, 0.0224998, 1.69133e-06, 1.86511e-06, 3.33215e-06, 7.97486e-06, 1.99753e-05, 3.42603e-05, 4.17245e-05, 6.52948e-05, 1.54438e-06, 2.09086e-06, 

4.09063e-08, 4.0981e-08, 0.0100047, 0.0126671, 0.08031, 1.21474, 2.0912, 6.07244e-09, 6.37973e-09, 5.83886e-06, 0.0436602, 0.621774, 1.65399, 0.102021, 1.23143e-06, 1.26653e-06, 6.78998e-06, 0.590378, 0.834579, 1.99306, 0.282769, 9.37688e-10, 2.07859e-08, 8.14714e-06, 7.66823e-05, 0.0224998, 0.557106, 2.9993e-06, 1.69133e-06, 1.86511e-06, 3.33215e-06, 7.97486e-06, 1.99753e-05, 3.42603e-05, 4.17245e-05, 6.52948e-05, 1.54438e-06, 2.09086e-06, 

4.09063e-08, 4.0981e-08, 0.0100047, 0.0126671, 0.08031, 0.156405, 0.45213, 6.07244e-09, 6.37973e-09, 5.83886e-06, 0.0436602, 0.102021, 1.65399, 0.843943, 1.23143e-06, 1.26653e-06, 6.78998e-06, 0.245689, 0.590378, 1.99306, 0.0166264, 9.37688e-10, 2.07859e-08, 2.9993e-06, 7.66823e-05, 0.0224998, 0.557106, 1.9584, 1.69133e-06, 1.86511e-06, 3.33215e-06, 7.97486e-06, 1.99753e-05, 3.42603e-05, 4.17245e-05, 6.52948e-05, 1.54438e-06, 2.09086e-06, 

4.09063e-08, 4.09157e-08, 0.0100047, 0.0126671, 0.08031, 0.156405, 0.45213, 6.07244e-09, 6.37973e-09, 5.83886e-06, 0.102021, 0.843943, 1.65399, 1.97533, 1.23143e-06, 1.26653e-06, 6.78998e-06, 0.0166264, 0.11107, 0.590378, 1.99306, 9.37688e-10, 2.07859e-08, 2.9993e-06, 7.66823e-05, 0.0224998, 1.9584, 6.12784e-07, 1.69133e-06, 1.86511e-06, 3.33215e-06, 7.97486e-06, 1.99753e-05, 3.42603e-05, 4.17245e-05, 6.52948e-05, 1.54438e-06, 2.09086e-06, 

4.08985e-08, 4.09063e-08, 0.0100047, 0.08031, 0.156405, 0.45213, 2.45909, 6.07244e-09, 6.21846e-09, 5.83886e-06, 0.132725, 0.843943, 1.65399, 0.932992, 1.23143e-06, 1.26653e-06, 6.78998e-06, 0.000554068, 0.0166264, 1.99306, 0.527882, 9.37688e-10, 2.68213e-09, 2.9993e-06, 7.66823e-05, 0.0224998, 1.27651, 0.419467, 1.69133e-06, 1.86511e-06, 3.33215e-06, 7.97486e-06, 1.99753e-05, 3.42603e-05, 4.17245e-05, 6.52948e-05, 1.54438e-06, 2.09086e-06, 

4.08985e-08, 4.09009e-08, 0.0100047, 0.08031, 0.156405, 0.196062, 1.27822, 6.07244e-09, 6.21846e-09, 5.83886e-06, 0.132725, 0.592237, 0.843943, 1.65399, 1.23143e-06, 1.26653e-06, 0.000554068, 0.0166264, 0.527882, 0.800302, 2.21452, 9.37688e-10, 2.68213e-09, 2.9993e-06, 7.66823e-05, 0.0224998, 0.419467, 0.143417, 1.69133e-06, 1.86511e-06, 3.33215e-06, 7.97486e-06, 1.99753e-05, 3.42603e-05, 4.17245e-05, 6.52948e-05, 1.54438e-06, 2.09086e-06, 

4.08985e-08, 4.09009e-08, 0.08031, 0.0969128, 0.196062, 1.27822, 2.40331, 6.07244e-09, 6.09484e-09, 5.83886e-06, 0.0259505, 0.843943, 1.65399, 1.87359, 1.21556e-06, 1.23143e-06, 0.000554068, 0.0166264, 0.527882, 0.800302, 1.27454, 9.37688e-10, 2.68213e-09, 2.9993e-06, 7.66823e-05, 0.143417, 0.419467, 1.21806, 1.69133e-06, 1.86511e-06, 3.33215e-06, 7.97486e-06, 1.99753e-05, 3.42603e-05, 4.17245e-05, 6.52948e-05, 1.54438e-06, 2.09086e-06, 

4.08974e-08, 4.08985e-08, 0.08031, 0.0969128, 0.196062, 0.979391, 1.10226, 6.07244e-09, 6.09484e-09, 5.83886e-06, 0.0259505, 0.841607, 1.87359, 1.97412, 1.21556e-06, 1.23143e-06, 0.000554068, 0.0166264, 0.527882, 1.27454, 0.394809, 9.37688e-10, 2.68213e-09, 2.9993e-06, 7.66823e-05, 0.143417, 0.419467, 1.79961, 1.69133e-06, 1.86511e-06, 3.33215e-06, 7.97486e-06, 1.99753e-05, 3.42603e-05, 4.17245e-05, 6.52948e-05, 1.54438e-06, 2.09086e-06, 

4.08974e-08, 4.08985e-08, 0.0969128, 0.196062, 0.803058, 0.893487, 1.87527, 4.98336e-09, 6.07244e-09, 0.0259505, 0.715825, 0.841607, 1.97412, 0.906278, 1.21285e-06, 1.21556e-06, 0.000554068, 0.394809, 0.447329, 1.27454, 1.7094, 9.37688e-10, 2.68213e-09, 2.9993e-06, 7.66823e-05, 0.143417, 0.799099, 1.66787, 1.69133e-06, 1.86511e-06, 3.33215e-06, 7.97486e-06, 1.99753e-05, 3.42603e-05, 4.17245e-05, 6.52948e-05, 1.54438e-06, 2.09086e-06, 

4.08973e-08, 4.08974e-08, 0.0969128, 0.803058, 0.893487, 1.87527, 0.316222, 4.98336e-09, 6.07244e-09, 0.0259505, 0.715825, 0.841607, 0.915827, 1.02644, 1.21285e-06, 1.21292e-06, 0.000554068, 0.0295653, 0.394809, 0.447329, 0.91624, 9.37688e-10, 2.68213e-09, 7.66823e-05, 0.143417, 0.799099, 1.66787, 9.96632e-07, 1.69133e-06, 1.86511e-06, 3.33215e-06, 7.97486e-06, 1.99753e-05, 3.42603e-05, 4.17245e-05, 6.52948e-05, 1.54438e-06, 2.09086e-06, 

4.08971e-08, 4.08973e-08, 0.316222, 0.803058, 0.893487, 1.87527, 1.16198, 4.25238e-09, 4.98336e-09, 0.0259505, 0.715825, 0.841607, 0.915827, 0.89149, 1.21285e-06, 1.21292e-06, 0.000554068, 0.0295653, 0.0482721, 0.394809, 0.447329, 9.37688e-10, 2.68213e-09, 9.96632e-07, 7.66823e-05, 0.143417, 0.799099, 1.95985, 1.69133e-06, 1.86511e-06, 3.33215e-06, 7.97486e-06, 1.99753e-05, 3.42603e-05, 4.17245e-05, 6.52948e-05, 1.54438e-06, 2.09086e-06, 

Best:
(-4.32948e-05, )

Fitness Evaluations:
3042

End Population
(-2.859255e-04), (-2.859260e-04), (-2.568988e+01), (5.083353e+01), (4.301695e+01), (-3.653242e+00), (-1.424863e+01), (9.219822e-05), (9.980850e-05), (-6.459589e+00), (4.982565e+01), (5.622718e+01), (1.485969e+00), (1.113554e+01), (-1.557078e-03), (-1.557125e-03), (-3.328190e-02), (-6.478800e+00), (-3.119001e-01), (2.582174e+01), (3.204365e+01), (-4.329480e-05), (7.322284e-05), (-1.411477e-03), (-1.238103e-02), (-5.420426e-01), (-5.650935e+01), (3.372829e+01), (-1.838739e-03), (-1.930898e-03), (-2.580887e-03), (-3.992714e-03), (-6.319075e-03), (-8.275671e-03), (9.132790e-03), (-1.142479e-02), (-1.757050e-03), (-2.044413e-03), 