Iterations: 50
Function Evaluations Limit: 150000
Population: 50

Prides Length: 4

Percent Nomads: 0.2
Percent Roaming: 0.2
Percent Sex: 0.8

Mating Rate: 0.3
Mutation Probability: 0.2
Immigration Rate: 0.4

Dimensions: 1
N-Dimension Space: -100:100

Fitness Iterations:
0.000810682
0.0396326, 2.82572, 1.69651, 2.18998, 0.452351, 2.79043, 0.6329, 1.69221, 0.000810682, 0.258144, 0.487987, 3.26089, 0.175689, 0.96781, 1.05612, 0.638079, 1.586, 1.59128, 4.16719, 1.15476, 2.362, 2.50372, 1.5283, 0.444817, 3.22461, 2.2776, 3.53819, 2.68425, 2.22005, 1.89278, 0.649377, 2.46995, 1.15625, 1.88372, 0.452545, 1.66221, 3.2953, 1.67915, 1.77186, 2.15015, 4.07593, 1.76672, 1.53888, 3.74211, 0.484141, 1.98993, 2.04759, 1.4983, 3.54163, 0.635555, 

0.0396326, 0.0512487, 1.69651, 2.63768, 0.6329, 0.000810682, 1.4614, 0.444817, 1.15476, 0.635555, 0.487987, 0.90187, 0.175689, 0.96781, 0.75216, 0.611908, 0.818084, 1.23176, 0.122799, 1.15625, 0.979337, 1.37426, 1.5283, 1.36846, 1.60935, 2.19415, 2.17856, 1.27634, 1.00941, 1.02027, 0.649377, 0.976895, 0.356843, 0.452545, 2.63768, 1.77186, 1.20146, 0.258144, 0.452351, 1.06856, 1.76672, 1.10532, 0.63515, 1.71509, 1.53929, 1.80918, 1.6473, 0.484141, 1.32999, 1.586, 

0.0396326, 0.0415099, 2.63768, 0.6329, 0.824596, 0.444817, 1.15476, 0.122799, 0.513524, 0.217603, 0.487987, 0.623401, 0.96781, 0.611908, 0.818084, 0.0987968, 0.409488, 0.635555, 0.151159, 0.75216, 0.385247, 1.13047, 1.52303, 1.36846, 2.03829, 2.3972, 1.51535, 1.00941, 0.938334, 0.175689, 0.649377, 0.251939, 0.356843, 0.452545, 1.77186, 1.20146, 0.452351, 0.000810682, 0.258144, 1.02027, 1.10532, 0.90187, 0.786497, 0.979337, 0.0512487, 0.63515, 1.2118, 0.976895, 1.06856, 1.15625, 

0.0396326, 0.0415099, 0.824596, 0.195511, 1.15476, 0.122799, 0.217603, 0.6329, 0.248741, 0.686369, 0.0512487, 0.623401, 0.96781, 0.611908, 0.818084, 0.635555, 0.246585, 0.104235, 0.40067, 0.151159, 0.120704, 0.419339, 0.517525, 1.36846, 2.3972, 0.938334, 0.175689, 0.513524, 1.00941, 0.0565614, 0.151781, 0.251939, 0.356843, 0.452545, 0.452351, 0.000810682, 1.02027, 0.258144, 0.0593175, 0.409488, 0.825599, 0.786497, 0.385247, 0.487987, 0.193587, 0.506022, 0.649377, 0.645832, 1.06856, 1.15625, 

0.0396326, 0.0415099, 1.15476, 0.217603, 0.6329, 1.4944, 1.93012, 0.409488, 0.452545, 0.378671, 0.0512487, 0.385247, 0.96781, 0.818084, 0.246585, 0.104235, 0.151159, 0.134921, 0.356843, 0.175689, 0.120704, 0.419339, 0.517525, 1.36846, 0.0565614, 0.835927, 1.87441, 0.40067, 0.0897449, 0.112207, 0.151781, 0.0932655, 0.000810682, 1.00322, 0.258144, 0.0105984, 1.93946, 0.452351, 0.122799, 0.248741, 0.50603, 0.487987, 0.193587, 0.506022, 0.649377, 0.645832, 0.623401, 0.676874, 0.611908, 0.635555, 

0.0396326, 0.0415099, 0.217603, 0.6329, 0.554342, 1.72819, 0.258022, 0.409488, 0.248741, 0.0565614, 0.0114953, 0.0531251, 0.818084, 0.246585, 0.134921, 0.356843, 0.175689, 0.452545, 0.131944, 0.104235, 0.0918514, 0.00372996, 0.363044, 0.835927, 0.40067, 0.0897449, 0.112207, 0.376221, 0.133575, 0.151159, 0.0932655, 0.100915, 0.000810682, 1.00322, 0.258144, 0.309384, 0.122799, 0.378671, 0.221347, 0.0105984, 0.385247, 0.193587, 0.0512487, 0.183244, 0.120704, 0.383217, 0.396895, 0.141489, 0.522184, 0.611908, 

0.0396326, 0.0415099, 0.217603, 0.581943, 0.554342, 0.248741, 1.40674, 0.378671, 0.175689, 0.122799, 0.0114953, 0.0531251, 0.127398, 0.134921, 0.131944, 0.104235, 1.29706, 0.379285, 0.336528, 0.208588, 0.0918514, 0.00372996, 0.363044, 0.112207, 0.376221, 0.151159, 2.12411, 0.0105984, 0.0897449, 0.133575, 0.0932655, 0.100915, 0.000810682, 0.0370619, 0.309384, 0.221347, 2.51095, 0.258022, 0.0565614, 0.356843, 0.193587, 0.0512487, 0.183244, 0.120704, 0.383217, 0.141489, 0.361687, 0.165163, 0.40067, 0.452545, 

0.0396326, 0.0415099, 0.581943, 0.554342, 0.248741, 0.175689, 0.122799, 0.208588, 0.107672, 0.134921, 0.0114953, 0.0531251, 0.110351, 0.947366, 0.365914, 0.336528, 0.667446, 0.0565614, 0.103268, 0.221347, 0.0918514, 0.00372996, 0.363044, 0.112207, 0.133575, 0.512947, 2.06822, 0.0897449, 0.104235, 0.0105984, 0.0932655, 0.0593475, 0.000810682, 0.0370619, 0.309384, 0.356843, 2.08632, 0.258022, 0.376221, 0.114329, 0.193587, 0.0512487, 0.183244, 0.120704, 0.141489, 0.165163, 0.144889, 0.100915, 0.378671, 0.40067, 

0.0396326, 0.0415099, 0.581943, 0.554342, 0.248741, 0.122799, 0.944724, 0.13275, 0.175689, 0.0458765, 0.0114953, 0.0512487, 0.365914, 0.336528, 0.301867, 0.0565614, 0.553012, 0.103268, 0.133575, 0.0105984, 0.00372996, 0.0292131, 0.363044, 0.512947, 0.0897449, 0.381075, 0.317119, 0.000810682, 0.104235, 0.112207, 0.0841349, 0.0593475, 0.0370619, 0.356843, 0.114329, 0.0453375, 2.62924, 0.107672, 0.0416018, 0.134921, 0.0531251, 0.120704, 0.141489, 0.165163, 0.144889, 0.100915, 0.0932655, 0.0918514, 0.221347, 0.258022, 

0.0396326, 0.0415099, 0.581943, 0.23227, 0.248741, 0.944724, 0.175689, 0.0453375, 0.0565614, 0.114329, 0.0114953, 0.0512487, 0.365914, 0.000474961, 0.0105984, 1.85729, 0.710632, 0.107672, 0.125707, 0.104235, 0.00372996, 0.0292131, 0.144119, 0.512947, 0.0897449, 0.000810682, 0.0173759, 0.13275, 0.122799, 0.112207, 0.0593475, 0.0162835, 0.0370619, 0.356843, 0.134921, 0.805154, 0.0652184, 0.0416018, 0.0396382, 0.0458765, 0.0531251, 0.120704, 0.141489, 0.100915, 0.0932655, 0.0918514, 0.0989231, 0.0841349, 0.133575, 0.221347, 

0.0396326, 0.0415099, 0.166073, 0.0417139, 0.0453375, 0.0565614, 0.114329, 0.0173759, 0.159309, 0.221347, 0.0114953, 0.0400587, 0.000474961, 0.0105984, 1.85729, 0.710632, 0.098709, 0.0396382, 0.0370619, 0.125707, 0.00372996, 0.0292131, 0.144119, 0.0897449, 0.13275, 0.112207, 1.57691, 0.000810682, 0.200157, 0.122799, 0.0593475, 0.0162835, 0.0652184, 0.0416018, 0.00820179, 3.11999, 0.197327, 0.104235, 0.133575, 0.134921, 0.0531251, 0.100915, 0.0932655, 0.0918514, 0.0989231, 0.0841349, 0.0755583, 0.0512487, 0.23227, 0.356843, 

0.0396326, 0.0415099, 0.0417139, 0.0453375, 0.0173759, 0.159309, 0.221347, 0.122799, 0.13275, 0.114329, 0.0114953, 0.0400587, 1.78019, 0.308794, 0.0396382, 0.125707, 1.80102, 0.0897449, 0.000474961, 0.0416018, 0.00372996, 0.0292131, 0.144119, 0.112207, 1.57691, 0.000810682, 1.22082, 0.0105984, 0.104235, 0.0370619, 0.0512487, 0.0162835, 0.0652184, 1.43913, 0.197327, 0.134921, 2.50477, 0.0565614, 0.098709, 0.00820179, 0.0593475, 0.100915, 0.0932655, 0.0918514, 0.0989231, 0.0841349, 0.0755583, 0.0531251, 0.133575, 0.148576, 

0.0396326, 0.0281921, 0.0173759, 0.052881, 0.122799, 0.13275, 0.84161, 0.112207, 0.0417139, 0.114329, 0.0114953, 0.0400587, 0.308794, 0.125707, 0.0523544, 0.808466, 1.06034, 0.0416018, 0.0370619, 0.0652184, 0.00372996, 0.0105939, 0.144119, 0.000810682, 0.0105984, 0.104235, 0.000651595, 0.000474961, 0.00820179, 0.0396382, 0.0512487, 0.0162835, 0.197327, 2.50477, 0.0565614, 0.098709, 2.29851, 0.0897449, 0.00265762, 0.0453375, 0.0593475, 0.100915, 0.0932655, 0.0918514, 0.0989231, 0.0841349, 0.0755583, 0.0531251, 0.133575, 0.134921, 

0.0396326, 0.0281921, 0.0173759, 0.122799, 0.112207, 0.114329, 0.594674, 0.00820179, 0.0417139, 0.041465, 0.0114953, 0.0400587, 0.308794, 0.167471, 0.0370619, 0.0290123, 1.14037, 0.0307725, 0.0416018, 0.0523544, 0.00372996, 0.0105939, 0.144119, 0.104235, 0.000474961, 0.0396382, 1.98499, 0.00265762, 0.125707, 0.0105984, 0.0512487, 0.0162835, 0.0565614, 2.29851, 0.0897449, 0.0453375, 0.184169, 0.000810682, 0.000651595, 0.052881, 0.0593475, 0.100915, 0.0932655, 0.0918514, 0.0989231, 0.0841349, 0.0755583, 0.0531251, 0.13275, 0.133575, 

0.0396326, 0.0281921, 0.122799, 0.0417139, 0.041465, 1.46643, 0.406413, 0.052881, 0.0173759, 0.0565614, 0.0114953, 0.0400587, 0.167471, 0.0370619, 1.14037, 0.0523544, 1.71668, 0.0888091, 0.0897449, 0.00265762, 0.00372996, 0.0105939, 0.000474961, 0.0396382, 0.806882, 0.0105984, 1.50887, 0.0519625, 0.0416018, 0.0290123, 0.0512487, 0.0162835, 2.29851, 0.0453375, 0.184169, 0.000651595, 1.93777, 0.000810682, 0.00820179, 0.0307725, 0.0593475, 0.100915, 0.0932655, 0.0918514, 0.0989231, 0.0841349, 0.0755583, 0.0531251, 0.0901166, 0.114329, 

0.00216563, 0.0281921, 0.122799, 0.0417139, 1.46643, 0.0565614, 1.4484, 0.0105984, 0.0523544, 0.0290123, 0.0114953, 0.0400587, 1.14037, 0.0897449, 0.00265762, 1.91627, 2.50901, 0.0453375, 0.0888091, 0.041465, 0.00300895, 0.0105939, 0.000474961, 0.0396382, 0.00235904, 0.0416018, 0.0503652, 0.114329, 0.0307725, 0.052881, 0.0512487, 0.0162835, 0.000651595, 0.000810682, 0.00820179, 0.992292, 0.549257, 0.0173759, 0.0901166, 0.0370619, 0.0593475, 0.0932655, 0.0918514, 0.0841349, 0.0755583, 0.0531251, 0.0689751, 0.0784061, 0.167471, 0.184169, 

0.00216563, 0.0179485, 0.122799, 0.0417139, 0.0565614, 0.382485, 0.0290123, 0.041465, 0.0523544, 0.0396382, 0.0114953, 0.0400587, 0.0897449, 0.00265762, 1.44586, 0.0453375, 3.59279, 0.0105984, 0.00820179, 0.000651595, 0.00260403, 0.0105939, 0.000474961, 0.0416018, 0.0503652, 0.0307725, 0.052881, 0.0888091, 0.114329, 0.0472089, 0.0162835, 0.0025757, 0.000810682, 0.549257, 0.0173759, 0.0370619, 0.0612577, 0.00235904, 0.0901166, 0.167471, 0.0593475, 0.0918514, 0.0841349, 0.0755583, 0.0531251, 0.0689751, 0.0784061, 0.0281921, 0.184169, 0.564982, 

0.00216563, 0.0162835, 0.0417139, 0.0565614, 0.0975373, 0.0523544, 0.0396382, 0.0105984, 0.0612577, 0.0453375, 0.0114953, 0.0400587, 0.00265762, 2.63768, 0.00820179, 0.000651595, 1.44388, 0.0897449, 0.041465, 0.000474961, 0.00260403, 0.0105939, 0.0416018, 0.0503652, 0.0307725, 0.114329, 0.0472089, 0.100827, 0.0888091, 0.0290123, 0.0025757, 0.0119095, 0.000810682, 0.0370619, 0.00235904, 0.167471, 1.8866, 0.0173759, 0.052881, 0.0901166, 0.0593475, 0.0841349, 0.0755583, 0.0531251, 0.0689751, 0.0784061, 0.0281921, 0.0179485, 0.122799, 0.184169, 

0.00216563, 0.0104175, 0.0523544, 0.0396382, 0.0105984, 0.0612577, 0.988336, 0.0503652, 0.041465, 0.0290123, 0.0114953, 0.0179485, 2.63768, 0.00820179, 1.44388, 0.0897449, 0.107502, 0.000651595, 0.0370619, 0.000474961, 0.00260403, 0.0105939, 0.0416018, 0.0307725, 0.114329, 0.0472089, 0.988118, 0.0173759, 0.0453375, 0.00265762, 0.0025757, 0.0119095, 0.000810682, 0.00235904, 0.052881, 1.9226, 0.80258, 0.0417139, 0.0888091, 0.0565614, 0.0593475, 0.0755583, 0.0531251, 0.0689751, 0.0784061, 0.0281921, 0.0400587, 0.0162835, 0.0901166, 0.0975373, 

0.00216563, 0.0104175, 0.0523544, 0.0396382, 0.0105984, 0.0612577, 0.988336, 0.0147672, 0.0416018, 0.0417139, 0.0114953, 0.0162835, 1.44388, 0.0897449, 0.0370619, 0.666902, 1.47253, 0.000474961, 0.0503652, 0.00235904, 0.00260403, 0.0105939, 0.0307725, 0.114329, 0.988118, 0.0173759, 0.00265762, 0.00820179, 0.0472089, 0.000651595, 0.00156049, 0.0119095, 0.000810682, 0.052881, 0.0888091, 0.0565614, 1.65241, 0.041465, 0.0290123, 0.0901166, 0.0593475, 0.0755583, 0.0531251, 0.0689751, 0.0784061, 0.0281921, 0.0400587, 0.0179485, 0.0975373, 0.107502, 

0.00216563, 0.0104175, 0.0523544, 0.0396382, 0.0103861, 0.0416018, 0.0417139, 0.0612577, 0.00235904, 0.107502, 0.0114953, 0.0162835, 0.0897449, 0.0370619, 0.0503652, 0.529021, 1.85952, 0.0901166, 0.000474961, 0.114329, 0.00260403, 0.0105939, 0.0173759, 0.00820179, 0.000651595, 1.28132, 2.28917, 0.0147672, 0.0307725, 0.0472089, 0.00156049, 0.0119095, 0.000810682, 0.052881, 0.0888091, 0.0565614, 0.041465, 0.0290123, 0.0975373, 0.00265762, 0.0593475, 0.0755583, 0.0531251, 0.0689751, 0.0281921, 0.0400587, 0.0179485, 0.053404, 0.666902, 0.72032, 

0.00216563, 0.0104175, 0.0396382, 0.0103861, 0.0612577, 0.107502, 1.87849, 0.00999937, 0.00265762, 0.0370619, 0.0114953, 0.0162835, 0.0897449, 0.0503652, 0.529021, 0.0218852, 0.000474961, 0.114329, 0.0417139, 0.0416018, 0.00260403, 0.0105939, 0.0173759, 0.00820179, 0.000651595, 0.35245, 0.0472089, 0.0888091, 0.0975373, 0.0523544, 0.00156049, 0.0119095, 0.000810682, 0.0565614, 0.041465, 0.0290123, 0.122471, 0.0307725, 0.00235904, 0.0147672, 0.0593475, 0.0531251, 0.0689751, 0.0281921, 0.0400587, 0.0179485, 0.053404, 0.0574891, 0.629911, 0.666902, 

0.00216563, 0.0104175, 0.0612577, 0.107502, 0.0370619, 0.429077, 0.879093, 0.0472089, 0.0103861, 0.0218852, 0.0114953, 0.0162835, 0.0897449, 0.0503652, 0.529021, 0.0416018, 0.58014, 0.0147672, 0.0396382, 0.0307725, 0.00260403, 0.0105939, 0.0173759, 0.00820179, 0.000651595, 0.35245, 1.96944, 0.00265762, 0.000474961, 0.0417139, 0.00156049, 0.0119095, 0.0565614, 0.041465, 0.0290123, 0.00235904, 1.98303, 0.000810682, 0.00999937, 0.0523544, 0.0593475, 0.0531251, 0.0281921, 0.0400587, 0.0179485, 0.053404, 0.0574891, 0.0476962, 0.0888091, 0.0975373, 

0.00216563, 0.0104175, 0.0612577, 0.879093, 0.0103861, 0.703201, 0.32355, 0.00235904, 0.0173759, 0.0352081, 0.0114953, 0.0162835, 0.0416018, 0.58014, 0.0396382, 0.0307725, 1.18331, 0.0523544, 0.0472089, 0.0147672, 0.00260403, 0.0105939, 0.00820179, 0.00902593, 0.0417139, 0.737124, 0.927069, 0.00265762, 0.000474961, 0.0370619, 0.00156049, 0.0119095, 0.041465, 0.0290123, 1.98303, 0.000810682, 0.00999937, 0.000651595, 0.0503652, 0.0218852, 0.0395125, 0.0531251, 0.0281921, 0.0400587, 0.0179485, 0.053404, 0.0574891, 0.0476962, 0.0565614, 0.0888091, 

0.00216563, 0.00225706, 0.0612577, 0.522538, 0.32355, 0.0173759, 0.126155, 0.0103861, 0.00235904, 0.03137, 0.0114953, 0.0162835, 0.163941, 0.0307725, 1.18331, 1.10126, 2.12061, 0.000474961, 0.00265762, 0.00999937, 0.00260403, 0.0105939, 0.00820179, 0.927069, 0.0370619, 1.87565, 0.0293856, 0.000810682, 0.0147672, 0.0416018, 0.00156049, 0.0104175, 0.0290123, 0.000651595, 0.0218852, 0.273411, 1.8577, 0.041465, 0.0396382, 0.00902593, 0.0395125, 0.0531251, 0.0281921, 0.0400587, 0.0179485, 0.0476962, 0.0119095, 0.0196933, 0.0417139, 0.0472089, 

0.00216563, 0.00225706, 0.0612577, 0.126155, 0.0103861, 0.00235904, 0.000771255, 0.03137, 0.00999937, 0.0218852, 0.0114953, 0.0162835, 0.163941, 2.12061, 0.000474961, 0.00265762, 1.7595, 0.0147672, 0.0173759, 0.0310099, 0.00260403, 0.0105939, 0.00820179, 0.0667506, 0.0370619, 0.000810682, 0.0265191, 0.0417139, 0.0307725, 0.041465, 0.00156049, 0.0104175, 0.0290123, 0.0396382, 0.00902593, 1.48558, 0.0159277, 0.0416018, 0.0293856, 0.000651595, 0.0395125, 0.0281921, 0.0400587, 0.0179485, 0.0476962, 0.0119095, 0.0196933, 0.0102368, 0.0472089, 0.273411, 

0.00216563, 0.00225706, 0.0612577, 0.126155, 0.000771255, 1.07692, 0.149742, 0.00902593, 0.0173759, 0.0307725, 0.0102368, 0.0119095, 0.163941, 0.000474961, 0.00265762, 0.0310099, 1.13453, 0.0218852, 0.0290123, 0.00235904, 0.00260403, 0.0105939, 0.0667506, 0.0370619, 0.0265191, 0.0417139, 1.2884, 0.00820179, 0.0159277, 0.000810682, 0.00156049, 0.0104175, 1.48558, 0.0416018, 0.0293856, 0.000651595, 1.57953, 0.0147672, 0.0103861, 0.00999937, 0.0395125, 0.0281921, 0.0400587, 0.0179485, 0.0476962, 0.0162835, 0.0196933, 0.0114953, 0.03137, 0.0396382, 

0.00216563, 0.00225706, 0.0612577, 0.126155, 0.000771255, 1.07692, 0.0307725, 0.0173759, 0.03137, 0.000474961, 0.0102368, 0.0119095, 0.00265762, 1.13453, 0.0290123, 0.870706, 3.10999, 0.0310099, 0.00273222, 0.0103861, 0.000298935, 0.0105939, 0.0370619, 0.0265191, 0.277069, 0.000810682, 1.75022, 0.0293856, 0.00999937, 0.0218852, 0.00156049, 0.0104175, 0.841738, 0.0416018, 0.000651595, 0.0147672, 2.54577, 0.00820179, 0.00235904, 0.00902593, 0.0395125, 0.0281921, 0.0400587, 0.0179485, 0.0476962, 0.0162835, 0.0196933, 0.0114953, 0.0396382, 0.0417139, 

0.00216563, 0.00225706, 0.126155, 0.77122, 0.0307725, 0.03137, 2.01375, 0.0103861, 0.00999937, 0.010351, 0.0102368, 0.0119095, 0.0290123, 0.870706, 0.0310099, 0.00273222, 0.749428, 0.0218852, 0.000771255, 0.000474961, 0.000298935, 0.0105939, 0.053604, 0.000810682, 1.70629, 0.0141202, 1.9261, 0.0147672, 0.00902593, 0.0265191, 0.00156049, 0.0104175, 0.841738, 0.000651595, 0.00820179, 0.00235904, 0.876103, 0.00265762, 0.0104074, 0.0173759, 0.0395125, 0.0281921, 0.0400587, 0.0179485, 0.0162835, 0.0196933, 0.0114953, 0.0380141, 0.0293856, 0.0370619, 

0.00216563, 0.00225706, 0.126155, 0.0307725, 0.0103861, 1.93143, 1.32259, 0.0290123, 0.00273222, 0.0104074, 0.0102368, 0.0119095, 0.0310099, 0.0218852, 0.000771255, 1.93562, 1.86669, 0.00265762, 0.000474961, 0.0265191, 0.000298935, 0.0105939, 1.70629, 0.0141202, 0.0147672, 0.0122057, 0.247295, 0.00999937, 0.00820179, 0.000810682, 0.00156049, 0.0104175, 0.000651595, 0.00235904, 0.876103, 0.0173759, 0.355139, 0.0293856, 0.00902593, 0.010351, 0.0395125, 0.0281921, 0.0400587, 0.0179485, 0.0162835, 0.0196933, 0.0114953, 0.0380141, 0.03137, 0.0370619, 

0.00216563, 0.00224292, 0.126155, 0.0103861, 0.350666, 0.0104074, 2.05286, 0.0141202, 0.010351, 0.00273222, 0.0102368, 0.0119095, 0.0218852, 1.93562, 0.00265762, 0.0265191, 0.952654, 0.000771255, 0.0147672, 0.000474961, 0.000298935, 0.0105939, 1.33148, 0.0122057, 0.00999937, 0.000810682, 0.961345, 0.000668344, 0.00820179, 0.0290123, 0.000406466, 0.0104175, 0.000651595, 0.00235904, 0.876103, 0.0173759, 0.355139, 0.00902593, 0.0307725, 0.0293856, 0.0281921, 0.0179485, 0.0162835, 0.0196933, 0.0114953, 0.0380141, 0.0350681, 0.025889, 0.0310099, 0.03137, 

0.00216563, 0.00224292, 0.350666, 0.286087, 0.010351, 0.00273222, 0.220108, 0.0103861, 0.0265191, 0.00265762, 0.0102368, 0.0114953, 0.952654, 0.000771255, 0.0147672, 0.623526, 0.0183123, 0.000474961, 0.0141202, 0.000810682, 0.000298935, 0.0105939, 1.33148, 0.00999937, 0.000668344, 0.00820179, 0.870654, 0.000651595, 0.0122057, 0.0218852, 0.000406466, 0.0104175, 0.00235904, 0.0173759, 0.0742994, 0.0293856, 0.336152, 0.00902593, 0.0104074, 0.0290123, 0.0281921, 0.0179485, 0.0162835, 0.0196933, 0.0119095, 0.0380141, 0.0350681, 0.025889, 0.0307725, 0.0310099, 

0.00216563, 0.00224292, 0.00273222, 0.220108, 0.0103861, 0.0265191, 1.99685, 0.00902593, 0.000771255, 0.00265762, 0.00173433, 0.0114953, 0.0147672, 0.0141202, 0.000810682, 1.80682, 3.44285, 0.00235904, 0.000651595, 0.0122057, 7.85418e-05, 0.0105939, 1.33148, 0.00999937, 0.000668344, 0.0218852, 0.216339, 0.000474961, 0.0183123, 0.00820179, 0.000406466, 0.0104175, 0.0173759, 0.336152, 0.0104074, 0.643761, 0.623436, 0.0293856, 0.010351, 0.0290123, 0.0281921, 0.0179485, 0.0162835, 0.0196933, 0.0119095, 0.0380141, 0.0350681, 0.025889, 0.0307725, 0.0310099, 

0.00216563, 0.00224292, 0.00273222, 0.220108, 0.0265191, 1.99685, 0.00902593, 0.010351, 0.0122057, 0.000474961, 0.000937913, 0.0114953, 0.0147672, 0.000810682, 0.00235904, 0.000651595, 1.70256, 0.0293856, 0.000668344, 0.00820179, 7.85418e-05, 0.00989343, 1.33148, 0.00999937, 0.0218852, 0.0183123, 0.756267, 0.0103861, 0.0310099, 0.000771255, 0.000406466, 0.0103781, 0.0173759, 0.0104074, 0.0290123, 0.095942, 0.636511, 0.0307725, 0.00265762, 0.0141202, 0.0281921, 0.0179485, 0.0162835, 0.0196933, 0.0119095, 0.0380141, 0.0350681, 0.025889, 0.0935521, 0.216339, 

0.00216563, 0.00224292, 0.00273222, 0.010351, 0.0122057, 0.000474961, 0.499834, 0.0290123, 0.000771255, 0.000651595, 0.000937913, 0.0114953, 0.0147672, 0.000810682, 0.00235904, 0.0293856, 0.404933, 0.0265191, 0.0935521, 0.0183123, 7.85418e-05, 0.00989343, 1.33148, 0.0218852, 0.0103861, 0.0310099, 1.14239, 0.00902593, 0.000668344, 0.0173759, 0.000406466, 0.0103781, 0.0104074, 0.636511, 0.0307725, 0.00265762, 0.360743, 0.0141202, 0.00820179, 0.00999937, 0.0281921, 0.0179485, 0.0162835, 0.0196933, 0.0119095, 0.0380141, 0.0350681, 0.025889, 0.0938078, 0.095942, 

0.00216563, 0.00221436, 0.00273222, 0.0290123, 0.000771255, 1.55112, 0.00247866, 0.0147672, 0.0122057, 0.00999937, 4.78525e-05, 0.0114953, 0.00235904, 0.0293856, 0.0265191, 0.0183123, 0.18852, 0.000651595, 0.00902593, 0.0218852, 7.85418e-05, 0.00242865, 1.33148, 0.0103861, 0.000668344, 0.0173759, 2.00806, 0.000474961, 0.010351, 0.000810682, 0.000406466, 0.0103781, 0.0104074, 0.360743, 0.0141202, 0.793862, 1.75342, 0.00265762, 0.00820179, 0.0307725, 0.0281921, 0.0179485, 0.0162835, 0.0196933, 0.0119095, 0.0350681, 0.025889, 0.00989343, 0.0310099, 0.0935521, 

0.00216563, 0.00103619, 0.00273222, 0.0135361, 0.000771255, 0.0122057, 0.366939, 0.00247866, 0.0307725, 0.000810682, 4.78525e-05, 0.00989343, 0.00235904, 0.0293856, 0.00902593, 0.0218852, 1.14748, 0.00999937, 0.010351, 0.0141202, 7.85418e-05, 0.00242865, 0.0103861, 0.000668344, 0.0173759, 0.000474961, 2.00495, 0.000651595, 0.00820179, 0.0147672, 0.000406466, 0.0103781, 0.131942, 0.44615, 0.00265762, 1.95861, 1.12289, 0.0104074, 0.0265191, 0.0183123, 0.0281921, 0.0179485, 0.0162835, 0.0196933, 0.0119095, 0.0350681, 0.025889, 0.0114953, 0.0310099, 0.0935521, 

0.00216563, 0.00103619, 0.00273222, 0.0122057, 0.366939, 0.0307725, 0.000810682, 0.0141202, 0.0310099, 0.00247866, 4.78525e-05, 0.00989343, 0.00235904, 0.0218852, 0.00999937, 0.010351, 1.90094, 0.00820179, 0.00902593, 0.0147672, 7.85418e-05, 0.000398054, 0.0103861, 0.000668344, 0.000474961, 1.21634, 0.000651595, 0.0104074, 0.00265762, 0.0173759, 0.000406466, 0.0103781, 1.95861, 1.12289, 0.0265191, 0.0183123, 0.703057, 0.0293856, 0.0116814, 0.000771255, 0.0281921, 0.0179485, 0.0162835, 0.0196933, 0.0119095, 0.0350681, 0.025889, 0.0114953, 0.0935521, 0.131942, 

0.00216563, 0.00103619, 0.0122057, 0.322063, 0.0141202, 1.24613, 2.28424, 0.0104074, 0.00999937, 0.00235904, 4.78525e-05, 0.00989343, 0.0218852, 0.00820179, 0.00902593, 0.0147672, 2.14104, 0.0183123, 0.0265191, 0.000474961, 7.85418e-05, 0.000398054, 0.0103861, 1.21634, 0.00265762, 0.0173759, 1.2447, 0.00247866, 0.000668344, 0.000651595, 0.000406466, 0.0103781, 1.12289, 0.703057, 0.0293856, 0.0116814, 0.000771255, 0.00273222, 0.000810682, 0.010351, 0.0281921, 0.0179485, 0.0162835, 0.0196933, 0.0119095, 0.0350681, 0.025889, 0.0114953, 0.0307725, 0.0310099, 

0.00216563, 0.00103619, 0.0122057, 0.322063, 0.171114, 0.00999937, 1.54436, 0.000668344, 0.00273222, 0.00247866, 4.78525e-05, 0.00989343, 0.00820179, 0.00902593, 1.93949, 0.0183123, 2.00272, 0.0103861, 0.000474961, 0.0141202, 7.85418e-05, 0.000398054, 0.749745, 0.00265762, 0.0173759, 1.2447, 1.11453, 0.0104074, 0.00235904, 0.0147672, 0.000406466, 0.0103781, 0.0116814, 0.000771255, 0.010351, 2.01074, 1.27379, 0.000810682, 0.0218852, 0.000651595, 0.0281921, 0.0179485, 0.0162835, 0.0196933, 0.0119095, 0.0350681, 0.025889, 0.0114953, 0.0265191, 0.0293856, 

0.00216563, 0.00103619, 0.171114, 1.54436, 0.00273222, 0.00247866, 0.914613, 0.0116814, 0.00999937, 0.0141902, 4.78525e-05, 0.00530429, 0.00902593, 1.38582, 0.0103861, 0.0141202, 2.01084, 0.000668344, 0.000810682, 0.000474961, 7.85418e-05, 0.000398054, 0.749745, 0.00265762, 1.11453, 0.00235904, 0.00399342, 0.010351, 0.0104074, 0.0122057, 0.000406466, 0.0102794, 1.54619, 0.0218852, 0.000651595, 1.77296, 1.39229, 0.000771255, 0.0147672, 0.00820179, 0.0281921, 0.0179485, 0.0162835, 0.0196933, 0.0119095, 0.025889, 0.0114953, 0.00989343, 0.0173759, 0.0183123, 

0.00216563, 0.00103619, 1.54436, 0.00247866, 0.0116814, 0.00999937, 1.91329, 0.0141902, 0.000651595, 0.00820179, 4.78525e-05, 1.06916e-05, 0.00902593, 0.0141202, 0.000668344, 0.000474961, 0.949866, 0.010351, 0.00273222, 0.0183123, 7.85418e-05, 0.000398054, 0.00265762, 0.00235904, 0.00399342, 0.0122057, 0.858126, 0.0725231, 0.000810682, 0.0103861, 0.000406466, 0.00989343, 1.54619, 0.0218852, 0.000771255, 0.0147672, 0.520866, 1.50893e-06, 0.0104074, 0.0173759, 0.0179485, 0.0162835, 0.0196933, 0.0119095, 0.025889, 0.0114953, 0.0102794, 0.00530429, 0.0838566, 0.171114, 

0.000220154, 0.00025582, 1.22042, 0.00247866, 1.91329, 0.000651595, 0.00820179, 0.00999937, 0.00235904, 1.50893e-06, 4.78525e-05, 1.06916e-05, 0.00902593, 0.0141202, 0.949866, 0.0183123, 1.98536, 0.00399342, 0.010351, 0.000810682, 7.85418e-05, 0.000398054, 0.00265762, 0.858126, 0.0103861, 0.979264, 1.17417, 0.000331604, 0.000668344, 0.0104074, 0.000406466, 0.00530429, 1.54619, 0.0218852, 0.520866, 0.0173759, 1.63643, 0.000474961, 0.000771255, 0.00273222, 0.0179485, 0.0162835, 0.0196933, 0.0119095, 0.0114953, 0.0102794, 0.00989343, 0.00103619, 0.0116814, 0.0122057, 

0.000220154, 0.00025582, 1.05122, 0.00820179, 0.00999937, 1.50893e-06, 2.01475, 0.0173759, 4.14621e-05, 0.010351, 4.78525e-05, 1.06916e-05, 0.00902593, 0.0141202, 1.98536, 0.00399342, 0.000810682, 0.00235904, 0.000668344, 0.0183123, 7.85418e-05, 0.000398054, 0.00265762, 0.858126, 1.17417, 1.72784, 1.50246, 0.0122057, 0.0104074, 0.0116814, 0.000406466, 0.00530429, 0.0218852, 0.520866, 0.000474961, 0.000771255, 0.00273222, 0.000331604, 0.00247866, 0.0103861, 0.0179485, 0.0162835, 0.0196933, 0.0119095, 0.0114953, 0.0102794, 0.00989343, 0.00103619, 0.0896083, 0.733638, 

1.11008e-05, 0.00025582, 0.00820179, 1.50893e-06, 1.7628, 0.010351, 0.0867502, 0.00273222, 0.000810682, 0.0104074, 3.06657e-05, 1.06916e-05, 0.0141202, 0.00235904, 0.000668344, 0.0183123, 0.872843, 0.00902593, 0.00399342, 0.0103861, 7.85418e-05, 0.000285809, 0.00265762, 0.858126, 1.72784, 1.50246, 1.09754, 0.0116814, 0.0173759, 0.00999937, 0.000406466, 0.00103619, 0.0218852, 0.000474961, 0.000771255, 0.000331604, 0.313246, 0.00247866, 4.14621e-05, 0.0122057, 0.0179485, 0.0162835, 0.0196933, 0.0119095, 0.0114953, 0.0102794, 0.00989343, 0.00192435, 0.0896083, 0.244815, 

1.11008e-05, 0.00025582, 1.7628, 0.010351, 0.0867502, 0.00273222, 0.0397717, 0.00820179, 0.00902593, 0.0116814, 3.06657e-05, 1.06916e-05, 0.0141202, 0.00235904, 0.000668344, 0.872843, 2.05051, 0.00265762, 0.00399342, 0.000579843, 7.85418e-05, 0.000285809, 0.858126, 1.72784, 1.50246, 0.0173759, 0.00999937, 0.0103861, 0.000474961, 0.000810682, 0.000406466, 0.00103619, 0.0218852, 0.000771255, 0.000331604, 0.313246, 4.14621e-05, 0.00247866, 0.0104074, 1.50893e-06, 0.0179485, 0.0162835, 0.0196933, 0.0119095, 0.0114953, 0.0102794, 0.00989343, 0.00192435, 0.0122057, 0.0183123, 

1.11008e-05, 9.31816e-05, 1.7628, 0.00273222, 0.00820179, 0.0116814, 0.503723, 0.000331604, 0.00235904, 0.00403575, 3.06657e-05, 1.06916e-05, 0.0141202, 0.000668344, 0.00399342, 0.000579843, 4.34149, 0.0103861, 0.0122057, 0.0218852, 7.85418e-05, 0.000285809, 0.858126, 1.50246, 0.0173759, 0.00999937, 1.58661, 0.000474961, 1.50893e-06, 0.0183123, 2.94064e-05, 0.000975625, 0.000771255, 4.14621e-05, 0.00247866, 0.0104074, 1.21814, 0.00265762, 0.010351, 0.000810682, 0.0179485, 0.0162835, 0.0196933, 0.0119095, 0.0114953, 0.0102794, 0.00989343, 0.00192435, 0.0397717, 0.0867502, 

1.11008e-05, 9.31816e-05, 1.53448, 0.00273222, 0.0116814, 0.503723, 0.00235904, 0.00820179, 0.000331604, 0.00399342, 3.06657e-05, 2.09329e-07, 0.0141202, 0.000668344, 0.000579843, 0.0218852, 0.266053, 0.0122057, 0.00999937, 0.0103861, 7.85418e-05, 0.000285809, 0.858126, 1.50246, 0.0173759, 1.50893e-06, 1.86841, 4.14621e-05, 0.000474961, 0.000771255, 4.64404e-06, 0.000975625, 0.00247866, 0.0104074, 0.010351, 0.000810682, 1.09333, 0.0183123, 0.00265762, 0.00403575, 0.0179485, 0.0162835, 0.0196933, 0.0119095, 0.0114953, 0.0102794, 0.00989343, 0.00192435, 0.0397717, 0.0867502, 

1.11008e-05, 9.31816e-05, 0.00273222, 0.00235904, 0.000331604, 0.00399342, 1.73918, 0.0218852, 0.000474961, 0.0116814, 3.06657e-05, 2.09329e-07, 0.0141202, 0.000579843, 0.266053, 0.0122057, 0.0103861, 0.010351, 1.50893e-06, 0.000810682, 7.85418e-05, 0.000285809, 0.593484, 0.0173759, 4.14621e-05, 0.000771255, 0.046703, 0.0397717, 0.00820179, 0.00999937, 4.64404e-06, 0.000490964, 0.00247866, 0.0104074, 0.631461, 0.0183123, 0.00265762, 0.00403575, 0.000529508, 0.000668344, 0.0162835, 0.0119095, 0.0114953, 0.0102794, 0.00989343, 0.00192435, 0.0116536, 0.000975625, 0.0867502, 0.503723, 

1.11008e-05, 9.31816e-05, 0.00273222, 0.00399342, 0.000474961, 0.0116814, 2.09649, 4.14621e-05, 0.000579843, 0.000810682, 3.06657e-05, 2.09329e-07, 0.0141202, 0.0122057, 0.0103861, 1.50893e-06, 1.3653, 0.000529508, 0.010351, 0.0104074, 7.85418e-05, 0.000285809, 0.381266, 0.046703, 0.00820179, 1.8611, 0.103771, 0.000331604, 0.000771255, 0.0173759, 4.64404e-06, 0.000490964, 0.00247866, 0.00403575, 0.000668344, 0.824251, 0.356977, 0.00235904, 0.00999937, 0.00265762, 0.0162835, 0.0119095, 0.0114953, 0.0102794, 0.00989343, 0.00192435, 0.0116536, 0.000975625, 0.0183123, 0.0218852, 

1.11008e-05, 9.31816e-05, 0.0158309, 4.14621e-05, 0.000579843, 0.000810682, 0.861175, 0.00265762, 0.00247866, 0.000771255, 3.06657e-05, 1.58459e-07, 0.0122057, 0.0103861, 0.000529508, 0.0104074, 0.000165755, 0.000331604, 0.00820179, 0.000474961, 7.85418e-05, 0.000161465, 0.381266, 0.046703, 1.8611, 0.103771, 0.0173759, 0.00403575, 1.50893e-06, 0.00273222, 4.64404e-06, 0.000490964, 0.000668344, 0.356977, 0.00235904, 0.00999937, 1.57114, 0.00399342, 0.010351, 0.0116814, 0.0119095, 0.0114953, 0.0102794, 0.00989343, 0.00192435, 0.0116536, 0.000975625, 0.000285809, 0.0141202, 0.0183123, 

Best:
0.000562814	

Fitness Evaluations:
3499

End Population
(4.710680e-03), (-1.364818e-02), (6.170776e+00), (-9.104032e-03), (-3.404730e-02), (-4.025881e-02), (1.116640e+01), (7.290364e-02), (7.040512e-02), (-3.926751e-02), (-7.829502e-03), (5.628141e-04), (-6.211620e+00), (6.312331e+00), (-3.253582e-02), (-6.312985e+00), (-1.820314e-02), (-2.574708e-02), (-1.281320e-01), (3.081433e-02), (1.253025e-02), (-1.796603e-02), (9.034070e-01), (6.552213e+00), (-2.274097e+01), (1.292046e+01), (6.402650e+00), (8.984933e-02), (1.736763e-03), (7.392018e-02), (-3.046875e-03), (-3.132918e-02), (3.655364e-02), (1.958884e+01), (6.868468e-02), (6.263636e+00), (1.042039e+01), (8.937647e-02), (-6.248865e+00), (6.219770e+00), (6.343988e+00), (6.222943e+00), (-6.308838e+00), (6.272463e+00), (6.203225e-02), (6.220234e+00), (-4.416550e-02), (2.390312e-02), (-6.187775e+00), (1.916208e-01), 