Iterations: 50
Function Evaluations Limit: 150000
Population: 50

Prides Length: 4

Percent Nomads: 0.2
Percent Roaming: 0.2
Percent Sex: 0.8

Mating Rate: 0.3
Mutation Probability: 0.2
Immigration Rate: 0.4

Dimensions: 1
N-Dimension Space: -100:100

Fitness Iterations:
0.140659
2.15578, 0.934009, 1.96471, 0.425409, 3.92684, 1.27448, 1.14029, 1.41624, 1.76937, 1.24676, 1.90012, 1.20253, 3.70998, 3.04711, 0.602209, 1.33038, 3.13661, 1.58771, 2.0933, 1.44854, 1.16821, 0.140659, 1.86486, 0.633318, 1.13372, 1.73617, 3.17172, 1.78796, 1.86144, 1.48998, 1.01173, 3.20465, 3.46637, 1.56137, 0.575199, 0.257503, 2.7087, 1.95081, 2.77453, 2.34423, 2.90198, 2.07556, 2.6203, 1.94864, 2.12611, 1.33024, 1.1512, 0.830576, 2.61833, 1.85645, 

0.165067, 0.683438, 0.425409, 2.32906, 1.41624, 1.76937, 0.684903, 0.386708, 0.0836888, 0.575199, 0.20139, 0.237284, 0.370888, 1.33038, 0.859735, 1.13634, 1.22823, 1.455, 0.803187, 0.0957649, 0.485903, 0.140659, 0.633318, 0.110453, 1.73617, 1.99183, 1.01808, 1.17489, 1.48998, 1.28347, 0.830576, 1.14231, 2.63768, 0.257503, 0.636298, 1.95081, 3.74698, 0.460953, 0.602209, 0.873824, 1.16821, 1.33024, 1.09015, 1.01173, 1.45068, 1.20253, 0.406344, 1.75647, 1.56137, 1.61231, 

0.165067, 0.258649, 2.20874, 1.41624, 0.386708, 0.0836888, 2.21918, 0.158582, 0.483226, 0.257503, 0.20139, 0.237284, 0.370888, 1.13634, 1.22823, 1.455, 0.0957649, 0.110453, 0.37733, 0.655605, 0.485903, 0.140659, 1.73617, 0.472269, 1.28347, 0.530998, 1.69815, 0.425409, 0.575199, 0.662792, 0.665642, 0.826754, 2.63768, 0.636298, 0.602209, 0.873824, 2.29937, 0.460953, 0.543059, 0.633318, 1.16821, 0.683438, 1.01173, 1.20253, 0.56058, 0.406344, 0.555911, 1.14231, 0.722344, 1.01808, 

0.165067, 0.20139, 0.258259, 0.970936, 0.158582, 0.257503, 1.06227, 0.386708, 0.722344, 0.37733, 0.0454827, 0.161473, 0.370888, 0.0957649, 0.110453, 0.655605, 1.90137, 0.359025, 0.242261, 0.873824, 0.485903, 0.140659, 1.73617, 0.472269, 0.504142, 0.662792, 0.913656, 0.575199, 0.602209, 0.483226, 0.56058, 0.507532, 0.866235, 0.636298, 0.452646, 0.543059, 2.26241, 0.633318, 0.0836888, 0.425409, 0.364531, 0.665642, 0.406344, 0.555911, 0.237284, 0.258649, 0.630376, 0.826754, 0.961737, 1.01808, 

0.165067, 0.20139, 0.158582, 0.257503, 0.386708, 1.4957, 0.185652, 0.37733, 0.112722, 0.242261, 0.0454827, 0.161473, 0.0957649, 0.655605, 0.359025, 0.873824, 0.752733, 0.0836888, 0.501793, 0.575199, 0.237284, 0.140659, 0.504142, 0.662792, 0.602209, 0.483226, 1.56835, 0.110453, 0.452646, 0.720602, 0.555911, 0.507532, 0.636298, 0.543059, 1.85156, 0.210562, 0.482141, 0.370888, 0.472269, 0.250603, 0.364531, 0.665642, 0.485903, 0.56058, 0.406344, 0.258649, 0.630376, 0.626643, 0.722344, 0.806069, 

0.140659, 0.18135, 0.158582, 0.257503, 0.344088, 0.242261, 0.122169, 0.370888, 0.0836888, 0.210562, 0.0454827, 0.161473, 0.0957649, 0.873824, 0.752733, 0.0883647, 0.179403, 0.543059, 0.56873, 0.112722, 8.54203e-05, 0.0416972, 0.295307, 0.662792, 0.602209, 0.405409, 0.110453, 0.482141, 0.452646, 0.37733, 0.255857, 0.355615, 0.636298, 1.85156, 0.472269, 0.250603, 1.9726, 0.137804, 0.455378, 0.359025, 0.198932, 0.485903, 0.20139, 0.364531, 0.47533, 0.258649, 0.165067, 0.487637, 0.575199, 0.720602, 

0.140659, 0.165067, 0.158582, 0.122169, 0.0836888, 2.04754, 1.7501, 0.137804, 0.370888, 0.242261, 0.0454827, 0.161473, 0.543059, 0.56873, 0.0199845, 2.61201, 0.136305, 0.210562, 0.110453, 0.0957649, 8.54203e-05, 0.0416972, 0.109524, 0.662792, 0.452646, 0.358093, 0.334441, 0.179403, 0.0883647, 0.257503, 0.20139, 0.258649, 0.250603, 1.9726, 0.455378, 0.359025, 0.442625, 0.344088, 0.0649038, 0.405409, 0.198932, 0.485903, 0.255857, 0.364531, 0.47533, 0.355615, 0.18135, 0.452043, 0.472269, 0.482141, 

0.0960331, 0.165067, 0.158582, 0.122169, 0.0836888, 2.04754, 0.137804, 0.00989915, 0.136305, 0.242261, 0.0454827, 0.0714159, 0.0199845, 0.210562, 0.110453, 0.0957649, 0.0846582, 0.0124069, 0.0884174, 0.405409, 8.54203e-05, 0.00717015, 0.662792, 0.452646, 0.358093, 0.0659705, 0.92228, 0.0465171, 0.334441, 0.257503, 0.18135, 0.258649, 0.250603, 0.455378, 0.105803, 0.442625, 1.33065, 0.344088, 0.0649038, 0.0468631, 0.20139, 0.255857, 0.364531, 0.355615, 0.198932, 0.452043, 0.140659, 0.37455, 0.428812, 0.434654, 

0.0960331, 0.140659, 0.158582, 0.122169, 0.0836888, 0.462221, 0.137804, 0.136305, 0.250603, 0.06076, 0.0454827, 0.0714159, 0.0199845, 0.210562, 0.0884174, 1.25232, 1.37881, 0.0846582, 0.0957649, 0.110453, 8.54203e-05, 0.00717015, 0.0568965, 0.452646, 0.0465171, 0.257503, 0.0146984, 0.242261, 0.201656, 0.206259, 0.18135, 0.198932, 0.105803, 0.442625, 0.344088, 0.0649038, 0.0468631, 0.0124069, 0.0659705, 0.00989915, 0.20139, 0.255857, 0.364531, 0.355615, 0.258649, 0.165067, 0.37455, 0.319998, 0.297455, 0.334441, 

0.0415916, 0.140659, 0.122169, 0.0836888, 0.462221, 0.137804, 0.136305, 0.0659705, 0.0957649, 0.0465171, 0.0454827, 0.0148681, 0.0199845, 0.210562, 0.0846582, 0.110453, 1.96401, 0.158582, 0.0468631, 0.06076, 8.54203e-05, 0.00717015, 0.0568965, 0.452646, 0.242261, 1.02996, 1.83016, 0.0884174, 0.0146984, 0.206259, 0.18135, 0.198932, 0.105803, 0.442625, 0.0649038, 0.0124069, 1.95688, 0.00989915, 0.201656, 0.0742683, 0.20139, 0.255857, 0.258649, 0.165067, 0.319998, 0.0960331, 0.0714159, 0.301733, 0.250603, 0.257503, 

0.0415916, 0.0454827, 0.137804, 0.136305, 0.0659705, 0.0957649, 0.0465171, 0.158582, 0.0742683, 0.122169, 0.0148681, 0.0127083, 0.0199845, 0.0846582, 0.110453, 0.0468631, 0.0187598, 0.0146984, 0.177462, 0.0524187, 8.54203e-05, 0.00717015, 0.452646, 1.02996, 0.0884174, 0.206259, 0.23472, 0.0124069, 0.0568965, 0.0836888, 0.00175961, 0.0175648, 0.442625, 0.123003, 0.00989915, 1.07358, 1.99771, 0.0649038, 0.105803, 0.201656, 0.20139, 0.255857, 0.258649, 0.165067, 0.0960331, 0.1387, 0.0714159, 0.18135, 0.207809, 0.210562, 

0.0415916, 0.0454827, 0.136305, 0.0659705, 0.0957649, 0.158582, 0.0742683, 0.0649038, 0.123003, 0.0884174, 0.0148681, 0.0127083, 0.0199845, 0.0846582, 0.110453, 0.0524187, 1.49523, 0.0468631, 0.0146984, 0.122169, 8.54203e-05, 0.00165851, 0.452646, 0.206259, 0.23472, 0.0568965, 1.23477, 0.137804, 0.0465171, 0.0829961, 0.00175961, 0.0175648, 0.442625, 0.00989915, 1.07358, 1.44905, 0.105803, 0.0124069, 0.0187598, 0.0836888, 0.20139, 0.255857, 0.156627, 0.165067, 0.0960331, 0.1387, 0.0714159, 0.18135, 0.177462, 0.201656, 

0.0415916, 0.0454827, 0.136305, 0.0742683, 0.0884174, 1.28485, 1.11629, 0.00987043, 0.0649038, 0.0846582, 0.0148681, 0.0127083, 0.0199845, 0.0524187, 0.0468631, 0.122169, 0.210086, 0.0465171, 0.0568965, 0.00989915, 8.54203e-05, 0.00165851, 0.206259, 0.23472, 1.23477, 0.0829961, 0.425877, 0.0957649, 0.0836888, 0.0659705, 0.00175961, 0.0175648, 0.442625, 1.07358, 0.0942345, 0.0124069, 2.14004, 0.0187598, 0.0146984, 0.0829731, 0.20139, 0.255857, 0.156627, 0.165067, 0.0960331, 0.1387, 0.0714159, 0.18135, 0.110453, 0.123003, 

0.0415916, 0.0454827, 0.136305, 0.0884174, 1.11629, 0.00987043, 1.96341, 0.0465171, 0.110453, 0.0829961, 0.0101394, 0.0102408, 0.0199845, 0.0524187, 0.0568965, 0.00989915, 0.992011, 0.0468631, 0.00354964, 0.0829731, 8.54203e-05, 0.00165851, 0.206259, 1.23477, 0.425877, 0.0836888, 0.0659705, 0.0146984, 0.0649038, 0.0846582, 0.00175961, 0.0175648, 0.442625, 0.0124069, 0.0187598, 0.979076, 0.280471, 0.0942345, 0.0957649, 0.0742683, 0.156627, 0.165067, 0.0960331, 0.1387, 0.0714159, 0.107361, 0.101075, 0.0902008, 0.122169, 0.123003, 

0.0415916, 0.0454827, 0.00987043, 1.96341, 0.110453, 0.0829961, 2.11391, 0.00354964, 0.0884174, 0.0649038, 0.0101394, 0.0102408, 0.0524187, 0.0568965, 0.0468631, 0.497378, 1.92706, 0.00989915, 0.0187598, 0.0465171, 8.54203e-05, 0.00165851, 1.23477, 0.0836888, 0.0659705, 1.2067, 1.75412, 0.0199845, 0.0146984, 0.0846582, 0.00175961, 0.0115082, 0.0124069, 0.0908554, 0.0942345, 0.0742683, 0.458638, 0.0957649, 0.122169, 0.00127704, 0.156627, 0.0960331, 0.1387, 0.0714159, 0.107361, 0.101075, 0.0902008, 0.0175648, 0.123003, 0.136305, 

0.0415916, 0.0454827, 0.110453, 0.0829961, 0.0649038, 1.12465, 1.31936, 0.0884174, 0.0742683, 0.030767, 0.00986658, 0.0102408, 0.0568965, 0.0468631, 0.497378, 0.000898723, 2.00731, 0.0846582, 0.0465171, 0.0187598, 8.54203e-05, 0.00165851, 1.23477, 0.0836888, 1.75412, 1.86318, 1.99206, 0.0146984, 0.00354964, 0.0199845, 0.00175961, 0.0115082, 0.0124069, 0.0942345, 0.458638, 0.00127704, 0.045865, 0.0659705, 0.0524187, 0.00987043, 0.156627, 0.0960331, 0.1387, 0.0714159, 0.107361, 0.101075, 0.0892398, 0.0175648, 0.0908554, 0.0957649, 

0.0415916, 0.0454827, 0.110453, 0.0884174, 0.0742683, 0.030767, 1.67505, 0.0649038, 0.0908554, 0.0146984, 0.00986658, 0.0102408, 0.0468631, 0.0846582, 0.0187598, 2.41156, 0.61501, 0.00987043, 0.0124069, 0.0568965, 8.54203e-05, 0.00165851, 0.0836888, 0.895816, 1.86318, 0.00354964, 1.29537, 0.0957649, 0.0829961, 0.045865, 0.00175961, 0.0115082, 0.0867615, 0.00127704, 0.0659705, 0.0524187, 2.27902, 0.000898723, 0.0465171, 0.0199845, 0.0960331, 0.0714159, 0.107361, 0.101075, 0.0892398, 0.0175648, 0.0946193, 0.112553, 0.392522, 0.458638, 

0.0415916, 0.014521, 0.110453, 0.0884174, 0.0649038, 1.11113, 1.26879, 0.0196887, 0.0867615, 0.0146984, 0.00986658, 0.00986696, 0.0468631, 0.0846582, 1.78432, 0.00987043, 2.0024, 0.0742683, 0.000898723, 0.0199845, 8.54203e-05, 0.00165851, 0.0836888, 1.00098, 0.00354964, 0.0625196, 0.045865, 0.0957649, 0.0124069, 0.030767, 0.00175961, 0.0115082, 0.00127704, 0.0659705, 0.0524187, 0.0465171, 0.148489, 0.0568965, 0.0187598, 0.0908554, 0.0960331, 0.0714159, 0.107361, 0.101075, 0.0892398, 0.0175648, 0.0946193, 0.0832597, 0.392522, 0.458638, 

0.0175648, 0.014521, 0.110453, 0.0649038, 1.11113, 1.26879, 0.0196887, 0.0465171, 0.030767, 0.0884174, 0.00986658, 0.00986696, 0.0468631, 1.78432, 0.0742683, 0.0199845, 1.45744, 0.0867615, 0.000898723, 0.0146984, 8.54203e-05, 0.00165851, 0.0836888, 0.00354964, 0.0625196, 0.0364248, 0.0124069, 0.0908554, 0.0210207, 0.0846582, 0.00175961, 0.0115082, 0.00127704, 0.0524187, 0.0344583, 0.0568965, 0.0187598, 0.045865, 0.00987043, 0.0659705, 0.0960331, 0.0714159, 0.107361, 0.101075, 0.0892398, 0.0415916, 0.0946193, 0.0832597, 0.189947, 0.392522, 

0.0175648, 0.014521, 0.110453, 0.329631, 0.0465171, 0.0884174, 1.09067, 0.0524187, 0.0468631, 0.0659705, 0.00986658, 0.00986693, 0.830555, 0.0742683, 0.0199845, 1.45744, 2.26188, 0.00987043, 0.00127704, 0.000898723, 8.54203e-05, 0.00165851, 0.0836888, 0.00354964, 0.0625196, 0.0364248, 0.0124069, 0.0210207, 0.0344583, 0.0196887, 0.00175961, 0.0115082, 0.0568965, 0.0187598, 0.045865, 1.36077, 1.72681, 0.0649038, 0.0146984, 0.030767, 0.0960331, 0.0714159, 0.101075, 0.0892398, 0.0415916, 0.0946193, 0.0832597, 0.0816727, 0.0670173, 0.0846582, 

0.0153063, 0.014521, 0.0884174, 1.09067, 0.0524187, 0.0468631, 1.6142, 0.0344583, 0.0146984, 0.045865, 0.00986658, 0.00986693, 0.394331, 1.61713, 0.00127704, 0.000898723, 0.149223, 0.00987043, 0.0210207, 0.0196887, 8.54203e-05, 0.000248074, 0.00354964, 0.0625196, 0.0364248, 0.0124069, 0.391275, 0.030767, 0.0568965, 0.0465171, 0.00175961, 0.0115082, 0.0187598, 1.36077, 1.72681, 0.973564, 0.532618, 0.0199845, 0.0649038, 0.0659705, 0.0714159, 0.0892398, 0.0415916, 0.0175648, 0.0832597, 0.0816727, 0.0722052, 0.0395631, 0.0670173, 0.0742683, 

0.0153063, 0.00956607, 0.0884174, 0.0468631, 1.6142, 0.045865, 1.20849, 0.030767, 0.0199845, 0.293164, 0.00986658, 0.00986693, 1.61713, 0.00127704, 0.149223, 0.0210207, 0.0196887, 0.0146984, 0.000898723, 0.0742683, 8.54203e-05, 0.000248074, 0.00354964, 0.0364248, 0.391275, 0.0568965, 0.0465171, 0.0124069, 0.0670173, 0.0625196, 0.00175961, 0.0115082, 0.0187598, 0.9386, 0.0649038, 0.0659705, 1.73249, 0.0524187, 0.0344583, 0.00987043, 0.0714159, 0.0892398, 0.0415916, 0.0175648, 0.0832597, 0.0816727, 0.0722052, 0.0395631, 0.394331, 0.511304, 

0.0153063, 0.00956607, 0.0884174, 1.20849, 0.030767, 0.0199845, 0.0551807, 0.0568965, 0.0158254, 0.00987043, 0.00986658, 0.00986693, 0.0210207, 0.0146984, 0.000898723, 0.446094, 0.279769, 0.045865, 0.0468631, 0.0670173, 3.16644e-05, 0.000248074, 0.00354964, 0.0364248, 0.0465171, 0.0625196, 1.46442, 0.149223, 0.0196887, 0.0742683, 0.00175961, 0.010145, 0.0187598, 0.0649038, 0.0659705, 0.179275, 0.0524187, 0.010961, 0.00127704, 0.0124069, 0.0714159, 0.0415916, 0.0175648, 0.0832597, 0.0816727, 0.0722052, 0.0395631, 0.0300806, 0.391275, 0.394331, 

0.0153063, 0.00956607, 0.0884174, 1.20849, 0.030767, 0.00987043, 0.540324, 0.0551807, 0.0468631, 0.0465171, 0.00986658, 0.00986693, 0.0146984, 0.045865, 0.0670173, 1.52012, 0.738992, 0.0199845, 0.0158254, 0.0210207, 3.16644e-05, 0.000248074, 0.00354964, 0.0364248, 0.0625196, 1.46442, 0.0196887, 0.010961, 0.0568965, 0.0187598, 0.00175961, 0.010145, 0.0649038, 0.0659705, 0.00127704, 2.22369, 1.62645, 0.0124069, 0.000898723, 0.0524187, 0.0714159, 0.0415916, 0.0175648, 0.0816727, 0.0722052, 0.0395631, 0.0300806, 0.0461806, 0.0742683, 0.149223, 

0.0153063, 0.00334082, 0.0884174, 1.20849, 0.00987043, 0.540324, 0.0468631, 0.0146984, 0.0187598, 0.0120206, 0.00986658, 0.00986693, 1.52012, 0.0199845, 0.0158254, 1.05355, 1.84487, 0.0210207, 0.0625196, 0.0551807, 3.16644e-05, 7.42508e-08, 0.00354964, 0.0196887, 0.010961, 0.0568965, 0.056135, 0.0524187, 0.0124069, 0.030767, 0.00175961, 0.010145, 0.0649038, 0.00127704, 2.22369, 0.000898723, 0.885646, 0.0364248, 0.0659705, 0.0465171, 0.0714159, 0.0415916, 0.0175648, 0.0816727, 0.0722052, 0.0395631, 0.0300806, 0.0461806, 0.0670173, 0.0742683, 

0.0153063, 0.00334082, 1.20849, 0.00987043, 0.540324, 0.0468631, 0.0120206, 0.010961, 0.0210207, 0.0625196, 0.00986658, 0.00986693, 0.857291, 0.0158254, 1.84487, 0.0551807, 2.32184, 0.0187598, 0.0183437, 0.0199845, 3.16644e-05, 7.42508e-08, 0.0196887, 0.0524187, 0.0124069, 0.030767, 1.37231, 0.00354964, 0.0568965, 0.056135, 0.00175961, 0.010145, 0.0649038, 0.00127704, 2.22369, 0.0364248, 0.0465171, 0.0659705, 0.0146984, 0.000898723, 0.0714159, 0.0415916, 0.0175648, 0.0816727, 0.0722052, 0.0395631, 0.0300806, 0.0461806, 0.0670173, 0.0742683, 

0.0153063, 0.00334082, 0.00987043, 0.0468631, 0.0120206, 0.0625196, 0.65782, 0.0465171, 0.0158254, 0.0183437, 0.00986658, 0.00986693, 0.857291, 1.84487, 2.32184, 0.0187598, 0.108562, 0.010961, 0.00354964, 0.0551807, 3.16644e-05, 7.42508e-08, 0.0196887, 0.0124069, 0.030767, 1.99913, 2.07318, 0.0524187, 0.0146984, 0.0364248, 0.00175961, 0.010145, 0.0649038, 0.00127704, 0.799098, 0.000898723, 2.03804, 0.056135, 0.0210207, 0.0199845, 0.0714159, 0.0415916, 0.0175648, 0.0816727, 0.0722052, 0.0395631, 0.0300806, 0.0461806, 0.0568965, 0.0659705, 

0.0014323, 0.00334082, 0.0468631, 0.0120206, 0.301252, 0.0465171, 0.050006, 0.000898723, 0.0158254, 0.0210207, 0.00986658, 0.00986693, 1.11493, 0.0187598, 0.108562, 0.0551807, 0.322508, 0.0124069, 0.010961, 0.0183437, 3.16644e-05, 7.42508e-08, 1.99913, 1.88909, 0.0524187, 0.0146984, 0.0364248, 0.030767, 0.0568965, 0.0199845, 0.00175961, 0.010145, 0.0649038, 0.00127704, 0.799098, 0.056135, 1.50035, 0.00354964, 0.0196887, 0.00987043, 0.0714159, 0.0415916, 0.0175648, 0.0722052, 0.0395631, 0.0300806, 0.0461806, 0.0579289, 0.0625196, 0.0659705, 

0.0014323, 0.000128273, 0.0468631, 0.0120206, 0.0465171, 0.000898723, 0.0210207, 0.056135, 0.0659705, 0.242359, 0.00986658, 0.00986693, 0.0187598, 0.0124069, 0.010961, 0.316144, 1.51297, 0.108562, 0.0183437, 0.050006, 3.16644e-05, 7.42508e-08, 1.99913, 0.0524187, 0.0146984, 0.0364248, 0.0568965, 0.030767, 0.0649038, 0.0199845, 0.00175961, 4.96855e-05, 0.00127704, 0.00354964, 0.0196887, 0.00987043, 1.59421, 0.0551807, 0.0625196, 0.0158254, 0.0415916, 0.0175648, 0.0395631, 0.0300806, 0.0461806, 0.0579289, 0.0106748, 0.010145, 0.301252, 0.322508, 

0.0014323, 0.000128273, 0.0468631, 0.0120206, 0.0465171, 0.000898723, 0.0210207, 0.0364248, 0.00354964, 0.0568965, 0.00986658, 0.00986693, 0.0187598, 0.0124069, 1.22685, 0.108562, 0.352165, 0.0649038, 0.012156, 0.00127704, 3.16644e-05, 7.42508e-08, 1.99913, 0.0524187, 0.0146984, 0.030767, 0.243045, 0.0183437, 0.010961, 0.0199845, 0.00175961, 4.96855e-05, 0.00987043, 0.0551807, 0.0625196, 0.0136256, 0.766244, 0.0196887, 0.056135, 0.050006, 0.0415916, 0.0175648, 0.0395631, 0.0300806, 0.0461806, 0.0579289, 0.0106748, 0.010145, 0.0659705, 0.242359, 

0.0014323, 0.000128273, 0.0468631, 0.0120206, 0.0118504, 0.0364248, 0.00354964, 0.0210207, 0.050006, 0.000898723, 0.00986658, 0.00986693, 0.108562, 0.352165, 0.0649038, 0.012156, 0.00127704, 0.0524187, 0.0124069, 0.0183437, 3.16644e-05, 7.42508e-08, 1.99913, 0.0146984, 0.0395071, 0.010961, 0.631348, 0.030767, 0.0108882, 0.0196887, 0.00175961, 4.96855e-05, 0.00987043, 0.0551807, 0.0625196, 0.0136256, 2.8948, 0.0119321, 0.0187598, 0.0199845, 0.0415916, 0.0175648, 0.0395631, 0.0300806, 0.0461806, 0.0106748, 0.010145, 0.0128111, 0.056135, 0.0568965, 

0.0014323, 0.000128273, 0.0468631, 0.0118504, 0.0210207, 0.050006, 0.00825822, 0.00127704, 0.000898723, 0.0119321, 0.00986658, 0.00986693, 0.108562, 0.0649038, 0.012156, 0.0124069, 1.80324, 0.0199845, 0.010961, 0.00354964, 3.16644e-05, 7.42508e-08, 1.99913, 0.0146984, 0.0395071, 0.631348, 0.159767, 0.0196887, 0.0108882, 0.0120206, 0.00175961, 4.96855e-05, 0.0551807, 0.0136256, 1.83425, 0.0187598, 1.2817, 0.00987043, 0.030767, 0.0183437, 0.0415916, 0.0175648, 0.0395631, 0.0300806, 0.0106748, 0.010145, 0.0128111, 0.0124788, 0.0364248, 0.036824, 

0.0014323, 0.000128273, 0.050006, 0.00825822, 0.00127704, 0.000898723, 0.0119321, 0.0187598, 0.030767, 0.0210207, 0.00986658, 0.00986693, 0.108562, 0.012156, 0.0124069, 0.010961, 2.01224, 0.0199845, 0.00987043, 0.0196887, 1.60719e-05, 7.42508e-08, 1.94643, 0.159767, 0.0108882, 0.601315, 1.98709, 0.0120206, 0.0118504, 0.0146984, 0.00175961, 4.96855e-05, 0.0551807, 0.0136256, 1.83425, 1.2817, 1.72056, 0.0364248, 0.0183437, 0.00354964, 0.0175648, 0.0395631, 0.0300806, 0.0106748, 0.010145, 0.0128111, 0.0124788, 0.034918, 0.036824, 0.0395071, 

0.0014323, 0.000128273, 0.050006, 0.0119321, 0.0187598, 0.030767, 1.5754, 0.00445316, 0.00825822, 0.00945103, 0.00302761, 0.00986631, 0.108562, 0.0124069, 0.010961, 2.01224, 0.0199845, 0.0146984, 0.0183437, 0.0119553, 1.60719e-05, 7.42508e-08, 1.94643, 0.159767, 0.0108882, 1.98709, 0.0118504, 0.00127704, 0.012156, 0.00999977, 0.00175961, 4.96855e-05, 0.0136256, 1.2817, 0.0364248, 0.00354964, 1.16331, 0.00987043, 0.000898723, 0.0120206, 0.0175648, 0.0300806, 0.0106748, 0.010145, 0.0128111, 0.0124788, 0.0127442, 0.00986658, 0.0196887, 0.0210207, 

0.0014323, 0.000128273, 0.030767, 1.5754, 0.00825822, 0.00945103, 2.24846, 0.010961, 0.0124069, 0.00127704, 0.00302761, 0.00986631, 1.94153, 0.0146984, 0.0183437, 0.0119553, 2.40856, 0.0196887, 0.0119321, 0.000898723, 1.60719e-05, 7.42508e-08, 1.36092, 0.0108882, 1.98709, 0.0118504, 1.53509, 0.00445316, 0.0187598, 0.012156, 0.00175961, 4.96855e-05, 0.0136256, 0.00354964, 0.00987043, 0.120407, 0.0191833, 0.00999977, 0.0199845, 0.0120206, 0.0175648, 0.0300806, 0.0106748, 0.010145, 0.0128111, 0.0124788, 0.0127442, 0.00986658, 0.0210207, 0.0364248, 

0.000128273, 4.62996e-05, 0.030767, 1.23618, 0.00127704, 1.41802, 0.000245629, 0.0187598, 0.0118504, 0.00945103, 0.0014323, 0.00986631, 0.0146984, 0.0119553, 0.000898723, 2.00226, 0.137005, 0.0120206, 0.00825822, 0.0136256, 1.60719e-05, 7.42508e-08, 1.36092, 0.0108882, 1.98709, 0.00445316, 1.84126, 0.010961, 0.0124069, 0.0183437, 0.00175961, 4.96855e-05, 0.00354964, 0.00987043, 0.0191833, 0.00999977, 2.43079, 0.0196887, 0.012156, 0.0119321, 0.0106748, 0.010145, 0.0128111, 0.0124788, 0.0127442, 0.00986658, 0.00302761, 0.0131991, 0.0199845, 0.0210207, 

0.000128273, 4.62996e-05, 0.030767, 1.23618, 0.0187598, 0.0118504, 0.00945103, 0.010961, 0.0146984, 0.0124069, 0.000169672, 0.00986631, 0.000898723, 2.00226, 0.0120206, 0.00825822, 1.64489, 0.00999977, 0.0136256, 0.00445316, 1.60719e-05, 7.42508e-08, 1.36092, 1.00979, 0.0183437, 1.82369, 0.802717, 0.0119553, 0.0108882, 0.012156, 0.00175961, 4.96855e-05, 0.00354964, 0.0196887, 0.0119321, 0.338433, 0.0888357, 0.00127704, 0.000245629, 0.00987043, 0.0106748, 0.010145, 0.0128111, 0.0124788, 0.0127442, 0.00986658, 0.00302761, 0.0131991, 0.0191833, 0.0199845, 

0.000128273, 4.62996e-05, 0.663359, 0.0187598, 0.00945103, 0.010961, 0.0146984, 0.00825822, 0.00445316, 0.0118504, 0.000169672, 0.00986631, 0.0120206, 0.00999977, 0.0136256, 0.00986723, 0.218344, 0.00354964, 0.0119321, 0.0108882, 1.60719e-05, 7.42508e-08, 0.369542, 0.0183437, 0.157589, 0.0119553, 0.248922, 0.0191833, 0.0124069, 0.0199845, 0.00175961, 4.96855e-05, 0.0196887, 0.0104934, 0.0888357, 0.00127704, 0.00987043, 0.012156, 0.000898723, 0.000245629, 0.0106748, 0.010145, 0.0128111, 0.0124788, 0.0127442, 0.00986658, 0.00302761, 0.0131991, 0.030767, 0.0729756, 

2.77999e-05, 4.62996e-05, 0.0187598, 0.00825822, 0.0118504, 0.91384, 1.38129, 0.030767, 0.0124069, 0.000245629, 0.000169672, 0.00302761, 0.0120206, 0.00999977, 0.0136256, 0.0119321, 0.0108882, 0.010961, 0.0146984, 0.0104934, 1.60719e-05, 7.42508e-08, 0.369542, 0.0183437, 0.0119553, 0.248922, 0.0191833, 0.00354964, 0.00445316, 0.0196887, 0.00175961, 4.96855e-05, 0.0888357, 0.00127704, 0.00987043, 0.012156, 0.000898723, 0.00945103, 0.0199845, 0.00986723, 0.0106748, 0.010145, 0.0128111, 0.0124788, 0.0127442, 0.00986658, 0.00986631, 0.0131991, 0.0315306, 0.0729756, 

2.77999e-05, 4.62996e-05, 0.0187598, 0.00825822, 0.91384, 0.0124069, 0.000245629, 0.030767, 0.00999977, 0.0104934, 0.000169672, 0.00302761, 0.0120206, 0.0108882, 0.010961, 0.383135, 1.01494, 0.00445316, 0.0119321, 0.00354964, 1.60719e-05, 7.42508e-08, 0.0183437, 0.0119553, 0.248922, 0.0191833, 0.0196887, 0.00127704, 0.0146984, 0.0136256, 0.00175961, 4.96855e-05, 0.00987043, 0.012156, 0.000898723, 0.00945103, 1.69145, 0.0118504, 0.0199845, 0.00986723, 0.0106748, 0.010145, 0.0128111, 0.0124788, 0.0127442, 0.00986658, 0.00986631, 0.0111509, 0.0315306, 0.0729756, 

2.77999e-05, 4.62996e-05, 0.00825822, 0.91384, 0.0124069, 0.030767, 1.66783, 0.00945103, 0.00999977, 0.0187598, 0.000169672, 0.00302761, 0.0120206, 0.0108882, 0.383135, 0.00445316, 0.391686, 0.0119321, 0.0104934, 0.00127704, 1.60719e-05, 7.42508e-08, 0.0119553, 0.0196887, 0.0146984, 0.0136256, 2.50432, 0.0183437, 0.0118504, 0.00354964, 0.00175961, 4.96855e-05, 0.012156, 0.000898723, 0.0199845, 0.00986723, 2.00421, 0.010961, 0.000245629, 0.00987043, 0.0106748, 0.010145, 0.0128111, 0.0124788, 0.0127442, 0.00986658, 0.00986631, 0.0111509, 0.0191833, 0.0315306, 

2.77999e-05, 4.62996e-05, 0.030767, 0.00945103, 0.00999977, 0.928544, 1.85652, 0.00445316, 0.0119321, 0.0187598, 0.000169672, 0.000312864, 0.0120206, 0.0108882, 0.391686, 0.00127704, 0.650592, 0.010961, 0.0136256, 0.00354964, 1.60719e-05, 7.42508e-08, 0.0119553, 0.0196887, 0.0146984, 0.0183437, 2.0616, 0.00825822, 0.00986723, 0.0104934, 0.00175961, 4.96855e-05, 0.000898723, 0.0199845, 0.000245629, 0.00987043, 1.86004, 0.0118504, 0.012156, 0.0124069, 0.0106748, 0.010145, 0.0128111, 0.0124788, 0.0127442, 0.00986658, 0.00986631, 0.0111509, 0.0191833, 0.0315306, 

2.77999e-05, 4.25192e-05, 0.00945103, 0.928544, 0.00445316, 2.11847, 2.00247, 0.0124069, 0.00999977, 0.00378588, 9.90499e-05, 0.00031011, 0.0120206, 0.650592, 0.010961, 0.0136256, 0.00354964, 0.012156, 0.000245629, 0.0119553, 1.60719e-05, 7.42508e-08, 0.0196887, 0.0146984, 0.00986723, 0.843014, 1.89977, 0.0119321, 0.00825822, 0.0104934, 0.00175961, 4.96855e-05, 0.000898723, 0.00987043, 1.86004, 0.0118504, 2.07735, 0.0183437, 0.00127704, 0.0108882, 0.0106748, 0.010145, 0.0124788, 0.0127442, 0.00986658, 0.00986631, 0.0111509, 0.00383916, 0.0187598, 0.0191833, 

2.77999e-05, 4.25192e-05, 0.00945103, 0.928544, 2.11847, 0.00378588, 1.88645, 0.0108882, 0.00445316, 0.000245629, 9.90499e-05, 0.00031011, 0.0120206, 0.650592, 0.010961, 0.00354964, 1.96304, 0.00127704, 0.012156, 0.0118504, 1.60719e-05, 7.42508e-08, 0.0146984, 0.00986723, 0.843014, 0.0104934, 0.66152, 0.00825822, 0.0119553, 0.0119321, 0.00175961, 4.96855e-05, 0.000898723, 0.00987043, 1.39815, 0.661363, 1.97296, 0.0136256, 0.00999977, 0.0124069, 0.0106748, 0.010145, 0.0124788, 0.0127442, 0.00986658, 0.00986631, 0.0111509, 0.00383916, 0.0183437, 0.0187598, 

2.77999e-05, 4.25192e-05, 0.928544, 0.00378588, 0.000245629, 1.6098, 1.69975, 0.0104934, 0.0124069, 0.0120206, 9.90499e-05, 0.00031011, 0.00354964, 1.61305, 0.012156, 0.0118504, 1.95762, 0.00825822, 0.00127704, 0.00945103, 1.60719e-05, 7.42508e-08, 0.00986723, 0.66152, 0.0119321, 2.1014, 0.243423, 0.0146984, 0.0119553, 0.0108882, 0.00175961, 4.96855e-05, 0.000898723, 0.00987043, 0.661363, 0.0136256, 3.52363, 0.00445316, 0.00999977, 0.010961, 0.0106748, 0.010145, 0.0124788, 0.0127442, 0.00986658, 0.00986631, 0.0111509, 0.00383916, 0.0183437, 0.0187598, 

2.77999e-05, 3.23079e-05, 0.928544, 0.000245629, 1.6098, 0.0124069, 0.0120206, 0.0119321, 0.0136256, 0.00378588, 9.90499e-05, 0.00031011, 0.00354964, 1.61305, 1.95762, 0.00825822, 0.00945103, 0.010961, 0.0187598, 0.0118504, 1.60719e-05, 7.42508e-08, 0.00986723, 0.66152, 0.243423, 0.0119553, 0.0108882, 0.00127704, 0.012156, 0.0146984, 0.00175961, 4.96855e-05, 0.000898723, 0.661363, 2.97458, 0.00445316, 0.00999977, 0.0183437, 0.00987043, 0.0104934, 0.0106748, 0.010145, 0.0124788, 0.0127442, 0.00986658, 0.00986631, 0.0111509, 0.00383916, 0.198566, 0.337888, 

2.77999e-05, 3.23079e-05, 0.000245629, 1.6098, 0.0119321, 0.0136256, 0.598986, 0.00987043, 0.00181542, 0.0104934, 9.90499e-05, 0.00031011, 0.00354964, 1.61305, 1.19535, 0.00825822, 0.00945103, 0.0120206, 0.0124069, 0.012156, 1.60719e-05, 7.42508e-08, 0.00986723, 0.66152, 0.243423, 0.00127704, 0.0146984, 0.0183437, 0.0118504, 0.00378588, 0.00175961, 4.96855e-05, 0.000898723, 0.205196, 0.00445316, 0.00999977, 1.89684, 0.010961, 0.0119553, 0.0108882, 0.0106748, 0.010145, 0.0124788, 0.00986658, 0.00986631, 0.0111509, 0.00383916, 0.00992504, 0.0187598, 0.198566, 

2.77999e-05, 3.23079e-05, 0.0119321, 0.598986, 0.00987043, 0.00181542, 1.59888, 0.010961, 0.00445316, 0.00354964, 9.90499e-05, 0.00031011, 1.61305, 0.00825822, 0.00945103, 0.0124069, 0.964103, 0.00986723, 0.0104934, 0.00999977, 1.60719e-05, 7.42508e-08, 0.66152, 0.00127704, 0.0146984, 0.0118504, 1.79473, 0.0108882, 0.012156, 0.0120206, 0.00175961, 4.96855e-05, 0.000898723, 0.205196, 1.89684, 0.0119553, 3.80146, 0.000245629, 0.00378588, 0.0136256, 0.0106748, 0.010145, 0.00986658, 0.00986631, 0.0111509, 0.00383916, 0.00992504, 0.0032265, 0.0183437, 0.0187598, 

2.77999e-05, 2.67137e-05, 0.0119321, 0.598986, 0.010961, 0.00354964, 0.00220654, 0.0124069, 0.0136256, 0.0183437, 9.90499e-05, 0.000211804, 1.61305, 0.00825822, 0.00945103, 0.186374, 0.0104934, 0.00986723, 0.00999977, 0.00445316, 3.47205e-06, 7.42508e-08, 0.0146984, 0.0118504, 0.0108882, 0.012156, 2.00038, 0.00181542, 0.00127704, 0.000898723, 0.00175961, 4.96855e-05, 1.89684, 0.0119553, 0.000245629, 0.00378588, 1.23308, 0.0120206, 0.00987043, 0.0187598, 0.0106748, 0.010145, 0.00986658, 0.00986631, 0.00383916, 0.00992504, 0.0032265, 0.00031011, 0.0409032, 0.0708973, 

2.77999e-05, 2.67137e-05, 0.0119321, 0.000229555, 0.0124069, 0.0183437, 0.000106176, 0.0118504, 0.00127704, 0.0136256, 9.90499e-05, 0.000211804, 0.00945103, 0.00986723, 0.00999977, 0.00445316, 0.947275, 0.00987043, 0.00825822, 0.00220654, 3.47205e-06, 7.42508e-08, 0.0146984, 0.0108882, 0.012156, 0.000898723, 1.05814, 0.00354964, 0.00181542, 0.0119553, 9.63441e-05, 4.96855e-05, 0.000245629, 0.00378588, 0.0120206, 2.26856, 0.0026223, 0.0104934, 0.0187598, 0.010961, 0.00986658, 0.00986631, 0.00383916, 0.00992504, 0.0032265, 0.00031011, 0.000101356, 0.00448042, 0.0409032, 0.0708973, 

2.77999e-05, 2.67137e-05, 0.000229555, 0.000106176, 0.0118504, 0.0136256, 1.75786, 0.0108882, 0.0119321, 0.00445316, 9.90499e-05, 0.000211804, 0.00986723, 0.00999977, 0.00987043, 1.97492, 0.403622, 0.00181542, 0.0120206, 0.00354964, 3.47205e-06, 7.42508e-08, 0.012156, 0.000898723, 0.139734, 0.0119553, 0.462063, 0.010961, 0.00945103, 0.00825822, 9.63441e-05, 4.96855e-05, 0.000245629, 0.00378588, 2.26856, 4.01466e-05, 0.0187598, 0.00127704, 0.0104934, 0.00220654, 0.00986658, 0.00986631, 0.00383916, 0.00992504, 0.0032265, 0.00031011, 0.000101356, 0.00448042, 0.0124069, 0.0146984, 

Best:
0.000385263	

Fitness Evaluations:
3465

End Population
(-7.454675e-03), (-7.307594e-03), (-2.142193e-02), (-1.456880e-02), (6.343058e+00), (-6.193307e+00), (-1.017435e+01), (6.325281e+00), (-1.545957e-01), (9.438476e-02), (1.407139e-02), (2.057695e-02), (6.282307e+00), (1.415024e-01), (6.283437e+00), (2.907861e+00), (2.440286e+01), (6.025056e-02), (1.551688e-01), (8.426103e-02), (-2.634507e-03), (3.852628e-04), (-6.347734e+00), (-4.238888e-02), (1.916049e+01), (6.215385e+00), (3.073030e+01), (6.233225e+00), (1.375588e-01), (-1.285727e-01), (1.387786e-02), (9.966053e-03), (-2.215926e-02), (8.702160e-02), (-3.432873e+01), (8.958442e-03), (6.413482e+00), (-5.053061e-02), (6.244591e+00), (6.642667e-02), (6.278095e+00), (6.281856e+00), (8.763219e-02), (-6.291031e+00), (8.033202e-02), (2.489864e-02), (-1.423426e-02), (9.467334e-02), (-6.351346e+00), (6.378379e+00), 