Iterations: 50
Function Evaluations Limit: 150000
Population: 50

Prides Length: 4

Percent Nomads: 0.2
Percent Roaming: 0.2
Percent Sex: 0.8

Mating Rate: 0.3
Mutation Probability: 0.2
Immigration Rate: 0.4

Dimensions: 1
N-Dimension Space: -100:100

Fitness Iterations:
0.0698874
0.347277, 1.20064, 0.591832, 1.79209, 0.13416, 1.19197, 0.49532, 2.00623, 0.85885, 2.08886, 4.3419, 2.01884, 1.26604, 2.48941, 2.87543, 1.71797, 1.04355, 1.81506, 1.07744, 1.61368, 0.393774, 0.236515, 2.47716, 2.80732, 0.739162, 1.03186, 0.547285, 1.69025, 1.54568, 1.48939, 2.35313, 2.80075, 1.31667, 2.38692, 2.03472, 0.523889, 0.257612, 2.29863, 0.0698874, 2.04573, 1.1549, 1.20659, 1.72407, 1.1938, 2.61543, 1.4331, 2.20201, 1.98288, 1.21203, 0.332784, 

0.199099, 0.369177, 0.591832, 0.0154745, 0.49532, 2.08886, 1.1836, 1.03186, 1.21203, 1.518, 0.734669, 0.986651, 1.04355, 1.81506, 1.07744, 1.61368, 0.802225, 0.85885, 1.71797, 0.0698874, 0.104599, 0.236515, 1.69025, 1.54568, 1.48939, 1.05446, 0.2349, 0.332784, 1.31667, 1.26604, 1.1549, 1.1938, 1.65446, 0.523889, 0.257612, 2.29863, 1.93075, 0.547285, 0.739162, 1.19197, 1.20659, 1.4331, 1.06465, 1.64551, 0.347277, 1.62264, 0.687163, 1.11277, 1.79209, 1.83464, 

0.139646, 0.289435, 0.49532, 2.08886, 0.996165, 0.315865, 0.987142, 0.128683, 0.523889, 0.257612, 0.169266, 0.687163, 1.81506, 0.0442321, 0.85885, 0.0698874, 2.02832, 0.112478, 0.334409, 0.033745, 0.104599, 0.236515, 0.497866, 1.54568, 0.524353, 0.2349, 0.223907, 0.646055, 0.285455, 0.547748, 0.7998, 0.796554, 1.65446, 1.44538, 0.182883, 0.547285, 1.14002, 1.19197, 0.802225, 0.0154745, 1.06465, 0.734669, 0.730818, 0.713587, 0.199099, 0.347277, 0.847399, 0.369177, 1.31667, 1.47367, 

0.0476949, 0.160385, 0.49532, 0.176861, 0.315865, 0.987142, 0.523889, 0.298107, 0.524353, 0.48112, 0.169266, 0.242146, 1.81506, 0.0442321, 0.334409, 0.033745, 1.12489, 0.0252325, 0.2349, 0.112478, 0.0173562, 0.0529957, 1.54568, 0.343613, 0.547748, 0.495975, 0.700608, 0.0698874, 0.497866, 0.128683, 0.199099, 0.291105, 1.65446, 0.182883, 0.547285, 0.0154745, 0.259493, 0.285455, 0.223907, 0.802225, 0.713587, 0.347277, 0.443906, 0.236515, 0.289435, 0.139646, 0.687163, 0.4221, 0.85885, 0.996165, 

0.0476949, 0.160385, 0.49532, 0.315865, 0.987142, 0.298107, 1.5345, 0.0252325, 0.2349, 0.176861, 0.139646, 0.236515, 0.50789, 0.334409, 0.033745, 2.00116, 0.324832, 0.182883, 0.0442321, 0.48112, 0.0173562, 0.0529957, 1.54568, 0.343613, 0.0889291, 0.0698874, 1.27926, 0.523889, 0.497866, 0.285455, 0.199099, 0.289435, 0.547285, 0.0154745, 0.259493, 0.802225, 1.15458, 0.112478, 0.128683, 0.223907, 0.347277, 0.406822, 0.242146, 0.291105, 0.169266, 0.4221, 0.416786, 0.414743, 0.524353, 0.547748, 

0.0476949, 0.0529957, 0.49532, 0.00404158, 1.5345, 0.176861, 1.74868, 0.0252325, 0.2349, 0.259493, 0.139646, 0.236515, 0.334409, 0.033745, 1.60795, 0.182883, 0.48112, 0.144926, 0.0154745, 0.0698874, 0.0173562, 0.010347, 0.343613, 0.0511926, 1.18475, 0.285455, 0.319587, 0.0442321, 0.0264484, 0.0891436, 0.169266, 0.242146, 0.752119, 0.0399352, 0.128683, 0.223907, 1.97571, 0.112478, 0.245595, 0.219141, 0.347277, 0.406822, 0.289435, 0.291105, 0.199099, 0.414743, 0.344576, 0.160385, 0.290341, 0.319858, 

0.0476949, 0.0529957, 0.49532, 1.5345, 0.648702, 0.0252325, 0.2349, 0.0399352, 0.033745, 0.00404158, 0.139646, 0.160385, 0.334409, 0.48112, 0.144926, 0.0154745, 0.0698874, 0.176861, 0.182883, 0.285455, 0.0173562, 0.010347, 0.343613, 0.0103965, 0.0891436, 0.906345, 0.55472, 0.259493, 0.290341, 0.245595, 0.115885, 0.0274204, 0.128683, 0.223907, 0.112478, 0.219141, 1.55401, 0.0316614, 0.0442321, 0.0511926, 0.289435, 0.291105, 0.236515, 0.344576, 0.199099, 0.253431, 0.242146, 0.169266, 0.316546, 0.319587, 

0.0476949, 0.0101055, 0.685132, 0.0252325, 0.2349, 0.0444507, 1.80558, 0.245595, 0.285455, 0.188051, 0.0529957, 0.160385, 0.48112, 0.0154745, 0.176861, 0.182883, 1.29083, 0.0698874, 0.112478, 0.128683, 0.0173562, 0.010347, 0.0103965, 0.0891436, 0.906345, 0.259493, 0.738884, 0.0399352, 0.0442321, 0.144926, 0.115885, 0.0274204, 0.223907, 0.219141, 1.55401, 0.0316614, 0.036536, 0.033745, 0.290341, 0.00404158, 0.236515, 0.199099, 0.242146, 0.169266, 0.185287, 0.139646, 0.168453, 0.1357, 0.316546, 0.319587, 

0.0476949, 0.0101055, 0.685132, 0.2349, 0.0444507, 0.285455, 2.32145, 0.0891436, 0.144926, 0.0154745, 0.0529957, 0.00116399, 0.176861, 0.182883, 0.0698874, 0.112478, 0.0981667, 0.0442321, 0.188051, 0.0103965, 0.0173562, 0.010347, 0.906345, 0.259493, 0.738884, 1.13007, 1.99421, 0.128683, 0.0252325, 0.245595, 0.115885, 0.0120972, 0.223907, 0.219141, 0.0316614, 0.033745, 1.26811, 0.036536, 0.0399352, 0.00404158, 0.236515, 0.199099, 0.169266, 0.185287, 0.139646, 0.168453, 0.1357, 0.160385, 0.290341, 0.316546, 

0.018249, 0.0101055, 0.255924, 0.2349, 0.0444507, 2.32145, 0.772922, 0.144926, 0.128683, 0.188051, 0.0529957, 0.00116399, 0.182883, 0.0698874, 0.112478, 0.0442321, 0.0103965, 0.033745, 0.0154745, 0.0981667, 0.000699984, 0.010347, 0.760388, 0.259493, 0.738884, 1.13007, 0.245595, 0.0399352, 0.0252325, 0.0891436, 0.0105173, 0.0120972, 0.133641, 0.219141, 1.26811, 0.00404158, 3.30816, 0.176861, 0.0316614, 0.036536, 0.169266, 0.185287, 0.139646, 0.168453, 0.1357, 0.160385, 0.0659631, 0.0476949, 0.285455, 0.290341, 

0.018249, 0.0101055, 2.31376, 0.144926, 0.188051, 1.6983, 0.84798, 0.0252325, 0.164772, 0.112478, 0.0476949, 0.00116399, 0.182883, 0.0442321, 0.0103965, 0.033745, 0.0154745, 0.00404158, 0.0444507, 0.0206039, 0.000699984, 0.010347, 0.760388, 0.259493, 0.245595, 0.0399352, 0.555229, 0.0698874, 0.0891436, 0.036536, 0.0105173, 0.0120972, 0.133641, 0.122452, 0.203459, 2.43127, 0.176861, 0.157835, 0.128683, 0.0981667, 0.139646, 0.1357, 0.160385, 0.0659631, 0.0529957, 0.122938, 0.1238, 0.132002, 0.169109, 0.2349, 

0.018249, 0.0101055, 0.84798, 0.0252325, 0.112478, 0.636586, 2.04207, 0.164772, 0.133641, 0.0891436, 0.0476949, 0.00116399, 0.0442321, 0.0103965, 0.0154745, 0.0444507, 1.73061, 0.168685, 0.0206039, 0.157835, 0.000699984, 0.010347, 0.760388, 0.0459535, 0.029468, 0.0399352, 0.0698874, 0.144926, 0.00404158, 0.036536, 0.0105173, 0.0120972, 0.0377766, 0.128683, 0.0981667, 1.24742, 0.749107, 0.165244, 0.122452, 0.033745, 0.139646, 0.1357, 0.0659631, 0.0529957, 0.122938, 0.1238, 0.132002, 0.096005, 0.169109, 0.176861, 

0.018249, 0.0101055, 0.84798, 0.0252325, 0.164772, 0.0891436, 2.326, 0.029468, 0.144926, 0.157835, 0.0476949, 0.00116399, 0.0154745, 1.30352, 0.168685, 0.0206039, 1.44353, 0.0981667, 0.0103965, 0.133641, 0.000699984, 0.010347, 0.0459535, 0.0698874, 0.00404158, 0.036536, 3.08863, 0.112478, 0.0377766, 0.0399352, 0.0105173, 0.0120972, 1.24742, 0.165244, 0.122452, 0.033745, 2.09903, 0.128683, 0.0444507, 0.0442321, 0.139646, 0.1357, 0.0659631, 0.0529957, 0.122938, 0.1238, 0.132002, 0.096005, 0.169109, 0.176861, 

0.018249, 0.0101055, 0.164772, 2.326, 0.029468, 0.157835, 0.484282, 0.110144, 0.00511777, 0.0444507, 0.0476949, 0.00116399, 0.0206039, 0.231906, 0.133641, 0.0730451, 1.82123, 0.0252325, 0.056785, 0.0459535, 0.000699984, 0.010347, 0.0698874, 0.00404158, 0.64429, 0.0377766, 0.0399352, 0.140703, 0.0891436, 0.036536, 0.0105173, 0.0111037, 0.165244, 0.122452, 2.09903, 0.128683, 0.0442321, 0.0154745, 0.0981667, 0.033745, 0.1357, 0.0659631, 0.0529957, 0.122938, 0.1238, 0.132002, 0.096005, 0.0424956, 0.16297, 0.169109, 

0.018249, 0.0101055, 0.164772, 0.029468, 0.157835, 0.00511777, 1.25159, 0.0698874, 0.033745, 0.0459535, 0.00116399, 0.0254503, 0.0206039, 0.231906, 0.0730451, 0.0252325, 1.93956, 0.00404158, 0.128683, 0.133641, 0.000699984, 0.010347, 0.0377766, 0.0399352, 0.0891436, 0.036536, 0.982088, 0.0154745, 0.110144, 0.140703, 0.0105173, 0.000882317, 0.0893319, 0.0442321, 0.0981667, 0.750705, 0.223837, 0.0262089, 0.0444507, 0.0444095, 0.0659631, 0.0529957, 0.122938, 0.1238, 0.132002, 0.096005, 0.0424956, 0.0476949, 0.16297, 0.165244, 

0.018249, 0.0101055, 0.164772, 0.029468, 0.00511777, 1.9546, 1.04201, 0.0730451, 0.110144, 0.0698874, 0.00116399, 0.0152383, 0.0206039, 0.231906, 0.0252325, 0.133641, 2.00582, 0.0444507, 0.0442321, 0.0459535, 0.000699984, 0.010347, 0.0377766, 0.0399352, 0.0891436, 0.140703, 2.00968, 0.036536, 0.128683, 0.0444095, 0.0105173, 0.000882317, 0.0893319, 0.0981667, 0.750705, 0.0262089, 1.79442, 0.033745, 0.0154745, 0.00404158, 0.0659631, 0.0529957, 0.122938, 0.1238, 0.132002, 0.096005, 0.0424956, 0.0476949, 0.157835, 0.16297, 

0.018249, 0.0101055, 0.317366, 1.04201, 0.110144, 0.0698874, 1.98566, 0.0207649, 0.033745, 0.036536, 0.00116399, 0.00457623, 0.231906, 0.133641, 1.74977, 0.0459535, 1.84089, 0.0154745, 0.029468, 0.0444095, 0.000699984, 0.010347, 0.0399352, 0.140703, 2.00968, 0.128683, 1.81814, 0.00404158, 0.0252325, 0.00511777, 0.0105173, 0.000882317, 0.0893319, 0.0981667, 0.0262089, 0.740653, 2.64588, 0.0206039, 0.0377766, 0.0444507, 0.0659631, 0.0529957, 0.115533, 0.096005, 0.0424956, 0.0476949, 0.0132374, 0.0461922, 0.0730451, 0.0891436, 

0.0132374, 0.0101055, 0.110144, 0.0698874, 0.0207649, 1.49801, 1.97272, 0.0444095, 0.0216295, 0.0893319, 0.00116399, 0.00457623, 0.231906, 1.84089, 0.0154745, 0.029468, 0.358671, 0.0730451, 0.0399352, 0.133641, 0.000699984, 0.00863672, 2.00968, 0.128683, 0.00404158, 0.00511777, 0.00030565, 0.0252325, 0.036536, 0.0444507, 0.010347, 0.000882317, 0.0981667, 0.0262089, 0.0206039, 0.0377766, 1.57942, 0.033745, 0.0459535, 0.0891436, 0.0659631, 0.0529957, 0.0424956, 0.0476949, 0.018249, 0.0461922, 0.0428467, 0.0105173, 0.140703, 0.153054, 

0.0105173, 0.0101055, 0.0698874, 0.0207649, 1.49801, 1.38825, 0.0280144, 0.0444095, 0.0216295, 0.00030565, 0.00116399, 0.00457623, 0.231906, 0.0154745, 0.029468, 0.358671, 0.140116, 0.110144, 0.0730451, 0.00511777, 0.000699984, 0.00630245, 2.00968, 0.00404158, 0.0252325, 0.0444507, 1.85477, 0.033745, 0.0377766, 0.128683, 0.010347, 0.000882317, 0.0981667, 0.0262089, 0.0206039, 0.0459535, 0.0891436, 0.036536, 0.10039, 0.0399352, 0.0659631, 0.0529957, 0.0424956, 0.0476949, 0.018249, 0.0461922, 0.0428467, 0.0132374, 0.133641, 0.140703, 

0.00240985, 0.0101055, 0.0698874, 0.629286, 0.0280144, 0.00030565, 0.561403, 0.0377766, 0.0730451, 0.0262089, 3.8963e-05, 0.00457623, 0.0154745, 0.029468, 0.140116, 0.00511777, 0.584275, 0.0444507, 0.0683022, 0.110144, 0.000699984, 8.22792e-05, 2.00968, 0.0252325, 0.033745, 0.128683, 2.6994, 0.00404158, 0.036536, 0.0444095, 0.010347, 0.000882317, 0.0981667, 0.0206039, 0.0459535, 0.0891436, 0.10039, 0.0216295, 0.0399352, 0.0207649, 0.0529957, 0.0424956, 0.0476949, 0.018249, 0.0461922, 0.0428467, 0.0132374, 0.0105173, 0.140703, 0.231906, 

3.83565e-05, 0.0101055, 0.0698874, 0.0280144, 0.00030565, 0.0377766, 0.842921, 0.036536, 0.0216295, 0.0252325, 3.8963e-05, 0.00457623, 0.0111224, 0.140116, 0.0444507, 0.110144, 0.0215333, 0.0764999, 0.0154745, 0.0740337, 0.000699984, 8.22792e-05, 2.00968, 0.033745, 0.0444095, 0.426121, 2.02191, 0.0206039, 0.0730451, 0.00404158, 0.0101139, 0.000882317, 0.0981667, 0.0459535, 0.0891436, 0.0399352, 0.0207649, 0.0262089, 0.00511777, 0.065124, 0.0424956, 0.0476949, 0.018249, 0.0461922, 0.0428467, 0.0132374, 0.0105173, 0.0396355, 0.10039, 0.140703, 

3.83565e-05, 0.0101055, 0.0280144, 0.00030565, 0.842921, 0.0216295, 1.0444, 0.036536, 0.00404158, 0.0444095, 3.8963e-05, 0.00457623, 0.0111224, 0.140116, 0.110144, 1.84337, 2.02726, 0.065124, 0.0698874, 0.0215333, 0.000699984, 8.22792e-05, 2.00968, 0.426121, 2.02191, 0.0206039, 1.98815, 0.0377766, 0.0444507, 0.0459535, 0.0101139, 0.000882317, 0.0399352, 0.0207649, 0.0262089, 0.00511777, 0.487512, 0.0252325, 0.033745, 0.0154745, 0.0424956, 0.0476949, 0.018249, 0.0461922, 0.0428467, 0.0132374, 0.0105173, 0.0396355, 0.0730451, 0.0740337, 

3.83565e-05, 0.0101055, 0.0280144, 0.00030565, 0.842921, 0.0216295, 0.575944, 0.0444095, 0.0730451, 0.0317611, 3.8963e-05, 0.00457623, 0.110144, 1.0064, 0.0698874, 0.0215333, 2.43191, 0.0262089, 0.065124, 0.0399352, 0.000699984, 8.22792e-05, 2.02191, 0.0377766, 0.0444507, 0.0459535, 2.29375, 0.0740337, 0.00404158, 0.0154745, 0.0101139, 0.000882317, 0.0207649, 0.00511777, 0.487512, 0.0252325, 0.033745, 0.036536, 0.0099182, 0.0111224, 0.0424956, 0.018249, 0.0461922, 0.0428467, 0.0132374, 0.0105173, 0.0396355, 0.0211191, 0.0782724, 0.0843717, 

3.83565e-05, 0.0101055, 0.0280144, 0.0216295, 0.0418656, 0.0317611, 1.61499, 0.0740337, 0.065124, 0.00511777, 3.8963e-05, 0.00457623, 1.0064, 0.0698874, 2.43191, 0.0262089, 1.54327, 0.00404158, 0.0377766, 0.0399352, 0.000699984, 8.22792e-05, 2.02191, 0.0444507, 0.0459535, 0.0154745, 1.9293, 0.0099182, 0.036536, 0.00030565, 0.00694643, 0.000882317, 0.487512, 0.0252325, 0.033745, 0.0111224, 1.76879, 0.0730451, 0.0215333, 0.0207649, 0.0424956, 0.018249, 0.0461922, 0.0428467, 0.0132374, 0.0105173, 0.0396355, 0.0211191, 0.0782724, 0.0843717, 

3.83565e-05, 0.0101055, 0.0280144, 0.0216295, 0.0418656, 0.0317611, 0.150787, 0.00511777, 0.0698874, 0.0399352, 3.8963e-05, 0.00457623, 0.655768, 0.0262089, 1.54327, 0.00404158, 1.98727, 0.033745, 0.00030565, 0.065124, 0.000699984, 8.22792e-05, 0.315206, 0.0459535, 0.0154745, 0.0099182, 0.979393, 0.0252325, 0.0207649, 0.036536, 0.00694643, 0.000882317, 0.487512, 0.0111224, 1.76879, 0.0215333, 0.999495, 0.0377766, 0.0730451, 0.0444507, 0.0424956, 0.018249, 0.0428467, 0.0132374, 0.0105173, 0.0396355, 0.0211191, 0.0376372, 0.0740337, 0.0782724, 

3.83565e-05, 0.0101055, 0.0280144, 0.0418656, 0.0317611, 0.00511777, 0.0698874, 0.036536, 0.00404158, 0.065124, 3.8963e-05, 0.000895928, 0.655768, 1.98727, 0.033745, 0.00030565, 2.40649, 0.0262089, 0.0444507, 0.0459535, 0.000699984, 8.22792e-05, 0.315206, 0.0099182, 0.979393, 0.0207649, 0.884128, 0.0216295, 0.0252325, 0.0399352, 0.00694643, 0.000882317, 0.487512, 1.76879, 0.0377766, 0.0730451, 2.18526, 0.0154745, 0.0215333, 0.0111224, 0.0424956, 0.018249, 0.0428467, 0.0132374, 0.0105173, 0.0396355, 0.0211191, 0.0376372, 0.0740337, 0.0782724, 

3.83565e-05, 0.0101055, 0.00488553, 0.0418656, 0.00511777, 0.0698874, 0.065124, 0.0216295, 0.033745, 0.00404158, 3.8963e-05, 0.000895928, 0.655768, 0.00030565, 0.745224, 0.0262089, 1.73134, 0.0377766, 0.0459535, 0.0103351, 0.000699984, 8.22792e-05, 0.0099182, 0.0207649, 0.884128, 0.0399352, 0.203474, 0.0111224, 0.0317611, 0.036536, 0.00694643, 0.000882317, 0.417947, 1.76879, 0.0154745, 0.0215333, 0.000337838, 0.00987572, 0.0252325, 0.0444507, 0.0424956, 0.018249, 0.0132374, 0.0105173, 0.0396355, 0.0211191, 0.0376372, 0.00841244, 0.0730451, 0.0782724, 

3.83565e-05, 0.00841244, 4.48233e-05, 0.065124, 0.033745, 0.00404158, 0.928108, 0.0207649, 0.0399352, 0.0782724, 3.8963e-05, 0.000895928, 0.00030565, 0.0262089, 0.0459535, 0.0103351, 1.87429, 0.0377766, 0.0418656, 0.0730451, 1.48132e-06, 8.22792e-05, 0.0099182, 0.884128, 0.092545, 0.0317611, 0.036536, 0.0698874, 0.0154745, 0.00987572, 0.00694643, 0.000882317, 0.0215333, 0.000337838, 0.0252325, 0.0444507, 0.0172319, 0.0216295, 0.00511777, 0.0111224, 0.018249, 0.0132374, 0.0105173, 0.0396355, 0.0211191, 0.0376372, 0.0101055, 0.0311339, 0.417947, 0.655768, 

3.83565e-05, 0.00841244, 4.48233e-05, 0.0100432, 0.0399352, 0.0782724, 1.98384, 0.0154745, 0.0262089, 0.0377766, 3.8963e-05, 0.000895928, 0.00030565, 0.0103351, 0.0418656, 0.0730451, 0.356575, 0.0207649, 0.00511777, 0.0172319, 1.48132e-06, 8.22792e-05, 0.0099182, 0.636962, 0.092545, 0.0317611, 0.036536, 0.0698874, 0.0252325, 0.065124, 0.00694643, 0.000882317, 0.0215333, 0.000337838, 0.00381559, 0.0216295, 0.0111224, 0.0459535, 0.00404158, 0.00987572, 0.018249, 0.0132374, 0.0105173, 0.0396355, 0.0211191, 0.0376372, 0.0101055, 0.0311339, 0.191129, 0.417947, 

3.83565e-05, 0.00441027, 4.48233e-05, 0.0782724, 0.0262089, 0.0377766, 0.674018, 0.0317611, 0.00030565, 0.0252325, 3.8963e-05, 0.000895928, 0.0103351, 0.0418656, 0.0730451, 0.0207649, 0.39033, 0.0215333, 0.0137513, 0.0154745, 1.48132e-06, 8.22792e-05, 0.636962, 0.092545, 0.036536, 0.065124, 0.483553, 0.0216295, 0.0099182, 0.0172319, 0.00167041, 0.000882317, 0.000337838, 0.00381559, 0.0111224, 0.00987572, 1.06047, 0.0100432, 0.00404158, 0.00511777, 0.018249, 0.0132374, 0.0105173, 0.0211191, 0.0376372, 0.0101055, 0.0311339, 0.00841244, 0.0399352, 0.0459535, 

3.83565e-05, 0.00441027, 4.48233e-05, 0.0262089, 0.0377766, 0.0317611, 0.00030565, 0.036536, 0.0207649, 0.0216295, 3.8963e-05, 0.000895928, 0.0103351, 0.0418656, 0.0215333, 0.0137513, 0.016725, 0.00987572, 0.0459535, 0.0252325, 1.48132e-06, 8.22792e-05, 0.636962, 0.092545, 0.483553, 2.03708, 2.54403, 0.0154745, 0.0172319, 0.00404158, 0.00167041, 0.000882317, 0.000337838, 0.00381559, 0.0103253, 1.06047, 0.00511777, 0.0099182, 0.0399352, 0.0100432, 0.018249, 0.0132374, 0.0105173, 0.0211191, 0.0376372, 0.0101055, 0.0311339, 0.00841244, 0.065124, 0.0730451, 

3.83565e-05, 0.00441027, 4.48233e-05, 0.0377766, 0.00030565, 0.0207649, 0.520359, 0.0216295, 0.0262089, 0.00404158, 3.8963e-05, 0.000895928, 0.0215333, 0.0137513, 0.0105876, 0.0459535, 1.92419, 0.0103253, 0.0103351, 0.0154745, 1.48132e-06, 8.22792e-05, 0.591468, 0.092545, 2.03708, 1.991, 0.176237, 0.00987572, 0.0252325, 0.0100432, 0.00167041, 0.000882317, 0.000337838, 0.00511777, 0.0099182, 0.0399352, 1.59163, 0.00381559, 0.00802419, 0.0172319, 0.018249, 0.0132374, 0.0105173, 0.0211191, 0.0101055, 0.00841244, 0.00905819, 0.0123567, 0.0317611, 0.036536, 

3.83565e-05, 0.00430645, 0.0207649, 0.520359, 0.0262089, 0.00404158, 1.76789, 0.0215333, 0.0216295, 0.036536, 3.8963e-05, 0.000895928, 0.0105876, 0.0103253, 0.0103351, 0.319471, 0.364649, 0.0154745, 0.000337838, 0.00030565, 1.48132e-06, 8.22792e-05, 0.591468, 1.991, 0.00987572, 0.0252325, 0.578141, 4.48233e-05, 0.0137513, 0.00381559, 0.00167041, 0.000882317, 0.00511777, 0.0099182, 0.00802419, 1.08336, 1.93818, 0.0172319, 0.0317611, 0.0100432, 0.018249, 0.0132374, 0.0105173, 0.0211191, 0.0101055, 0.00841244, 0.00905819, 0.0123567, 0.0377766, 0.0399352, 

3.83565e-05, 0.00430645, 0.00404158, 0.0215333, 0.0216295, 0.036536, 1.25131, 0.0099182, 4.48233e-05, 0.0172319, 3.8963e-05, 0.000480447, 0.0103253, 0.319471, 0.0154745, 0.00030565, 2.01837, 0.0103351, 0.000337838, 0.0317611, 1.48132e-06, 7.8985e-05, 0.591468, 0.529866, 0.0137513, 0.00381559, 0.258557, 0.00987572, 0.0105876, 0.0252325, 0.00167041, 0.000882317, 0.00511777, 0.00802419, 1.85414, 0.0100432, 1.32597, 0.0262089, 0.0207649, 0.0377766, 0.018249, 0.0132374, 0.0105173, 0.0211191, 0.0101055, 0.00841244, 0.00905819, 0.0123567, 0.0399352, 0.0797698, 

3.83565e-05, 0.000480447, 0.00404158, 0.0215333, 0.0216295, 0.036536, 0.0172319, 0.00381559, 0.0252325, 0.0099182, 3.8963e-05, 0.000408113, 0.0103253, 0.0154745, 2.01837, 0.000337838, 0.000403917, 0.0262089, 4.48233e-05, 0.0317611, 1.48132e-06, 7.8985e-05, 0.529866, 0.00987572, 0.0105876, 1.25896, 0.829603, 0.00802419, 0.0100432, 0.00030565, 0.00167041, 0.000882317, 0.00511777, 1.85414, 1.32597, 0.0207649, 0.0377766, 0.0137513, 0.0103351, 0.00256516, 0.0132374, 0.0105173, 0.0101055, 0.00841244, 0.00905819, 0.0123567, 0.00430645, 0.00201362, 0.0399352, 0.0797698, 

3.83565e-05, 7.8985e-05, 0.0216295, 0.00381559, 0.0099182, 1.68378, 0.00390113, 0.0105876, 0.00802419, 0.00404158, 3.8963e-05, 0.000408113, 0.0154745, 0.000337838, 0.000403917, 1.34258, 1.47161, 0.00030565, 0.0262089, 0.0172319, 1.48132e-06, 6.81745e-05, 0.529866, 0.00987572, 0.631436, 0.0100432, 0.000109066, 0.0215333, 0.0103351, 0.0103253, 0.00147153, 0.000882317, 0.00511777, 1.85414, 0.0207649, 0.0377766, 0.00256516, 0.0252325, 4.48233e-05, 0.0137513, 0.0105173, 0.0101055, 0.00841244, 0.00905819, 0.00430645, 0.00201362, 0.00395841, 0.000480447, 0.0317611, 0.036536, 

3.83565e-05, 7.8985e-05, 0.0099182, 0.0105876, 0.00404158, 1.87388, 0.000115318, 0.00175071, 0.00381559, 0.0100432, 7.10662e-07, 0.000408113, 0.000403917, 0.495501, 0.964549, 0.00030565, 0.0262089, 0.000337838, 0.0215333, 0.00802419, 1.48132e-06, 6.81745e-05, 0.631436, 0.000109066, 0.0103351, 0.0103253, 2.831, 0.0137513, 0.0216295, 0.00256516, 0.000480447, 0.000746931, 0.00511777, 0.0207649, 0.0252325, 4.48233e-05, 2.41064, 0.00987572, 0.0172319, 0.0154745, 0.0101055, 0.00841244, 0.00905819, 0.00430645, 0.00201362, 0.00395841, 0.000511763, 0.000620724, 0.0317611, 0.036536, 

3.83565e-05, 7.8985e-05, 5.27371e-05, 0.00381559, 0.0100432, 0.217322, 0.175939, 0.0137513, 0.00802419, 0.000403917, 7.10662e-07, 0.000408113, 0.495501, 0.00030565, 0.0262089, 0.000337838, 0.0215333, 0.0105876, 0.000109066, 0.000115318, 1.48132e-06, 6.81745e-05, 0.0103351, 0.0103253, 0.706922, 0.00256516, 0.334621, 0.00987572, 0.0099182, 0.0154745, 0.000480447, 0.000511763, 0.00511777, 0.0252325, 4.48233e-05, 2.41064, 1.93671, 0.0172319, 0.00404158, 0.0207649, 0.0101055, 0.00841244, 0.00905819, 0.00430645, 0.00201362, 0.00395841, 0.000746931, 0.000620724, 0.0216295, 0.0317611, 

3.83565e-05, 7.8985e-05, 0.0100432, 0.217322, 0.175939, 0.0137513, 0.000403917, 0.0215333, 4.48233e-05, 0.0103351, 7.10662e-07, 0.000408113, 0.495501, 0.00030565, 0.0262089, 0.0105876, 0.000109066, 0.0207649, 0.0103253, 0.0099182, 1.48132e-06, 6.81745e-05, 0.0147655, 0.00256516, 0.334621, 0.0154745, 1.99833, 0.000337838, 5.27371e-05, 0.00802419, 0.000359473, 0.000511763, 0.00511777, 0.0252325, 0.0172319, 0.00404158, 2.03329, 0.00381559, 0.00987572, 0.000115318, 0.0101055, 0.00841244, 0.00905819, 0.00430645, 0.00201362, 0.00395841, 0.000746931, 0.000620724, 0.0216295, 0.0317611, 

3.83565e-05, 5.36536e-05, 0.0137513, 0.000403917, 0.0215333, 0.0103351, 2.05862, 0.0100432, 0.0154745, 4.48233e-05, 7.10662e-07, 6.58311e-05, 0.0262089, 0.000109066, 0.0207649, 0.0099182, 2.11251, 0.00030565, 0.000115318, 0.000337838, 1.48132e-06, 6.81745e-05, 0.0147655, 0.00256516, 0.334621, 0.00802419, 2.06142, 0.0103253, 0.00381559, 5.27371e-05, 0.000359473, 0.000511763, 0.000501588, 0.00404158, 2.03329, 0.00987572, 1.10401, 2.73068e-05, 0.00511777, 0.0105876, 0.00841244, 0.00905819, 0.00430645, 0.00201362, 0.00395841, 0.000746931, 0.000620724, 0.000142331, 0.0172319, 0.0216295, 

3.83565e-05, 5.36536e-05, 0.000403917, 0.0215333, 0.0154745, 1.09648, 1.88086, 0.00256516, 0.00511777, 0.0105876, 7.10662e-07, 6.58311e-05, 0.0207649, 2.11251, 0.00030565, 0.000115318, 0.000337838, 4.48233e-05, 0.0099182, 0.00987572, 1.48132e-06, 6.81745e-05, 0.00802419, 2.06142, 0.0103253, 0.00381559, 5.27371e-05, 0.000501588, 0.0100432, 0.000109066, 0.000142331, 0.000511763, 0.00404158, 2.03329, 1.10401, 2.73068e-05, 1.2009, 0.0147655, 0.0103351, 0.0137513, 0.00841244, 0.00905819, 0.00430645, 0.00201362, 0.00395841, 0.000746931, 0.000620724, 0.000307113, 0.0172319, 0.0216295, 

3.83565e-05, 5.36536e-05, 0.0215333, 0.0154745, 0.0101254, 1.88086, 1.92374, 0.0103253, 2.73068e-05, 0.000403917, 7.10662e-07, 6.58311e-05, 2.11251, 0.00030565, 0.000115318, 0.0099182, 1.92221, 0.00987572, 0.000501588, 4.48233e-05, 1.48132e-06, 6.81745e-05, 0.00381559, 0.0100432, 0.000109066, 1.77321, 1.00019, 0.00802419, 0.000337838, 0.00256516, 8.06006e-05, 0.000511763, 0.00404158, 0.817005, 1.10401, 0.0137513, 1.85315, 0.00511777, 0.0103351, 5.27371e-05, 0.00841244, 0.00905819, 0.00430645, 0.00201362, 0.00395841, 0.000746931, 0.000620724, 0.000307113, 0.0105876, 0.0147655, 

3.83565e-05, 5.36536e-05, 0.0215333, 0.0154745, 2.73068e-05, 0.000403917, 0.0927088, 0.0100432, 0.0105876, 0.00381559, 7.10662e-07, 6.58311e-05, 2.11251, 0.000115318, 4.48233e-05, 1.05906, 1.78388, 0.000501588, 0.00987113, 0.00511777, 1.48132e-06, 6.81745e-05, 0.000109066, 0.00802419, 0.000337838, 0.00256516, 1.28802, 0.0099182, 0.00030565, 0.00118856, 8.06006e-05, 0.000307113, 0.00404158, 0.817005, 0.0137513, 5.27371e-05, 1.9084, 0.00987572, 0.0103351, 0.0103253, 0.00841244, 0.00905819, 0.00430645, 0.00201362, 0.000608858, 0.000746931, 0.000620724, 0.000511763, 0.0147655, 0.130824, 

3.83565e-05, 5.49921e-08, 2.73068e-05, 0.0927088, 0.0100432, 0.0105876, 3.12578e-06, 0.0147655, 0.0215333, 0.000115318, 7.10662e-07, 6.58311e-05, 2.11251, 0.000501588, 0.00987113, 0.00511777, 2.47217, 0.0137513, 0.000337838, 0.000109066, 1.48132e-06, 6.81745e-05, 0.00802419, 0.00256516, 0.0099182, 0.00030565, 0.00118856, 0.000403917, 0.00381559, 4.48233e-05, 5.36536e-05, 0.000307113, 5.27371e-05, 0.00987572, 0.0103351, 0.461923, 1.2893, 0.0103253, 0.0154745, 0.00404158, 0.00841244, 0.00430645, 0.00201362, 0.000608858, 0.000746931, 0.000620724, 0.000511763, 8.06006e-05, 0.130824, 0.142345, 

3.83565e-05, 5.49921e-08, 3.12578e-06, 0.0147655, 0.0215333, 0.000115318, 0.0201291, 0.0927088, 0.00802419, 0.00511777, 7.10662e-07, 6.58311e-05, 0.000501588, 0.00987113, 0.000337838, 0.000109066, 1.02657, 0.0099182, 0.00030565, 0.0103253, 1.48132e-06, 6.81745e-05, 0.00256516, 0.00118856, 0.000403917, 0.00381559, 1.80495, 0.0105876, 0.0154745, 2.73068e-05, 5.36536e-05, 0.000222394, 5.27371e-05, 0.00987572, 0.0103351, 1.2893, 0.00404158, 0.0100432, 0.0137513, 4.48233e-05, 0.00841244, 0.00430645, 0.00201362, 0.000608858, 0.000746931, 0.000620724, 0.000511763, 8.06006e-05, 0.130824, 0.142345, 

3.83565e-05, 5.49921e-08, 3.12578e-06, 0.0147655, 0.0215333, 0.00802419, 0.00511777, 4.48233e-05, 0.00987572, 0.000337838, 7.10662e-07, 6.58311e-05, 0.00987113, 0.000109066, 0.0099182, 0.0103253, 1.49802, 0.000115318, 7.76211e-05, 0.00256516, 1.48132e-06, 4.29162e-05, 0.00118856, 0.000403917, 0.00381559, 0.0105876, 0.0154745, 0.00030565, 0.0201291, 0.0103351, 5.36536e-05, 5.34825e-05, 0.00404158, 0.0100432, 0.0137513, 2.20398, 0.0063712, 0.000501588, 2.73068e-05, 5.27371e-05, 0.00430645, 0.00201362, 0.000608858, 0.000746931, 0.000620724, 0.000511763, 8.06006e-05, 6.81745e-05, 0.0927088, 0.130824, 

6.93402e-06, 5.49921e-08, 3.12578e-06, 0.00511777, 4.48233e-05, 0.000337838, 1.46974, 2.73068e-05, 0.00987572, 0.0147655, 7.10662e-07, 3.79904e-05, 0.000109066, 0.0103253, 7.76211e-05, 0.00256516, 1.80036, 0.000501588, 0.000115318, 0.00987113, 1.48132e-06, 4.29162e-05, 0.000403917, 0.00381559, 0.0105876, 0.00030565, 0.0666404, 0.00802419, 0.0103351, 0.00118856, 5.36536e-05, 5.32915e-05, 0.00404158, 0.0137513, 0.0063712, 5.27371e-05, 0.287369, 0.0100432, 0.000877947, 0.0099182, 0.00201362, 0.000608858, 0.000746931, 0.000620724, 0.000511763, 8.06006e-05, 6.81745e-05, 0.00111367, 0.0154745, 0.0201291, 

6.93402e-06, 5.49921e-08, 1.46974, 2.73068e-05, 0.0147655, 0.433359, 0.286164, 0.00511777, 6.68183e-06, 0.0063712, 7.10662e-07, 2.70224e-05, 0.000109066, 0.0103253, 7.76211e-05, 0.00256516, 2.00215, 5.27371e-05, 0.000115318, 0.000501588, 1.48132e-06, 3.27107e-06, 0.000403917, 0.00381559, 0.0666404, 0.00118856, 1.9326, 4.48233e-05, 0.00802419, 3.12578e-06, 5.36536e-05, 5.32915e-05, 0.00404158, 0.0137513, 0.287369, 0.0100432, 0.0099182, 0.000337838, 0.00030565, 0.000877947, 0.000608858, 0.000746931, 0.000620724, 0.000511763, 8.06006e-05, 6.81745e-05, 0.00111367, 3.79904e-05, 0.00987113, 0.00987572, 

6.93402e-06, 5.49921e-08, 2.73068e-05, 0.286164, 0.00511777, 0.0063712, 1.97058, 4.48233e-05, 0.00987572, 5.27371e-05, 7.10662e-07, 2.70224e-05, 0.0103253, 7.76211e-05, 2.00215, 0.000501588, 1.98529, 0.00256516, 0.000115318, 0.00987113, 1.48132e-06, 3.27107e-06, 0.000403917, 0.00381559, 0.0666404, 0.00118856, 0.00802419, 0.000123591, 0.000109066, 3.12578e-06, 5.36536e-05, 5.32915e-05, 0.0137513, 0.0099182, 0.000337838, 0.00030565, 2.30676, 0.000877947, 0.00404158, 6.68183e-06, 0.000608858, 0.000746931, 0.000620724, 0.000511763, 8.06006e-05, 6.81745e-05, 3.79904e-05, 0.000187436, 0.0100432, 0.0147655, 

6.93402e-06, 5.49921e-08, 2.73068e-05, 0.0063712, 4.48233e-05, 0.00987572, 0.92573, 0.00381559, 0.00511777, 7.76211e-05, 7.10662e-07, 2.70224e-05, 0.0103253, 0.000501588, 1.98529, 0.00256516, 2.71236, 5.27371e-05, 0.00030565, 0.00118856, 1.48132e-06, 3.27107e-06, 0.00802419, 0.000109066, 3.12578e-06, 2.16139, 2.01626, 0.000115318, 0.000403917, 0.000877947, 3.79904e-05, 5.32915e-05, 0.0137513, 0.0099182, 2.30676, 0.00404158, 0.868377, 6.68183e-06, 0.000337838, 0.000123591, 0.000608858, 0.000746931, 0.000620724, 0.000511763, 8.06006e-05, 6.81745e-05, 5.36536e-05, 0.000187436, 0.00987113, 0.0100432, 

1.04831e-06, 5.49921e-08, 2.73068e-05, 0.0063712, 4.48233e-05, 0.00381559, 0.327064, 0.00404158, 3.12578e-06, 0.000337838, 7.10662e-07, 2.14838e-07, 0.558802, 0.000194753, 5.27371e-05, 1.16415, 2.19996, 0.000501588, 0.00030565, 0.00511777, 1.48132e-06, 3.66451e-07, 0.00802419, 1.3322, 0.000403917, 0.000877947, 2.61869, 0.000115318, 7.76211e-05, 0.00987113, 3.27107e-06, 5.32915e-05, 0.0099182, 1.61494, 0.868377, 6.68183e-06, 0.000123591, 0.00987572, 0.00118856, 9.37556e-08, 0.000608858, 0.000620724, 0.000511763, 8.06006e-05, 6.81745e-05, 5.36536e-05, 0.000187436, 7.50362e-06, 0.0100432, 0.0103253, 

Best:
0.000331556	

Fitness Evaluations:
3468

End Population
(1.447610e-03), (3.315559e-04), (7.388276e-03), (-1.129140e-01), (-9.465856e-03), (-8.736251e-02), (1.178172e+01), (-8.991415e-02), (-2.499687e-03), (2.598801e-02), (-1.191895e-03), (-6.553327e-04), (1.782636e+01), (-1.973129e-02), (1.026754e-02), (-4.552744e+00), (-2.829092e+01), (-3.166636e-02), (-2.471894e-02), (-1.011887e-01), (-1.720801e-03), (-8.558825e-04), (-1.267353e-01), (2.973373e+01), (2.841629e-02), (-4.189599e-02), (-9.326652e+01), (1.518305e-02), (1.245659e-02), (-6.283639e+00), (-2.557122e-03), (1.032137e-02), (6.290389e+00), (-7.472365e+01), (-1.748838e+01), (-3.654722e-03), (-1.571823e-02), (6.284745e+00), (-4.874833e-02), (-4.329175e-04), (3.488882e-02), (3.522720e-02), (3.198595e-02), (1.269342e-02), (-1.167400e-02), (-1.035638e-02), (-1.935709e-02), (-3.872952e-03), (-6.261151e+00), (6.310391e+00), 