Iterations: 50
Function Evaluations Limit: 150000
Population: 50

Prides Length: 4

Percent Nomads: 0.2
Percent Roaming: 0.2
Percent Sex: 0.8

Mating Rate: 0.3
Mutation Probability: 0.2
Immigration Rate: 0.4

Percent Group Influence: 0.4
Annealing On: true
Ranked Selection Pressure: 2
Near To Best Random Pressure: 2

Dimensions: 2
N-Dimension Space: -5:5

Fitness Iterations:
1.39209 (Initial Best)

28054.5, 30273.8, 20.5698, 446.791, 1970.67, 27465.3, 450.84, 50341.5, 1269.98, 5272.68, 187.582, 5.2504, 1490.66, 7511.95, 46827.8, 21910.8, 2982, 4859.92, 69954.7, 58.175, 783.174, 9636.1, 1.39209, 1045.32, 41136.9, 54847.2, 4.85508, 74259.3, 22944.2, 59579.8, 16353.4, 23450, 782.676, 23672, 1480.53, 168.433, 6232, 5467.1, 33.9161, 50676.8, 19374, 57035.9, 15542.3, 1314.57, 51061.8, 64965.9, 76076.5, 253.399, 129.272, 14101.8, 

72.0714, 253.399, 20.5698, 320.521, 1269.98, 3148.16, 1141.68, 97.8291, 4.85508, 33.9161, 5.18547, 5.2504, 30.3553, 97.5776, 461.942, 29022.6, 103.082, 128.926, 1291.47, 324.878, 9.87823, 90.9033, 1.39209, 4001.11, 8758.41, 28399.2, 16.3292, 60.5573, 2.08512, 90.4616, 296.705, 0.530102, 782.676, 1480.53, 2132.39, 361.255, 37007.8, 129.272, 879.473, 58.175, 1307.84, 548.176, 370.094, 420.704, 665.643, 854.873, 959.437, 1314.57, 1501.6, 1502.85, 

2.52412, 5.69171, 4.85508, 320.521, 1269.98, 3148.16, 405.334, 97.8291, 33.9161, 2.61706, 5.18547, 5.2504, 2.10077, 97.5776, 324.878, 1291.47, 27.1339, 60.5573, 20.5698, 2.08512, 9.87823, 0.711011, 433.508, 621.2, 1430.95, 6374.53, 0.150383, 1.39209, 90.4616, 16.3292, 0.530102, 15.4646, 44.6819, 129.272, 361.255, 6.91664, 4332.16, 6.07868, 78.5635, 5.29238, 21.8811, 42.881, 90.9033, 147.419, 150.923, 164.498, 167.06, 173.403, 103.082, 128.926, 

1.12382, 1.5222, 2.61706, 97.8291, 388.648, 405.334, 3601.03, 6.07868, 2.08512, 2.10077, 5.18547, 5.2504, 6.52632, 20.5698, 97.5776, 324.878, 106.913, 1.71514, 5.29238, 10.0206, 0.711011, 0.497951, 1.39209, 5.62824, 16.3292, 621.2, 1490.98, 32.1603, 1.29164, 4.85508, 0.530102, 0.686465, 6.91664, 25.9617, 78.5635, 186.033, 765.397, 0.150383, 24.1871, 33.9161, 2.51116, 5.69171, 12.0112, 21.8811, 24.6579, 33.0071, 42.881, 90.9033, 44.6819, 60.5573, 

1.12382, 1.5222, 2.61706, 97.8291, 344.504, 48631.8, 1526.62, 12.1747, 5.29238, 20.5698, 2.8841, 5.18547, 1.71514, 10.0206, 324.878, 17.3265, 247.347, 4.08869, 1.01043, 5.62824, 0.497951, 0.711011, 0.21741, 1.39209, 4.85508, 32.1603, 621.2, 2.10077, 16.3292, 6.07868, 0.267672, 0.530102, 0.150383, 6.91664, 25.9617, 78.5635, 13.082, 7.7613, 2.08512, 6.52632, 2.51116, 2.58924, 5.69171, 7.12624, 12.0112, 13.4655, 18.6322, 20.0202, 24.1871, 33.9161, 

1.12382, 1.24928, 20.5698, 344.504, 1526.62, 3522.03, 25510.1, 6.07868, 24.1871, 0.150383, 1.32118, 2.51116, 1.01043, 1.71514, 1.90206, 324.878, 5995.9, 5.62824, 6.91664, 17.3265, 0.497951, 0.711011, 0.21741, 1.39209, 2.10077, 4.85508, 32.1603, 16.3292, 12.1747, 10.0206, 0.267672, 0.530102, 2.08512, 7.7613, 13.082, 104.514, 6843.48, 5.29238, 6.52632, 2.61706, 5.18547, 2.58924, 5.69171, 7.12624, 12.0112, 13.4655, 18.6322, 20.0202, 25.9617, 33.9161, 

1.12382, 1.24928, 0.150383, 20.5698, 24.1871, 344.504, 4784.74, 2.07726, 5.62824, 16.3292, 1.32118, 2.51116, 1.01043, 1.90206, 6.91664, 17.3265, 63.327, 2.61706, 0.21741, 13.5562, 0.433905, 0.711011, 1.39209, 10.0206, 32.1603, 131.012, 9.43511, 6.07868, 5.29238, 1.71514, 0.267672, 0.530102, 2.08512, 6.52632, 7.7613, 13.082, 5.50558, 12.1747, 25.9617, 4.85508, 2.58924, 5.18547, 5.69171, 5.75413, 7.12624, 12.0112, 13.4655, 18.6322, 33.9161, 104.514, 

0.242126, 0.592749, 0.150383, 2.07726, 16.3292, 192.669, 32.567, 2.08512, 6.91664, 2.61706, 0.16819, 2.51116, 0.21741, 1.01043, 13.5562, 17.3265, 6757.29, 5.62824, 13.082, 1.71514, 0.433905, 0.484396, 1.39209, 9.43511, 32.1603, 131.012, 60.2814, 0.416568, 4.85508, 1.90206, 0.267672, 0.530102, 5.50558, 6.52632, 7.7613, 12.1747, 1186.19, 10.0206, 5.29238, 6.07868, 1.24928, 2.58924, 5.18547, 5.69171, 5.75413, 7.12624, 12.0112, 12.3162, 18.4896, 20.5698, 

0.242126, 0.592749, 0.150383, 2.07726, 10.2688, 32.567, 977.493, 1.90206, 0.416568, 2.09582, 0.16819, 1.24928, 0.21741, 1.71514, 5.62824, 13.5562, 4.18952, 4.85508, 2.08512, 2.61706, 0.433905, 0.484396, 1.39209, 9.43511, 60.2814, 131.012, 8242.32, 7.7613, 13.082, 6.52632, 0.267672, 0.530102, 5.50558, 6.07868, 12.1747, 1186.19, 522.057, 6.91664, 10.0206, 1.01043, 2.51116, 2.58924, 5.18547, 5.69171, 5.75413, 7.12624, 12.0112, 12.3162, 16.3292, 17.3265, 

0.242126, 0.592749, 0.416568, 1.90206, 2.09582, 138.096, 3748.7, 0.21741, 0.150383, 7.7613, 0.16819, 1.24928, 0.592668, 2.61706, 4.85508, 5.62824, 13.5562, 2.07726, 9.12336, 10.2688, 0.402637, 0.433905, 6.52632, 9.43511, 13.082, 60.2814, 131.012, 1.39209, 4.18952, 1.71514, 0.267672, 0.517212, 1.01043, 6.07868, 7.84849, 1186.19, 17.3217, 5.50558, 10.0206, 6.91664, 2.51116, 2.58924, 3.82681, 5.18547, 5.69171, 5.75413, 7.12624, 12.0112, 12.1747, 16.074, 

0.140258, 0.0825175, 0.21741, 0.416568, 127.866, 138.096, 4060.2, 2.09582, 5.60303, 1.39209, 0.16819, 0.753716, 2.07726, 2.61706, 4.85508, 10.2688, 523.318, 6.07868, 7.7613, 5.50558, 0.402637, 0.433905, 1.71514, 4.18952, 9.43511, 131.012, 567.828, 0.105064, 0.592668, 6.52632, 0.267672, 0.517212, 1.01043, 6.91664, 17.3217, 236.747, 5.80842, 0.150383, 5.62824, 1.90206, 0.242126, 0.592749, 1.82683, 2.51116, 2.58924, 3.73918, 3.82681, 5.18547, 7.84849, 9.12336, 

0.0825175, 0.140258, 0.21741, 2.09582, 127.866, 138.096, 58.2561, 4.85508, 1.06592, 1.39209, 0.16819, 0.242126, 2.07726, 2.61706, 5.50558, 7.7613, 523.318, 4.18952, 2.53977, 4.27689, 0.402637, 0.192575, 0.592668, 9.43511, 131.012, 0.293949, 748.466, 1.90206, 5.60303, 1.71514, 0.267672, 0.433905, 0.150383, 5.62824, 6.91664, 45.127, 7.3812, 0.416568, 1.01043, 0.105064, 0.753716, 0.517212, 0.592749, 1.22221, 1.82683, 2.51116, 2.58924, 3.73918, 5.80842, 5.922, 

0.0825175, 0.090418, 0.575464, 4.85508, 58.2561, 127.866, 0.446135, 0.21741, 1.39209, 1.90206, 0.16819, 0.242126, 4.18952, 4.27689, 7.7613, 523.318, 4749.13, 1.71514, 0.105064, 5.50558, 0.192575, 0.252531, 0.293949, 5.60303, 9.43511, 131.012, 748.466, 2.07726, 5.62824, 2.61706, 0.267672, 0.433905, 0.150383, 0.215269, 0.416568, 39.94, 1060.75, 2.53977, 0.592668, 2.09582, 0.351076, 0.517212, 0.592749, 0.753716, 1.22221, 1.82683, 2.51116, 2.58924, 5.80842, 5.922, 

0.0825175, 0.090418, 0.575464, 1.39209, 4.85508, 58.2561, 53.0186, 0.105064, 5.50558, 1.76351, 0.16819, 0.242126, 4.18952, 4.27689, 7.7613, 1512.1, 0.747094, 2.09582, 0.215269, 0.446135, 0.192575, 0.252531, 0.293949, 2.07726, 9.43511, 131.012, 72.1037, 2.53977, 1.71514, 0.592668, 0.267672, 0.351076, 0.150383, 0.416568, 39.94, 287.787, 1008.53, 1.90206, 0.21741, 2.61706, 0.433905, 0.517212, 0.592749, 0.753716, 1.22221, 1.26069, 1.82683, 2.51116, 5.60303, 5.62824, 

0.0825175, 0.090418, 0.105064, 4.85508, 5.50558, 58.2561, 28.6675, 0.592668, 1.76351, 0.747094, 0.16819, 0.242126, 0.215269, 2.09582, 4.27689, 1512.1, 11012, 1.39209, 1.90206, 0.293949, 0.192575, 0.252531, 1.71514, 2.53977, 15.643, 131.012, 2.61635, 0.416568, 2.07726, 0.150383, 0.267672, 0.351076, 0.21741, 2.61706, 39.94, 97.9948, 25.7891, 4.18952, 0.446135, 0.575464, 0.433905, 0.517212, 0.592749, 0.753716, 1.22221, 1.26069, 1.82683, 2.51116, 5.60303, 5.62824, 

0.0825175, 0.090418, 0.105064, 0.592668, 0.747094, 4.85508, 5.50558, 2.53977, 1.71514, 2.61706, 0.16819, 0.242126, 0.293949, 1.90206, 2.09582, 4.27689, 1512.1, 1.76351, 1.39209, 0.21741, 0.192575, 0.252531, 0.150383, 0.416568, 15.643, 297.019, 414.847, 0.215269, 5.60303, 5.62824, 0.267672, 0.351076, 0.446135, 0.575464, 4.18952, 39.94, 97.9948, 2.07726, 2.61635, 2.06336, 0.433905, 0.517212, 0.592749, 0.753716, 1.22221, 1.26069, 1.82683, 2.51116, 5.80436, 24.6824, 

0.0749628, 0.0825175, 0.105064, 2.53977, 2.61706, 0.0603516, 485.161, 0.575464, 0.293949, 4.85508, 0.16819, 0.242126, 1.76351, 2.09582, 4.27689, 1512.1, 119.895, 0.592668, 0.446135, 1.39209, 0.192575, 0.252531, 0.150383, 0.215269, 0.416568, 5.60303, 14.3875, 0.0784606, 0.747094, 1.66566, 0.267672, 0.351076, 2.06336, 2.07726, 2.61635, 4.18952, 39.94, 5.50558, 0.21741, 1.90206, 0.433905, 0.517212, 0.592749, 0.753716, 1.22221, 1.26069, 1.82683, 2.51116, 5.62824, 5.80436, 

0.066381, 0.0825175, 0.0603516, 0.575464, 4.85508, 485.161, 78.308, 1.66566, 0.446135, 0.747094, 0.16819, 0.242126, 2.09582, 4.27689, 119.895, 1512.1, 0.272756, 0.215269, 1.39209, 0.21741, 0.192575, 0.252531, 0.0784606, 0.416568, 5.60303, 14.3875, 1357.21, 1.76351, 0.592668, 0.105064, 0.248145, 0.267672, 4.18952, 5.50558, 39.94, 227.569, 269.028, 0.150383, 0.293949, 1.90206, 0.294849, 0.433905, 0.517212, 0.592749, 0.753716, 1.22221, 1.26069, 1.82683, 2.06336, 2.07726, 

0.066381, 0.0607215, 0.446135, 0.747094, 1.66566, 4.85508, 169.994, 2.07726, 1.76351, 0.21741, 0.16819, 0.180746, 0.215269, 1.39209, 4.27689, 322.586, 110.42, 0.592668, 2.06336, 0.0603516, 0.0554197, 0.192575, 0.0784606, 0.105064, 0.416568, 5.60303, 28.6851, 2.09582, 0.575464, 14.3875, 0.121449, 0.267672, 0.293949, 1.90206, 4.18952, 2753.43, 817.997, 5.50558, 0.272756, 0.150383, 0.0825175, 0.242126, 0.294849, 0.517212, 0.592749, 0.753716, 1.22221, 1.26069, 

0.0607215, 0.0634422, 0.446135, 0.747094, 1.66566, 1.76351, 2.07726, 0.0825175, 0.180746, 0.0603516, 0.592668, 1.39209, 4.27689, 322.586, 0.0554197, 0.133289, 0.0784606, 0.105064, 5.60303, 14.3875, 0.513764, 0.0457781, 0.121449, 0.293949, 1.90206, 4.18952, 1068.02, 176.46, 0.16819, 0.242126, 0.294849, 0.517212, 0.592749, 0.753716, 1.22221, 1.26069, 0.150383, 0.215269, 

0.0604993, 0.0634422, 0.446135, 0.747094, 1.66566, 1.76351, 94.0728, 0.0825175, 0.16819, 0.0603516, 0.592668, 1.39209, 4.27689, 3450.99, 0.0554197, 0.133289, 0.0784606, 0.105064, 0.513764, 14.3875, 10.414, 0.0457781, 0.121449, 0.293949, 4.18952, 18.5311, 176.46, 15.1644, 0.180746, 0.242126, 0.294849, 0.517212, 0.592749, 0.753716, 1.22221, 1.26069, 0.150383, 0.215269, 

0.0604993, 0.0634422, 0.28719, 0.446135, 0.747094, 94.0728, 621.586, 0.0825175, 0.16819, 0.592668, 1.39209, 4.27689, 3450.99, 206.563, 0.0554197, 0.133289, 0.0784606, 0.105064, 10.414, 14.3875, 10011.7, 0.0457781, 0.121449, 0.293949, 4.18952, 15.1644, 176.46, 14941.5, 0.180746, 0.242126, 0.294849, 0.517212, 0.592749, 0.753716, 1.22221, 1.26069, 0.0603516, 0.150383, 

0.0604993, 0.0634422, 0.28719, 0.446135, 13.6068, 621.586, 251.089, 0.0825175, 0.16819, 0.592668, 1.39209, 4.27689, 206.563, 925.242, 0.0546353, 0.0405885, 0.0784606, 0.105064, 14.3875, 10011.7, 0.0414562, 0.0457781, 0.121449, 0.293949, 4.18952, 176.46, 14941.5, 0.0166668, 0.133289, 0.180746, 0.242126, 0.294849, 0.517212, 0.592749, 0.753716, 1.22221, 0.0603516, 0.150383, 

0.0604993, 0.0634422, 0.446135, 13.6068, 251.089, 621.586, 1974.25, 0.0825175, 0.133289, 0.592668, 4.27689, 206.563, 465.185, 271.992, 0.0405885, 0.0546353, 0.0414562, 0.0784606, 0.105064, 14.3875, 80.0973, 0.0457781, 0.118238, 0.0166668, 0.293949, 4.18952, 11612.4, 1260.43, 0.16819, 0.180746, 0.242126, 0.294849, 0.517212, 0.592749, 0.753716, 1.22221, 0.0603516, 0.150383, 

0.0546353, 0.0604993, 0.446135, 4.2642, 93.8207, 251.089, 89.7599, 0.0825175, 0.133289, 0.592668, 206.563, 271.992, 465.185, 2611.67, 0.0405885, 0.0408962, 0.0414562, 0.0784606, 14.3875, 80.0973, 22296.9, 0.0457781, 0.118238, 0.0166668, 0.293949, 4.18952, 1260.43, 444.67, 0.0602274, 0.16819, 0.180746, 0.242126, 0.294849, 0.517212, 0.592749, 0.753716, 0.0603516, 0.105064, 

0.0546353, 0.0604993, 0.446135, 89.4982, 93.8207, 251.089, 106.991, 0.0602274, 0.133289, 0.592668, 75.9176, 271.992, 2611.67, 1637.56, 0.03922, 0.0408962, 0.0414562, 0.0784606, 14.3875, 80.0973, 10.9963, 0.0457781, 0.118238, 0.0166668, 0.293949, 0.474212, 444.67, 24.8052, 0.0825175, 0.16819, 0.180746, 0.242126, 0.294849, 0.517212, 0.592749, 0.753716, 0.0603516, 0.105064, 

0.0546353, 0.0590828, 0.446135, 89.4982, 93.8207, 106.991, 251.089, 0.0602274, 0.133289, 0.592668, 75.9176, 271.992, 2611.67, 4.9108, 0.03922, 0.0408962, 0.0414562, 0.0784606, 2.35354, 14.3875, 80.0973, 0.0457781, 0.118238, 0.0166668, 0.293949, 0.474212, 24.8052, 444.67, 0.0825175, 0.16819, 0.180746, 0.242126, 0.294849, 0.517212, 0.592749, 0.753716, 0.0603516, 0.105064, 

0.0546353, 0.0590828, 89.4982, 93.8207, 106.991, 251.089, 4.15773, 0.0602274, 0.0825175, 0.592668, 1.43236, 75.9176, 146.146, 271.992, 0.0336307, 0.0408962, 0.0414562, 0.0784606, 2.35354, 14.3875, 80.0973, 0.0457781, 0.118238, 0.0166668, 0.293949, 24.8052, 444.67, 184.393, 0.133289, 0.16819, 0.180746, 0.242126, 0.294849, 0.517212, 0.592749, 0.753716, 0.0603516, 0.105064, 

0.0481677, 0.0546353, 4.15773, 31.1697, 89.4982, 106.991, 251.089, 0.0602274, 0.0825175, 1.43236, 31.3655, 75.9176, 146.146, 1995.61, 0.0336307, 0.0408962, 0.0784606, 2.35354, 14.3875, 80.0973, 35.7563, 0.0457781, 0.118238, 0.0166668, 0.293949, 24.8052, 184.393, 444.67, 0.133289, 0.16819, 0.180746, 0.242126, 0.294849, 0.517212, 0.592749, 0.753716, 0.0414562, 0.0603516, 

0.0481677, 0.0546353, 31.1697, 89.4982, 106.991, 219.789, 0.645383, 0.0575423, 0.0602274, 1.43236, 1.98171, 146.146, 1995.61, 1.51119, 0.0336307, 0.0408962, 0.0784606, 14.3875, 35.7563, 80.0973, 4.38576, 0.0457781, 0.118238, 0.0166668, 0.293949, 0.417976, 444.67, 21.1038, 0.133289, 0.16819, 0.180746, 0.242126, 0.294849, 0.517212, 0.592749, 0.753716, 0.0414562, 0.0603516, 

0.0481677, 0.0546353, 31.1697, 89.4982, 106.991, 219.789, 0.0936845, 0.0575423, 0.0602274, 0.190245, 1.43236, 1.51119, 1.98171, 92.6384, 0.0336307, 0.0408962, 0.0784606, 4.38576, 14.3875, 80.0973, 332.921, 0.0457781, 0.118238, 0.0166668, 0.293949, 0.417976, 444.67, 167.071, 0.133289, 0.16819, 0.180746, 0.242126, 0.294849, 0.517212, 0.592749, 0.753716, 0.0414562, 0.0603516, 

0.0481677, 0.0546353, 0.0936845, 31.1697, 89.4982, 106.991, 219.789, 0.0575423, 0.0602274, 0.190245, 1.51119, 1.98171, 92.6384, 781.557, 0.0270984, 0.0408962, 0.0784606, 4.38576, 14.5302, 328.206, 90.5591, 0.0457781, 0.118238, 0.0166668, 0.417976, 167.071, 444.67, 83.9611, 0.133289, 0.16819, 0.180746, 0.242126, 0.294849, 0.517212, 0.592749, 0.753716, 0.0414562, 0.0603516, 

0.0481677, 0.0546353, 0.0936845, 1.68238, 106.991, 219.789, 10777.4, 0.0575423, 0.0602274, 0.190245, 1.51119, 92.6384, 203.953, 2685.88, 0.0250479, 0.0270984, 0.0784606, 14.5302, 90.5591, 328.206, 435.591, 0.0457781, 0.0481983, 0.0166668, 70.048, 167.071, 444.67, 40823.5, 0.133289, 0.16819, 0.180746, 0.242126, 0.294849, 0.517212, 0.592749, 0.753716, 0.0414562, 0.0603516, 

0.0481677, 0.0546353, 0.0936845, 1.68238, 106.991, 3502.36, 33.7034, 0.0575423, 0.0602274, 0.190245, 1.51119, 92.6384, 203.953, 326.64, 0.0250479, 0.0270984, 0.0784606, 14.5302, 90.5591, 195.47, 435.591, 0.0457781, 0.0194908, 70.048, 167.071, 444.67, 2203.38, 0.0154733, 0.133289, 0.16819, 0.180746, 0.242126, 0.294849, 0.517212, 0.592749, 0.753716, 0.0414562, 0.0603516, 

0.0481677, 0.0546353, 0.0936845, 1.46463, 1.68238, 114.226, 0.239468, 0.0575423, 0.0602274, 0.190245, 1.51119, 203.953, 326.64, 1.23301, 0.0250479, 0.0270984, 0.0784606, 90.5591, 195.47, 435.591, 374.543, 0.0194908, 0.0457781, 0.0154733, 43.3096, 53.8576, 2203.38, 14.2376, 0.133289, 0.16819, 0.180746, 0.242126, 0.294849, 0.297643, 0.592749, 0.753716, 0.0414562, 0.0603516, 

0.0471943, 0.0481677, 0.0936845, 0.239468, 1.46463, 1.68238, 114.226, 0.0517769, 0.0575423, 1.20161, 1.51119, 203.953, 284.764, 0.421407, 0.0250479, 0.0270984, 0.0784606, 195.47, 374.543, 435.591, 142.47, 0.0194908, 0.0457781, 11.6768, 12.8897, 43.3096, 2203.38, 122.431, 0.133289, 0.16819, 0.180746, 0.242126, 0.294849, 0.297643, 0.592749, 0.753716, 0.0154733, 0.0414562, 

0.0462801, 0.0474995, 0.0936845, 0.239468, 1.46463, 1.68238, 126.567, 0.0517769, 0.0524135, 0.0763155, 1.51119, 203.953, 284.764, 0.0572667, 0.0250479, 0.0270984, 0.0784606, 16.7312, 142.47, 374.543, 109.529, 0.0194908, 0.0457781, 12.8897, 43.3096, 122.431, 1950.92, 121.058, 0.0600848, 0.108078, 0.133289, 0.16819, 0.180746, 0.242126, 0.294849, 0.297643, 0.0154733, 0.0414562, 

0.0462801, 0.0474995, 0.0936845, 0.239468, 1.46463, 126.567, 889.808, 0.0517769, 0.0524135, 0.0572667, 0.0763155, 6.20802, 203.953, 130.692, 0.0250479, 0.0270984, 0.0784606, 4.12791, 14.7262, 107.85, 374.543, 0.0194908, 0.0457781, 12.8897, 43.3096, 121.058, 122.431, 370.83, 0.0600848, 0.108078, 0.133289, 0.16819, 0.180746, 0.242126, 0.294849, 0.297643, 0.0154733, 0.0414562, 

0.0462801, 0.0474995, 0.0504343, 0.0936845, 0.239468, 126.567, 0.0485318, 0.0516612, 0.0517769, 0.0572667, 0.0763155, 6.20802, 130.692, 0.0530011, 0.0250479, 0.0270984, 0.0784606, 4.12791, 14.7262, 107.85, 0.0395982, 0.0194908, 0.0457781, 8.30011, 12.8897, 121.058, 122.431, 370.83, 0.0600848, 0.108078, 0.133289, 0.16819, 0.180746, 0.242126, 0.294849, 0.297643, 0.0154733, 0.0414562, 

0.0462801, 0.0463462, 0.0485318, 0.0936845, 0.239468, 126.567, 0.0472659, 0.0516612, 0.0517769, 0.0530011, 0.0572667, 6.20802, 111.085, 272.349, 0.0250479, 0.0270984, 0.0395982, 0.0784606, 14.7262, 107.85, 1483.59, 0.0194908, 0.0457781, 8.30011, 12.8897, 121.058, 122.431, 370.83, 0.0600848, 0.108078, 0.133289, 0.16819, 0.180746, 0.242126, 0.294849, 0.297643, 0.0154733, 0.0414562, 

0.0462801, 0.0463405, 0.0485318, 0.0936845, 0.239468, 0.368713, 24.1203, 0.0516612, 0.0517769, 0.0530011, 0.0572667, 0.859299, 34.48, 9.36522, 0.0250479, 0.0270984, 0.0395982, 2.90624, 14.7262, 1483.59, 2.79493, 0.0194908, 0.0457781, 12.8897, 121.058, 122.431, 370.83, 14712.2, 0.0600848, 0.108078, 0.133289, 0.16819, 0.180746, 0.242126, 0.294849, 0.297643, 0.0154733, 0.0414562, 

0.0462801, 0.0463405, 0.0485318, 0.0936845, 0.239468, 24.1203, 233.838, 0.0516612, 0.0514158, 0.0530011, 0.0572667, 0.859299, 9.36522, 34.48, 0.0250479, 0.0266939, 0.0395982, 2.90624, 14.7262, 1483.59, 1.22747, 0.0194908, 0.0457781, 12.8897, 121.058, 122.431, 14712.2, 38161, 0.0600848, 0.108078, 0.133289, 0.16819, 0.180746, 0.242126, 0.294849, 0.297643, 0.0154733, 0.0414562, 

0.0462801, 0.0463405, 0.0485318, 0.103385, 24.1203, 233.838, 0.0474144, 0.0508014, 0.0514158, 0.0530011, 0.0572667, 0.859299, 9.36522, 29.0469, 0.0250479, 0.0260724, 0.0395982, 2.90624, 14.7262, 1483.59, 737.663, 0.0194908, 0.0457781, 12.8897, 15.8913, 122.431, 14712.2, 16376.2, 0.0600848, 0.108078, 0.133289, 0.16819, 0.180746, 0.242126, 0.294849, 0.297643, 0.0154733, 0.0414562, 

0.0462801, 0.0463405, 0.0474144, 0.0485318, 0.103385, 24.1203, 75.8456, 0.0508014, 0.0508576, 0.0530011, 0.0572667, 0.859299, 29.0469, 1173.27, 0.0250479, 0.0260724, 0.0395982, 2.90624, 737.663, 1483.59, 134.173, 0.0194908, 0.0457781, 12.8897, 15.8913, 10069.6, 15582.3, 71.9265, 0.0600848, 0.108078, 0.133289, 0.16819, 0.180746, 0.242126, 0.294849, 0.297643, 0.0154733, 0.0414562, 

0.0462801, 0.0463405, 0.0485318, 0.103385, 24.1203, 75.8456, 0.0758107, 0.0508014, 0.0508576, 0.0530011, 0.0572667, 0.826773, 0.859299, 29.0469, 0.0250479, 0.0260724, 0.0395982, 2.90624, 737.663, 1483.59, 675.866, 0.0194908, 0.0457781, 12.6727, 15.8913, 68.4005, 793.797, 367.2, 0.0600848, 0.108078, 0.133289, 0.16819, 0.180746, 0.242126, 0.294849, 0.297643, 0.0154733, 0.0414562, 

0.0462801, 0.0463405, 0.0485318, 0.0758107, 24.1203, 75.8456, 23.745, 0.0508014, 0.0508576, 0.0530011, 0.0572667, 0.826773, 0.859299, 29.0469, 0.0250479, 0.0260724, 0.0395982, 2.90624, 675.866, 737.663, 124.062, 0.0194908, 0.0457781, 12.6727, 15.8913, 367.2, 793.797, 16903, 0.0600848, 0.108078, 0.133289, 0.16819, 0.180746, 0.242126, 0.294849, 0.297643, 0.0154733, 0.0414562, 

0.0462801, 0.0463405, 0.0485318, 0.0758107, 23.745, 24.1203, 14.1859, 0.0508014, 0.0508576, 0.0530011, 0.0572667, 0.826773, 0.859299, 29.0469, 0.0250479, 0.0260724, 0.0395982, 2.90624, 67.1262, 124.062, 675.866, 0.0194908, 0.0457781, 12.6727, 15.8913, 367.2, 793.797, 128.463, 0.0600848, 0.108078, 0.133289, 0.16819, 0.180746, 0.234008, 0.242126, 0.297643, 0.0154733, 0.0414562, 

0.0456489, 0.046179, 0.0758107, 14.1859, 23.745, 24.1203, 0.0466178, 0.0508014, 0.0508576, 0.0572667, 0.826773, 0.859299, 29.0469, 0.0510614, 0.0250479, 0.0254988, 0.0395982, 2.90624, 67.1262, 675.866, 209.17, 0.0194908, 0.0457781, 12.6727, 15.8913, 93.7441, 556.169, 513.829, 0.0600848, 0.108078, 0.133289, 0.16819, 0.180746, 0.234008, 0.242126, 0.297643, 0.0154733, 0.0414562, 

0.0456489, 0.046179, 0.0449229, 14.1859, 23.745, 24.1203, 597.242, 0.0508014, 0.0508576, 0.0510614, 0.0572667, 0.826773, 29.0469, 6.23052, 0.0250479, 0.0254988, 0.0395982, 27.4895, 209.17, 675.866, 13724.9, 0.0194908, 0.0457781, 5.15483, 12.6727, 513.829, 556.169, 1667.8, 0.0600848, 0.108078, 0.133289, 0.16819, 0.180746, 0.234008, 0.242126, 0.297643, 0.0154733, 0.0414562, 

0.0447694, 0.046179, 0.0449229, 9.10013, 14.1859, 24.1203, 242.086, 0.0507664, 0.0507988, 0.0510614, 0.440945, 3.5563, 29.0469, 16.3418, 0.0250479, 0.0254988, 0.0395982, 27.4895, 675.866, 13724.9, 728.203, 0.0194908, 0.0457781, 12.6727, 272.622, 469.587, 556.169, 4.31426, 0.0600848, 0.108078, 0.133289, 0.16819, 0.180746, 0.234008, 0.242126, 0.297643, 0.0154733, 0.0414562, 

0.0447694, 0.0449131, 0.0449229, 9.10013, 14.1859, 17.1051, 488.353, 0.0507664, 0.0507988, 0.440945, 0.795182, 3.5563, 29.0469, 2.45617, 0.0250479, 0.0254988, 0.0395982, 27.4895, 675.866, 728.203, 9080.96, 0.0194908, 0.0457781, 0.210617, 4.31426, 12.6727, 469.587, 556.169, 0.0600848, 0.108078, 0.133289, 0.16819, 0.180746, 0.234008, 0.242126, 0.297643, 0.0154733, 0.0414562, 

Best:
(1.06513, 1.12665, )

Fitness Evaluations:
2688

End Population
(1.211321e+00), (1.466237e+00), (1.209250e+00), (1.458927e+00), (1.211592e+00), (1.466722e+00), (3.103947e-01), (-1.973314e-01), (7.561537e-01), (1.959165e-01), (-2.176025e+00), (), (2.528179e-01), (2.272523e+00), (1.225288e+00), (1.501673e+00), (1.225275e+00), (1.502006e+00), (1.587548e+00), (2.489367e+00), (1.318108e+00), (1.820714e+00), (1.394116e+00), (1.759142e+00), (-7.927153e-01), (1.201348e-01), (5.876414e-01), (1.941227e-01), (1.157926e+00), (1.341829e+00), (1.159348e+00), (1.343052e+00), (1.164026e+00), (1.343689e+00), (1.241781e+00), (1.018274e+00), (-1.460633e+00), (-4.546220e-01), (-1.089366e+00), (-1.503703e+00), (-3.295874e+00), (1.343069e+00), (1.047264e+00), (1.109898e+00), (1.171973e+00), (1.360790e+00), (1.095416e+00), (1.155047e+00), (1.185902e+00), (1.613237e+00), (1.316860e+00), (2.088694e+00), (1.752041e+00), (9.039581e-01), (3.315683e-01), (2.467314e+00), (1.230211e+00), (1.505000e+00), (1.314973e+00), (1.719737e+00), (1.273060e+00), (1.644916e+00), (1.366238e+00), (1.885061e+00), (1.240991e+00), (1.575082e+00), (1.077791e+00), (1.209378e+00), (1.137129e+00), (1.245806e+00), (9.983299e-01), (1.051219e+00), (1.077372e+00), (1.170470e+00), (1.191267e+00), (1.412136e+00), 