Iterations: 50
Function Evaluations Limit: 150000
Population: 50

Prides Length: 4

Percent Nomads: 0.2
Percent Roaming: 0.2
Percent Sex: 0.8

Mating Rate: 0.3
Mutation Probability: 0.2
Immigration Rate: 0.4

Percent Group Influence: 0.4
Annealing On: true
Ranked Selection Pressure: 2
Near To Best Random Pressure: 2

Dimensions: 2
N-Dimension Space: -5:5

Fitness Iterations:
1.11452 (Initial Best)

2130.19, 52566.4, 1.11452, 31661.6, 20374.5, 67.2624, 16812.2, 9901.51, 37256.6, 26327, 2320.58, 8271.78, 25863.4, 2059.56, 3112.9, 68.6306, 525.825, 20254.1, 10756.1, 169.652, 51170.6, 41880, 89.0627, 3537.09, 873.832, 14212.8, 13596.7, 19163.4, 8954.99, 693.766, 23.48, 264.65, 2.9902, 4390.5, 8386.25, 174.264, 5902.42, 19948.3, 1546.3, 2142.28, 7090.25, 4650.44, 1151.13, 25590.4, 1557.64, 1412.41, 6.46414, 3639.95, 916.052, 37898.2, 

6.46414, 23.1928, 965.993, 1025.65, 31661.6, 37256.6, 478.974, 29.1957, 311.145, 164.984, 1.38138, 150.719, 68.6306, 3112.9, 10756.1, 25863.4, 3670.11, 54.6027, 54.523, 2.9902, 59.4643, 2.16415, 96.1996, 693.766, 873.832, 1193.45, 1769.25, 169.652, 1.11452, 293.449, 4.03162, 4.78064, 110.036, 174.264, 5902.42, 19948.3, 36.1622, 525.825, 73.7493, 83.9759, 1178.28, 1009.31, 250.418, 112.646, 185.377, 211.293, 557.164, 559.634, 686.959, 916.052, 

0.410303, 12.4848, 159.803, 478.974, 965.993, 37256.6, 62.5355, 54.6027, 1.11452, 37.6867, 1.38138, 2.08175, 43.5416, 68.6306, 187.939, 12079.9, 307.883, 15.6925, 23.3012, 75.1184, 2.16415, 3.80244, 94.1049, 96.1996, 173.739, 870.097, 78.0703, 153.234, 83.9759, 1.21336, 4.03162, 4.78064, 36.1622, 73.7493, 110.036, 525.825, 10176.3, 39.8825, 2.9902, 29.1957, 6.46414, 49.7278, 23.1928, 59.4643, 69.8127, 112.646, 211.293, 219.294, 164.984, 174.264, 

0.410303, 4.24784, 1.11452, 54.6027, 62.5355, 1901.12, 24.688, 15.6925, 68.6306, 29.1957, 1.38138, 2.08175, 32.8594, 187.939, 12079.9, 6996.9, 3085.12, 15.0944, 73.7493, 75.1184, 2.16415, 3.80244, 1.22061, 83.9759, 94.1049, 150.327, 153.234, 1.21336, 0.963476, 79.4833, 4.03162, 4.43234, 4.54532, 14.3074, 34.496, 36.1622, 165.386, 2.9902, 37.6867, 23.3012, 4.78064, 5.47183, 6.46414, 12.4848, 23.1928, 30.4665, 49.7278, 59.4643, 96.1996, 123.613, 

0.410303, 4.24784, 1.11452, 29.1957, 51.3531, 1901.12, 106.422, 15.6925, 62.5355, 1.21336, 1.38138, 2.08175, 73.7493, 127.053, 917.329, 280.316, 4.0493, 34.496, 16.6441, 24.688, 1.00866, 3.80244, 0.963476, 1.22061, 79.4833, 83.9759, 153.234, 8.40614, 3.67429, 2.42541, 2.44156, 2.69152, 2.9902, 4.54532, 23.3012, 36.1622, 99.8466, 14.3074, 68.6306, 32.8594, 4.2024, 4.78064, 5.47183, 6.46414, 12.4848, 20.5805, 23.1928, 30.3374, 75.1184, 90.8514, 

0.410303, 3.31219, 1.11452, 51.3531, 62.5355, 106.422, 1456.27, 12.2617, 2.18965, 2.9902, 1.38138, 2.08175, 24.688, 73.7493, 280.316, 917.329, 137.345, 16.6441, 8.40614, 1.21336, 0.253224, 3.80244, 1.22061, 3.67429, 83.9759, 153.234, 36.2842, 2.42541, 13.978, 4.0493, 2.44156, 2.60123, 4.54532, 14.3074, 36.1622, 16448.9, 2.57594, 2.12212, 2.68695, 0.963476, 1.00866, 2.69152, 4.2024, 4.78064, 5.47144, 5.47183, 6.46414, 9.62395, 23.3012, 32.8594, 

0.410303, 1.00866, 1.11452, 2.18965, 1456.27, 20.7882, 56.1204, 12.2617, 2.9902, 23.3012, 1.38138, 2.08175, 0.372516, 1.21336, 16.6441, 917.329, 243.601, 8.40614, 0.963476, 1.22061, 0.253224, 2.69152, 3.67429, 4.0493, 13.978, 153.234, 44.9732, 2.42541, 21.9775, 32.8594, 2.44156, 2.60123, 2.12212, 2.68695, 14.3074, 36.1622, 160.87, 24.6446, 4.54532, 2.57594, 2.97464, 2.62054, 3.80244, 4.2024, 4.78064, 5.47144, 5.47183, 6.46414, 36.2842, 51.3531, 

0.410303, 0.676591, 1.11452, 2.18965, 12.2617, 23.3012, 33.0091, 14.3074, 1.21336, 3.67429, 1.38138, 2.08175, 1.22061, 16.6441, 917.329, 538.889, 3.43838, 2.42541, 2.57594, 0.963476, 0.253224, 1.00866, 2.76669, 21.9775, 44.9732, 1.03137, 7878.38, 20.7882, 6.17694, 0.372516, 2.44156, 2.60123, 2.12212, 2.68695, 4.54532, 160.87, 41.3821, 2.9902, 0.744739, 13.978, 2.69152, 2.62054, 2.97464, 3.80244, 4.2024, 4.78064, 5.47144, 5.47183, 24.6446, 32.8594, 

0.410303, 0.415966, 3.67429, 14.3074, 23.3012, 33.0091, 0.30541, 0.530065, 6.17694, 4.54532, 1.00866, 2.08175, 0.963476, 1.22061, 2.42541, 2.57594, 917.329, 0.372516, 3.43838, 18.8773, 0.253224, 0.693807, 1.03137, 2.76669, 21.9775, 44.9732, 2092.43, 16.6441, 2.68695, 1.11452, 2.44156, 2.60123, 0.744739, 2.12212, 2.9902, 13.978, 3.79416, 12.2617, 2.18965, 1.21336, 0.676591, 1.38138, 2.62054, 2.69152, 3.80244, 4.2024, 4.78064, 5.47144, 20.7882, 24.6446, 

0.3292, 0.0537415, 0.0190605, 4.54532, 14.3074, 0.0985989, 1725.66, 0.744739, 0.724491, 2.18965, 0.410303, 0.676591, 0.963476, 1.22061, 3.43838, 917.329, 990.937, 0.530065, 2.68695, 0.372516, 0.253224, 0.465073, 1.03137, 1.11452, 21.9775, 2092.43, 1833.65, 1.21336, 3.79416, 2.42541, 2.44156, 2.60123, 2.12212, 2.9902, 12.2617, 13.978, 140.446, 0.30541, 2.76669, 2.57594, 1.00866, 2.08175, 1.38138, 2.62054, 2.69152, 3.80244, 4.2024, 4.78064, 6.17694, 14.521, 

0.0434037, 0.3292, 0.0190605, 0.0985989, 0.724491, 14.3074, 1.24135, 1.21336, 2.68695, 4.54532, 0.410303, 0.676591, 0.372516, 0.963476, 917.329, 12.3117, 1988.29, 1.22061, 1.11452, 0.744739, 0.253224, 0.465073, 1.03137, 2.42541, 3.79416, 21.9775, 56698, 2.9902, 6.17694, 2.12212, 1.38138, 2.60123, 0.30541, 2.57594, 2.76669, 8.26635, 12.2617, 0.530065, 3.43838, 2.18965, 1.00866, 2.44156, 2.08175, 2.62054, 2.69152, 3.80244, 4.16127, 4.2024, 10.561, 13.978, 

0.0434037, 0.090023, 0.724491, 0.88252, 1.21336, 1.24135, 79.7839, 0.494918, 0.404631, 0.0985989, 0.304667, 0.410303, 0.372516, 0.744739, 0.963476, 1.22061, 12.3117, 4.54532, 2.21175, 0.0257665, 0.129996, 0.253224, 1.03137, 2.42541, 6.17694, 295.728, 61.9778, 0.342079, 2.68695, 2.9902, 1.38138, 2.54791, 0.30541, 0.530065, 2.18965, 3.43838, 12.2617, 0.0190605, 2.57594, 3.79416, 0.3292, 1.00866, 2.08175, 2.44156, 2.62054, 2.69152, 3.80244, 4.16127, 6.04778, 8.26635, 

0.0382534, 0.0421006, 0.0985989, 0.404631, 0.88252, 0.0420408, 5.48621, 0.963476, 0.530065, 1.22061, 0.136467, 0.3292, 0.0257665, 0.744739, 4.54532, 12.3117, 30.4499, 0.494918, 1.24135, 2.21175, 0.091629, 0.179381, 1.03137, 2.42541, 2.68695, 2.9902, 45.1881, 0.0906549, 0.342079, 0.30541, 0.090023, 1.00866, 0.0190605, 2.18965, 3.43838, 12.2617, 2635.51, 0.724491, 1.21336, 0.372516, 1.38138, 0.410303, 2.54791, 2.08175, 2.44156, 2.62054, 2.69152, 3.80244, 2.57594, 3.79416, 

0.0382534, 0.0421006, 0.0985989, 0.404631, 0.88252, 0.963476, 27.046, 0.30541, 0.0420408, 0.0906549, 0.136467, 0.3292, 0.382694, 2.21175, 4.54532, 12.3117, 22.2104, 0.744739, 0.530065, 0.956749, 0.091629, 0.159114, 0.342079, 1.03137, 1.60542, 2.68695, 2.9902, 0.0257665, 0.0190605, 1.22061, 0.0466137, 1.00866, 1.21336, 3.43838, 12.2617, 2635.51, 0.824244, 0.372516, 0.494918, 0.724491, 0.410303, 1.38138, 2.08175, 2.44156, 2.54791, 2.62054, 2.69152, 3.24185, 1.24135, 2.18965, 

0.0382534, 0.0421006, 0.0985989, 0.30541, 0.404631, 0.88252, 13.207, 0.0190605, 0.956749, 0.724491, 0.136467, 0.0576166, 0.382694, 12.3117, 22.2104, 322.335, 0.0501105, 0.0906549, 0.530065, 0.342079, 0.091629, 0.0489486, 0.0257665, 1.22061, 1.60542, 2.68695, 2.9902, 0.372516, 0.0536184, 0.744739, 0.0466137, 0.148253, 0.494918, 1.21336, 12.2617, 2635.51, 4275.97, 0.963476, 0.0420408, 0.824244, 1.00866, 0.159114, 0.410303, 1.38138, 2.08175, 2.44156, 2.54791, 2.62054, 1.03137, 1.24135, 

0.0382534, 0.0421006, 0.0190605, 0.0985989, 0.30541, 0.724491, 0.88252, 0.0257665, 0.0906549, 0.963476, 0.0576166, 0.136467, 0.382694, 12.3117, 22.2104, 322.335, 175.047, 0.0501105, 0.569141, 0.956749, 0.0489486, 0.091629, 0.372516, 0.744739, 1.22061, 30.177, 3514.78, 1.03137, 0.530065, 0.342079, 0.0466137, 0.148253, 0.0420408, 0.494918, 1.21336, 12.2617, 4275.97, 0.404631, 0.824244, 0.0536184, 0.159114, 0.410303, 1.00866, 1.38138, 2.08175, 2.44156, 2.54791, 2.62054, 1.24135, 1.30454, 

0.0382534, 0.0421006, 0.0190605, 0.0257665, 0.724491, 0.963476, 6.75173, 0.956749, 0.744739, 0.0420408, 0.0576166, 0.136467, 0.0501105, 0.382694, 22.2104, 322.335, 891.941, 0.0906549, 0.0985989, 0.494918, 0.0489486, 0.091629, 0.342079, 0.372516, 30.177, 91.2729, 654.681, 0.569141, 1.21336, 0.530065, 0.0466137, 0.148253, 0.0536184, 0.404631, 0.824244, 12.2617, 22748.3, 0.30541, 0.88252, 1.03137, 0.159114, 0.410303, 1.00866, 1.38138, 1.6437, 2.06504, 2.08175, 2.15095, 1.22061, 1.24135, 

0.0334686, 0.0382534, 0.0190605, 0.0257665, 0.0420408, 0.130861, 0.724491, 0.0906549, 0.208978, 0.372516, 0.0576166, 0.136467, 0.0501105, 0.0985989, 0.494918, 22.2104, 765.064, 0.171554, 0.569141, 0.404631, 0.0489486, 0.091629, 0.530065, 30.177, 654.681, 10.0539, 7034.58, 0.342079, 0.0536184, 0.824244, 0.0466137, 0.0653751, 0.30541, 1.03137, 12.2617, 22748.3, 860.776, 0.497824, 0.744739, 0.382694, 0.148253, 0.159114, 0.410303, 1.00866, 1.6437, 2.06504, 2.08175, 2.15095, 0.88252, 1.21336, 

0.0277337, 0.0293303, 0.0190605, 0.0420408, 0.0906549, 0.208978, 683.145, 0.372516, 0.0985989, 0.88252, 0.0466137, 0.136467, 0.0501105, 0.171554, 0.404631, 765.064, 6325.06, 0.0536184, 0.130861, 0.569141, 0.0489486, 0.091629, 0.530065, 0.824244, 30.177, 654.681, 713.56, 0.0257665, 0.744739, 0.342079, 0.0382542, 0.0036648, 0.30541, 0.382694, 0.497824, 1.03137, 860.776, 0.724491, 0.494918, 0.00196394, 0.0576166, 0.148253, 0.159114, 0.410303, 1.00866, 1.6437, 2.06504, 2.08175, 1.21336, 

0.0271986, 0.0293303, 0.0190605, 0.0420408, 0.208978, 0.372516, 0.88252, 0.0466137, 0.0576166, 0.171554, 0.404631, 765.064, 68.4477, 0.948279, 0.0489486, 0.091629, 0.0257665, 0.744739, 30.177, 654.681, 713.56, 0.0036648, 0.0382542, 0.00196394, 0.220058, 0.30541, 0.382694, 0.571317, 0.136467, 0.148253, 0.159114, 0.410303, 1.00866, 1.6437, 2.06504, 2.08175, 0.0501105, 0.0536184, 

0.0271986, 0.0275938, 0.026413, 0.0420408, 0.320534, 0.88252, 216.134, 0.0466137, 0.0576166, 0.171554, 0.948279, 68.4477, 765.064, 306.698, 0.0489486, 0.091629, 0.0257665, 0.744739, 30.177, 654.681, 0.148494, 0.0036648, 0.0382542, 0.00196394, 0.30541, 0.382694, 0.571317, 46.6245, 0.136467, 0.148253, 0.159114, 0.319662, 0.410303, 1.00866, 1.6437, 2.06504, 0.0190605, 0.0501105, 

0.0234718, 0.0237765, 0.026413, 0.0420408, 0.88252, 216.134, 68.3598, 0.0466137, 0.049737, 0.0167417, 0.948279, 68.4477, 306.698, 0.0559476, 0.0489486, 0.0576166, 0.0257665, 0.178284, 30.177, 654.681, 67.211, 0.0036648, 0.0382542, 0.00196394, 0.30541, 0.382694, 0.571317, 46.6245, 0.0531712, 0.091629, 0.136467, 0.148253, 0.159114, 0.319662, 0.684339, 1.00866, 0.0190605, 0.0501105, 

0.0234718, 0.0237765, 0.026413, 0.0420408, 0.88252, 4.76845, 216.134, 0.0425653, 0.049737, 0.0167417, 0.611292, 8.82988, 56.5496, 3.83685, 0.0489486, 0.0531712, 0.0257665, 30.177, 67.211, 654.681, 61.9702, 0.00281245, 0.0036648, 0.30541, 0.382694, 0.571317, 29.042, 50.5409, 0.0576166, 0.091629, 0.136467, 0.148253, 0.159114, 0.319662, 0.684339, 1.00866, 0.00196394, 0.0190605, 

0.0234718, 0.0237765, 0.026413, 0.88252, 4.76845, 216.134, 23270.9, 0.0425653, 0.049737, 0.611292, 0.699771, 8.82988, 56.5496, 0.323301, 0.0489486, 0.0531712, 0.0257665, 30.177, 61.9702, 67.211, 13800.9, 0.00281245, 0.0036648, 0.30541, 0.382694, 0.571317, 29.042, 249.943, 0.0576166, 0.091629, 0.136467, 0.148253, 0.159114, 0.313235, 0.319662, 0.684339, 0.00196394, 0.0167417, 

0.00310007, 0.0237765, 0.88252, 4.76845, 216.134, 23270.9, 0.152494, 0.0425653, 0.049737, 0.323301, 0.699771, 8.82988, 56.5496, 556.636, 0.0139552, 0.0531712, 0.0257665, 30.177, 61.9702, 13800.9, 136.32, 0.000401408, 0.00202421, 0.30541, 0.382694, 0.571317, 249.943, 93.339, 0.0220763, 0.0576166, 0.091629, 0.136467, 0.148253, 0.313235, 0.319662, 0.684339, 0.00196394, 0.0167417, 

0.00310007, 0.0237765, 0.152494, 0.88252, 4.76845, 216.134, 1031.34, 0.0425653, 0.049737, 0.323301, 0.699771, 7.43132, 8.82988, 56.5496, 0.0139552, 0.0531712, 30.177, 61.9702, 136.32, 480.044, 214.028, 0.000401408, 0.00202421, 0.30541, 0.382694, 0.571317, 194.962, 1448.12, 0.0220763, 0.0576166, 0.091629, 0.136467, 0.148253, 0.313235, 0.319662, 0.684339, 0.00196394, 0.0167417, 

0.00310007, 0.0220763, 0.88252, 4.76845, 216.134, 1031.34, 25.111, 0.0425653, 0.049737, 0.323301, 0.699771, 7.43132, 8.82988, 56.5496, 0.0139552, 0.0531712, 10.1431, 30.177, 214.028, 480.044, 2751.27, 0.000401408, 0.00202421, 0.30541, 0.382694, 0.745608, 1448.12, 15.0393, 0.0237765, 0.0576166, 0.091629, 0.136467, 0.148253, 0.313235, 0.319662, 0.684339, 0.00196394, 0.0167417, 

0.00310007, 0.0107167, 0.88252, 2.21154, 25.111, 216.134, 62245.2, 0.0425653, 0.049737, 0.323301, 0.699771, 7.43132, 8.82988, 68.12, 0.0139552, 0.0531712, 6.53858, 137.187, 142.972, 611.157, 0.290785, 0.000377803, 0.000401408, 0.30541, 0.382694, 0.745608, 503.769, 78.1426, 0.0237765, 0.0576166, 0.091629, 0.136467, 0.148253, 0.313235, 0.319662, 0.684339, 0.00196394, 0.0167417, 

0.00310007, 0.00898764, 0.62469, 2.21154, 25.111, 3942.15, 4266.01, 0.0237765, 0.049737, 0.323301, 0.699771, 8.82988, 68.12, 0.139002, 0.0139552, 0.0531712, 0.290785, 6.53858, 55.5412, 142.972, 3684.51, 0.000377803, 0.000401408, 0.30541, 0.382694, 0.745608, 78.1426, 503.769, 0.0327469, 0.0576166, 0.091629, 0.136467, 0.148253, 0.313235, 0.319662, 0.684339, 0.00196394, 0.0167417, 

0.00310007, 0.00898764, 2.21154, 25.111, 3942.15, 4266.01, 0.074879, 0.00515401, 0.0237765, 0.139002, 0.323301, 0.699771, 8.82988, 14.8868, 0.0139552, 0.0327469, 0.290785, 3.18334, 55.5412, 3684.51, 223.717, 0.000377803, 0.000401408, 0.382694, 0.745608, 78.1426, 503.769, 0.203616, 0.0531712, 0.0576166, 0.091629, 0.136467, 0.148253, 0.313235, 0.319662, 0.684339, 0.00196394, 0.0167417, 

0.00310007, 0.00898764, 0.074879, 2.21154, 13.2764, 4266.01, 104.294, 0.00515401, 0.0237765, 0.139002, 0.699771, 8.82988, 14.8868, 7.38074, 0.0139552, 0.0327469, 0.290785, 3.18334, 55.5412, 3684.51, 174.44, 0.000377803, 0.000401408, 0.203616, 0.745608, 78.1426, 503.769, 7111.91, 0.0531712, 0.0576166, 0.091629, 0.136467, 0.148253, 0.313235, 0.319662, 0.684339, 0.00196394, 0.0167417, 

0.00310007, 0.00324032, 0.074879, 2.21154, 104.294, 4266.01, 0.0193993, 0.00515401, 0.0180976, 0.139002, 0.678932, 0.699771, 8.82988, 14.8868, 0.0139552, 0.0190693, 0.290785, 3.18334, 55.5412, 174.44, 608.52, 0.000377803, 0.000401408, 0.203616, 0.745608, 78.1426, 503.769, 7111.91, 0.0327469, 0.0531712, 0.0576166, 0.091629, 0.136467, 0.148253, 0.313235, 0.319662, 0.00196394, 0.0167417, 

0.00310007, 0.00324032, 0.0193993, 2.21154, 104.294, 4266.01, 0.0287289, 0.00515401, 0.0180976, 0.139002, 0.678932, 0.699771, 8.82988, 17.9332, 0.0139552, 0.0190693, 0.290785, 55.5412, 70.22, 608.52, 50.1779, 0.000377803, 0.000401408, 0.203616, 0.745608, 78.1426, 430.467, 72.2383, 0.0327469, 0.0531712, 0.0576166, 0.091629, 0.136467, 0.148253, 0.313235, 0.319662, 0.00196394, 0.0167417, 

0.00310007, 0.00324032, 0.0287289, 2.21154, 104.294, 4266.01, 53.0235, 0.00508459, 0.0180976, 0.0599857, 0.678932, 0.699771, 8.82988, 226.617, 0.0139552, 0.0190693, 0.290785, 31.4968, 50.1779, 70.22, 608.52, 0.000355103, 0.000401408, 0.203616, 72.2383, 78.1426, 430.467, 96.3804, 0.00515401, 0.0327469, 0.0531712, 0.0576166, 0.091629, 0.136467, 0.148253, 0.313235, 0.00196394, 0.0167417, 

0.00310007, 0.00324032, 0.0287289, 2.21154, 53.0235, 104.294, 581.761, 0.00508459, 0.0180976, 0.0599857, 0.699771, 8.82988, 226.617, 419.852, 0.0139552, 0.0190693, 0.290785, 31.4968, 50.1779, 70.22, 63.2384, 0.000355103, 0.000401408, 0.203616, 0.236823, 72.2383, 148.028, 272.545, 0.00515401, 0.0327469, 0.0531712, 0.0576166, 0.091629, 0.136467, 0.148253, 0.313235, 0.00196394, 0.0167417, 

0.00310007, 0.00324032, 0.0287289, 2.21154, 53.0235, 104.294, 14266.1, 0.00508459, 0.0180976, 0.0599857, 0.158002, 0.699771, 226.617, 419.852, 0.00515401, 0.0190693, 0.261358, 31.4968, 63.2384, 70.22, 127.481, 5.59619e-05, 0.000355103, 0.0279854, 0.203616, 148.028, 272.545, 0.0188869, 0.0139552, 0.0327469, 0.0531712, 0.0576166, 0.091629, 0.136467, 0.148253, 0.313235, 0.00196394, 0.0167417, 

0.00310007, 0.00324032, 0.0287289, 2.21154, 53.0235, 386.779, 73.6996, 0.00508459, 0.0139552, 0.0599857, 0.158002, 0.699771, 226.617, 2847.45, 0.00515401, 0.0190693, 0.236955, 31.4968, 63.2384, 70.22, 1151.21, 5.59619e-05, 0.000355103, 0.0188869, 0.0279854, 0.203616, 148.028, 49.2497, 0.0180976, 0.0327469, 0.0531712, 0.0576166, 0.091629, 0.136467, 0.148253, 0.313235, 0.00196394, 0.0167417, 

0.00310007, 0.00324032, 0.0287289, 2.21154, 53.0235, 73.6996, 5.71969, 0.00508459, 0.0139552, 0.158002, 0.699771, 226.617, 2847.45, 40.4727, 0.00515401, 0.0190693, 0.236955, 1.70043, 9.35783, 63.2384, 19976.3, 5.59619e-05, 0.000355103, 0.0188869, 0.0279854, 0.203616, 49.2497, 148.028, 0.0180976, 0.0327469, 0.0531712, 0.0576166, 0.091629, 0.136467, 0.148253, 0.313235, 0.00196394, 0.0167417, 

0.00310007, 0.00324032, 0.0287289, 0.518816, 2.21154, 5.71969, 0.00600554, 0.00508459, 0.0103031, 0.699771, 40.4727, 226.617, 2847.45, 40.399, 0.00515401, 0.0180976, 0.236955, 9.35783, 63.2384, 19976.3, 5135.55, 5.59619e-05, 0.000355103, 0.0188869, 0.203616, 49.2497, 148.028, 3079.51, 0.0190693, 0.0327469, 0.0531712, 0.0576166, 0.091629, 0.136467, 0.148253, 0.313235, 0.00196394, 0.0167417, 

0.00310007, 0.00324032, 0.00600554, 0.0287289, 0.518816, 0.967197, 227.483, 0.00508459, 0.0103031, 0.533109, 0.818638, 40.4727, 226.617, 1913.28, 0.00515401, 0.0180976, 0.236955, 9.35783, 3123.04, 19976.3, 2.33242, 5.59619e-05, 0.000355103, 0.203616, 49.2497, 148.028, 3079.51, 128.278, 0.0190693, 0.0327469, 0.0531712, 0.0576166, 0.091629, 0.136467, 0.148253, 0.313235, 0.00196394, 0.0167417, 

0.00310007, 0.00324032, 0.0287289, 0.518816, 0.967197, 227.483, 2296.84, 0.00508459, 0.0103031, 0.533109, 17.4598, 40.4727, 186.219, 51.009, 0.00515401, 0.0180976, 2.33242, 9.35783, 991.803, 3123.04, 1.97285, 3.30676e-05, 0.000355103, 0.203616, 1.32783, 13.8948, 148.028, 2722.2, 0.0190693, 0.0327469, 0.0531712, 0.0576166, 0.091629, 0.136467, 0.148253, 0.313235, 0.00196394, 0.00600554, 

0.00310007, 0.00324032, 0.0287289, 0.518816, 0.967197, 227.483, 2296.84, 0.00508459, 0.0103031, 0.533109, 6.18981, 16.941, 17.4598, 51.009, 0.00515401, 0.0180976, 1.68717, 1.97285, 9.35783, 47.3617, 10.3416, 3.30676e-05, 0.000180695, 0.203616, 1.32783, 13.8948, 148.028, 692.631, 0.0190693, 0.0327469, 0.0531712, 0.0576166, 0.091629, 0.136467, 0.148253, 0.313235, 0.00196394, 0.00600554, 

0.00310007, 0.00324032, 0.0287289, 0.518816, 227.483, 2296.84, 0.0745166, 0.00508459, 0.0103031, 0.533109, 0.881908, 16.941, 51.009, 10.6626, 0.00515401, 0.0180976, 1.68717, 1.97285, 10.3416, 47.3617, 508.348, 3.30676e-05, 0.000180695, 1.32783, 13.8948, 136.007, 148.028, 122.913, 0.0190693, 0.0327469, 0.0531712, 0.0576166, 0.091629, 0.136467, 0.148253, 0.313235, 0.00196394, 0.00600554, 

0.00222678, 0.00310007, 0.0287289, 0.0745166, 0.518816, 227.483, 925.264, 0.00508459, 0.0103031, 0.533109, 9.13924, 16.941, 51.009, 3600.36, 0.00515401, 0.0180976, 1.68717, 1.97285, 47.3617, 508.348, 44.9544, 3.30676e-05, 0.000180695, 1.32783, 13.8948, 57.3117, 148.028, 225.554, 0.0190693, 0.0327469, 0.0531712, 0.0576166, 0.091629, 0.136467, 0.148253, 0.313235, 0.00196394, 0.00600554, 

0.00192529, 0.00310007, 0.0287289, 0.0745166, 0.518816, 194.838, 68.6343, 0.0019727, 0.00508459, 9.13924, 16.941, 51.009, 3600.36, 9921.43, 0.00515401, 0.0180976, 1.97285, 30.932, 44.9544, 47.3617, 19.879, 3.30676e-05, 0.000180695, 1.32783, 13.8948, 148.028, 225.554, 153.174, 0.0190693, 0.0327469, 0.0531712, 0.0576166, 0.091629, 0.136467, 0.148253, 0.313235, 0.00196394, 0.00600554, 

3.89714e-05, 0.00192529, 0.0287289, 0.0745166, 0.518816, 2.43293, 148.245, 0.0019727, 0.00255948, 9.13924, 16.941, 51.009, 2500.91, 587.817, 0.00515401, 0.0180976, 14.3224, 19.879, 30.932, 44.9544, 2281.35, 3.30676e-05, 0.000180695, 13.8948, 28.6055, 148.028, 225.554, 17.7862, 0.0190693, 0.0327469, 0.0531712, 0.0576166, 0.091629, 0.136467, 0.148253, 0.313235, 0.00196394, 0.00600554, 

3.89714e-05, 0.00192529, 0.0287289, 0.0745166, 2.43293, 148.245, 0.0153444, 0.0019727, 0.00255948, 7.63345, 51.009, 587.817, 2500.91, 71.5764, 0.00515401, 0.0180976, 12.6072, 14.3224, 30.932, 44.9544, 61.0869, 3.30676e-05, 0.000180695, 13.8948, 28.6055, 49.239, 225.554, 379.619, 0.0190693, 0.0327469, 0.0531712, 0.0576166, 0.091629, 0.136467, 0.148253, 0.313235, 0.00196394, 0.00600554, 

3.89714e-05, 0.00192529, 0.0153444, 0.0287289, 0.0745166, 148.245, 385.317, 0.0019727, 0.00255948, 0.00765037, 7.63345, 51.009, 587.817, 2500.91, 0.00515401, 0.0180976, 0.480042, 12.6072, 30.932, 44.9544, 88.2991, 3.30676e-05, 0.000180695, 9.07049, 28.6055, 49.239, 379.619, 3493.26, 0.0190693, 0.0327469, 0.0531712, 0.0576166, 0.091629, 0.136467, 0.148253, 0.313235, 0.00196394, 0.00600554, 

3.89714e-05, 0.00192529, 0.0287289, 0.0745166, 148.245, 385.317, 173.885, 0.0019727, 0.00255948, 0.00765037, 51.009, 587.817, 2500.91, 606.474, 0.00515401, 0.0180976, 12.6072, 30.932, 44.9544, 88.2991, 18.6882, 3.30676e-05, 0.000180695, 5.96504, 9.07049, 379.619, 3493.26, 35.539, 0.0190693, 0.0327469, 0.0531712, 0.0576166, 0.091629, 0.136467, 0.148253, 0.313235, 0.00196394, 0.00600554, 

3.89714e-05, 5.60083e-05, 0.0287289, 0.0745166, 148.245, 173.885, 385.317, 0.00178561, 0.0019727, 0.00765037, 0.141608, 22.8113, 606.474, 2500.91, 0.00515401, 0.0180976, 7.47976, 12.6072, 28.2764, 44.9544, 341.095, 3.30676e-05, 6.64137e-05, 9.07049, 35.539, 71.0926, 3493.26, 66.3024, 0.0190693, 0.0327469, 0.0531712, 0.0576166, 0.091629, 0.136467, 0.148253, 0.313235, 0.00196394, 0.00600554, 

3.89714e-05, 4.89166e-05, 0.0745166, 148.245, 173.885, 385.317, 47997.7, 0.00178561, 0.0019727, 0.00765037, 0.141608, 22.8113, 606.474, 20491.6, 0.00515401, 0.0180976, 7.47976, 12.6072, 44.9544, 341.095, 7485.43, 3.30676e-05, 6.64137e-05, 0.24698, 9.07049, 16.4557, 1308.07, 33.6805, 0.0190693, 0.0327469, 0.0531712, 0.0576166, 0.091629, 0.136467, 0.148253, 0.313235, 0.00196394, 0.00600554, 

Best:
(1.00564, 1.01143, )

Fitness Evaluations:
2694

End Population
(9.942064e-01), (9.882139e-01), (9.934670e-01), (9.872265e-01), (1.156151e+00), (1.314294e+00), (4.222641e-01), (-1.037880e+00), (7.810435e-01), (-7.084445e-01), (1.009720e+00), (2.982482e+00), (4.521522e+00), (-1.461384e+00), (9.585743e-01), (9.180308e-01), (9.582092e-01), (9.166608e-01), (9.692288e-01), (9.475920e-01), (1.175229e+00), (1.347860e+00), (-1.944669e+00), (3.405701e+00), (2.178852e+00), (2.287553e+00), (3.729241e+00), (-4.050283e-01), (9.606831e-01), (9.169052e-01), (1.110397e+00), (1.240670e+00), (8.910017e-01), (5.206099e-01), (-1.960259e-01), (3.727420e-01), (7.071819e-01), (1.169947e+00), (1.275213e+00), (-2.205037e-01), (2.633300e+00), (-1.716023e+00), (1.005642e+00), (1.011427e+00), (1.005410e+00), (1.011459e+00), (9.787959e-01), (1.007693e+00), (9.041769e-01), (1.118556e+00), (-1.919437e+00), (3.965885e+00), (1.176143e+00), (), (1.332098e+00), (1.195085e+00), (8.697565e-01), (7.610653e-01), (8.450575e-01), (7.234708e-01), (9.664689e-01), (9.568758e-01), (1.072169e+00), (1.172439e+00), (1.293564e+00), (1.665925e+00), (1.365458e+00), (1.859083e+00), (1.253963e+00), (1.543482e+00), (8.136096e-01), (7.147330e-01), (9.605251e-01), (9.205944e-01), (9.499859e-01), (8.965537e-01), 