Iterations: 50
Function Evaluations Limit: 150000
Population: 50

Prides Length: 4

Percent Nomads: 0.2
Percent Roaming: 0.2
Percent Sex: 0.8

Mating Rate: 0.3
Mutation Probability: 0.2
Immigration Rate: 0.4

Percent Group Influence: 0.4
Annealing On: true
Ranked Selection Pressure: 2
Near To Best Random Pressure: 2

Dimensions: 2
N-Dimension Space: -5:5

Fitness Iterations:
38.2215 (Initial Best)

31151.3, 32524.2, 14164.8, 44984.5, 5080.46, 12621.4, 980.099, 382.135, 5589.71, 5106.76, 2742.49, 1733.93, 40201, 15805.5, 14725.2, 235.006, 54903.5, 285.841, 5835.57, 753.621, 4751.88, 476.558, 639.978, 1358.34, 1865.21, 21042.9, 136.569, 6340.22, 14996.9, 106.396, 53621.1, 814.022, 2634.13, 382.414, 4300.46, 260.66, 1913.73, 13504, 1911.68, 550.421, 345.365, 3380.3, 1203.83, 137.912, 70.0748, 1377.98, 558.492, 1944.18, 793.459, 38.2215, 

70.0748, 137.912, 309.744, 980.099, 10971.3, 12621.4, 317.858, 107.209, 793.459, 260.66, 558.492, 394.469, 235.006, 40201, 54903.5, 1262.68, 2110.19, 753.621, 13.3964, 285.841, 64.7374, 345.365, 639.978, 1358.34, 6340.22, 21042.9, 502.949, 106.396, 438.692, 38.2215, 16.2866, 212.571, 1911.68, 1913.73, 4300.46, 12361.9, 484.148, 904.952, 29.4868, 550.421, 919.256, 396.926, 417.168, 644.834, 1203.83, 1377.98, 1500.82, 1707.65, 1211.09, 1865.21, 

70.0748, 47.0505, 107.209, 309.744, 793.459, 375.321, 56.545, 13.7585, 38.2215, 26.5888, 9.56639, 23.0968, 13.3964, 199.543, 500.311, 20.7776, 105.021, 285.841, 235.006, 509.23, 1.82449, 1.18567, 6.97494, 157.905, 1358.34, 1609.06, 1.59788, 1.59251, 29.4868, 307.326, 16.2866, 212.571, 0.587192, 286.559, 405.861, 484.148, 904.952, 4.61961, 0.00926599, 260.66, 69.4324, 137.912, 147.495, 217.436, 345.365, 363.708, 386.824, 396.926, 603.418, 709.961, 

2.93792, 0.725349, 29.2388, 38.2215, 56.545, 25.4083, 598.045, 5.42051, 20.5661, 1.59788, 5.91399, 9.86312, 3.22271, 20.7776, 235.006, 285.841, 29.9394, 0.00926599, 52.2725, 0.587192, 1.18567, 1.82449, 1.59251, 8.33298, 307.326, 1609.06, 1.65311, 18.1666, 23.5185, 26.5888, 4.67221, 23.0968, 4.61961, 260.66, 405.861, 484.148, 4046.81, 12.5873, 13.7585, 6.97494, 0.173387, 47.0505, 16.4126, 23.1043, 45.1918, 59.8089, 69.4324, 137.912, 63.1356, 107.209, 

0.725349, 2.93792, 7.4089, 25.4083, 38.2215, 598.045, 399.188, 18.1666, 20.7776, 4.8041, 0.173387, 4.30874, 0.00926599, 0.587192, 3.22271, 29.9394, 285.841, 23.5185, 6.97494, 1.59788, 1.18567, 1.82449, 1.59251, 8.33298, 26.5888, 2315.04, 25.9233, 20.5661, 3.6014, 5.42051, 4.67221, 14.0193, 4.61961, 405.861, 484.148, 104.239, 3460.09, 1.65311, 52.2725, 12.5873, 5.91399, 9.86312, 23.0968, 16.4126, 23.1043, 45.1918, 47.0505, 59.8089, 56.545, 63.1356, 

0.711152, 2.93792, 4.8041, 7.4089, 598.045, 4.72146, 48.5478, 20.0737, 8.33298, 3.22271, 0.14532, 4.30874, 1.59788, 6.97494, 15.8982, 29.9394, 99.5208, 20.7776, 18.1666, 4.61961, 1.18567, 1.2138, 3.6014, 20.5661, 25.9233, 2315.04, 3.94161, 12.5873, 25.4083, 1.59251, 4.07527, 4.67221, 1.65311, 15.0748, 104.239, 3460.09, 33.2248, 5.42051, 0.587192, 0.00926599, 0.725349, 5.91399, 7.10764, 10.1059, 16.0895, 16.4126, 23.0968, 23.1043, 38.2215, 56.545, 

0.529859, 0.725349, 3.22271, 4.72146, 7.4089, 48.5478, 1.72545, 0.292916, 0.00926599, 3.6014, 0.14532, 3.22942, 15.8982, 18.1666, 20.7776, 99.5208, 13403.1, 5.42051, 8.33298, 4.8041, 1.16442, 1.18567, 1.22964, 1.43518, 12.5873, 2315.04, 24094.2, 4.61961, 1.59251, 1.59788, 4.07527, 1.34773, 15.0748, 33.2248, 104.239, 3460.09, 4431.4, 1.65311, 0.587192, 6.97494, 2.93792, 4.67221, 5.91399, 7.10764, 10.1059, 16.0895, 16.4126, 20.9563, 13.5, 20.0737, 

0.442807, 0.725349, 0.292916, 3.22271, 3.6014, 4.72146, 48.5478, 20.0737, 15.8982, 1.59788, 0.14532, 2.93792, 5.42051, 18.1666, 20.7776, 99.5208, 47.3356, 1.72545, 2.75505, 4.61961, 1.12431, 1.18567, 1.22964, 1.43518, 12.5873, 1693.27, 244.531, 8.33298, 4.8041, 0.587192, 1.34773, 4.07527, 1.65311, 6.97494, 15.0748, 33.2248, 4431.4, 0.00926599, 1.59251, 13.5, 3.22942, 4.67221, 5.91399, 7.10764, 10.1059, 16.0895, 16.4126, 20.9563, 104.239, 128.636, 

0.442807, 0.725349, 0.292916, 3.22271, 3.6014, 4.72146, 15.8982, 0.587192, 1.59788, 13.5, 0.14532, 2.93792, 1.72545, 2.75505, 47.3356, 107.778, 172.451, 6.55038, 4.61961, 15.0748, 1.12431, 1.18567, 1.43518, 8.33298, 12.5873, 32.1796, 54.906, 6.97494, 1.22964, 18.1666, 1.34773, 3.22942, 0.00926599, 1.59251, 1.65311, 21.266, 33.2248, 19.178, 5.42051, 4.8041, 4.07527, 4.57283, 4.67221, 5.91399, 6.8583, 7.10764, 8.68637, 10.1059, 20.0737, 20.7776, 

0.442807, 0.725349, 0.180996, 0.292916, 3.22271, 13.5, 89.499, 12.5873, 1.59788, 1.11527, 0.14532, 0.7536, 0.682297, 4.61961, 6.55038, 47.3356, 17.0826, 3.6014, 1.65311, 2.75505, 1.11553, 1.18567, 1.22964, 1.43518, 6.97494, 54.906, 249.429, 15.0748, 0.285259, 15.8982, 1.01782, 0.296296, 0.00926599, 1.59251, 4.8041, 5.42051, 33.2248, 1.72545, 8.33298, 4.72146, 1.52135, 3.22942, 4.07527, 4.57283, 4.67221, 5.91399, 6.8583, 7.10764, 18.1666, 19.178, 

0.442807, 0.725349, 0.292916, 1.11527, 13.5, 89.499, 11.3815, 4.61961, 3.22271, 1.22964, 0.14532, 0.488809, 1.65311, 2.75505, 3.6014, 6.55038, 297.555, 4.8041, 8.33298, 5.42051, 1.11553, 1.18567, 0.285259, 6.97494, 9.25796, 15.8982, 146.052, 1.43518, 0.682297, 12.5873, 0.296296, 0.0118836, 1.59251, 1.72545, 4.72146, 33.2248, 394.517, 0.00926599, 0.180996, 0.179272, 0.7536, 0.730958, 3.22942, 4.07527, 4.14308, 4.57283, 4.67221, 5.91399, 15.0748, 17.0826, 

0.442807, 0.725349, 1.11527, 11.3815, 89.499, 96.2537, 104.686, 6.97494, 3.22271, 0.292916, 0.14532, 0.488809, 4.8041, 6.55038, 8.33298, 297.555, 906.751, 1.72545, 3.6014, 0.180996, 0.7536, 0.93932, 0.285259, 0.682297, 1.43518, 8.13256, 0.859345, 2.75505, 5.42051, 4.72146, 0.0118836, 0.296296, 0.00926599, 0.179272, 1.59251, 394.517, 0.0547458, 1.22964, 1.65311, 4.61961, 0.730958, 1.11553, 1.18567, 1.82395, 3.22942, 4.14308, 4.57283, 4.67221, 9.25796, 12.5873, 

0.442807, 0.725349, 1.11527, 89.499, 104.686, 0.0225576, 42.9924, 0.180996, 4.72146, 2.27594, 0.14532, 0.488809, 3.6014, 4.8041, 6.55038, 906.751, 62.3268, 0.859345, 1.72545, 0.292916, 0.730958, 0.93932, 0.285259, 2.75505, 5.42051, 4.33034, 729.263, 0.179272, 3.22271, 0.682297, 0.0081018, 0.296296, 0.00926599, 0.0547458, 1.65311, 4.61961, 394.517, 1.43518, 1.59251, 1.22964, 0.7536, 1.11553, 1.18567, 1.82395, 3.22942, 4.14308, 4.30972, 4.57283, 4.73345, 6.97494, 

0.104938, 0.488809, 0.0225576, 0.180996, 2.27594, 4.72146, 104.686, 0.682297, 4.73345, 4.61961, 0.14532, 0.180412, 1.72545, 3.6014, 6.55038, 62.3268, 906.751, 1.59251, 4.8041, 1.65311, 0.730958, 0.7536, 0.179272, 1.00578, 2.75505, 3.22271, 4.33034, 0.292916, 0.0547458, 1.11527, 0.0081018, 0.296296, 0.00926599, 1.22964, 1.43518, 9.18386, 60.7006, 0.209112, 0.859345, 0.285259, 0.725349, 0.93932, 1.11553, 1.18567, 1.82395, 3.22942, 4.14308, 4.30972, 5.42051, 6.97494, 

0.0181753, 0.488809, 0.180996, 0.682297, 4.73345, 104.686, 12.5586, 2.84328, 1.59251, 3.22271, 0.14532, 0.180412, 1.65311, 1.72545, 4.8041, 6.55038, 8864.26, 0.00926599, 2.27594, 0.209112, 0.570854, 0.730958, 0.179272, 1.00578, 1.00745, 2.75505, 1.09411, 1.97754, 1.43518, 3.6014, 0.0081018, 0.296296, 0.147008, 0.859345, 1.22964, 9.18386, 178.708, 0.0547458, 0.292916, 0.0225576, 0.725349, 0.93932, 1.11553, 1.18567, 1.19211, 1.82395, 3.22942, 4.14308, 4.33034, 4.44298, 

0.0181753, 0.488809, 2.84328, 3.22271, 12.5586, 104.686, 4.6601, 0.292916, 1.00578, 1.43518, 0.0309346, 0.14532, 0.209112, 1.72545, 2.27594, 4.8041, 1506.11, 1.59251, 1.65311, 0.179272, 0.570854, 0.730958, 1.00745, 1.09411, 2.75505, 3.6014, 232.207, 0.00926599, 1.97754, 1.22964, 0.0081018, 0.296296, 0.0225576, 0.0547458, 0.147008, 0.859345, 517.603, 0.180996, 0.682297, 4.33034, 0.725349, 0.93932, 1.11553, 1.18567, 1.19211, 1.82395, 3.07021, 3.22942, 4.44298, 4.73345, 

0.0181753, 0.121908, 0.15217, 2.84328, 3.22271, 104.686, 24489.6, 1.43518, 0.859345, 2.75505, 0.0309346, 0.14532, 1.59251, 1.72545, 2.27594, 4.8041, 0.551165, 1.00578, 0.775203, 1.09411, 0.423031, 0.730958, 0.00926599, 1.00745, 1.22964, 1.97754, 48.8332, 0.682297, 1.65311, 0.179272, 0.000230437, 0.296296, 0.0225576, 0.147008, 0.180996, 4.33034, 517.603, 0.669282, 0.209112, 0.0547458, 0.570854, 0.725349, 0.830225, 0.93932, 1.11553, 1.18567, 1.19211, 1.82395, 3.6014, 4.44298, 

0.0181753, 0.121908, 1.43518, 2.75505, 3.22271, 104.686, 85.7983, 0.775203, 1.22964, 1.59251, 0.0309346, 0.14532, 0.551165, 1.00578, 1.72545, 2.27594, 41.9308, 0.15217, 0.859345, 0.147008, 0.095757, 0.147593, 0.00926599, 0.179272, 1.97754, 1173.86, 295.286, 1.09411, 0.0225576, 0.209112, 0.000230437, 0.237171, 0.0547458, 0.180996, 4.33034, 517.603, 14707.8, 0.682297, 1.00745, 0.594009, 0.570854, 0.609151, 0.725349, 0.830225, 0.93932, 1.11553, 1.19211, 1.82395, 1.65311, 2.84328, 

0.0181753, 0.121908, 1.22964, 2.75505, 3.22271, 104.686, 404.193, 1.09411, 1.59251, 0.169066, 0.0300941, 0.14532, 0.15217, 0.859345, 1.00578, 1.72545, 41.9308, 1.55976, 1.43518, 1.65311, 0.095757, 0.147593, 0.00926599, 0.179272, 0.209112, 295.286, 26129.9, 0.147008, 0.180996, 0.775203, 0.000230437, 0.0222072, 0.0547458, 0.682297, 1.00745, 7106.47, 2.01863, 0.551165, 0.040362, 0.0225576, 0.0309346, 0.570854, 0.609151, 0.725349, 0.830225, 0.93932, 1.11553, 1.19211, 1.97754, 2.27594, 

0.0181753, 0.0223464, 1.59251, 2.75505, 104.686, 404.193, 905.289, 0.00926599, 1.09411, 0.179272, 0.0300941, 0.14532, 0.859345, 1.72545, 41.9308, 442.485, 25.2258, 1.43518, 1.22964, 1.00578, 0.0309346, 0.095757, 0.147008, 0.180996, 0.209112, 0.775203, 204.17, 0.551165, 0.040362, 0.0219629, 0.000230437, 0.0222072, 0.0225576, 0.682297, 1.00745, 7106.47, 3437.16, 0.169066, 0.0547458, 0.15217, 0.121908, 0.0667683, 0.570854, 0.609151, 0.725349, 0.830225, 0.93932, 1.11553, 1.55976, 1.65311, 

0.0181753, 0.0223464, 0.179272, 1.09411, 1.59251, 404.193, 12.3122, 0.180996, 1.55976, 0.040362, 0.0300941, 0.0667683, 1.00578, 1.22964, 1.72545, 41.9308, 1.80982, 0.0393714, 0.551165, 0.0219629, 0.0309346, 0.0193428, 0.209112, 0.775203, 204.17, 135.939, 0.011853, 0.147008, 0.0547458, 1.43518, 0.000230437, 0.0222072, 0.15217, 0.682297, 1.00745, 729.971, 21.1218, 0.00926599, 0.859345, 0.0225576, 0.14532, 0.095757, 0.121908, 0.570854, 0.609151, 0.725349, 0.830225, 0.93932, 1.65311, 2.75505, 

0.0181753, 0.0222072, 0.040362, 0.180996, 1.09411, 404.193, 1462.65, 1.59251, 0.551165, 0.0225576, 0.0300941, 0.0667683, 0.0219629, 0.0393714, 1.00578, 41.9308, 9157.6, 0.0547458, 1.00745, 1.22964, 0.0193428, 0.0309346, 0.011853, 0.209112, 1.43518, 135.939, 204.17, 0.903464, 0.147008, 0.179272, 0.000230437, 0.0221526, 0.00926599, 0.682297, 0.859345, 729.971, 0.0221741, 0.15217, 1.55976, 0.775203, 0.0223464, 0.095757, 0.121908, 0.14532, 0.29402, 0.570854, 0.609151, 0.725349, 1.65311, 1.72545, 

0.0181753, 0.0222072, 0.180996, 0.551165, 1462.65, 110.367, 32916.2, 0.040362, 0.0225576, 0.903464, 0.0300941, 0.0667683, 0.0393714, 0.0547458, 1.00745, 41.9308, 9157.6, 0.147008, 1.00578, 0.209112, 0.0185873, 0.0309346, 0.179272, 1.43518, 135.939, 136.843, 85.2528, 0.851107, 0.011853, 0.0221741, 0.000230437, 0.0221526, 0.00926599, 0.775203, 0.859345, 1.55976, 729.971, 0.0219629, 0.15217, 0.682297, 0.0223464, 0.095757, 0.121908, 0.14532, 0.15583, 0.29402, 0.570854, 0.609151, 1.09411, 1.22964, 

0.0046419, 0.0112784, 0.0225576, 0.040362, 1462.65, 3728.24, 26.5919, 0.903464, 0.271209, 0.209112, 0.0223464, 0.0667683, 0.0393714, 0.0547458, 1.00745, 41.9308, 225.565, 0.00926599, 0.177937, 0.147008, 0.0185873, 0.0309346, 0.0221741, 0.179272, 1.43518, 135.939, 870.482, 0.011853, 0.851107, 0.0219629, 0.000230437, 0.0221526, 0.15217, 0.682297, 0.859345, 46.0837, 35.5957, 0.180996, 0.775203, 1.00578, 0.0300941, 0.095757, 0.121908, 0.14532, 0.15583, 0.29402, 0.570854, 0.609151, 1.09411, 1.18763, 

0.0046419, 0.0112784, 0.0225576, 0.209112, 0.271209, 26.5919, 2841.98, 1.00578, 1.09411, 0.0393714, 0.00654755, 0.0223464, 0.00926599, 0.0547458, 0.147008, 41.9308, 135.44, 0.177937, 0.682297, 0.775203, 0.0185873, 0.0300941, 0.0219629, 0.0221741, 0.851107, 1.43518, 10600.2, 0.040362, 0.011853, 0.903464, 0.000230437, 0.0221526, 0.15217, 0.180996, 0.859345, 35.5957, 94.0471, 0.179272, 1.18763, 1.00745, 0.0309346, 0.095757, 0.121908, 0.14532, 0.15583, 0.29402, 0.570854, 0.609151, 

0.0046419, 0.0112784, 0.0225576, 0.0393714, 2841.98, 850.505, 921.693, 0.00654755, 0.0145421, 0.00926599, 0.0547458, 0.177937, 0.775203, 17378.2, 0.0148992, 0.018221, 0.0219629, 0.851107, 0.903464, 16.7835, 66.8689, 0.000230437, 0.0221526, 0.180996, 0.859345, 1.00745, 0.657165, 3.90598, 0.0300941, 0.0309346, 0.095757, 0.121908, 0.14532, 0.15583, 0.29402, 0.570854, 0.011853, 0.0221741, 

0.0046419, 0.0112784, 0.0225576, 0.0393714, 850.505, 921.693, 430.532, 0.00654755, 0.0145421, 0.00926599, 0.0547458, 0.177937, 0.775203, 23.8768, 0.0148992, 0.018221, 0.0219629, 0.851107, 0.903464, 16.7835, 237.826, 0.000230437, 0.0221526, 0.180996, 0.859345, 1.00745, 3.90598, 326.369, 0.0300941, 0.0309346, 0.095757, 0.121908, 0.14532, 0.15583, 0.258555, 0.29402, 0.011853, 0.0221741, 

0.0046419, 0.0112784, 0.0225576, 0.0393714, 850.505, 921.693, 1133.5, 0.00654755, 0.0145421, 0.00926599, 0.0547458, 0.177937, 0.775203, 23.8768, 0.012221, 0.0148992, 0.0219629, 0.851107, 16.7835, 39.0452, 6.22263, 0.000230437, 0.0221526, 0.180996, 0.859345, 1.00745, 3.90598, 21.9138, 0.0262026, 0.0300941, 0.0309346, 0.0816017, 0.095757, 0.121908, 0.14532, 0.15583, 0.011853, 0.0221741, 

0.0046419, 0.00854443, 0.0225576, 0.0393714, 850.505, 1133.5, 56.1244, 0.00654755, 0.00923979, 0.00926599, 0.0547458, 0.775203, 17.855, 6.92142, 0.012221, 0.0148992, 0.0219629, 6.22263, 16.7835, 39.0452, 7416.49, 0.000230437, 0.0221526, 0.180996, 0.859345, 1.00745, 3.90598, 946.638, 0.0262026, 0.0300941, 0.0309346, 0.0816017, 0.095757, 0.121908, 0.14532, 0.15583, 0.00593377, 0.011853, 

0.0046419, 0.00854443, 0.0225576, 0.0393714, 56.1244, 850.505, 196.634, 0.00654755, 0.00923979, 0.00926599, 0.0547458, 6.92142, 17.855, 296.141, 0.012221, 0.0148992, 6.22263, 8.07855, 39.0452, 5134.09, 7.53178, 0.000230437, 0.0221526, 0.180996, 1.00745, 3.90598, 946.638, 0.0805643, 0.0262026, 0.0300941, 0.0309346, 0.0816017, 0.095757, 0.121908, 0.14532, 0.15583, 0.00593377, 0.011853, 

0.00210357, 0.00302961, 0.0225576, 0.0393714, 92.9676, 850.505, 340.862, 0.00654755, 0.00923979, 0.00926599, 2.90165, 6.92142, 17.855, 98.6335, 0.012221, 0.0148992, 6.22263, 7.53178, 8.07855, 39.0452, 3888.04, 0.000230437, 0.0221526, 0.180996, 1.00745, 3.90598, 625.439, 41.7061, 0.0262026, 0.0300941, 0.0309346, 0.0816017, 0.095757, 0.121908, 0.14532, 0.15583, 0.00593377, 0.011853, 

0.00210357, 0.00256947, 0.0393714, 1.01056, 3.302, 850.505, 27.6875, 0.00654755, 0.00923639, 0.00926599, 1.13287, 6.92142, 98.6335, 0.00923437, 0.012221, 0.0148992, 1.41753, 6.22263, 8.07855, 39.0452, 66397.5, 0.000230437, 0.0221526, 0.180996, 3.90598, 41.7061, 625.439, 65.2341, 0.0262026, 0.0300941, 0.0309346, 0.0816017, 0.095757, 0.121908, 0.14532, 0.15583, 0.00593377, 0.011853, 

0.00199282, 0.00210357, 0.0393714, 1.01056, 3.302, 27.6875, 0.0886211, 0.00654755, 0.00923639, 0.00923437, 0.00926599, 1.13287, 98.6335, 238.114, 0.012221, 0.0148992, 1.41753, 6.22263, 8.07855, 78.3833, 21.9465, 0.000230437, 0.0221526, 0.180996, 1.17048, 41.7061, 625.439, 38.2348, 0.0262026, 0.0300941, 0.0309346, 0.0816017, 0.095757, 0.121908, 0.14532, 0.15583, 0.00593377, 0.011853, 

0.00199282, 0.00202118, 0.0393714, 1.01056, 3.302, 27.6875, 23.9555, 0.00654755, 0.00702323, 0.00923437, 0.00926599, 1.13287, 78.9298, 239.993, 0.00921382, 0.012221, 1.61443, 8.07855, 21.9465, 78.3833, 8.94072, 0.000230437, 0.0141742, 0.133585, 1.17048, 38.2348, 41.7061, 593.597, 0.0262026, 0.0300941, 0.0309346, 0.0816017, 0.095757, 0.121908, 0.14532, 0.15583, 0.00593377, 0.011853, 

0.00199282, 0.00202118, 0.0393714, 1.01056, 23.9555, 27.6875, 49.7229, 0.00654755, 0.0067387, 0.00923437, 0.00926599, 1.13287, 78.9298, 239.993, 0.00921382, 0.012221, 0.157499, 8.07855, 8.94072, 78.3833, 0.039876, 0.000230437, 0.0139061, 0.133585, 1.17048, 38.2348, 41.7061, 4.87266, 0.0262026, 0.0300941, 0.0309346, 0.0816017, 0.095757, 0.121908, 0.14532, 0.15583, 0.00593377, 0.011853, 

0.00199282, 0.00199767, 0.0393714, 1.01056, 14.53, 23.9555, 3188.03, 0.00654755, 0.0067387, 0.00923437, 0.00926599, 1.13287, 78.9298, 239.993, 0.00889581, 0.00917968, 0.00918833, 0.157499, 8.07855, 8.94072, 78.3833, 0.000230437, 0.0139061, 0.984001, 1.17048, 38.2348, 41.7061, 71.602, 0.0262026, 0.0300941, 0.0309346, 0.0816017, 0.095757, 0.121908, 0.14532, 0.15583, 0.00593377, 0.011853, 

0.00199282, 0.00199461, 0.0393714, 1.01056, 21.6059, 23.9555, 0.0100912, 0.00654755, 0.0067387, 0.00923437, 0.00926599, 1.13287, 78.9298, 0.00769762, 0.00849501, 0.00889581, 0.00918833, 8.07855, 8.94072, 78.3833, 0.0322613, 0.000230437, 0.0139061, 0.984001, 1.72888, 38.2348, 41.7061, 353.814, 0.0262026, 0.0300941, 0.0309346, 0.0816017, 0.095757, 0.121908, 0.14532, 0.15583, 0.00593377, 0.011853, 

0.00199282, 0.00199461, 0.0100912, 0.0393714, 1.01056, 23.9555, 228.349, 0.00654755, 0.0067387, 0.00769762, 0.00923437, 1.13287, 78.9298, 188.562, 0.00849501, 0.00853441, 0.00918833, 0.0322613, 8.94072, 78.3833, 0.00855537, 0.000230437, 0.0139061, 0.984001, 1.72888, 38.2348, 353.814, 59.0412, 0.0262026, 0.0300941, 0.0309346, 0.0816017, 0.095757, 0.121908, 0.14532, 0.15583, 0.00593377, 0.011853, 

0.00199282, 0.00199461, 0.0100912, 1.01056, 23.9555, 228.349, 402.869, 0.00651278, 0.0067387, 0.00769762, 0.00923437, 1.13287, 25.9788, 7.12955, 0.00849501, 0.00853441, 0.00918833, 0.0322613, 8.94072, 78.3833, 119.01, 0.000230437, 0.0139061, 0.984001, 1.72888, 38.2348, 353.814, 82.699, 0.0262026, 0.0300941, 0.0309346, 0.0816017, 0.095757, 0.121908, 0.14532, 0.15583, 0.00593377, 0.011853, 

0.00199282, 0.00199461, 0.0100912, 1.01056, 23.9555, 228.349, 80.1272, 0.00651278, 0.0067387, 0.00769762, 0.00923437, 1.13287, 7.12955, 11.6625, 0.00849501, 0.00851034, 0.00918833, 0.0322613, 4.79739, 119.01, 252.446, 0.000230437, 0.00367818, 0.984001, 1.72888, 38.2348, 353.814, 5.97734, 0.0262026, 0.0300941, 0.0309346, 0.0816017, 0.095757, 0.121908, 0.14532, 0.15583, 0.00593377, 0.011853, 

0.00199282, 0.00199461, 0.0100912, 1.01056, 23.9555, 80.1272, 0.00405678, 0.00651278, 0.0067387, 0.00769762, 0.00923437, 1.13287, 7.12955, 11.6625, 0.00844233, 0.00851034, 0.00918833, 4.79739, 119.01, 252.446, 336.359, 0.000230437, 0.00367818, 0.984001, 1.72888, 5.97734, 353.814, 631.947, 0.0262026, 0.0300941, 0.0309346, 0.0816017, 0.095757, 0.121908, 0.14532, 0.15583, 0.00593377, 0.011853, 

0.00199282, 0.00199287, 0.00405678, 0.00848721, 1.01056, 80.1272, 41.7636, 0.00651278, 0.0067387, 0.00769762, 0.00923437, 1.13287, 7.12955, 5.57251, 0.00842691, 0.00849304, 0.00918833, 4.79739, 252.446, 336.359, 819.127, 0.000230437, 0.00367818, 0.984001, 5.97734, 36.6512, 631.947, 8.63738, 0.0262026, 0.0300941, 0.0309346, 0.0816017, 0.095757, 0.121908, 0.14532, 0.15583, 0.00593377, 0.011853, 

0.00199282, 0.00199287, 0.00768356, 1.01056, 41.7636, 80.1272, 0.00345048, 0.00651278, 0.00672669, 0.00769762, 0.00923437, 1.13287, 5.57251, 7.12955, 0.00842691, 0.00849304, 0.00918833, 4.79739, 252.446, 336.359, 1828.35, 0.000230437, 0.00367818, 0.984001, 5.97734, 8.63738, 631.947, 11.559, 0.0262026, 0.0300941, 0.0309346, 0.0816017, 0.095757, 0.121908, 0.14532, 0.15583, 0.00593377, 0.011853, 

0.00199282, 0.00199287, 0.00205072, 0.00768356, 1.01056, 16.3502, 506.787, 0.00651278, 0.00672669, 0.00769762, 0.00923437, 1.13287, 5.57251, 201.697, 0.00842691, 0.00849304, 4.79739, 252.446, 336.359, 1828.35, 0.00864064, 0.000230437, 0.00367818, 0.984001, 5.97734, 8.63738, 631.947, 1087.13, 0.0262026, 0.0300941, 0.0309346, 0.0816017, 0.0835281, 0.095757, 0.121908, 0.14532, 0.00593377, 0.011853, 

0.00199282, 0.00199287, 0.00205072, 0.00768356, 1.01056, 16.3502, 3.89998, 0.00648007, 0.00671705, 0.00769762, 0.00923437, 1.13287, 201.697, 2684.5, 0.00842691, 0.00845761, 0.00848658, 252.446, 336.359, 1828.35, 0.00845431, 0.000230437, 0.00367818, 0.984001, 5.97734, 8.63738, 217.148, 465.515, 0.0262026, 0.0300941, 0.0309346, 0.0816017, 0.0835281, 0.095757, 0.121908, 0.14532, 0.00593377, 0.011853, 

0.00199282, 0.00199287, 0.00205072, 0.00768356, 1.01056, 3.89998, 16.3502, 0.00648007, 0.00671705, 0.00769762, 0.00923437, 201.697, 2684.5, 1655.63, 0.00842691, 0.00845761, 0.00845431, 0.00848658, 252.446, 287.048, 336.359, 0.000230437, 0.00367818, 0.984001, 5.97734, 8.63738, 217.148, 10.3219, 0.0262026, 0.0300941, 0.0309346, 0.0816017, 0.0835281, 0.095757, 0.121908, 0.14532, 0.00593377, 0.011853, 

0.00199282, 0.00199287, 0.00205072, 0.00768356, 1.01056, 3.89998, 16.3502, 0.00641477, 0.00648007, 0.00769762, 0.00923437, 201.697, 1655.63, 2684.5, 0.00841269, 0.00842691, 0.00845431, 0.00848658, 7.79748, 252.446, 336.359, 0.000230437, 0.00367818, 0.984001, 5.62987, 5.97734, 217.148, 6.86709, 0.0262026, 0.0300941, 0.0309346, 0.0816017, 0.0835281, 0.095757, 0.121908, 0.14532, 0.00593377, 0.011853, 

0.00199277, 0.00199282, 0.00205072, 0.00768356, 1.01056, 3.89998, 33.7645, 0.00641477, 0.00648007, 0.00636754, 0.00769762, 1.59711, 16.7052, 0.00641053, 0.00839808, 0.00842194, 0.00845431, 0.00848658, 7.79748, 188.488, 336.359, 0.000230437, 0.00367818, 0.984001, 5.62987, 6.86709, 217.148, 2.22347, 0.0262026, 0.0300941, 0.0309346, 0.0816017, 0.0835281, 0.095757, 0.121908, 0.14532, 0.00593377, 0.011853, 

0.00199277, 0.0019928, 0.00205072, 0.00768356, 3.89998, 33.7645, 97.1306, 0.00634598, 0.00641477, 0.00636754, 0.00769762, 1.59711, 16.7052, 28.4621, 0.00839808, 0.00842194, 0.00845431, 7.79748, 49.3844, 188.488, 0.62601, 0.000230437, 0.00367818, 2.22347, 5.62987, 6.86709, 217.148, 68.2322, 0.0262026, 0.0300941, 0.0309346, 0.0816017, 0.0835281, 0.095757, 0.121908, 0.14532, 0.00593377, 0.011853, 

0.00195904, 0.0019928, 0.00205072, 0.00768356, 3.89998, 33.7645, 199.001, 0.00631919, 0.00634598, 0.00636754, 0.00769762, 1.59711, 15.0855, 28.4621, 0.00839808, 0.00842194, 0.126115, 0.62601, 49.3844, 188.488, 240.773, 0.000230437, 0.00367818, 2.22347, 5.62987, 6.86709, 34.6477, 68.2322, 0.0262026, 0.0300941, 0.0309346, 0.0816017, 0.0835281, 0.095757, 0.121908, 0.14532, 0.00593377, 0.011853, 

0.00195904, 0.0019928, 0.00205072, 0.00768356, 33.7645, 144.483, 3311.44, 0.00631919, 0.0063203, 0.00636754, 0.00769762, 15.0855, 28.4621, 18.1472, 0.00839808, 0.00842194, 0.0252647, 0.62601, 49.3844, 188.488, 240.773, 0.000230437, 0.00367818, 1.22007, 2.22347, 6.86709, 34.6477, 0.540456, 0.0262026, 0.0300941, 0.0309346, 0.0816017, 0.0835281, 0.095757, 0.121908, 0.14532, 0.00593377, 0.011853, 

Best:
(0.98939, 0.979979, )

Fitness Evaluations:
2786

End Population
(1.044243e+00), (1.090570e+00), (1.044571e+00), (1.090880e+00), (1.043450e+00), (1.090064e+00), (1.048087e+00), (1.091157e+00), (-3.467007e-01), (-4.450500e-01), (-1.024462e+00), (-1.353203e-01), (-1.568918e+00), (-3.287271e+00), (1.075630e+00), (1.159428e+00), (1.075688e+00), (1.159537e+00), (1.075518e+00), (1.159317e+00), (1.075631e+00), (1.161428e+00), (9.650180e-02), (3.870589e-01), (-8.896219e-01), (2.925142e-01), (8.575336e-01), (1.161120e+00), (1.091456e+00), (1.191858e+00), (1.091733e+00), (1.192145e+00), (1.096955e+00), (1.190714e+00), (1.093308e+00), (1.116754e+00), (-2.276750e-01), (7.437695e-01), (5.967218e-01), (-1.016239e+00), (2.933166e-01), (-1.464042e+00), (9.893905e-01), (9.799792e-01), (1.011607e+00), (1.029302e+00), (1.144581e+00), (1.419571e+00), (3.880197e-01), (2.865354e-01), (9.489390e-01), (1.162487e+00), (1.106929e+00), (6.367655e-01), (1.084177e+00), (1.248473e+00), (1.077181e+00), (1.174547e+00), (1.057906e+00), (1.102812e+00), (1.173172e+00), (1.373258e+00), (1.063557e+00), (1.159003e+00), (1.014158e+00), (9.996494e-01), (1.095834e+00), (1.230275e+00), (9.280804e-01), (8.954998e-01), (1.357331e+00), (1.829068e+00), (1.075374e+00), (1.158019e+00), (1.098387e+00), (1.211115e+00), 