Iterations: 50
Function Evaluations Limit: 150000
Population: 50

Prides Length: 4

Percent Nomads: 0.2
Percent Roaming: 0.2
Percent Sex: 0.8

Mating Rate: 0.3
Mutation Probability: 0.2
Immigration Rate: 0.4

Percent Group Influence: 0.4
Annealing On: true
Ranked Selection Pressure: 2
Near To Best Random Pressure: 2

Dimensions: 2
N-Dimension Space: -5:5

Fitness Iterations:
7.92081 (Initial Best)

40265, 366.039, 180.764, 42228.2, 58711.9, 832.844, 1241.41, 15296.9, 33517.2, 39766.9, 430.535, 17439.9, 78981.4, 17634.1, 425.314, 27440.4, 16480.5, 12559, 23614.1, 2307.2, 36137.1, 16397.4, 1713.56, 417.39, 5178.05, 3845.23, 4364.64, 19946.5, 4271.82, 7.92081, 12780.3, 12891.6, 2901.28, 32431.6, 7345.79, 8986.42, 271.387, 7044.71, 7952.21, 394.563, 10072.5, 2423.25, 9743.01, 35168, 12821.9, 130.497, 1690.34, 25.4085, 367.372, 7574.04, 

0.644942, 130.497, 13.0215, 67.3388, 120.105, 200.649, 39766.9, 64.3478, 7.21788, 486.664, 111.809, 127.722, 11.6581, 2307.2, 12559, 16480.5, 17342.4, 394.563, 210.027, 367.372, 25.4085, 178.35, 67.7799, 416.89, 1654.09, 3845.23, 385.708, 777.473, 456.415, 477.121, 219.334, 430.535, 271.387, 875.98, 7345.79, 3192.24, 2044.85, 748.965, 83.3013, 2.52588, 4.18322, 84.3138, 1665.53, 523.327, 553.408, 1486.71, 1690.34, 2423.25, 992.368, 1222.59, 

0.380842, 2.02662, 6.07774, 7.21788, 13.0215, 120.105, 2.20974, 486.664, 200.649, 6.73346, 4.18322, 9.3679, 11.6581, 87.679, 102.654, 17342.4, 30688, 210.027, 12.4743, 59.2141, 15.1093, 5.56319, 25.8025, 777.473, 1654.09, 4.78883, 4.41655, 385.708, 68.1194, 1.85635, 7.6428, 12.7982, 2.52588, 83.3013, 271.387, 1917.67, 5.58322, 477.121, 63.0528, 172.179, 0.511498, 3.00957, 111.809, 25.4085, 80.1063, 84.3138, 108.423, 113.059, 554.664, 748.965, 

0.380842, 0.511498, 2.20974, 7.21788, 486.664, 164.477, 31.7489, 33.4715, 13.7421, 18.075, 3.00957, 3.67254, 5.90817, 11.6581, 59.2141, 87.679, 1703.26, 12.4743, 8.60607, 13.0215, 5.56319, 7.81442, 4.41655, 4.78883, 7.45633, 777.473, 54.104, 6.73346, 12.7726, 1.88754, 7.31618, 9.3679, 2.52588, 5.58322, 16.0086, 271.387, 1584.36, 6.07774, 63.0528, 1.85635, 2.02662, 4.18322, 12.7982, 10.9326, 11.7782, 11.8146, 15.1093, 25.4085, 68.1194, 100.427, 

0.365678, 0.380842, 2.20974, 13.7421, 31.7489, 33.4715, 367.309, 16.0086, 7.21788, 4.41655, 1.06969, 3.00957, 5.83395, 11.6581, 87.679, 1703.26, 8.30239, 5.90817, 4.78883, 1.85635, 2.02662, 2.83485, 1.88754, 6.73346, 7.45633, 12.7726, 216.844, 13.0215, 18.075, 11.0583, 4.53246, 7.88907, 2.52588, 6.07774, 271.387, 1584.36, 12.2221, 4.68959, 8.60607, 5.58322, 5.56319, 7.81442, 4.18322, 7.31618, 10.5362, 10.9326, 11.7782, 11.8146, 43.7461, 54.104, 

0.365678, 0.380842, 7.21788, 13.7421, 16.0086, 33.4715, 569.945, 4.41655, 11.5193, 1.85635, 1.06969, 0.64737, 4.78883, 5.90817, 87.679, 0.488403, 6732.5, 1.88754, 8.30239, 11.6581, 2.02662, 2.61995, 1.41751, 6.73346, 7.45633, 11.0583, 165.555, 13.0215, 18.075, 2.20974, 3.36591, 4.18322, 2.52588, 4.63902, 5.58322, 12.2221, 271.387, 0.879289, 4.68959, 0.0527976, 2.83485, 4.53246, 5.56319, 7.31618, 7.81442, 8.64082, 10.5362, 10.9326, 31.7489, 43.7461, 

0.365678, 0.380842, 1.85635, 4.41655, 16.0086, 33.4715, 57296.9, 8.30239, 7.21788, 3.62391, 0.130896, 0.64737, 0.488403, 1.88754, 4.78883, 5.90817, 275.376, 12.2221, 2.52588, 5.80223, 1.97212, 2.2536, 1.41751, 2.20974, 5.83765, 6.73346, 7.45633, 11.5193, 11.0583, 1.39761, 2.61995, 2.83485, 0.0527976, 2.3781, 4.68959, 271.387, 111.546, 11.6581, 4.63902, 0.879289, 2.02662, 3.36591, 3.87389, 4.53246, 5.56319, 7.31618, 8.64082, 10.5362, 13.0215, 13.7421, 

0.365678, 0.380842, 1.85635, 7.21788, 8.30239, 3497.95, 28.9514, 1.88754, 0.488403, 4.68959, 0.130896, 0.308267, 0.276185, 2.52588, 4.78883, 5.80223, 13.9325, 3.62391, 7.45633, 5.90817, 1.97212, 2.2536, 1.39761, 2.20974, 5.83765, 6.73346, 11.5193, 0.879289, 0.753367, 1.41751, 2.02662, 1.32717, 2.3781, 4.63902, 11.6581, 271.387, 109.622, 11.0583, 4.41655, 0.0527976, 0.747489, 2.61995, 2.83485, 3.36591, 3.87389, 4.53246, 5.56319, 7.31618, 12.2221, 13.0215, 

0.365678, 0.380842, 1.88754, 4.68959, 28.9514, 3497.95, 1264.98, 5.80223, 2.52588, 1.85635, 0.130896, 0.308267, 3.62391, 4.78883, 7.45633, 13.9325, 308.854, 2.3781, 1.39761, 1.65111, 0.419913, 2.23784, 0.879289, 1.41751, 2.20974, 6.73346, 11.5193, 5.83765, 0.753367, 5.90817, 1.32717, 2.02662, 0.0527976, 4.41655, 4.63902, 775.955, 2186.1, 0.488403, 0.276185, 2.24543, 0.747489, 2.2536, 2.30522, 2.61995, 2.83485, 3.36591, 3.87389, 4.53246, 7.21788, 8.49771, 

0.356238, 0.380842, 1.88754, 2.52588, 4.68959, 5.80223, 1264.98, 0.753367, 8.49771, 0.276185, 0.130896, 0.308267, 2.3781, 3.62391, 4.78883, 7.45633, 88.0429, 7.21788, 1.60625, 4.49605, 0.419913, 0.484183, 1.41751, 5.83765, 5.90817, 6.73346, 11.5193, 0.0527976, 0.488403, 1.85635, 0.356797, 0.747489, 2.24543, 4.41655, 4.63902, 159.019, 40.6812, 0.879289, 2.20974, 1.39761, 1.32717, 2.23784, 2.02662, 2.2536, 2.83485, 3.36591, 3.87389, 3.98093, 13.9325, 28.9514, 

0.31454, 0.380842, 0.753367, 1.88754, 2.52588, 5.80223, 10476.3, 4.68959, 0.0527976, 0.276185, 0.130896, 0.187089, 2.3781, 4.78883, 7.21788, 7.45633, 250.655, 0.879289, 4.41655, 1.35229, 0.419913, 0.484183, 0.488403, 5.90817, 6.73346, 1712.45, 8408.49, 3.62391, 1.39761, 1.60625, 0.356797, 0.747489, 2.20974, 2.24543, 4.63902, 40.6812, 215.629, 1.41751, 4.49605, 1.85635, 1.32717, 1.59554, 2.02662, 2.23784, 2.2536, 2.83485, 3.36591, 3.87389, 5.83765, 8.49771, 

0.31454, 0.380842, 1.88754, 2.52588, 4.68959, 5.80223, 11.5424, 1.41751, 3.62391, 2.3781, 0.130896, 0.187089, 0.879289, 1.35229, 7.21788, 7.45633, 0.458561, 5.83765, 3.58722, 0.276185, 0.419913, 0.438396, 0.488403, 1.39761, 1.60625, 8408.49, 290.091, 2.20974, 4.49605, 0.753367, 0.356797, 0.499446, 1.85635, 2.24543, 4.63902, 40.6812, 95.5004, 4.41655, 5.90817, 0.0527976, 0.484183, 0.747489, 1.32717, 1.59554, 2.02662, 2.23784, 2.2536, 2.83485, 6.73346, 8.49771, 

0.31454, 0.380842, 2.52588, 3.62391, 5.80223, 11.5424, 466.91, 0.753367, 1.39761, 0.458561, 0.130896, 0.187089, 0.192263, 0.276185, 0.879289, 7.45633, 3776.92, 3.58722, 4.41655, 4.49605, 0.266708, 0.438396, 1.60625, 2.20974, 12.5868, 3533.28, 7.56639, 1.56107, 0.488403, 0.0527976, 0.0760055, 0.136273, 1.85635, 2.24543, 5.90817, 40.6812, 247.163, 4.63902, 1.41751, 1.88754, 0.484183, 0.747489, 1.32717, 1.59554, 2.02662, 2.23784, 2.2536, 2.83485, 4.68959, 5.83765, 

0.31454, 0.380842, 0.753367, 1.39761, 2.52588, 11.5424, 540.212, 1.56107, 3.58722, 0.0155402, 0.130896, 0.187089, 0.276185, 4.41655, 3776.92, 356.805, 378.365, 1.60625, 3.62391, 0.458561, 0.266708, 0.0256544, 0.0527976, 0.488403, 1.79244, 3533.28, 30.809, 2.20974, 1.85635, 0.879289, 0.0760055, 0.136273, 2.24543, 40.6812, 247.163, 79.9488, 3170.17, 1.88754, 0.192263, 1.41751, 0.438396, 0.484183, 0.747489, 1.32717, 1.59554, 2.02662, 2.23784, 2.2536, 4.49605, 4.63902, 

0.31454, 0.380842, 0.0155402, 1.39761, 1.56107, 2.52588, 3.58722, 0.687625, 0.753367, 0.276185, 0.130896, 0.187089, 0.458561, 1.60625, 4.41655, 1089.76, 0.311773, 1.81791, 4.63902, 0.879289, 0.0256544, 0.266708, 0.0527976, 0.488403, 1.85635, 2.20974, 366.099, 1.95299, 4.49605, 0.192263, 0.0760055, 0.136273, 1.41751, 7.95262, 25.2544, 79.9488, 3170.17, 0.695865, 3.62391, 1.88754, 0.231842, 0.438396, 0.464123, 0.484183, 0.747489, 1.10887, 1.32717, 1.41735, 7.50444, 11.5424, 

0.231842, 0.380842, 0.0155402, 0.276185, 0.687625, 2.52588, 192.229, 1.41751, 0.27478, 0.753367, 0.12121, 0.130896, 1.60625, 1.81791, 1089.76, 412.925, 0.193767, 0.488403, 3.58722, 1.39761, 0.0256544, 0.266708, 0.0527976, 0.192263, 1.95299, 2.20974, 366.099, 1.56107, 1.85635, 0.879289, 0.018885, 0.0760055, 0.695865, 3.62391, 79.9488, 254.472, 2.59392, 0.657036, 0.458561, 1.88754, 0.18703, 0.31454, 0.438396, 0.464123, 0.484183, 0.747489, 1.10887, 1.32717, 4.41655, 4.49605, 

0.129937, 0.260155, 0.27478, 0.276185, 0.753367, 39.4905, 96.8356, 1.60462, 0.130163, 0.0888247, 0.0819112, 0.12121, 1.39761, 1.81791, 3.58722, 1089.76, 282.251, 0.488403, 0.192263, 0.0155402, 0.0256544, 0.18703, 0.0527976, 1.56107, 2.20974, 366.099, 0.888256, 0.879289, 1.41751, 0.193767, 0.018885, 0.0760055, 0.458561, 0.657036, 0.695865, 3.62391, 254.472, 1.85635, 1.60625, 0.687625, 0.231842, 0.266708, 0.31454, 0.438396, 0.464123, 0.484183, 0.747489, 0.866114, 1.88754, 1.95299, 

0.129937, 0.231842, 0.0837948, 0.0888247, 0.130163, 0.27478, 2058.41, 1.56107, 1.41751, 0.888256, 0.0819112, 0.12121, 0.192263, 1.39761, 3.58722, 63.2701, 22664.7, 0.180773, 0.0155402, 0.687625, 0.0256544, 0.18703, 0.193767, 2.20974, 366.099, 3348.54, 2.60293, 0.753367, 0.879289, 0.488403, 0.018885, 0.0760055, 0.458561, 0.695865, 1.60625, 3.62391, 99.9004, 0.0527976, 0.657036, 0.276185, 0.260155, 0.266708, 0.31454, 0.438396, 0.464123, 0.484183, 0.747489, 0.866114, 1.81791, 1.85635, 

0.0539331, 0.0588996, 0.0837948, 0.0888247, 0.130163, 1.56107, 0.380379, 0.695865, 0.657036, 0.0155402, 0.0819112, 0.0959294, 0.180773, 1.39761, 3.58722, 63.2701, 2219.73, 0.192263, 0.458561, 0.888256, 0.0256544, 0.18703, 0.193767, 0.488403, 0.753367, 366.099, 39.3678, 0.27478, 0.687625, 0.0527976, 0.018885, 0.0760055, 0.276185, 1.60625, 3.62391, 99.9004, 701.896, 0.844211, 1.41751, 0.879289, 0.231842, 0.260155, 0.266708, 0.31454, 0.438396, 0.464123, 0.484183, 0.747489, 1.81791, 1.85635, 

0.0319008, 0.0539331, 0.0888247, 0.130163, 0.695865, 1.56107, 318.276, 1.39761, 1.60625, 0.180773, 0.0819112, 0.0959294, 0.888256, 3.58722, 2219.73, 3172.28, 58053.7, 0.380379, 0.0155402, 0.27478, 0.0207117, 0.18703, 0.0527976, 0.193767, 0.488403, 0.687625, 0.753367, 0.0837948, 0.458561, 1.81791, 0.018885, 0.0760055, 0.276185, 0.844211, 0.879289, 3.62391, 73.1711, 0.657036, 0.192263, 1.41751, 0.231842, 0.260155, 0.266708, 0.31454, 0.363206, 0.438396, 0.464123, 0.484183, 1.85635, 9.50644, 

0.0254745, 0.0319008, 0.0888247, 0.130163, 1.39761, 1.56107, 318.276, 0.180773, 0.695865, 0.0292069, 0.0819112, 0.0959294, 0.380379, 2.09593, 3.58722, 31.5513, 1524.79, 0.458561, 0.0584975, 0.844211, 0.00530007, 0.0207117, 0.0837948, 0.193767, 0.488403, 1.81791, 0.0918179, 0.657036, 0.687625, 0.0155402, 0.018885, 0.0760055, 0.192263, 0.276185, 2.34726, 3.62391, 21.0552, 0.27478, 0.0527976, 0.753367, 0.0394364, 0.111782, 0.231842, 0.260155, 0.266708, 0.31454, 0.363206, 0.438396, 0.879289, 0.888256, 

0.0254745, 0.0261707, 0.0292069, 0.0888247, 0.130163, 55.5438, 48.9135, 0.27478, 0.753367, 0.0527976, 0.00904779, 0.0394364, 0.0584975, 0.380379, 0.844211, 1524.79, 1.85404, 0.276185, 0.657036, 0.180773, 0.00530007, 0.0207117, 0.193767, 0.488403, 0.687625, 1.81791, 6619.72, 0.879289, 0.0837948, 0.458561, 0.018885, 0.0319008, 0.192263, 2.34726, 3.62391, 982.457, 18.2376, 0.695865, 0.0918179, 0.0155402, 0.0760055, 0.0959294, 0.111782, 0.231842, 0.260155, 0.266708, 0.31454, 0.363206, 0.888256, 1.39761, 

0.0250102, 0.0254745, 0.0292069, 0.0527976, 0.0888247, 48.9135, 6.30662, 0.192263, 0.753367, 0.488403, 0.00904779, 0.0394364, 0.276185, 0.657036, 1.85404, 263.976, 192.432, 0.0918928, 0.380379, 0.0155402, 0.00530007, 0.0207117, 0.0837948, 0.193767, 1.81791, 4676.13, 64.4269, 0.458561, 0.27478, 0.130163, 0.018885, 0.0319008, 0.0918179, 0.695865, 3.62391, 982.457, 362.44, 0.0584975, 0.180773, 0.687625, 0.0760055, 0.0959294, 0.111782, 0.231842, 0.260155, 0.266708, 0.31454, 0.363206, 0.844211, 0.879289, 

0.0250102, 0.0254745, 0.0292069, 0.488403, 6.30662, 48.9135, 16.2326, 0.130163, 0.0527976, 0.0155402, 0.00904779, 0.0394364, 0.0918928, 0.276185, 0.380379, 0.657036, 1.85404, 0.0584975, 0.687625, 0.192263, 0.00530007, 0.0207117, 0.27478, 0.458561, 1.81791, 111.706, 0.0364098, 0.753367, 0.0888247, 0.193767, 0.018885, 0.0319008, 0.0918179, 0.695865, 362.44, 982.457, 5783.53, 0.0837948, 0.180773, 0.844211, 0.0760055, 0.0959294, 0.111782, 0.231842, 0.260155, 0.266708, 0.31454, 0.363206, 0.879289, 

0.0232618, 0.016667, 0.0155402, 0.0527976, 6.30662, 48.9135, 0.0188924, 0.00153209, 0.0292069, 0.0837948, 0.00904779, 0.0250102, 0.0584975, 0.0918928, 0.192263, 0.380379, 3.44863, 0.276185, 0.488403, 0.193767, 0.00530007, 0.00153712, 0.0025202, 0.27478, 0.458561, 0.753367, 1.81791, 0.130163, 0.879289, 0.0888247, 0.018885, 0.0319008, 0.0918179, 0.180773, 0.695865, 0.844211, 5783.53, 0.657036, 0.117318, 0.687625, 0.0207117, 0.0394364, 0.0760055, 0.0959294, 0.111782, 0.221982, 0.231842, 0.260155, 

0.016667, 0.0232618, 0.00153209, 0.0155402, 0.0188924, 6.30662, 65.5237, 0.0584975, 0.0527976, 0.488403, 0.00484328, 0.0207117, 0.0918928, 0.193767, 0.276185, 3.44863, 694.321, 0.458561, 0.130163, 0.192263, 0.00153712, 0.00219394, 0.0025202, 0.0888247, 0.27478, 0.753367, 0.879289, 0.0104523, 0.0516781, 0.0837948, 0.018885, 0.011807, 0.0100921, 0.0918179, 0.180773, 0.657036, 36.5028, 0.117318, 0.0292069, 0.380379, 0.0250102, 0.0319008, 0.0394364, 0.0513728, 0.0760055, 0.0959294, 0.111782, 0.221982, 0.687625, 

0.00177685, 0.0232618, 0.00153209, 0.0527976, 0.0584975, 6.30662, 5410.44, 0.180773, 0.0155402, 0.00166596, 0.00484328, 0.0207117, 0.130163, 0.458561, 3.44863, 125.619, 245.126, 0.0926719, 0.117318, 0.0888247, 0.00153712, 0.00170941, 0.0104523, 0.0837948, 0.27478, 0.753367, 24.7261, 0.0918928, 0.0100921, 0.192263, 0.011807, 0.018885, 0.0292069, 0.0918179, 0.657036, 36.5028, 7.38958, 0.0025202, 0.0516781, 0.0188924, 0.0130383, 0.0250102, 0.0319008, 0.0394364, 0.0513728, 0.0760055, 0.0959294, 0.111782, 0.193767, 0.276185, 

0.00148085, 0.0130383, 0.00153209, 0.00166596, 0.0155402, 0.0584975, 6.30662, 0.0188924, 0.193767, 0.0926719, 0.00484328, 0.00804682, 0.117318, 0.458561, 20.2013, 239.653, 5.17749, 0.0527976, 0.0100921, 0.276185, 0.00153712, 0.00170941, 0.0104523, 0.0837948, 0.27478, 17.3663, 54946.6, 0.0888247, 0.0918179, 0.192263, 0.011807, 0.018885, 0.0025202, 0.0292069, 0.0516781, 0.657036, 7.38958, 0.130163, 0.180773, 0.0918928, 0.0232618, 0.0250102, 0.0319008, 0.0394364, 0.0513728, 0.0760055, 0.0959294, 0.111782, 0.404415, 

0.00148085, 0.0130383, 0.00153209, 0.00166596, 0.0188924, 0.0584975, 6.30662, 0.00484328, 0.00804682, 0.0100921, 0.0527976, 0.117318, 3.41042, 60.3047, 0.00153712, 0.00162009, 0.0104523, 0.0837948, 0.0888247, 4182.4, 19031.4, 0.011807, 0.018885, 0.0292069, 0.0516781, 0.130163, 0.657036, 7.38958, 0.0232618, 0.0250102, 0.0319008, 0.0394364, 0.0513728, 0.0760055, 0.0959294, 0.111782, 0.0025202, 0.0155402, 

0.00148085, 0.0014936, 0.00153209, 0.00166596, 0.0188924, 6.30662, 265.868, 0.00484328, 0.00804682, 0.0100921, 0.0527976, 3.41042, 45.5978, 42276.9, 0.00153712, 0.00162009, 0.0104523, 0.0837948, 0.0888247, 2525.68, 752.466, 0.00722834, 0.018885, 0.0516781, 0.130163, 0.657036, 7.38958, 0.171958, 0.011807, 0.0232618, 0.0250102, 0.0319008, 0.0394364, 0.0513728, 0.0760055, 0.0959294, 0.0025202, 0.0155402, 

0.00148085, 0.00147366, 0.00166596, 0.0188924, 6.30662, 265.868, 2021.61, 0.00484328, 0.00804682, 0.0100921, 0.0527976, 45.5978, 3134.01, 207.798, 0.0014936, 0.00162009, 0.0104523, 0.0837948, 0.0888247, 752.466, 2525.68, 0.00722834, 0.018885, 0.130163, 0.171958, 0.657036, 7.38958, 4.84638, 0.00153712, 0.011807, 0.0232618, 0.0250102, 0.0319008, 0.0394364, 0.0513728, 0.0516793, 0.00146601, 0.0025202, 

0.00147366, 0.00148085, 0.00166596, 0.0188924, 6.30662, 8.91781, 11.241, 0.00153712, 0.00804682, 0.0100921, 0.0527976, 45.5978, 207.798, 20233.1, 0.0014936, 0.00162009, 0.0104523, 0.0888247, 752.466, 2525.68, 231.665, 0.00722834, 0.018885, 0.130163, 0.171958, 0.657036, 7.38958, 117.922, 0.00484328, 0.011807, 0.0232618, 0.0250102, 0.0319008, 0.0394364, 0.0513728, 0.0516793, 0.00146601, 0.0025202, 

0.00147366, 0.00148085, 0.00166596, 0.0188924, 6.30662, 8.91781, 11.241, 0.00153712, 0.00804682, 0.0100921, 0.0527976, 207.798, 20233.1, 1610.47, 0.0014936, 0.00162009, 0.0104523, 0.0888247, 231.665, 752.466, 1697.16, 0.00484328, 0.018885, 0.130163, 0.171958, 7.38958, 117.922, 1718.03, 0.00722834, 0.011807, 0.0232618, 0.0250102, 0.0319008, 0.0394364, 0.0513728, 0.0516793, 0.00146601, 0.0025202, 

0.00146397, 0.00147366, 0.00166596, 0.0188924, 1.74764, 6.30662, 9.07732, 0.00153712, 0.00256487, 0.0100921, 207.798, 1610.47, 20233.1, 0.00223597, 0.0014936, 0.00162009, 0.0104523, 0.0888247, 6.41879, 231.665, 1697.16, 0.00484328, 0.018885, 0.130163, 0.171958, 87.7492, 1607.84, 22788.6, 0.00722834, 0.011807, 0.0232618, 0.0250102, 0.0319008, 0.0394364, 0.0513728, 0.0516793, 0.00146601, 0.0025202, 

0.00146397, 0.00147366, 0.00166596, 0.0188924, 6.30662, 9.07732, 0.222406, 0.00153712, 0.00256487, 0.0100921, 84.3652, 172.164, 1610.47, 59.4302, 0.00143919, 0.0014936, 0.0888247, 6.41879, 231.665, 1485.08, 3293.85, 0.00132089, 0.00484328, 0.130163, 13.0196, 1607.84, 22788.6, 6.14701, 0.00722834, 0.011807, 0.0232618, 0.0250102, 0.0319008, 0.0394364, 0.0513728, 0.0516793, 0.00146601, 0.00223597, 

0.00146231, 0.00146397, 0.00166596, 0.0188924, 0.222406, 6.30662, 9.07732, 0.00153712, 0.00256487, 0.0100921, 3.84328, 59.4302, 1610.47, 4425.71, 0.00143919, 0.0014936, 0.0888247, 231.665, 417.857, 1485.08, 72.3624, 0.00132089, 0.00484328, 2.46202, 6.14701, 1607.84, 22788.6, 1948.27, 0.00722834, 0.011807, 0.0232618, 0.0250102, 0.0319008, 0.0394364, 0.0513728, 0.0516793, 0.00146601, 0.00223597, 

0.00146231, 0.00146397, 0.00166596, 0.0188924, 6.30662, 9.07732, 25.3788, 0.00153712, 0.00256487, 0.0100921, 0.206994, 59.4302, 1610.47, 6153.28, 0.00143919, 0.0014936, 0.0888247, 76.7525, 231.665, 1485.08, 29.5481, 0.00132089, 0.00484328, 2.46202, 6.14701, 1607.84, 1948.27, 3.7377, 0.00722834, 0.011807, 0.0232618, 0.0250102, 0.0319008, 0.0394364, 0.0513728, 0.0516793, 0.00146601, 0.00223597, 

0.00146231, 0.00146393, 0.0188924, 6.30662, 9.07732, 25.3788, 961.409, 0.00153712, 0.00256487, 0.0100921, 0.206994, 219.492, 1610.47, 644.065, 0.00143919, 0.0014936, 0.0888247, 6.84904, 29.5481, 444.181, 623.805, 0.00132089, 0.00484328, 2.46202, 6.14701, 78.3208, 1607.84, 814.765, 0.00722834, 0.011807, 0.0232618, 0.0250102, 0.0319008, 0.0394364, 0.0513728, 0.0516793, 0.00146601, 0.00223597, 

0.00146231, 0.00146393, 0.0188924, 9.07732, 25.3788, 961.409, 0.27297, 0.00153712, 0.00256487, 0.0100921, 0.206994, 32.6141, 219.492, 480.009, 0.00143919, 0.0014936, 0.0888247, 1.70658, 6.84904, 29.5481, 0.434209, 0.00132089, 0.00484328, 2.46202, 6.06603, 814.765, 1607.84, 145.106, 0.00722834, 0.011807, 0.0232618, 0.0250102, 0.0319008, 0.0394364, 0.0513728, 0.0516793, 0.00146601, 0.00223597, 

0.00146231, 0.00146393, 0.0188924, 0.27297, 2.8701, 961.409, 35.0919, 0.00153712, 0.00256487, 0.0100921, 32.6141, 219.492, 480.009, 286.008, 0.00143919, 0.0014936, 0.0888247, 0.434209, 6.84904, 29.5481, 41.8723, 0.00132089, 0.00484328, 2.46202, 145.106, 814.765, 1607.84, 135.07, 0.00722834, 0.011807, 0.0232618, 0.0250102, 0.0319008, 0.0394364, 0.0513728, 0.0516793, 0.00146601, 0.00223597, 

0.00146187, 0.00146231, 0.0188924, 0.27297, 35.0919, 135.047, 16.483, 0.00153712, 0.00256487, 0.0100921, 32.6141, 86.843, 219.492, 286.008, 0.00143919, 0.00149138, 0.434209, 0.701078, 29.5481, 41.8723, 0.0656823, 0.00132089, 0.00484328, 2.46202, 135.07, 145.106, 814.765, 1607.84, 0.00722834, 0.011807, 0.0232618, 0.0250102, 0.0319008, 0.0394364, 0.0513728, 0.0516793, 0.00146601, 0.00223597, 

0.00146187, 0.00146231, 0.0188924, 5.4723, 16.483, 135.047, 9.8469, 0.00153712, 0.00256487, 6.87932, 32.6141, 219.492, 286.008, 2.00748, 0.00143919, 0.00149138, 0.0656823, 0.207239, 0.434209, 0.701078, 33.0898, 0.00132089, 0.00484328, 1.41765, 31.7512, 145.106, 814.765, 0.80262, 0.00722834, 0.011807, 0.0232618, 0.0250102, 0.0319008, 0.0394364, 0.0513728, 0.0516793, 0.00146601, 0.00223597, 

0.00146187, 0.00146231, 0.555349, 9.8469, 16.483, 135.047, 0.494313, 0.00153712, 0.00256487, 1.10093, 2.00748, 219.492, 286.008, 6.67728, 0.00143919, 0.00149138, 0.0656823, 0.207239, 0.434209, 0.701078, 33.0898, 0.00132089, 0.00283969, 0.80262, 31.7512, 91.0195, 145.106, 1590.5, 0.00722834, 0.011807, 0.0232618, 0.0250102, 0.0319008, 0.0394364, 0.0513728, 0.0516793, 0.00146601, 0.00223597, 

0.00146187, 0.00146231, 0.555349, 9.8469, 16.483, 118.835, 0.570982, 0.00153712, 0.00256487, 2.00748, 6.67728, 219.492, 286.008, 194.536, 0.00143919, 0.00149138, 0.0656823, 0.207239, 0.434209, 33.0898, 1.24335, 0.000785017, 0.00132089, 0.80262, 31.7512, 91.0195, 120.164, 145.106, 0.00722834, 0.011807, 0.0232618, 0.0250102, 0.0319008, 0.0394364, 0.0513728, 0.0516793, 0.00146601, 0.00223597, 

0.00146187, 0.00146231, 0.555349, 0.570982, 9.8469, 118.835, 255.975, 0.00153712, 0.00256487, 1.30245, 4.29453, 6.67728, 13.6929, 194.536, 0.00143919, 0.00149138, 0.0656823, 0.207239, 0.784567, 33.0898, 2131.93, 0.000785017, 0.00117999, 0.80262, 31.7512, 91.0195, 120.164, 6.14828, 0.00722834, 0.011807, 0.0232618, 0.0250102, 0.0319008, 0.0394364, 0.0513728, 0.0516793, 0.00146601, 0.00223597, 

0.00146187, 0.00146231, 0.555349, 0.570982, 9.8469, 103.205, 118.835, 0.00153712, 0.00256487, 0.101794, 0.423699, 4.29453, 13.6929, 0.312518, 0.00143919, 0.00149138, 0.0656823, 0.207239, 0.396874, 33.0898, 2131.93, 0.000669791, 0.000785017, 0.80262, 6.14828, 31.7512, 120.164, 208.947, 0.00722834, 0.011807, 0.0232618, 0.0250102, 0.0319008, 0.0394364, 0.0513728, 0.0516793, 0.00146601, 0.00223597, 

0.00146187, 0.00146231, 0.570982, 7.39628, 103.205, 118.835, 0.519018, 0.00153712, 0.00256487, 0.101794, 0.312518, 0.423699, 13.6929, 331.19, 0.00143919, 0.00149138, 0.207239, 0.396874, 33.0898, 2131.93, 4637.94, 0.000669791, 0.000759368, 0.80262, 6.14828, 31.7512, 120.164, 208.947, 0.00722834, 0.011807, 0.0232618, 0.0250102, 0.0319008, 0.0394364, 0.0513728, 0.0516793, 0.00146601, 0.00223597, 

0.00146163, 0.00146187, 0.0485975, 0.570982, 7.39628, 118.835, 0.0125991, 0.00153712, 0.00256487, 0.101794, 0.312518, 3.72282, 13.6929, 1522.66, 0.00143919, 0.00149138, 0.207239, 0.396874, 33.0898, 1201.03, 1086, 0.000669791, 0.000759368, 0.80262, 6.14828, 31.7512, 120.164, 6273.07, 0.00722834, 0.011807, 0.0232618, 0.0250102, 0.0319008, 0.0394364, 0.0513728, 0.0516793, 0.00146601, 0.00223597, 

0.00146163, 0.00146168, 0.0125991, 0.0485975, 0.570982, 7.39628, 2601.02, 0.00153712, 0.00256487, 0.101794, 3.72282, 13.6929, 1522.66, 19.5364, 0.00143919, 0.0014873, 0.207239, 0.396874, 12.8317, 133.231, 434.845, 0.000669791, 0.000759368, 6.14828, 31.7512, 120.164, 6273.07, 0.216198, 0.00722834, 0.011807, 0.0232618, 0.0250102, 0.0319008, 0.0394364, 0.0513728, 0.0516793, 0.00146601, 0.00223597, 

0.00146163, 0.00146168, 0.0125991, 0.0485975, 0.570982, 2601.02, 6.32935, 0.00153712, 0.00256487, 3.72282, 13.6929, 19.5364, 1522.66, 157.942, 0.00143919, 0.0014873, 0.396874, 8.8052, 133.231, 434.845, 69.8719, 0.000669791, 0.000740595, 0.216198, 6.14828, 85.9471, 120.164, 0.6215, 0.00722834, 0.011807, 0.0232618, 0.0250102, 0.0319008, 0.0394364, 0.0513728, 0.0516793, 0.00146601, 0.00223597, 

0.00146163, 0.00146168, 0.0485975, 0.568649, 0.570982, 2601.02, 0.727146, 0.00153712, 0.00256487, 3.72282, 8.64286, 19.5364, 33.8923, 9881.36, 0.00143919, 0.0014873, 0.336255, 0.396874, 69.8719, 133.231, 0.0952739, 0.000669791, 0.000740595, 0.0473389, 0.6215, 6.14828, 85.9471, 5.37956, 0.00722834, 0.011807, 0.0232618, 0.0250102, 0.0319008, 0.0394364, 0.0513728, 0.0516793, 0.00146601, 0.00223597, 

Best:
(1.02183, 1.04553, )

Fitness Evaluations:
2873

End Population
(9.621052e-01), (9.251403e-01), (9.621056e-01), (9.251403e-01), (1.118226e+00), (1.269036e+00), (1.644738e+00), (2.744274e+00), (9.859202e-01), (1.047589e+00), (1.833045e+00), (-1.739287e+00), (1.096519e+00), (1.117630e+00), (9.612026e-01), (9.233459e-01), (9.749319e-01), (9.460917e-01), (4.470260e-01), (3.846846e-01), (-5.077433e-01), (5.423180e-03), (-1.613244e+00), (2.959029e+00), (-5.849220e-01), (9.023155e-01), (2.847341e+00), (-1.831438e+00), (9.626021e-01), (9.259658e-01), (9.624788e-01), (9.254740e-01), (9.293731e-01), (8.061785e-01), (9.109829e-01), (7.675240e-01), (5.340563e-01), (1.119811e+00), (2.843769e-01), (1.232909e+00), (9.450875e-01), (8.628164e-01), (1.021830e+00), (1.045527e+00), (1.021782e+00), (1.045669e+00), (9.909320e-01), (1.003685e+00), (1.039754e+00), (1.002353e+00), (-1.382322e+00), (1.979575e+00), (1.329389e+00), (8.407835e-01), (8.286208e-01), (9.179171e-01), (9.152810e-01), (8.370249e-01), (1.030298e+00), (1.071948e+00), (8.487575e-01), (7.184207e-01), (8.448434e-01), (7.168208e-01), (8.422740e-01), (7.010449e-01), (8.554742e-01), (7.454555e-01), (8.147393e-01), (6.768582e-01), (8.342512e-01), (7.115336e-01), (9.626563e-01), (9.258618e-01), (9.832661e-01), (9.623897e-01), 