Iterations: 50
Function Evaluations Limit: 150000
Population: 50

Prides Length: 4

Percent Nomads: 0.2
Percent Roaming: 0.2
Percent Sex: 0.8

Mating Rate: 0.3
Mutation Probability: 0.2
Immigration Rate: 0.4

Percent Group Influence: 0.4
Annealing On: true
Ranked Selection Pressure: 2
Near To Best Random Pressure: 2

Dimensions: 2
N-Dimension Space: -5:5

Fitness Iterations:
0.583726 (Initial Best)

0.583726, 15618.9, 1767.75, 322.324, 34048.1, 136.654, 9975.83, 4466.17, 4924.7, 1798.79, 23297.5, 1858.36, 28653.4, 0.987594, 993.929, 1189.23, 523.558, 685.364, 37997.9, 1903.52, 42.6442, 3193.25, 8244.82, 4085.47, 537.434, 1658.11, 15314.6, 6046.81, 62668.4, 2064.39, 8711.44, 6.87185, 43482.5, 1774.01, 255.921, 881.997, 64.2234, 55560.3, 3574.65, 6778.39, 83867.1, 69709.6, 1782.3, 49940.6, 52268.3, 180.382, 4551.95, 2.50405, 42994.5, 19590.3, 

0.583726, 2.50405, 136.654, 1214.33, 1798.79, 9975.83, 479.084, 322.324, 612.887, 523.558, 172.573, 176.627, 0.987594, 685.364, 37997.9, 627.505, 3103.48, 20.676, 225.522, 1189.23, 42.6442, 20.0469, 178.108, 537.434, 8244.82, 40036, 19.8989, 444.443, 297.319, 502.768, 6.87185, 127.58, 2.55668, 4622.4, 4656.92, 6778.39, 402.254, 126.563, 651.106, 13.0193, 392.188, 703.901, 557.856, 180.382, 236.253, 254.109, 784.072, 933.51, 1903.52, 2915.39, 

0.551506, 2.50405, 12.539, 322.324, 479.084, 612.887, 1181.69, 126.563, 1.07192, 225.522, 100.771, 47.5073, 0.987594, 20.676, 627.505, 1383.42, 20.7215, 136.654, 119.811, 98.5415, 1.39374, 11.283, 178.108, 444.443, 502.768, 40036, 1816.39, 43.8514, 104.22, 19.8989, 0.025028, 42.6442, 13.0193, 376.911, 425.208, 2089.79, 218.673, 2.55668, 18.1956, 24.4684, 0.583726, 20.0469, 74.095, 109.075, 127.418, 172.573, 180.382, 217.232, 278.09, 282.854, 

0.551506, 0.583726, 1.07192, 4.44851, 217.567, 540.507, 5.99145, 282.854, 24.4684, 18.9932, 5.32872, 0.825348, 0.987594, 4.04181, 119.811, 136.654, 2378.99, 20.676, 13.0193, 7.58256, 0.826391, 11.283, 0.23119, 43.8514, 502.768, 9696.49, 52.8357, 1.35824, 20.7215, 278.09, 0.025028, 0.591368, 1.82912, 218.673, 376.911, 2062.55, 0.746877, 178.108, 12.539, 19.8989, 2.50405, 5.99394, 18.2932, 20.0469, 30.1553, 35.023, 42.6442, 74.095, 322.324, 425.208, 

0.551506, 0.583726, 1.07192, 2.05931, 18.9932, 282.854, 0.609016, 0.987594, 13.3036, 1.10492, 0.546723, 0.816679, 13.0193, 20.676, 119.811, 136.654, 14.2862, 1.82912, 2.55566, 24.4684, 0.295648, 0.369645, 0.23119, 20.7215, 459.062, 502.768, 4253.6, 0.268272, 0.364156, 1.35824, 0.025028, 0.0694284, 0.746877, 218.673, 2062.55, 957.487, 830.342, 0.766106, 19.8989, 12.539, 2.6786, 2.50405, 5.32872, 5.99394, 11.1923, 18.2932, 20.0469, 30.1553, 43.8514, 52.8357, 

0.289947, 0.191397, 0.0842108, 0.987594, 2.05931, 282.854, 924.453, 2.55566, 0.0962595, 13.3036, 0.546723, 0.566331, 1.82912, 9.90938, 11.1167, 1205.36, 2.42059, 5.57099, 0.609016, 1.91034, 0.141701, 0.369645, 0.268272, 0.364156, 20.7215, 310.372, 94.4739, 1.35824, 1.10492, 4.05683, 0.025028, 0.0694284, 0.766106, 12.539, 830.342, 957.487, 2062.55, 14.2862, 0.23119, 0.746877, 0.551506, 0.816679, 1.23396, 2.20586, 2.6786, 2.96426, 4.35383, 5.32872, 18.9932, 19.1153, 

0.191397, 0.289947, 0.0962595, 0.987594, 3.29586, 282.854, 147.948, 1.35824, 2.42059, 0.268272, 0.546723, 0.566331, 0.0739455, 1.91034, 5.57099, 9.90938, 1205.36, 0.23119, 0.609016, 2.42315, 0.141701, 0.369645, 1.10492, 3.74006, 20.7215, 6.3464, 1152.47, 2.05931, 0.0842108, 0.364156, 0.025028, 0.0409524, 0.746877, 0.766106, 14.2862, 2062.55, 2613.35, 11.1167, 2.55566, 2.04758, 0.551506, 0.816679, 1.23396, 2.20586, 2.6786, 2.7552, 4.35383, 5.23055, 12.539, 18.9932, 

0.191397, 0.289947, 0.268272, 1.35824, 2.42059, 2.5814, 256.677, 0.746877, 0.987594, 5.57099, 0.260427, 0.272586, 0.0739455, 0.609016, 9.90938, 1205.36, 1.27947, 3.74006, 0.23119, 1.10492, 0.141701, 0.369645, 0.0842108, 2.05931, 6.3464, 20.7215, 119.845, 0.0962595, 1.91034, 2.42315, 0.025028, 0.0409524, 0.235, 0.766106, 11.1167, 2613.35, 267.546, 0.364156, 12.539, 2.55566, 0.551506, 0.816679, 1.23396, 2.20586, 2.6786, 2.7552, 4.35383, 5.23055, 14.2862, 18.9932, 

0.191397, 0.289947, 0.746877, 2.5814, 256.677, 366.759, 281.794, 0.23119, 2.15102, 5.57099, 0.0182819, 0.272586, 0.0739455, 1.10492, 1.27947, 1205.36, 18513.2, 3.74006, 0.0962595, 0.609016, 0.031604, 0.369645, 0.0842108, 2.05931, 2.42315, 119.845, 10.6033, 1.35824, 0.268272, 2.09285, 0.0243333, 0.0409524, 0.235, 0.364156, 0.766106, 2.55566, 45.2652, 6.3464, 0.987594, 1.91034, 0.551506, 0.816679, 1.23396, 2.20586, 2.6786, 2.7552, 4.35383, 5.23055, 6.71325, 9.90938, 

0.191397, 0.289947, 0.746877, 5.57099, 366.759, 6.92809, 11.349, 2.15102, 2.42315, 1.34565, 0.0182819, 0.272586, 0.0739455, 1.27947, 3.74006, 174.969, 1205.36, 2.55566, 0.364156, 0.036141, 0.031604, 0.343926, 0.0842108, 0.268272, 2.05931, 2.09285, 5.45021, 1.35824, 2.5814, 1.10492, 0.0243333, 0.0409524, 0.0271946, 0.235, 0.766106, 1.91034, 235.209, 0.0144764, 0.609016, 0.23119, 0.369645, 0.551506, 0.816679, 1.23396, 1.9929, 2.20586, 2.6786, 2.7552, 4.38288, 6.3464, 

0.0493877, 0.268038, 0.746877, 2.42315, 5.57099, 6.92809, 30.2789, 0.766106, 0.235, 2.15102, 0.0182819, 0.272586, 0.036141, 0.364156, 3.74006, 6.39345, 36.7147, 0.23119, 1.34565, 2.55566, 0.031604, 0.343926, 0.0842108, 1.10492, 2.09285, 5.45021, 259.637, 2.05931, 0.268272, 1.35824, 0.0243333, 0.0306609, 0.0144764, 0.0271946, 1.91034, 36.5856, 15.1997, 0.609016, 1.27947, 0.0739455, 0.369645, 0.551506, 0.816679, 1.23396, 1.9929, 2.20586, 2.6786, 2.7552, 2.5814, 4.38288, 

0.0306609, 0.268038, 0.235, 0.766106, 2.15102, 6.92809, 84.0323, 0.364156, 0.0739455, 1.34565, 0.0182819, 0.189297, 0.036141, 0.23119, 2.55566, 36.7147, 1666.73, 0.223291, 0.0271946, 2.09285, 0.031604, 0.272586, 0.268272, 1.35824, 5.45021, 239.839, 395.483, 2.05931, 1.91034, 0.0842108, 0.0243333, 0.0088693, 0.0144764, 0.609016, 36.5856, 0.00880473, 514.616, 1.10492, 1.27947, 0.746877, 0.0493877, 0.343926, 0.369645, 0.551506, 0.816679, 1.23396, 1.9929, 2.20586, 2.42315, 2.5814, 

0.0243333, 0.268038, 0.235, 2.15102, 6.92809, 4.91689, 56.1852, 0.036141, 1.35824, 0.766106, 0.0182819, 0.0493877, 0.223291, 0.23119, 36.7147, 1666.73, 407.019, 0.746877, 1.27947, 2.05931, 0.031604, 0.272586, 0.0842108, 0.268272, 1.91034, 5.45021, 13.4401, 2.09285, 0.0271946, 0.364156, 0.0088693, 0.00882251, 0.00880473, 0.0144764, 0.609016, 0.00883661, 86.0434, 1.10492, 0.0739455, 1.34565, 0.0306609, 0.189297, 0.343926, 0.369645, 0.551506, 0.816679, 1.23396, 1.9929, 2.42315, 2.55566, 

0.0243333, 0.268038, 0.036141, 0.766106, 1.35824, 6.92809, 56.1852, 0.609016, 2.09285, 1.27947, 0.0182819, 0.0493877, 0.223291, 0.23119, 0.746877, 2.05931, 6525, 0.235, 1.34565, 2.15102, 0.0306609, 0.272586, 0.0271946, 0.0842108, 0.364156, 1.91034, 5.45021, 2.42315, 1.10492, 4.91689, 0.00882251, 0.0088693, 0.00880473, 0.0144764, 0.0739455, 2.86459, 1284.59, 2.55566, 0.268272, 0.00883661, 0.031604, 0.189297, 0.343926, 0.369645, 0.551506, 0.816679, 1.23396, 1.9929, 13.4401, 31.8353, 

0.0101882, 0.031604, 0.766106, 1.27947, 6.92809, 318, 57717.8, 1.91034, 2.05931, 0.23119, 0.0182819, 0.0493877, 0.223291, 0.235, 0.746877, 3886.51, 792.961, 0.00883661, 0.609016, 1.34565, 0.0262992, 0.263484, 0.0842108, 0.364156, 1.10492, 5.45021, 7903.03, 0.036141, 0.00960661, 0.0271946, 0.00882251, 0.0088693, 0.0144764, 0.0739455, 0.227474, 2.55566, 180.923, 0.268272, 1.35824, 0.00880473, 0.0243333, 0.268038, 0.189297, 0.343926, 0.369645, 0.551506, 0.816679, 1.23396, 2.09285, 2.15102, 

0.0101882, 0.00415238, 0.657191, 0.766106, 1.91034, 2.05931, 194.646, 0.00960661, 0.0144764, 0.23119, 0.0182819, 0.0243333, 0.235, 0.609016, 1.34565, 1579.2, 39.0835, 0.725156, 0.036141, 0.0842108, 0.0262992, 0.0949357, 0.0271946, 0.364156, 1.10492, 345.374, 33.8508, 0.227474, 0.00880473, 0.945718, 0.00882251, 0.0088693, 0.0739455, 0.268272, 1.35824, 180.923, 6.66823, 0.223291, 0.00883661, 0.746877, 0.0493877, 0.031604, 0.189297, 0.268038, 0.343926, 0.369645, 0.551506, 0.76163, 2.09285, 2.15102, 

0.00415238, 0.0101882, 0.00960661, 0.657191, 0.766106, 1.91034, 1948.88, 0.223291, 0.0144764, 1.34565, 0.00170458, 0.0243333, 0.0529627, 0.235, 0.609016, 1579.2, 1124.38, 0.00883661, 0.0739455, 2.05931, 0.0262992, 0.031604, 0.0271946, 0.227474, 0.945718, 1.10492, 345.374, 0.00880473, 2.09285, 0.23119, 0.00699201, 0.00882251, 0.268272, 0.746877, 1.35824, 180.923, 5.70986, 0.364156, 0.725156, 0.036141, 0.0949357, 0.0493877, 0.189297, 0.268038, 0.343926, 0.369645, 0.551506, 0.76163, 2.15102, 6.66823, 

0.00415238, 0.0101882, 0.223291, 0.657191, 0.766106, 1.34565, 1933.5, 0.268272, 0.725156, 1.10492, 0.00170458, 0.0243333, 0.0529627, 0.0739455, 1579.2, 139.382, 130.579, 0.364156, 0.00883661, 0.227474, 0.0262992, 0.031604, 0.00880473, 0.0271946, 0.23119, 0.945718, 176.424, 0.00960661, 0.235, 0.746877, 0.00699201, 0.00702375, 0.036141, 5.70986, 114.885, 35.8779, 340.623, 1.35824, 0.609016, 0.0144764, 0.0493877, 0.0949357, 0.189297, 0.268038, 0.343926, 0.369645, 0.551506, 0.76163, 1.91034, 2.05931, 

0.00415238, 0.0101882, 0.657191, 0.725156, 0.766106, 1.10492, 1.34565, 0.268272, 0.036141, 0.0271946, 0.00170458, 0.016212, 0.00883661, 130.579, 139.382, 3366.9, 361.147, 0.0739455, 0.945718, 0.235, 0.0262992, 0.031604, 0.00960661, 0.216874, 0.746877, 176.424, 122.864, 0.0529627, 0.364156, 0.00880473, 0.00699201, 0.0070165, 0.0144764, 0.0674682, 0.609016, 428.142, 180.953, 0.227474, 0.205426, 0.223291, 0.0493877, 0.0949357, 0.189297, 0.268038, 0.343926, 0.369645, 0.551506, 0.76163, 1.35824, 1.91034, 

0.00415238, 0.00685512, 0.036141, 0.268272, 0.725156, 1.34565, 415.547, 0.205426, 0.00420512, 1.10492, 0.00170458, 0.00652167, 0.00883661, 0.0739455, 0.235, 139.382, 0.00587609, 0.945718, 0.00352225, 0.746877, 0.0070165, 0.016212, 0.00880473, 0.00960661, 0.0529627, 0.216874, 49.7963, 0.00402635, 0.657191, 0.364156, 0.00699201, 0.00491885, 0.223291, 0.227474, 0.609016, 428.142, 3273.14, 0.766106, 0.0144764, 0.0271946, 0.0262992, 0.0101882, 0.031604, 0.0493877, 0.0949357, 0.189297, 0.268038, 0.343926, 1.35824, 1.91034, 

0.00415238, 0.00685512, 0.00420512, 0.036141, 0.205426, 0.725156, 1.34565, 0.134924, 0.00352225, 0.657191, 0.00170458, 0.00404568, 0.00587609, 0.00883661, 0.0739455, 0.945718, 2.63504, 0.235, 1.35824, 1.10492, 0.0070165, 0.0101882, 0.00402635, 0.00960661, 0.216874, 0.364156, 6821.1, 0.746877, 0.00880473, 0.587261, 0.00491885, 0.00699201, 0.0144764, 0.0271946, 0.227474, 0.609016, 0.766106, 0.223291, 0.0529627, 0.268272, 0.016212, 0.0262992, 0.031604, 0.0493877, 0.0842795, 0.0949357, 0.189297, 0.268038, 1.91034, 

0.00415238, 0.00685512, 0.00352225, 0.00420512, 0.036141, 0.205426, 406.527, 0.235, 0.134924, 0.657191, 0.00170458, 0.00404568, 0.00587609, 0.0739455, 0.945718, 2.63504, 2640.34, 0.0271946, 0.00960661, 0.223291, 0.0070165, 0.00822806, 0.00402635, 0.216874, 0.364156, 1524.88, 71.1535, 0.00883661, 0.00880473, 0.587261, 0.00491885, 0.00699201, 0.0529627, 0.227474, 0.609016, 0.766106, 17.4021, 0.00506393, 0.0144764, 0.268272, 0.0101882, 0.016212, 0.0262992, 0.031604, 0.0493877, 0.0842795, 0.0949357, 0.189297, 0.725156, 0.746877, 

0.00415238, 0.00685512, 0.00352225, 0.134924, 0.235, 0.657191, 0.0409212, 0.0144764, 0.205426, 0.609016, 2.33551e-05, 0.00170458, 0.00587609, 0.223291, 572.579, 0.457487, 2151.43, 0.0739455, 0.0271946, 0.725156, 0.0070165, 0.00822806, 0.00402635, 0.00880473, 0.00883661, 0.587261, 4736.65, 0.00420512, 0.364156, 0.268272, 0.00479433, 0.00699201, 0.00506393, 0.0529627, 0.227474, 0.766106, 194.824, 0.216874, 0.00960661, 0.036141, 0.0101882, 0.016212, 0.0262992, 0.031604, 0.0493877, 0.0842795, 0.0846664, 0.0949357, 0.746877, 0.945718, 

0.00311327, 0.00415238, 0.0409212, 0.235, 0.609016, 0.657191, 295.44, 0.0739455, 0.417012, 0.268272, 2.33551e-05, 0.00170458, 0.00587609, 0.0271946, 0.457487, 2151.43, 224.713, 0.205426, 0.223291, 0.00883661, 0.00637205, 0.0070165, 0.00402635, 0.00420512, 0.00880473, 0.364156, 63.7627, 0.587261, 0.00352225, 0.725156, 0.00479433, 0.00600726, 0.00960661, 0.036141, 0.0529627, 0.216874, 0.227474, 0.00506393, 0.134924, 0.0144764, 0.00617242, 0.0101882, 0.016212, 0.0262992, 0.031604, 0.0493877, 0.0528611, 0.0846664, 0.746877, 0.766106, 

0.00311327, 0.00415238, 0.235, 0.609016, 0.657191, 295.44, 1561.69, 0.0409212, 0.00880473, 0.00352225, 2.33551e-05, 0.00170458, 0.00587609, 0.00883661, 0.457487, 224.713, 955.1, 0.223291, 0.134924, 0.205426, 0.00314931, 0.00617242, 0.364156, 0.587261, 0.725156, 63.7627, 152.519, 0.036141, 0.0271946, 0.00420512, 0.00325449, 0.00600726, 0.00960661, 0.0144764, 0.0529627, 0.216874, 91.7425, 0.0739455, 0.00506393, 0.00402635, 0.0070165, 0.0101882, 0.0117564, 0.016212, 0.0262992, 0.031604, 0.0493877, 0.0528611, 0.227474, 0.268272, 

0.00311327, 0.00415238, 0.00352225, 0.0409212, 0.609016, 295.44, 205.436, 0.00420512, 0.235, 0.00506393, 2.33551e-05, 0.00170458, 0.00587609, 0.134924, 0.205426, 2.91737, 19.6698, 0.0529627, 0.223291, 0.00883661, 0.00314931, 0.00617242, 0.0271946, 0.364156, 0.725156, 1.79643, 1895.41, 0.00880473, 0.268272, 0.216874, 0.00325449, 0.00334986, 0.00960661, 0.0144764, 0.0739455, 198.533, 146.042, 0.227474, 0.00402635, 0.036141, 0.0070165, 0.0101882, 0.0117564, 0.016212, 0.0262992, 0.031604, 0.0493877, 0.0528611, 0.438143, 0.457487, 

0.00311327, 0.00415238, 0.00506393, 0.0409212, 0.609016, 16.2924, 0.13322, 0.00352225, 0.00880473, 0.00587609, 2.33551e-05, 0.00170458, 0.205426, 0.223291, 2.91737, 961.927, 1524.5, 0.227474, 0.134924, 0.00420512, 0.00314931, 0.00617242, 0.268272, 0.364156, 0.725156, 184.92, 7.35551, 0.00883661, 0.0144764, 0.0271946, 0.00325449, 0.00334986, 0.00402635, 0.00960661, 0.036141, 0.0739455, 24.3494, 0.0529627, 0.235, 0.216874, 0.0070165, 0.0101882, 0.0117564, 0.016212, 0.0262992, 0.031604, 0.0493877, 0.0528611, 0.438143, 0.457487, 

0.00311327, 0.00415238, 0.00352225, 0.00880473, 0.13322, 0.609016, 209.68, 0.0739455, 0.036141, 0.00883661, 2.33551e-05, 0.00170458, 0.134924, 0.205426, 2.91737, 961.927, 388.134, 0.00960661, 0.0409212, 0.00506393, 0.00314931, 0.00508938, 0.0144764, 0.364156, 0.725156, 184.92, 517.489, 0.227474, 0.00402635, 0.223291, 0.00325449, 0.00334986, 0.0529627, 0.216874, 0.235, 24.3494, 211.558, 0.0271946, 0.00587609, 0.00420512, 0.0070165, 0.0101882, 0.0117564, 0.016212, 0.0262992, 0.031604, 0.0493877, 0.0528611, 0.438143, 0.457487, 

0.00311327, 0.00415238, 0.00352225, 0.00883661, 177.094, 76.7818, 155.629, 2.33551e-05, 0.00170458, 0.00960661, 0.0409212, 0.134924, 0.205426, 12.2215, 0.00314931, 0.00480377, 0.0144764, 0.227474, 0.364156, 15.4165, 517.489, 0.00325449, 0.00334986, 0.00420512, 0.0271946, 0.0529627, 24.3494, 13.891, 0.0070165, 0.0101882, 0.0117564, 0.016212, 0.0262992, 0.031604, 0.0493877, 0.0528611, 0.00402635, 0.00506393, 

0.00311327, 0.00415238, 0.00883661, 11.135, 155.629, 177.094, 389.257, 2.33551e-05, 0.00170458, 0.00960661, 0.134924, 0.205426, 12.2215, 93.5663, 0.00205489, 0.00480377, 0.227474, 0.364156, 15.4165, 517.489, 136.939, 0.00325449, 0.00334986, 0.00420512, 0.0271946, 0.0529627, 24.3494, 0.00979399, 0.0070165, 0.0076177, 0.0101882, 0.0117564, 0.016212, 0.0262992, 0.031604, 0.0493877, 0.00352225, 0.00402635, 

0.00311327, 0.00415238, 0.00883661, 11.135, 155.629, 389.257, 91.5201, 2.33551e-05, 0.00170458, 0.00960661, 0.205426, 12.2215, 93.5663, 4.47233, 0.00205489, 0.00348574, 0.227474, 0.364156, 15.4165, 136.939, 517.489, 0.00325449, 0.00334986, 0.00979399, 0.0271946, 0.0529627, 0.561003, 1014.48, 0.0070165, 0.0076177, 0.0101882, 0.0117564, 0.016212, 0.0262992, 0.031604, 0.0493877, 0.00352225, 0.00402635, 

0.00311327, 0.00415238, 0.00883661, 11.135, 91.5201, 155.629, 2987.21, 2.33551e-05, 0.00170458, 0.00960661, 0.266502, 12.2215, 93.5663, 258.52, 0.00205489, 0.00334986, 0.227474, 15.4165, 136.939, 517.489, 4126.45, 0.00325449, 0.00333232, 0.0042505, 0.00979399, 0.0271946, 0.561003, 1014.48, 0.00348574, 0.0070165, 0.0076177, 0.0101882, 0.0117564, 0.016212, 0.0262992, 0.031604, 0.00322501, 0.00352225, 

0.00311327, 0.00213919, 0.00883661, 11.135, 91.5201, 2987.21, 0.000803557, 2.33551e-05, 0.00170458, 0.00960661, 0.266502, 12.2215, 140.558, 41.5651, 0.00205489, 0.00262505, 0.126998, 59.8025, 349.447, 517.489, 682.652, 0.0029698, 0.00325449, 0.00979399, 0.0271946, 0.561003, 1014.48, 170.21, 0.00348574, 0.00415238, 0.00579852, 0.0070165, 0.0076177, 0.0101882, 0.016212, 0.0262992, 0.00322501, 0.00352225, 

0.00104889, 0.00242375, 0.00883661, 11.135, 91.5201, 2987.21, 331.586, 2.33551e-05, 0.00170458, 0.266502, 12.2215, 41.5651, 140.558, 0.00135736, 0.00205489, 0.00262505, 0.126998, 51.6134, 349.447, 491.044, 9702.8, 0.0029698, 0.00325449, 0.00979399, 0.0271946, 0.0362731, 0.561003, 1014.48, 0.00348574, 0.00390231, 0.00415238, 0.00579852, 0.0070165, 0.0076177, 0.0101882, 0.016212, 0.000803557, 0.00322501, 

0.00104889, 0.00242375, 0.00883661, 11.135, 331.586, 2987.21, 62.0125, 2.33551e-05, 0.00170458, 0.00135736, 0.266502, 12.2215, 41.5651, 140.558, 0.00205489, 0.00262505, 0.126998, 51.6134, 491.044, 9702.8, 4.92296, 0.0029698, 0.00325449, 0.0271946, 0.0362731, 0.561003, 145.88, 1.43472, 0.00348574, 0.00390231, 0.00415238, 0.00579852, 0.0070165, 0.0076177, 0.0101882, 0.016212, 0.000803557, 0.00322501, 

0.00104889, 0.00242375, 0.00883661, 4.90649, 331.586, 2987.21, 179.307, 2.33551e-05, 0.00170458, 0.266502, 12.2215, 41.5651, 140.558, 4020.62, 0.00205489, 0.00262505, 4.92296, 51.6134, 491.044, 9702.8, 58.0398, 0.0029698, 0.00325449, 0.0271946, 0.0362731, 0.0429426, 0.561003, 63.4303, 0.00348574, 0.00390231, 0.00415238, 0.00579852, 0.0070165, 0.0076177, 0.0101882, 0.016212, 0.000803557, 0.00322501, 

0.00104889, 0.00242375, 0.00883661, 4.90649, 105.052, 107.002, 624.064, 2.33551e-05, 0.00170458, 0.266502, 12.2215, 35.0294, 140.558, 22.6505, 0.00205489, 0.00262505, 4.92296, 51.6134, 58.0398, 9702.8, 1.72798, 0.0029698, 0.00325449, 0.0271946, 0.0362731, 0.0429426, 63.4303, 32.565, 0.00348574, 0.00390231, 0.00415238, 0.00579852, 0.0070165, 0.0076177, 0.0101882, 0.016212, 0.000803557, 0.00322501, 

0.00104889, 0.00196149, 0.00883661, 4.90649, 105.052, 107.002, 624.064, 2.33551e-05, 0.00170458, 0.266502, 2.34071, 22.6505, 140.558, 19.33, 0.00205489, 0.00262505, 0.499183, 4.56965, 58.0398, 1930.62, 0.00327624, 0.0029698, 0.00325449, 0.0362731, 0.0429426, 32.565, 63.4303, 23.8726, 0.00348574, 0.00390231, 0.00415238, 0.00579852, 0.0070165, 0.0076177, 0.0101882, 0.016212, 0.000803557, 0.00322501, 

0.00104889, 0.00196149, 4.90649, 105.052, 107.002, 624.064, 21.5755, 2.33551e-05, 0.00170458, 0.0591932, 2.34071, 19.33, 22.6505, 3653.15, 0.00205489, 0.00262505, 0.00327624, 0.499183, 4.56965, 58.0398, 10.2483, 0.0029698, 0.00325449, 0.0362731, 0.0429426, 32.565, 63.4303, 27.8319, 0.00348574, 0.00390231, 0.00415238, 0.00579852, 0.0070165, 0.0076177, 0.0101882, 0.016212, 0.000803557, 0.00322501, 

0.00104889, 0.00196149, 4.90649, 21.5755, 58.2982, 107.002, 624.064, 2.33551e-05, 0.000238487, 0.0591932, 19.33, 22.6505, 2543.64, 0.0272142, 0.00101594, 5.09672e-05, 0.00327624, 0.499183, 4.56965, 58.0398, 5.10644e-05, 0.0029698, 0.00325449, 0.0362731, 7.00321, 32.565, 63.4303, 641.512, 0.00348574, 0.00390231, 0.00415238, 0.00579852, 0.0070165, 0.0076177, 0.0101882, 0.016212, 0.000803557, 0.00322501, 

0.00104889, 0.00196149, 4.90649, 58.2982, 107.002, 624.064, 43.5493, 2.33551e-05, 0.000238487, 0.0272142, 0.0591932, 19.33, 2543.64, 388.317, 5.09672e-05, 0.00101594, 5.10644e-05, 0.00327624, 0.499183, 58.0398, 354.207, 0.0029698, 0.00325449, 0.0362731, 7.00321, 32.565, 63.4303, 51.7749, 0.00348574, 0.00390231, 0.00415238, 0.00579852, 0.0070165, 0.0076177, 0.0101882, 0.016212, 0.000803557, 0.00322501, 

0.00104889, 0.00196149, 43.5493, 58.2982, 107.002, 624.064, 4.94369, 6.46872e-06, 2.33551e-05, 0.0272142, 0.0591932, 19.33, 657.528, 13.0152, 1.69389e-05, 0.00101594, 5.10644e-05, 0.499183, 58.0398, 354.207, 5879.27, 0.0029698, 0.00325449, 7.00321, 32.565, 51.7749, 63.4303, 146.366, 0.00348574, 0.00390231, 0.00415238, 0.00579852, 0.0070165, 0.0076177, 0.0101882, 0.016212, 0.000803557, 0.00322501, 

0.00104889, 0.00196149, 4.94369, 43.5493, 58.2982, 107.002, 624.064, 6.46872e-06, 2.33551e-05, 0.0272142, 0.0591932, 13.0152, 657.528, 78.6072, 1.69389e-05, 0.00101594, 5.10644e-05, 0.499183, 51.8904, 1439.02, 3.21214, 0.0029698, 0.00325449, 32.565, 51.7749, 63.4303, 146.366, 71.2784, 0.00348574, 0.00390231, 0.00415238, 0.00579852, 0.0070165, 0.0076177, 0.0101882, 0.016212, 0.000803557, 0.00322501, 

0.00104889, 0.00196149, 4.94369, 43.5493, 58.2982, 624.064, 1348.77, 6.46872e-06, 1.22898e-05, 0.0272142, 0.0591932, 13.0152, 657.528, 325.057, 1.69389e-05, 0.00101594, 5.10644e-05, 0.499183, 3.19981, 1439.02, 56.0426, 0.0029698, 0.00325449, 32.565, 51.7749, 56.0146, 71.2784, 146.366, 0.00348574, 0.00390231, 0.00415238, 0.00579852, 0.0070165, 0.0076177, 0.0101882, 0.016212, 0.000803557, 0.00322501, 

0.00104889, 0.00196149, 4.94369, 58.2982, 624.064, 1348.77, 3352.59, 6.46872e-06, 7.84271e-06, 0.0272142, 0.0591932, 13.0152, 39.6669, 657.528, 1.69389e-05, 0.00013146, 0.499183, 3.19981, 56.0426, 1439.02, 2428.97, 0.0029698, 0.00304123, 23.1858, 56.0146, 56.1935, 146.366, 51.7772, 0.00348574, 0.00390231, 0.00415238, 0.00579852, 0.0070165, 0.0076177, 0.0101882, 0.016212, 0.000803557, 0.00322501, 

0.00104889, 0.00196149, 4.94369, 624.064, 1348.77, 1953.45, 229.556, 6.46872e-06, 7.84271e-06, 0.0272142, 0.0591932, 13.0152, 39.6669, 657.528, 1.69389e-05, 0.00013146, 0.499183, 3.19981, 56.0426, 2428.97, 90.4086, 0.00291124, 0.0029698, 2.41926, 8.5009, 51.7772, 56.0146, 146.366, 0.00348574, 0.00390231, 0.00415238, 0.00579852, 0.0070165, 0.0076177, 0.0101882, 0.016212, 0.000803557, 0.00322501, 

0.000593156, 0.00196149, 4.94369, 63.8622, 1348.77, 1953.45, 1105.09, 5.94368e-06, 6.46872e-06, 0.0272142, 0.0591932, 2.84285, 657.528, 0.420239, 1.69389e-05, 0.00013146, 0.499183, 3.19981, 90.4086, 2428.97, 342.698, 0.00291124, 0.0029698, 8.5009, 51.7772, 56.0146, 146.366, 38.7243, 0.00348574, 0.00390231, 0.00415238, 0.00579852, 0.0070165, 0.0076177, 0.0101882, 0.016212, 0.000803557, 0.00322501, 

0.000593156, 0.00196149, 4.94369, 5.26452, 1348.77, 1953.45, 114.215, 5.94368e-06, 6.46872e-06, 0.0272142, 0.0591932, 0.420239, 657.528, 8793.87, 1.69389e-05, 0.00013146, 0.499183, 1.71502, 3.19981, 26.8334, 576.575, 0.00291124, 0.0029698, 8.5009, 38.7243, 51.7772, 56.0146, 34.668, 0.00348574, 0.00390231, 0.00415238, 0.00579852, 0.0070165, 0.0076177, 0.0101882, 0.016212, 0.000803557, 0.00322501, 

0.000593156, 0.00196149, 4.94369, 5.26452, 114.215, 1348.77, 1.70135, 5.94255e-06, 5.94368e-06, 0.0272142, 0.420239, 37.098, 2669.33, 363.652, 1.69389e-05, 2.69159e-05, 0.499183, 1.71502, 3.19981, 26.8334, 576.575, 0.00291124, 0.0029698, 8.5009, 34.668, 51.7772, 56.0146, 0.209505, 0.00348574, 0.00390231, 0.00415238, 0.00579852, 0.0070165, 0.0076177, 0.0101882, 0.016212, 0.000803557, 0.00322501, 

0.000593156, 0.00196149, 0.0327172, 4.94369, 5.26452, 114.215, 470.438, 5.94255e-06, 5.94368e-06, 0.0272142, 37.098, 363.652, 795.185, 31.2828, 1.69389e-05, 2.25987e-05, 0.499183, 0.631105, 1.71502, 26.8334, 576.575, 0.00291124, 0.0029698, 0.209505, 34.668, 51.7772, 56.0146, 1227.33, 0.00348574, 0.00390231, 0.00415238, 0.00579852, 0.0070165, 0.0076177, 0.0101882, 0.016212, 0.000803557, 0.00322501, 

0.000593156, 0.00166646, 0.0327172, 4.94369, 5.26452, 114.215, 470.438, 5.8865e-06, 5.90413e-06, 21.5504, 37.098, 363.652, 795.185, 28.4329, 1.69389e-05, 1.76056e-05, 0.499183, 0.631105, 1.71502, 192.731, 346.66, 0.00289105, 0.00291124, 0.209505, 34.668, 42.2035, 56.0146, 1227.33, 0.00348574, 0.00390231, 0.00415238, 0.00579852, 0.0070165, 0.0076177, 0.0101882, 0.016212, 0.000803557, 0.00322501, 

Best:
(0.998927, 0.998073, )

Fitness Evaluations:
2858

End Population
(1.022910e+00), (1.045519e+00), (1.035269e+00), (1.069725e+00), (1.037498e+00), (1.094096e+00), (3.095840e-01), (-1.155109e-01), (1.183662e+00), (1.629766e+00), (5.513124e-01), (-7.638268e-01), (-7.380183e-01), (2.706655e+00), (9.989270e-01), (9.980727e-01), (9.989272e-01), (9.980735e-01), (4.845715e-01), (-2.265440e-01), (9.964301e-01), (3.837914e-01), (1.296515e+00), (-2.257845e-01), (3.746655e-01), (2.959584e+00), (5.450894e-01), (-2.341583e-01), (9.974342e-01), (9.951967e-01), (9.974348e-01), (9.952082e-01), (7.636145e-01), (5.165260e-01), (9.356327e-01), (9.545895e-01), (2.225734e+00), (), (-1.237568e+00), (2.901698e+00), (-1.561974e-02), (1.859352e+00), (1.053756e+00), (1.110517e+00), (1.053919e+00), (1.110544e+00), (6.175395e-01), (4.065003e-01), (7.509034e-01), (1.152124e+00), (6.893272e-02), (6.476871e-01), (-9.769271e-01), (2.325389e-01), (1.934055e+00), (2.384806e-01), (1.059027e+00), (1.121413e+00), (1.043750e+00), (1.084954e+00), (9.355613e-01), (8.752932e-01), (9.762381e-01), (9.458063e-01), (1.081255e+00), (1.167077e+00), (1.083305e+00), (1.170945e+00), (1.063637e+00), (1.123488e+00), (1.122596e+00), (1.263660e+00), (1.022860e+00), (1.047919e+00), (1.054549e+00), (1.110495e+00), 