Iterations: 50
Function Evaluations Limit: 150000
Population: 50

Prides Length: 4

Percent Nomads: 0.2
Percent Roaming: 0.2
Percent Sex: 0.8

Mating Rate: 0.3
Mutation Probability: 0.2
Immigration Rate: 0.4

Dimensions: 2
N-Dimension Space: -5:5

Fitness Iterations:
38.2215
31151.3, 980.099, 32524.2, 1944.18, 5589.71, 14164.8, 345.365, 558.492, 5106.76, 12621.4, 753.621, 235.006, 40201, 6340.22, 54903.5, 285.841, 38.2215, 70.0748, 1733.93, 793.459, 1865.21, 550.421, 136.569, 476.558, 14996.9, 106.396, 1377.98, 1358.34, 21042.9, 4751.88, 137.912, 1913.73, 13504, 53621.1, 814.022, 382.414, 4300.46, 2634.13, 260.66, 3380.3, 1911.68, 14725.2, 5080.46, 15805.5, 1203.83, 2742.49, 44984.5, 639.978, 5835.57, 382.135, 

48.4942, 106.194, 997.865, 2096.44, 8987.97, 9.74087, 660.654, 260.66, 382.414, 1358.34, 197.93, 235.006, 11476.7, 285.841, 38.2215, 9293.34, 1465.32, 1021.22, 55.4507, 546.02, 79.1363, 195.147, 136.569, 106.396, 4751.88, 48.8248, 97.677, 479.36, 66.801, 345.365, 137.912, 1.38725, 814.022, 2634.13, 3380.3, 3589.71, 873.762, 793.459, 382.135, 476.558, 722.728, 1203.83, 177.7, 434.09, 265.557, 550.421, 734.796, 204.419, 1733.93, 1981.82, 

48.4942, 12.3659, 997.865, 8987.97, 382.414, 68.2593, 317.408, 416.563, 44.4463, 136.569, 104.315, 195.147, 11476.7, 939.967, 55.4507, 546.02, 3531.79, 179.89, 66.801, 260.66, 49.1973, 8.91898, 4751.88, 48.8248, 97.677, 345.365, 197.008, 9.74087, 38.2215, 53.1008, 137.912, 1.38725, 1760.84, 873.762, 47.8631, 382.135, 13.0591, 106.396, 92.7423, 278.91, 197.93, 434.09, 265.557, 218.258, 334.117, 79.1363, 204.419, 177.7, 479.36, 814.022, 

12.3659, 6.17765, 382.414, 68.2593, 31.7902, 136.569, 29672.1, 12.4395, 260.66, 66.801, 26.3122, 43.6633, 939.967, 55.4507, 3531.79, 179.89, 18.9773, 2.75849, 33.3951, 107.666, 8.91898, 6.30298, 97.677, 345.365, 9.74087, 1.17641, 3222.05, 14.0776, 38.2215, 53.1008, 3.35511, 1.38725, 873.762, 47.8631, 13.0591, 92.7423, 1636.57, 17.7916, 278.91, 106.396, 197.93, 104.315, 177.7, 79.1363, 195.147, 40.7048, 49.1973, 48.4942, 382.135, 416.563, 

12.3659, 6.17765, 382.414, 68.2593, 31.7902, 12.4395, 25.7216, 66.801, 1.03105, 12.2726, 11.4164, 26.8537, 32.6963, 1889.02, 179.89, 107.666, 109.003, 38.2215, 13.1972, 109.698, 8.91898, 6.30298, 97.677, 345.365, 1.17641, 14.0776, 53.1008, 2.75849, 9.74087, 17.7916, 3.35511, 1.38725, 873.762, 47.8631, 13.0591, 92.7423, 7.39621, 36.9698, 136.569, 16.121, 104.315, 79.1363, 40.7048, 49.1973, 48.4942, 28.099, 26.3122, 48.0947, 260.66, 278.91, 

3.73596, 5.52731, 382.414, 68.2593, 31.7902, 1.03105, 278.357, 8.80405, 47.8631, 10.3528, 3.88052, 12.3659, 32.6963, 179.89, 107.666, 109.698, 888.904, 13.0591, 18.1511, 1.17641, 8.91898, 2.56113, 345.365, 14.0776, 2.75849, 17.7916, 2867.69, 12.2726, 13.1972, 38.2215, 2.91201, 1.38725, 873.762, 92.7423, 7.39621, 136.569, 5.05878, 12.4395, 25.7216, 9.74087, 79.1363, 40.7048, 49.1973, 48.4942, 28.099, 26.8537, 26.3122, 17.3788, 53.1008, 66.801, 

3.73596, 0.770238, 382.414, 68.2593, 14.2985, 40.5371, 250.558, 6.8701, 12.2726, 7.39621, 3.73804, 6.68081, 109.698, 888.904, 18.1511, 64.1829, 154.611, 1.17641, 13.1972, 11.6685, 8.91898, 2.56113, 345.365, 2.75849, 1720.25, 38.2215, 6.71762, 13.0591, 1.03105, 14.0776, 2.91201, 1.38725, 49.3145, 136.569, 25.7216, 9.74087, 476.217, 5.05878, 8.80405, 1.52682, 40.7048, 28.099, 26.8537, 26.3122, 17.3788, 12.3659, 36.6609, 12.3485, 17.7916, 31.7902, 

3.73596, 0.770238, 68.2593, 250.558, 12.2726, 20.913, 16665.6, 2.75849, 9.74087, 6.8701, 3.73804, 6.68081, 18.1511, 14.1439, 1.17641, 13.1972, 11.6685, 25.1837, 13.0591, 3.33051, 2.56113, 8.90946, 345.365, 844.736, 38.2215, 1.72947, 6.61336, 1.03105, 17.7916, 7.39621, 2.91201, 1.38725, 136.569, 476.217, 0.934062, 1.52682, 559.347, 25.7216, 14.2985, 5.05878, 28.099, 26.8537, 26.3122, 17.3788, 12.3659, 12.3485, 25.1162, 8.91898, 31.7902, 40.5371, 

0.770238, 2.4892, 12.2726, 3088.66, 2.55972, 6.8701, 1577.92, 20.913, 17.7916, 0.934062, 1.3536, 0.998159, 1.17641, 13.1972, 11.6685, 9.87723, 74.8692, 1.52682, 18.1511, 14.1439, 2.56113, 1.58635, 844.736, 1.72947, 1.03105, 7.39621, 17.7978, 26.4902, 6.61336, 27.1813, 2.91201, 1.38725, 136.569, 559.347, 25.7216, 14.2985, 5.05878, 3.33051, 13.0591, 9.74087, 17.3788, 12.3659, 12.3485, 8.91898, 3.73596, 3.73804, 8.90946, 4.29576, 40.5371, 65.5611, 

0.770238, 2.4892, 74.1169, 6.8701, 13.6726, 17.7916, 0.655905, 5.05878, 1.52682, 0.934062, 1.3536, 0.998159, 1.17641, 11.6685, 18.1511, 99.5829, 3661.37, 6.61336, 3.33051, 10.311, 2.56113, 1.58635, 1.03105, 7.39621, 17.7978, 16.0141, 27.1813, 12.002, 12.2726, 1.72947, 2.91201, 1.38725, 25.7216, 13.0591, 9.74087, 1341.7, 99.9564, 2.08313, 2.31817, 13.1972, 12.3659, 12.3485, 8.91898, 3.73596, 3.73804, 8.90946, 4.29576, 5.95871, 14.1439, 14.2985, 

0.770238, 2.4892, 1.38121, 0.525599, 17.7916, 0.655905, 1.52682, 1.03105, 2.31817, 9.74087, 1.3536, 0.998159, 3661.37, 6.61336, 3.33051, 10.311, 322.946, 13.1972, 1.17641, 2.90973, 2.56113, 1.58635, 7.39621, 17.7978, 27.1813, 12.002, 1.72947, 13.0591, 12.2726, 0.934062, 2.91201, 1.38725, 25.7216, 1341.7, 2.08313, 153.607, 1.98513, 5.05878, 13.6726, 11.6685, 12.3659, 12.3485, 8.91898, 3.73596, 3.73804, 8.90946, 4.29576, 5.95871, 13.7768, 14.1439, 

0.770238, 2.4892, 1.38121, 0.525599, 1.52682, 1.03105, 13.4521, 1.72947, 2.08313, 11.6685, 1.3536, 0.998159, 6.61336, 3.33051, 322.946, 13.1972, 1.17641, 0.934062, 9.74087, 2.90973, 2.56113, 1.58635, 7.39621, 17.7978, 27.1813, 12.002, 13.0591, 2.31817, 1.98513, 0.655905, 1.38725, 0.299519, 25.7216, 706.055, 5.05878, 13.6726, 782.73, 12.2726, 10.311, 13.7768, 12.3485, 8.91898, 3.73596, 3.73804, 8.90946, 4.29576, 5.95871, 2.91201, 14.1439, 17.7916, 

0.770238, 2.4892, 0.525599, 1.52682, 1.03105, 13.4521, 1.72947, 0.937083, 9.74087, 12.2726, 0.998159, 1.12576, 3.33051, 322.946, 13.1972, 0.934062, 10.7342, 11.6685, 0.394796, 2.08313, 2.56113, 1.58635, 17.7978, 12.002, 2.31817, 1.98513, 0.655905, 1.07655, 2.90973, 1.17641, 1.3536, 0.299519, 2.64871, 81.7306, 5.05878, 782.73, 13.7768, 13.0591, 10.311, 6.61336, 3.73596, 3.73804, 8.90946, 4.29576, 5.95871, 2.91201, 5.0992, 1.38725, 13.6726, 14.1439, 

0.770238, 0.0340216, 1.52682, 1.72947, 9.74087, 12.2726, 10.9726, 11.6685, 2.31817, 0.934062, 0.998159, 1.12576, 3.33051, 322.946, 13.1972, 0.394796, 2.08313, 1.17641, 0.525599, 0.655905, 1.38725, 1.58635, 17.7978, 12.002, 1.07655, 2.90973, 1086.76, 10.7342, 2.64871, 1.98513, 1.3536, 0.269085, 8.36542, 5.05878, 10.311, 6.61336, 63.8222, 0.937083, 1.03105, 1.49611, 3.73596, 3.73804, 4.29576, 5.95871, 2.91201, 5.0992, 2.56113, 2.4892, 13.0591, 13.4521, 

0.770238, 0.0340216, 10.9726, 11.6685, 2.31817, 305.374, 142.275, 0.937083, 1.03105, 2.64871, 0.998159, 1.12576, 3.33051, 13.1972, 1.17641, 0.655905, 219.444, 0.184399, 2.08313, 0.394796, 1.38725, 1.58635, 12.002, 1.07655, 2.90973, 1086.76, 81.1688, 0.934062, 1.49611, 1.72947, 1.3536, 0.269085, 8.36542, 5.05878, 10.311, 63.8222, 478.208, 6.61336, 1.52682, 0.525599, 3.73596, 3.73804, 4.29576, 5.95871, 2.91201, 5.0992, 2.56113, 2.4892, 9.74087, 10.7342, 

0.0340216, 0.129691, 10.9726, 2.31817, 305.374, 0.937083, 2.64871, 3.41948, 2.97904, 1.72947, 0.770238, 0.424226, 1.17641, 0.655905, 2.08313, 0.394796, 885.232, 1.52682, 2.90973, 0.130548, 1.38725, 0.796236, 12.002, 1.07655, 927.213, 81.1688, 1.49611, 5.05878, 1.03105, 0.934062, 1.3536, 0.269085, 8.36542, 478.208, 6.61336, 551.127, 77.3247, 0.525599, 0.184399, 3.33051, 3.73596, 3.73804, 4.29576, 2.91201, 2.56113, 2.4892, 0.998159, 1.6268, 9.74087, 10.311, 

0.0340216, 0.129691, 10.9726, 305.374, 2.97904, 1.72947, 686.892, 2.31817, 2.64871, 3.33051, 0.770238, 0.424226, 2.08313, 0.394796, 52.6651, 2.90973, 0.261163, 0.107565, 0.184399, 1.52682, 1.13548, 0.796236, 1.07655, 927.213, 81.1688, 0.934062, 126.588, 0.655905, 1.49611, 1.17641, 0.998159, 0.269085, 478.208, 551.127, 0.525599, 593.726, 362.184, 0.937083, 0.116415, 1.03105, 3.73596, 3.73804, 2.91201, 2.56113, 2.4892, 1.3536, 1.6268, 1.38725, 3.41948, 5.05878, 

0.0340216, 0.129691, 10.9726, 1.72947, 2.64871, 2.08021, 5944.62, 0.244502, 0.525599, 2.31817, 0.770238, 0.424226, 2.08313, 2.90973, 0.261163, 1.52682, 43.5995, 0.184399, 1.17641, 0.116415, 1.13548, 0.796236, 927.213, 81.1688, 0.655905, 1.49611, 358.718, 0.107565, 1.07655, 1.40873, 0.998159, 0.269085, 551.127, 593.726, 0.937083, 1.03105, 620.792, 2.97904, 0.934062, 0.394796, 3.73596, 2.91201, 2.56113, 2.4892, 1.3536, 1.6268, 1.38725, 1.14379, 3.41948, 5.05878, 

0.0340216, 0.129691, 10.9726, 1.72947, 2.64871, 5944.62, 0.244502, 0.525599, 2.08021, 1.03105, 0.616244, 0.392198, 2.08313, 1.52682, 0.184399, 0.116415, 517.119, 0.261163, 1.07655, 2.97904, 1.13548, 0.796236, 81.1688, 0.655905, 0.107565, 1.40873, 171.264, 0.394796, 0.182431, 2.90973, 0.998159, 0.269085, 0.937083, 620.792, 0.934062, 222.657, 76.6775, 2.31817, 0.846028, 1.17641, 3.73596, 2.91201, 2.56113, 2.4892, 1.3536, 1.6268, 1.38725, 1.14379, 3.41948, 5.05878, 

0.0340216, 0.03717, 10.9726, 5944.62, 2.08021, 1.03105, 1113.69, 1.17641, 0.107565, 1.47083, 0.616244, 0.392198, 1.52682, 0.116415, 138.078, 2.97904, 236.984, 0.934062, 0.525599, 0.244502, 1.13548, 0.796236, 0.655905, 1.40873, 0.394796, 2.90973, 0.203761, 0.182431, 0.184399, 0.937083, 0.998159, 0.269085, 620.792, 2.06399, 0.846028, 464.214, 230.623, 0.261163, 1.72947, 1.07655, 2.91201, 2.56113, 2.4892, 1.3536, 1.6268, 1.38725, 1.14379, 1.17253, 2.08313, 3.41948, 

0.0136704, 0.03717, 10.9726, 5944.62, 2.08021, 1113.69, 8.28036, 0.655905, 0.184399, 0.934062, 0.616244, 0.392198, 1.52682, 0.116415, 236.984, 0.525599, 0.244502, 0.107565, 1.07655, 1.47083, 1.13548, 0.796236, 1.40873, 0.394796, 2.90973, 3.24361, 65.0494, 0.182431, 1.17641, 0.937083, 0.998159, 0.269085, 1.27759, 2.06399, 0.846028, 0.261163, 1.72947, 1.03105, 2.08313, 0.203761, 2.91201, 2.56113, 2.4892, 1.3536, 1.6268, 1.38725, 1.14379, 1.17253, 2.97904, 3.41948, 

0.0136704, 0.03717, 10.9726, 8.28036, 0.655905, 0.184399, 2576.19, 2.08313, 1.40873, 1.27759, 0.616244, 0.392198, 0.116415, 0.525599, 0.244502, 1.47083, 20150.2, 0.846028, 2.08021, 0.937083, 1.13548, 0.796236, 0.394796, 2.90973, 3.24361, 65.0494, 821.937, 1.07655, 0.182431, 0.107565, 0.998159, 0.269085, 2.06399, 0.261163, 1.72947, 1.03105, 0.203761, 1.52682, 0.934062, 1.17641, 2.91201, 2.56113, 2.4892, 1.3536, 1.6268, 1.38725, 1.14379, 1.17253, 2.97904, 3.41948, 

0.0136704, 0.03717, 10.9726, 0.184399, 1.40873, 1.27759, 21223.7, 0.203761, 1.52682, 0.655905, 0.303, 0.392198, 0.244502, 0.846028, 2.08021, 0.305217, 1.81356, 0.525599, 0.116415, 0.182431, 1.13548, 0.188191, 0.394796, 2.90973, 65.0494, 821.937, 0.107565, 2.08313, 2.06399, 1.72947, 0.998159, 0.269085, 0.261163, 1.03105, 0.934062, 2.18185, 255.204, 1.47083, 1.17641, 1.07655, 2.4892, 1.3536, 1.6268, 1.38725, 1.14379, 1.17253, 2.37485, 1.16009, 2.97904, 3.24361, 

0.0136704, 0.03717, 0.184399, 1.40873, 0.203761, 0.655905, 4254.43, 0.934062, 1.17641, 0.305217, 0.303, 0.392198, 2.08021, 1.81356, 0.525599, 788.101, 0.704715, 1.27759, 1.72947, 0.116415, 0.188191, 0.444528, 0.394796, 65.0494, 821.937, 0.107565, 8416.32, 2.06399, 0.846028, 1.03105, 0.803473, 0.269085, 0.261163, 2.18185, 1.47083, 1.07655, 2892.6, 0.244502, 0.182431, 1.52682, 1.3536, 1.6268, 1.38725, 1.14379, 1.17253, 1.16009, 0.536324, 0.998159, 2.08313, 2.90973, 

0.0136704, 0.03717, 0.184399, 0.203761, 4254.43, 0.934062, 1.17641, 0.704715, 0.116415, 0.261163, 0.226313, 0.392198, 1.81356, 0.525599, 788.101, 1.27759, 1130.8, 1.72947, 0.655905, 0.305217, 0.188191, 0.444528, 0.394796, 65.0494, 0.107565, 1.03105, 2479.79, 1.40873, 1.47083, 0.244502, 0.536324, 0.269085, 2892.6, 0.182431, 1.52682, 1346.47, 816.838, 1.07655, 2.06399, 0.846028, 1.3536, 1.6268, 1.38725, 1.14379, 1.17253, 1.16009, 0.803473, 0.998159, 2.08021, 2.08313, 

0.0136704, 0.03717, 0.184399, 1.15461, 0.704715, 0.116415, 1.78666, 0.203761, 0.525599, 0.261163, 0.226313, 0.392198, 1.81356, 1130.8, 1.72947, 0.305217, 427.88, 0.655905, 0.846028, 2.06399, 0.188191, 0.353588, 0.107565, 1.40873, 1.47083, 0.244502, 74.5721, 1.03105, 1.52682, 0.240467, 0.536324, 0.269085, 2892.6, 0.182431, 816.838, 1.07655, 4199.81, 1.27759, 0.934062, 0.394796, 1.3536, 1.38725, 1.14379, 1.17253, 1.16009, 0.803473, 0.998159, 0.415236, 2.08021, 2.08313, 

0.0136704, 0.03717, 1.15461, 0.116415, 1.78666, 0.261163, 145.954, 0.203761, 0.394796, 0.244502, 0.226313, 0.383209, 1.81356, 1.72947, 0.655905, 0.846028, 2.06399, 0.348295, 0.107565, 0.934062, 0.177261, 0.353588, 74.5721, 1.03105, 1.52682, 0.240467, 5.38245, 0.525599, 0.305217, 0.182431, 0.0275955, 0.269085, 2892.6, 9.24122, 1.07655, 1.27759, 21.0848, 1.40873, 0.704715, 0.184399, 1.3536, 1.38725, 1.14379, 1.17253, 1.16009, 0.803473, 0.998159, 0.415236, 1.47083, 2.08021, 

0.0136704, 0.03717, 1.78666, 0.203761, 0.394796, 7.07185, 3204.8, 0.837391, 0.184399, 0.116415, 0.226313, 0.0649725, 0.655905, 0.846028, 2.06399, 23.9211, 218.078, 0.244502, 0.261163, 0.348295, 0.177261, 0.353588, 74.5721, 1.03105, 1.52682, 0.305217, 35.9683, 0.182431, 0.525599, 0.240467, 0.0275955, 0.249868, 20.8955, 9.24122, 1.27759, 1.40873, 0.704715, 1.07655, 0.934062, 0.107565, 1.3536, 1.14379, 1.17253, 1.16009, 0.803473, 0.998159, 0.415236, 0.868643, 1.15461, 1.47083, 

0.0136704, 0.03717, 0.394796, 7.07185, 0.837391, 0.184399, 6745.12, 0.261163, 0.525599, 0.305217, 0.172384, 0.0649725, 0.655905, 0.846028, 218.078, 0.348295, 5358.92, 0.244502, 1.3439, 0.107565, 0.177261, 0.353588, 0.429585, 1.52682, 0.182431, 0.240467, 236.607, 1.15461, 0.116415, 1.07655, 0.0275955, 0.249868, 9.24122, 0.704715, 0.934062, 1.6379, 196.465, 1.27759, 1.40873, 0.203761, 1.3536, 1.14379, 1.17253, 1.16009, 0.803473, 0.998159, 0.415236, 0.868643, 1.47083, 1.78666, 

0.0136704, 0.03717, 0.394796, 0.837391, 0.261163, 0.305217, 36126.1, 0.244502, 1.3439, 1.07655, 0.172384, 0.0649725, 0.655905, 0.348295, 5358.92, 16.472, 0.46421, 0.704715, 0.525599, 0.203761, 0.177261, 0.339183, 0.240467, 236.607, 0.116415, 4023.51, 13.8534, 0.429585, 0.846028, 0.184399, 0.0275955, 0.249868, 0.934062, 196.465, 1.27759, 1.40873, 2.28903, 0.182431, 1.15461, 0.107565, 1.14379, 1.16009, 0.803473, 0.998159, 0.415236, 0.868643, 0.353588, 0.530835, 1.47083, 1.52682, 

0.0136704, 0.03717, 0.394796, 0.837391, 0.305217, 11742.3, 0.244502, 0.107565, 0.240467, 0.182431, 0.172384, 0.0649725, 0.348295, 9.99821, 0.46421, 0.525599, 1.87129, 0.261163, 0.655905, 1.07655, 0.0576354, 0.339183, 236.607, 0.116415, 4023.51, 0.846028, 0.184399, 0.306946, 1.3439, 0.203761, 0.0275955, 0.249868, 196.465, 1.27759, 1.40873, 2.28903, 1.15461, 0.934062, 0.704715, 0.429585, 1.14379, 1.16009, 0.803473, 0.998159, 0.415236, 0.868643, 0.353588, 0.530835, 1.47083, 1.52682, 

0.0136704, 0.03717, 0.394796, 0.837391, 920.115, 0.107565, 8.68451, 0.203761, 0.934062, 0.846028, 0.172384, 0.0649725, 0.525599, 0.261163, 0.655905, 1.07655, 5342.13, 0.182431, 0.305217, 0.704715, 0.0576354, 0.142301, 0.116415, 4023.51, 0.184399, 1.3439, 11043.3, 0.240467, 0.348295, 0.306946, 0.0275955, 0.249868, 196.465, 1.27759, 0.429585, 830.444, 1044.48, 1.15461, 0.244502, 0.46421, 1.14379, 0.803473, 0.998159, 0.415236, 0.868643, 0.353588, 0.530835, 0.339183, 1.40873, 1.47083, 

0.0136704, 0.03717, 0.394796, 8.68451, 0.846028, 305.012, 1424.65, 1.27759, 0.182431, 0.837391, 0.172384, 0.0649725, 0.655905, 1.07655, 12.4374, 0.305217, 0.704715, 0.203761, 0.244502, 0.240467, 0.0576354, 0.142301, 0.116415, 676.267, 0.184399, 0.306946, 1204.08, 0.261163, 0.46421, 0.525599, 0.0275955, 0.118279, 196.465, 0.0898259, 314.056, 1.15461, 0.819129, 0.348295, 0.0414809, 0.934062, 1.14379, 0.803473, 0.998159, 0.415236, 0.868643, 0.353588, 0.530835, 0.339183, 1.3439, 1.40873, 

0.0136704, 0.03717, 8.68451, 0.846028, 1424.65, 0.837391, 2112.29, 0.306946, 0.240467, 0.320378, 0.125239, 0.0649725, 0.655905, 1.07655, 0.203761, 0.244502, 13.1814, 0.116415, 0.934062, 0.704715, 0.0576354, 0.142301, 676.267, 0.184399, 0.261163, 0.46421, 0.525599, 0.0898259, 0.394796, 0.819129, 0.0275955, 0.118279, 196.465, 1.15461, 0.0414809, 161.109, 2.68888, 0.348295, 0.182431, 0.305217, 0.803473, 0.415236, 0.868643, 0.353588, 0.530835, 0.339183, 0.248851, 0.222408, 1.27759, 1.3439, 

0.0136704, 0.03717, 0.846028, 0.837391, 1.88237, 0.240467, 0.320378, 0.46421, 0.819129, 0.0898259, 0.125239, 0.0649725, 0.244502, 13.1814, 0.934062, 17.9348, 112.95, 0.704715, 0.116415, 0.306946, 0.0576354, 0.142301, 4.13232, 0.261163, 0.525599, 0.394796, 3552.56, 0.184399, 0.203761, 0.655905, 0.0275955, 0.118279, 196.465, 0.0414809, 161.109, 0.348295, 387.973, 1.07655, 0.182431, 0.305217, 0.803473, 0.415236, 0.868643, 0.353588, 0.530835, 0.339183, 0.248851, 0.222408, 1.15461, 1.27759, 

0.00541232, 0.03717, 0.846028, 1.88237, 0.46421, 0.819129, 17.5163, 1.15461, 0.0898259, 0.244502, 0.125239, 0.0649725, 0.704715, 0.116415, 0.306946, 1568.57, 31.1618, 0.240467, 0.837391, 0.184399, 0.0576354, 0.142301, 0.261163, 0.525599, 3552.56, 0.655905, 0.134595, 0.203761, 0.320378, 0.934062, 0.0275955, 0.118279, 3.8011, 0.0414809, 0.348295, 1.07655, 0.305217, 0.394796, 0.39805, 0.182431, 0.803473, 0.415236, 0.353588, 0.530835, 0.339183, 0.248851, 0.222408, 0.332976, 1.27759, 4.13232, 

0.00541232, 0.03717, 0.846028, 1.88237, 0.819129, 1.15461, 0.0898259, 0.134595, 0.240467, 0.46421, 0.125239, 0.0649725, 0.704715, 0.116415, 1568.57, 0.184399, 721.179, 0.261163, 0.934062, 0.0414809, 0.0576354, 0.142301, 0.525599, 0.655905, 0.203761, 0.164505, 157.535, 0.182431, 0.244502, 1.07655, 0.0275955, 0.118279, 0.0446901, 0.348295, 0.305217, 0.394796, 2735.22, 0.39805, 0.306946, 0.837391, 0.803473, 0.415236, 0.353588, 0.530835, 0.339183, 0.248851, 0.222408, 0.332976, 1.27759, 4.13232, 

0.00541232, 0.03717, 0.846028, 1.88237, 0.819129, 0.46421, 1.32808, 0.134595, 0.0414809, 0.348295, 0.125239, 0.0649725, 0.704715, 0.261163, 0.934062, 770.833, 153.298, 0.116415, 0.0306736, 0.0898259, 0.0576354, 0.0331683, 0.203761, 0.164505, 157.535, 0.182431, 1.07655, 0.394796, 0.306946, 0.240467, 0.0275955, 0.118279, 0.0446901, 0.305217, 0.39805, 0.837391, 42.5794, 0.525599, 0.0307785, 0.184399, 0.415236, 0.353588, 0.530835, 0.339183, 0.248851, 0.222408, 0.332976, 0.142301, 0.649627, 0.655905, 

0.00541232, 0.03717, 0.846028, 1.32808, 0.134595, 0.348295, 195.706, 0.240467, 0.46421, 0.649627, 0.125239, 0.0649725, 12.2257, 19.3335, 0.0306736, 0.0898259, 1.02852, 0.0414809, 0.13247, 0.655905, 0.0448645, 0.0331683, 0.203761, 0.164505, 0.182431, 1.07655, 0.394796, 0.152374, 0.116415, 0.819129, 0.0275955, 0.118279, 0.0446901, 0.39805, 0.525599, 0.0307785, 0.184399, 0.261163, 0.305217, 0.306946, 0.415236, 0.353588, 0.339183, 0.248851, 0.222408, 0.332976, 0.142301, 0.224202, 0.837391, 0.934062, 

0.00541232, 0.03717, 0.846028, 1.32808, 0.348295, 0.649627, 431.094, 0.184399, 0.46421, 0.152374, 0.0564672, 0.0649725, 19.3335, 0.0306736, 0.0898259, 0.828758, 0.13247, 0.0414809, 0.655905, 0.240467, 0.0448645, 0.0331683, 0.203761, 0.164505, 0.182431, 1.07655, 122.585, 0.394796, 0.0446901, 0.0307785, 0.0275955, 0.0742122, 0.39805, 0.525599, 0.261163, 0.305217, 501.101, 0.116415, 0.306946, 0.134595, 0.415236, 0.353588, 0.339183, 0.248851, 0.222408, 0.332976, 0.142301, 0.224202, 0.819129, 0.837391, 

0.00541232, 0.03717, 1.32808, 0.348295, 0.649627, 0.152374, 96.4373, 0.0446901, 0.0306736, 0.240467, 0.0564672, 0.0649725, 2.81077, 0.828758, 0.13247, 0.655905, 1.52741, 0.184399, 0.182431, 0.46421, 0.0448645, 0.0331683, 0.203761, 1.07655, 0.394796, 0.0307785, 210.992, 0.134595, 0.0414809, 0.116415, 0.0275955, 0.0742122, 0.39805, 0.305217, 501.101, 0.306946, 196.853, 0.261163, 0.164505, 0.0898259, 0.415236, 0.353588, 0.339183, 0.248851, 0.222408, 0.332976, 0.142301, 0.224202, 0.525599, 0.819129, 

0.0051373, 0.03717, 1.32808, 0.649627, 0.0446901, 0.0306736, 0.240467, 0.348295, 0.819129, 0.525599, 0.0564672, 0.0649725, 0.13247, 1.52741, 0.184399, 169.936, 51.8882, 0.152374, 0.134595, 0.655905, 0.0448645, 0.0331683, 0.203761, 1.07655, 0.0307785, 0.0414809, 0.116415, 0.305217, 0.182431, 0.46421, 0.00200503, 0.0742122, 0.39805, 501.101, 0.306946, 196.853, 0.0898259, 0.394796, 0.0236586, 0.164505, 0.415236, 0.353588, 0.339183, 0.248851, 0.222408, 0.332976, 0.142301, 0.224202, 0.828758, 1.32179, 

0.0051373, 0.03717, 0.0446901, 0.348295, 0.819129, 22811, 1789.04, 0.0307785, 0.0734441, 0.00745848, 0.0564672, 0.0648914, 0.13247, 1.52741, 169.936, 0.152374, 382.928, 0.134595, 0.0306736, 0.525599, 0.0448645, 0.0331683, 0.203761, 0.0414809, 0.116415, 0.182431, 0.46421, 0.240467, 0.306946, 0.394796, 0.00200503, 0.0649725, 0.39805, 196.853, 0.0898259, 0.0236586, 23.0377, 0.164505, 0.305217, 0.184399, 0.353588, 0.339183, 0.248851, 0.222408, 0.332976, 0.142301, 0.224202, 0.0742122, 0.649627, 0.655905, 

0.0051373, 0.03717, 0.819129, 0.0307785, 0.00745848, 18.0787, 5.79779, 0.164505, 0.152374, 0.13247, 0.0564672, 0.0648914, 1.52741, 169.936, 0.134595, 0.0306736, 224.703, 0.0734441, 0.0446901, 0.116415, 0.0250812, 0.0331683, 0.203761, 0.0414809, 0.46421, 0.240467, 0.394796, 0.525599, 0.306946, 0.0236586, 0.00200503, 0.0649725, 0.0898259, 23.0377, 0.305217, 0.184399, 599.672, 0.39805, 0.348295, 0.182431, 0.353588, 0.339183, 0.248851, 0.222408, 0.332976, 0.142301, 0.224202, 0.0742122, 0.649627, 0.655905, 

0.0051373, 0.0329806, 0.819129, 0.0307785, 0.00745848, 5.79779, 0.13247, 0.655905, 0.134595, 0.649627, 0.0564672, 0.0648914, 1.52741, 0.0306736, 0.0734441, 0.116415, 1196.82, 0.164505, 0.348295, 0.0282355, 0.0250812, 0.0276336, 0.46421, 0.240467, 0.394796, 0.306946, 0.0236586, 0.203761, 0.184399, 0.0446901, 0.00200503, 0.0649725, 0.0898259, 0.305217, 599.672, 0.39805, 0.182431, 0.152374, 0.0414809, 0.525599, 0.339183, 0.248851, 0.222408, 0.332976, 0.142301, 0.224202, 0.0742122, 0.03717, 1.39454, 18.0787, 

0.0051373, 0.0214355, 0.819129, 0.655905, 0.134595, 0.0234141, 338.98, 0.0236586, 0.203761, 0.00745848, 0.0564672, 0.0648914, 0.0306736, 0.0734441, 0.164505, 0.348295, 124.15, 0.116415, 0.0282355, 0.152374, 0.0250812, 0.0276336, 0.46421, 0.240467, 0.184399, 0.0446901, 24.4353, 0.182431, 0.305217, 0.0307785, 0.00200503, 0.0329806, 0.0898259, 599.672, 0.0414809, 0.525599, 0.0450751, 0.394796, 0.306946, 0.13247, 0.248851, 0.222408, 0.332976, 0.142301, 0.224202, 0.0742122, 0.03717, 0.0649725, 0.39805, 0.649627, 

0.0051373, 0.0214355, 0.655905, 0.134595, 0.0234141, 0.0236586, 0.203761, 0.39805, 0.306946, 0.0306736, 0.0320204, 0.0648914, 0.0734441, 0.164505, 0.348295, 124.15, 16245.2, 0.00745848, 0.0446901, 0.0898259, 0.0250812, 0.0276336, 0.0835889, 0.240467, 0.184399, 24.4353, 0.182431, 0.0307785, 0.152374, 0.116415, 0.00200503, 0.0329806, 0.0414809, 0.0450751, 0.394796, 0.13247, 156.151, 0.0430612, 0.0282355, 0.305217, 0.248851, 0.222408, 0.142301, 0.224202, 0.0742122, 0.03717, 0.0649725, 0.0564672, 0.525599, 0.649627, 

0.0051373, 0.0214355, 0.655905, 0.0234141, 0.0236586, 0.306946, 0.0306736, 0.203761, 0.0734441, 0.184399, 0.0320204, 0.0648914, 0.164505, 39.8814, 16245.2, 0.0446901, 944.692, 0.305217, 0.182431, 0.0920169, 0.0250812, 0.0276336, 0.0835889, 0.240467, 24.4353, 0.152374, 0.116415, 0.00745848, 0.134595, 0.13247, 0.00200503, 0.0329806, 0.0414809, 0.0450751, 0.0430612, 1668.98, 2572.54, 0.0898259, 0.0307785, 0.0282355, 0.222408, 0.142301, 0.224202, 0.0742122, 0.03717, 0.0649725, 0.0564672, 0.0901104, 0.348295, 0.394796, 

0.0051373, 0.0214355, 0.49925, 0.0234141, 0.306946, 0.0306736, 0.184399, 0.134595, 0.0920169, 0.0450751, 0.0320204, 0.0648914, 0.164505, 550.57, 0.0446901, 0.182431, 2337.61, 0.0898259, 0.0307785, 0.0236586, 0.0250812, 0.0247689, 0.0835889, 0.240467, 24.4353, 0.13247, 555.496, 0.116415, 0.0734441, 0.00745848, 0.00200503, 0.0163008, 0.0414809, 1668.98, 2572.54, 1052.74, 0.0268413, 0.0430612, 0.152374, 0.0282355, 0.142301, 0.0742122, 0.03717, 0.0649725, 0.0564672, 0.0901104, 0.0276336, 0.0329806, 0.203761, 0.305217, 

0.0051373, 0.0214355, 0.0234141, 0.306946, 0.0306736, 0.134595, 14.5956, 0.184399, 0.203761, 0.00745848, 0.0320204, 0.0648914, 0.164505, 550.57, 0.0446901, 0.182431, 2337.61, 0.0236586, 0.0307785, 0.0898259, 0.0250812, 0.0247689, 0.0835889, 24.4353, 14.9177, 0.116415, 0.0734441, 0.0450751, 0.0920169, 0.0268413, 0.00200503, 0.0163008, 1.46594, 1052.74, 0.152374, 0.0282355, 24.6784, 0.0430612, 0.0414809, 0.13247, 0.142301, 0.0742122, 0.03717, 0.0649725, 0.0564672, 0.0901104, 0.0276336, 0.0329806, 0.240467, 0.305217, 

0.0051373, 0.0129489, 0.0234141, 0.306946, 0.0306736, 0.134595, 0.501053, 0.203761, 0.0446901, 0.0430612, 0.0320204, 0.03717, 0.182431, 0.0307785, 0.0898259, 35.6107, 288.54, 0.00745848, 0.13247, 0.240467, 0.0250812, 0.0247689, 0.0835889, 24.4353, 0.116415, 0.0268413, 97.0721, 0.0236586, 0.0734441, 0.0450751, 0.00200503, 0.0163008, 1052.74, 0.152374, 0.0282355, 0.0414809, 786.373, 0.0920169, 0.184399, 0.164505, 0.142301, 0.0742122, 0.0648914, 0.0649725, 0.0564672, 0.0901104, 0.0276336, 0.0329806, 0.305217, 1.46594, 

Best:
0.966325	0.930833	

Fitness Evaluations:
3263

End Population
(1.012936e+00), (1.018990e+00), (8.969442e-01), (8.093342e-01), (8.469840e-01), (7.173409e-01), (5.111878e-01), (2.873913e-01), (9.772296e-01), (9.723429e-01), (7.493688e-01), (5.347619e-01), (6.630376e-01), (5.018691e-01), (6.833149e-01), (4.347522e-01), (9.213606e-01), (8.685283e-01), (7.928395e-01), (6.273875e-01), (8.239673e-01), (6.821360e-01), (9.081001e-01), (8.415941e-01), (1.425929e+00), (2.030089e+00), (8.701591e-01), (7.689750e-01), (7.774140e-01), (6.244427e-01), (1.292068e+00), (1.073408e+00), (-3.546218e-01), (1.818994e+00), (1.029161e+00), (1.067301e+00), (8.557299e-01), (7.656886e-01), (1.082620e+00), (1.123729e+00), (9.719375e-01), (9.602490e-01), (8.837097e-01), (7.915473e-01), (7.257558e-01), (5.358752e-01), (-8.183978e-01), (1.129435e+00), (6.662163e-01), (4.367704e-01), (8.700043e-01), (7.668787e-01), (-1.636913e+00), (1.730174e+00), (9.329308e-01), (8.842020e-01), (8.075730e-01), (6.712571e-01), (8.036728e-01), (6.539713e-01), (9.663254e-01), (9.308335e-01), (8.999939e-01), (8.179261e-01), (-1.230714e+00), (-1.722262e+00), (6.806407e-01), (4.408253e-01), (9.319879e-01), (8.839670e-01), (8.623469e-01), (7.586529e-01), (-4.216195e-01), (-2.622865e+00), (7.624721e-01), (6.002309e-01), (5.716453e-01), (3.297971e-01), (1.185201e+00), (1.368618e+00), (6.344007e-01), (4.117585e-01), (9.371337e-01), (9.047261e-01), (7.973136e-01), (6.511393e-01), (7.491567e-01), (5.567079e-01), (1.230155e+00), (1.519194e+00), (8.557663e-01), (7.586623e-01), (9.321067e-01), (8.839966e-01), (8.903901e-01), (8.072742e-01), (4.475717e-01), (1.996920e-01), (8.315083e-01), (8.113038e-01), 