Iterations: 50
Function Evaluations Limit: 150000
Population: 50

Prides Length: 4

Percent Nomads: 0.2
Percent Roaming: 0.2
Percent Sex: 0.8

Mating Rate: 0.3
Mutation Probability: 0.2
Immigration Rate: 0.4

Dimensions: 2
N-Dimension Space: -5:5

Fitness Iterations:
1.39209
5272.68, 446.791, 20.5698, 15542.3, 450.84, 1269.98, 28054.5, 27465.3, 50341.5, 30273.8, 58.175, 187.582, 4859.92, 21910.8, 5.2504, 1490.66, 2982, 46827.8, 76076.5, 1970.67, 19374, 9636.1, 783.174, 54847.2, 22944.2, 74259.3, 51061.8, 41136.9, 59579.8, 1314.57, 23672, 6232, 64965.9, 253.399, 782.676, 33.9161, 50676.8, 168.433, 1480.53, 23450, 7511.95, 4.85508, 1.39209, 5467.1, 129.272, 69954.7, 57035.9, 1045.32, 14101.8, 16353.4, 

1.39209, 138.093, 1269.98, 28054.5, 27465.3, 50341.5, 131.551, 782.676, 170.977, 450.84, 15.3266, 18.3532, 917.576, 2982, 72.4488, 10.0235, 1970.67, 168.433, 560.73, 20.5698, 187.582, 6232, 3341.04, 2852.66, 59579.8, 1314.57, 32437.8, 271.735, 33.9161, 404.497, 129.272, 242.797, 48726.2, 253.399, 11642.4, 692.286, 914.849, 1.05345, 194.861, 5.2504, 446.791, 4.85508, 268.06, 1045.32, 664.372, 352.711, 267.081, 891.664, 783.174, 788.18, 

1.39209, 0.56984, 28054.5, 27465.3, 603.228, 131.551, 170.977, 153.768, 72.4488, 14.3442, 0.144908, 18.3532, 4.07762, 10.0235, 1970.67, 168.433, 560.73, 700.61, 103.064, 387.275, 43.7853, 4.45212, 2037.59, 10061.8, 23.835, 404.497, 1826.05, 1.05345, 5.2504, 33.9161, 4.85508, 42.9658, 253.399, 11642.4, 692.286, 914.849, 11.4309, 8.56587, 20.5698, 450.84, 129.272, 267.081, 54.1359, 149.643, 143.166, 15.3266, 165.133, 48.3942, 782.676, 783.174, 

1.39209, 0.56984, 27465.3, 131.551, 36.2137, 14.3442, 9.89602, 11.4309, 1.05345, 8.56587, 0.144908, 6.92166, 10.0235, 1119.44, 700.61, 94.2288, 387.275, 34.9435, 5.2504, 72.4488, 14.1609, 4.45212, 411.539, 10061.8, 33.9161, 6597.51, 4977.42, 23.835, 97.1591, 1.78382, 4.85508, 3.6769, 692.286, 914.849, 20.5698, 25.4967, 975.424, 9.85976, 4.07762, 57.0615, 54.1359, 18.3532, 43.7853, 48.3942, 38.2399, 15.3266, 66.0842, 54.491, 153.768, 168.433, 

1.39209, 0.56984, 27465.3, 0.834944, 11.4309, 8.56587, 264.406, 1.05345, 57.0615, 14.3442, 0.144908, 6.92166, 699.992, 700.61, 34.9435, 5.2504, 2326.82, 20.5698, 25.4967, 1.20687, 5.37837, 4.45212, 10061.8, 6597.51, 97.1591, 1.78382, 3540.82, 2.41667, 33.9161, 23.835, 4.85508, 3.6769, 692.286, 914.849, 605.859, 9.85976, 4.07762, 2.66222, 26.8416, 10.0235, 54.1359, 18.3532, 43.7853, 48.3942, 38.2399, 15.3266, 6.92241, 30.4039, 72.4488, 94.2288, 

0.876888, 0.56984, 8.56587, 264.406, 57.0615, 169.685, 859.154, 5.2504, 0.881004, 11.4309, 0.144908, 6.92166, 220.881, 67.7883, 34.9435, 1770.42, 24.6214, 4.07762, 20.5698, 0.834944, 5.37837, 4.45212, 1.78382, 3540.82, 2.41667, 33.9161, 3724.28, 8.34625, 23.835, 25.4967, 4.85508, 3.6769, 344.35, 486.76, 9.85976, 2.66222, 15.6967, 10.0235, 1.20687, 1.05345, 18.3532, 43.7853, 38.2399, 15.3266, 6.92241, 30.4039, 39.8164, 8.07762, 26.8416, 58.8574, 

0.876888, 0.56984, 8.56587, 90.1504, 5.2504, 0.881004, 12513.9, 36.3856, 28.8222, 1.98255, 0.144908, 2.7185, 26.4404, 34.9435, 23.7874, 7.4373, 0.834944, 1.05345, 11.4309, 23.835, 1.54878, 2.54166, 1.78382, 1744.83, 2.41667, 33.9161, 25.4967, 8.34625, 4.07762, 1.20687, 4.85508, 3.6769, 486.76, 9.85976, 2.66222, 14.3735, 74.4408, 57.0615, 26.8416, 15.6967, 18.3532, 15.3266, 6.92241, 8.07762, 5.37837, 5.9726, 17.6695, 14.3735, 58.8574, 67.7883, 

0.876888, 0.56984, 8.56587, 90.1504, 36.3856, 1.98255, 478.631, 1.78382, 7.4373, 5.2504, 0.144908, 2.7185, 26.4404, 23.7874, 1.05345, 11.4309, 62.2516, 0.881004, 33.9161, 26.8416, 1.54878, 2.54166, 1744.83, 25.4967, 8.34625, 4.07762, 182.364, 18.6433, 2.41667, 9.85976, 4.30324, 3.6769, 2.66222, 5.61151, 15.6967, 1.68895, 23979.5, 0.834944, 28.8222, 1.20687, 18.3532, 15.3266, 6.92241, 4.85508, 5.37837, 5.9726, 17.6695, 14.3735, 34.9435, 45.7857, 

0.876888, 0.56984, 8.56587, 1.98255, 478.631, 1.78382, 49.1785, 4.07762, 18.2573, 9.85976, 0.144908, 2.7185, 25.7437, 56.3724, 0.881004, 26.8416, 23.0725, 33.9161, 1.68895, 15.6967, 1.54878, 2.54166, 25.4967, 6.84706, 182.364, 2.41667, 628.728, 11.4309, 2.66222, 7.4373, 3.40589, 1.01208, 3.42961, 23979.5, 0.834944, 28.8222, 1.20687, 13.4739, 1.05345, 5.2504, 15.3266, 6.92241, 4.85508, 5.37837, 5.9726, 14.3735, 7.74948, 4.30324, 34.9435, 36.3856, 

0.876888, 0.56984, 8.56587, 1.98255, 18.2573, 8.2942, 1770.38, 2.41667, 15.6967, 21.5932, 0.144908, 2.7185, 25.7437, 0.881004, 26.8416, 33.9161, 1.68895, 13.4739, 1.20687, 2.66222, 1.54878, 2.54166, 25.4967, 628.728, 11.4309, 7.4373, 34.0384, 6.84706, 23.6651, 3.42961, 1.07199, 1.01208, 0.834944, 28.8222, 1.05345, 5.2504, 1049.44, 4.07762, 1.78382, 3.87946, 6.92241, 4.85508, 5.37837, 5.9726, 7.74948, 4.30324, 5.77598, 4.42697, 34.9435, 36.3856, 

0.876888, 0.56984, 1.98255, 8.2942, 1158.21, 2.41667, 15.6967, 1.78382, 1.20687, 2.66222, 0.144908, 2.47404, 25.7437, 33.9161, 13.4739, 1699.7, 18.4641, 18.2573, 3.87946, 1.05345, 1.54878, 1.99894, 25.4967, 7.4373, 34.0384, 3.42961, 4299.16, 6.84706, 0.881004, 8.56587, 1.07199, 1.01208, 0.834944, 5.2504, 4.07762, 496.308, 821.668, 21.5932, 8.62197, 1.68895, 6.92241, 4.85508, 5.37837, 5.9726, 7.74948, 4.30324, 5.77598, 4.42697, 23.6651, 26.8416, 

0.876888, 0.56984, 1158.21, 15.6967, 1.78382, 1.20687, 2288.19, 8.2942, 2.41667, 1.98255, 0.0638311, 2.47404, 1.21073, 33.9161, 1.3373, 0.0111457, 2.71439, 8.62197, 1.68895, 21.255, 1.54878, 1.99868, 3.42961, 6.84706, 0.881004, 8.56587, 7223.87, 18.4641, 3.87946, 2.66222, 1.07199, 1.01208, 0.834944, 4.07762, 821.668, 21.5932, 11.8058, 5.2504, 13.4739, 7.4373, 4.85508, 5.37837, 5.9726, 4.30324, 5.77598, 4.42697, 4.08735, 1.99894, 23.6651, 25.4967, 

0.876888, 0.56984, 1158.21, 15.6967, 0.99495, 53.7159, 23.1115, 11.8058, 0.249871, 1.98255, 0.0638311, 0.260017, 1.21073, 0.213581, 8.62197, 21.255, 19.9871, 2.41667, 8.2942, 2.71439, 1.54878, 1.99868, 6.84706, 0.881004, 18.4641, 3.87946, 2.66222, 1.68895, 8.56587, 1.20687, 1.07199, 1.01208, 0.834944, 5.2504, 13.4739, 7.4373, 4041.7, 4.07762, 0.0111457, 2.81061, 4.85508, 5.37837, 4.30324, 5.77598, 4.42697, 4.08735, 1.99894, 2.47404, 21.5932, 23.6651, 

0.876888, 0.56984, 15.6967, 23.1115, 11.8058, 0.249871, 5565.98, 2.41667, 0.99495, 2.71439, 0.0638311, 0.260017, 1.21073, 8.62197, 19.9871, 8.2942, 192.114, 13.4739, 21.255, 2.66222, 1.54878, 1.99868, 0.881004, 3.87946, 1.68895, 8.56587, 1.20687, 18.4641, 1.98255, 0.213581, 0.904814, 1.01208, 0.834944, 5.2504, 7.4373, 0.0111457, 4604.55, 4.07762, 6.84706, 2.81061, 4.85508, 5.37837, 4.30324, 4.42697, 4.08735, 1.99894, 2.47404, 4.74364, 21.5932, 23.6651, 

0.876888, 0.56984, 15.6967, 5565.98, 2.41667, 155.634, 90.0719, 3.76569, 3.87946, 0.0111457, 0.0638311, 0.260017, 8.62197, 19.9871, 8.2942, 13.4739, 27.8356, 1.21073, 2.71439, 0.249871, 1.54878, 1.99868, 0.881004, 1.68895, 1.20687, 0.213581, 159.719, 1.98255, 0.99495, 11.8058, 0.904814, 1.01208, 0.834944, 7.4373, 2463.7, 4.07762, 2.81061, 6.84706, 2.66222, 8.56587, 4.85508, 4.30324, 4.42697, 4.08735, 1.99894, 2.47404, 4.74364, 2.06434, 18.4641, 21.255, 

0.876888, 0.56984, 2.41667, 155.634, 90.0719, 3.87946, 0.0111457, 1.98255, 0.881004, 0.249871, 0.0638311, 0.260017, 8.62197, 13.4739, 27.8356, 59.2136, 6.85771, 1.20687, 2.81061, 7.4373, 1.44387, 1.99868, 1.68895, 0.213581, 159.719, 0.99495, 2822.13, 3.76569, 11.1714, 2.71439, 0.837605, 1.01208, 0.834944, 4.07762, 6.84706, 2.66222, 8.56587, 8.2942, 1.21073, 3.20567, 4.30324, 4.42697, 4.08735, 1.99894, 2.47404, 2.06434, 3.20897, 3.38081, 11.8058, 15.6967, 

0.876888, 0.56984, 2.41667, 0.0111457, 0.881004, 168.242, 19291.2, 0.249871, 2.81061, 11.7121, 0.0638311, 0.260017, 13.4739, 6.85771, 1.20687, 1.08329, 13.9741, 6.84706, 1.98255, 1.68895, 1.44387, 1.04853, 0.213581, 0.99495, 769.997, 3.76569, 11.1714, 2.71439, 4.07762, 1.21073, 0.837605, 0.907223, 0.834944, 2.66222, 8.56587, 8.2942, 3.20567, 3.87946, 7.4373, 8.62197, 4.30324, 4.08735, 1.99894, 2.47404, 2.06434, 3.20897, 3.38081, 1.01208, 11.8058, 15.6967, 

0.876888, 0.56984, 2.41667, 0.881004, 168.242, 2.81061, 22.1719, 4.07762, 6.85771, 11.8058, 0.0638311, 0.260017, 1.08329, 13.9741, 6.84706, 1.98255, 1.68895, 2.71439, 3.20567, 8.62197, 1.44387, 1.04853, 0.213581, 0.99495, 769.997, 3.76569, 11.1714, 0.249871, 7.4451, 0.0111457, 0.837605, 0.907223, 0.834944, 2.66222, 8.56587, 3.87946, 7.4373, 1.20687, 1.21073, 11.7121, 4.30324, 4.08735, 1.99894, 2.47404, 2.06434, 3.20897, 3.38081, 1.01208, 13.4739, 15.6967, 

0.876888, 0.56984, 22.1719, 4.07762, 6.85771, 11.8058, 1.28063, 2.71439, 1.08329, 8.56587, 0.0638311, 0.260017, 6.84706, 1.98255, 1.68895, 3.20567, 8.62197, 0.834944, 0.881004, 2.41667, 0.101209, 0.582331, 0.213581, 0.99495, 401.101, 0.249871, 0.0111457, 11.1714, 7.4451, 1.21073, 0.837605, 0.907223, 2.66222, 3.87946, 7.4373, 11.7121, 7595.44, 3.76569, 1.20687, 0.19667, 4.30324, 4.08735, 1.99894, 2.47404, 2.06434, 3.20897, 3.38081, 1.01208, 13.4739, 13.9741, 

0.0520462, 0.56984, 22.1719, 1.28063, 2.71439, 1.08329, 4.19388, 0.19667, 2.66222, 2.41667, 0.0638311, 0.260017, 1.98255, 1.68895, 3.20567, 8.62197, 38959.9, 1.20687, 0.213581, 1.21073, 0.101209, 0.582331, 333.653, 0.249871, 0.0111457, 7.4451, 187.05, 0.99495, 0.834944, 1.69645, 0.837605, 0.907223, 3.87946, 7.4373, 11.7121, 53.6773, 1.34109, 1.45628, 0.881004, 3.76569, 4.08735, 1.99894, 2.47404, 2.06434, 3.20897, 3.38081, 1.01208, 2.28245, 4.07762, 5.08881, 

0.0520462, 0.56984, 2.71439, 1.08329, 4.19388, 2.49252, 55.717, 1.20687, 2.41667, 2.66222, 0.0638311, 0.260017, 1.98255, 1.68895, 38959.9, 0.213581, 64.1412, 1.7961, 3.20567, 1.45628, 0.101209, 0.314463, 0.249871, 0.834944, 1.69645, 2.14705, 65.603, 1.21073, 3.76569, 0.0111457, 0.837605, 0.907223, 7.4373, 11.7121, 1.34109, 0.881004, 1.30652, 0.99495, 1.28063, 0.19667, 1.99894, 2.47404, 2.06434, 3.20897, 1.01208, 2.28245, 2.4852, 1.76342, 3.87946, 4.07762, 

0.0520462, 0.56984, 1.08329, 4.19388, 2.49252, 1.20687, 72.717, 2.41667, 0.19667, 1.98255, 0.0638311, 0.260017, 1.68895, 0.213581, 45.8659, 1.45628, 207.538, 2.66222, 1.28063, 0.881004, 0.101209, 0.132057, 0.249871, 0.834944, 1.69645, 65.603, 1.21073, 1.30652, 0.0111457, 1.7961, 0.837605, 0.907223, 7.4373, 11.7121, 1.34109, 0.99495, 81.5814, 2.71439, 2.14705, 3.20567, 1.99894, 2.47404, 2.06434, 3.20897, 1.01208, 2.28245, 2.4852, 1.76342, 3.76569, 3.87946, 

0.0520462, 0.56984, 1.08329, 4.19388, 2.49252, 1.20687, 0.19667, 3.76569, 1.45628, 2.14705, 0.0638311, 0.260017, 0.213581, 2.66222, 1.28063, 0.881004, 3.18163, 0.834944, 1.68895, 2.41667, 0.101209, 0.132057, 1.21073, 1.30652, 0.0111457, 1.7961, 2300.95, 7.4373, 2.71439, 1.69645, 0.837605, 0.907223, 1.34109, 0.99495, 3.20567, 1386.16, 5648.12, 0.249871, 1.98255, 3.87946, 1.99894, 2.47404, 2.06434, 3.20897, 1.01208, 2.28245, 2.4852, 1.76342, 11.7121, 43.8413, 

0.0520462, 0.56984, 1.08329, 4.19388, 2.49252, 3.76569, 270.553, 1.7961, 0.249871, 0.213581, 0.0638311, 0.260017, 0.0722246, 0.881004, 0.834944, 1.68895, 15.7968, 1.45628, 0.99495, 2.14705, 0.101209, 0.132057, 1.21073, 1.30652, 2300.95, 1.69645, 288.985, 0.0111457, 2.41667, 0.19667, 0.837605, 0.676187, 1386.16, 1515.33, 1.98255, 163.679, 4.94991, 2.66222, 1.34109, 1.20687, 1.99894, 2.47404, 2.06434, 3.20897, 1.01208, 2.28245, 2.4852, 1.76342, 2.71439, 3.18163, 

0.0520462, 0.228425, 2.49252, 3.76569, 270.553, 0.249871, 1317.9, 1.7961, 0.213581, 0.834944, 0.0638311, 0.260017, 0.868581, 1.68895, 15.7968, 0.99495, 5.40756, 0.0722246, 1.34109, 1.45628, 0.101209, 0.132057, 1.21073, 1.30652, 0.0111457, 0.19667, 13636.3, 2.14705, 2.66222, 2.41667, 0.56984, 0.676187, 196.883, 286.715, 1.98255, 4.94991, 1.20687, 1.08329, 1.69645, 0.104951, 1.99894, 2.47404, 2.06434, 1.01208, 2.28245, 1.76342, 0.837605, 1.76149, 2.71439, 3.18163, 

0.0520462, 0.228425, 3.76569, 0.249871, 1317.9, 0.213581, 7.33198, 0.0991074, 1.69645, 0.834944, 0.0638311, 0.260017, 0.868581, 15.7968, 0.0722246, 1.34109, 7.24681, 1.30652, 1.7961, 0.99495, 0.101209, 0.0766447, 0.0111457, 5654.68, 2.41667, 31.0862, 103.277, 1.68895, 1.08329, 2.49252, 0.56984, 0.676187, 196.883, 1.98255, 1.20687, 0.104951, 6969.12, 2.14705, 1.45628, 0.19667, 1.99894, 2.47404, 2.06434, 1.01208, 2.28245, 1.76342, 0.837605, 1.76149, 2.66222, 2.71439, 

0.0520462, 0.228425, 3.76569, 7.33198, 0.0991074, 1.69645, 0.434318, 0.0111457, 0.249871, 2.41667, 0.0638311, 0.260017, 0.868581, 9.9938, 1.34109, 1.30652, 1.7961, 0.0722246, 0.834944, 0.104951, 0.0409396, 0.0766447, 5654.68, 103.277, 1.68895, 938.297, 7448.74, 0.19667, 1.98255, 0.213581, 0.405888, 0.652195, 196.883, 1.20687, 6969.12, 1.45628, 33356.4, 2.14705, 1.08329, 0.99495, 1.99894, 2.06434, 1.01208, 2.28245, 1.76342, 0.837605, 1.76149, 0.56984, 2.49252, 2.66222, 

0.0520462, 0.228425, 0.0991074, 1.69645, 0.434318, 0.0111457, 1.90104, 2.66222, 1.98255, 2.49252, 0.0638311, 0.260017, 1.30652, 0.653218, 0.834944, 0.104951, 254.086, 0.0722246, 0.868581, 1.20687, 0.0409396, 0.0766447, 103.277, 206.559, 53.3894, 0.19667, 35.0146, 2.14705, 1.08329, 1.34109, 0.405888, 0.652195, 6925.18, 1.45628, 8740.6, 0.99495, 9.10176, 0.213581, 0.249871, 1.68895, 1.99894, 2.06434, 1.01208, 2.28245, 1.76342, 0.837605, 1.76149, 0.56984, 3.76569, 6.53979, 

0.0520462, 0.228425, 0.0991074, 1.90104, 2.66222, 1.98255, 4.53277, 1.34109, 2.14705, 0.0722246, 0.0638311, 0.260017, 0.834944, 254.086, 0.868581, 1.20687, 208.295, 0.104951, 1.69645, 0.653218, 0.0409396, 0.0766447, 206.559, 6.53746, 0.19667, 1.08329, 11304.3, 0.99495, 1.45628, 0.434318, 0.405888, 0.56984, 904.63, 0.249871, 1.68895, 262.145, 73.694, 1.30652, 0.0111457, 0.213581, 1.99894, 2.06434, 1.01208, 1.76342, 0.837605, 1.76149, 0.652195, 2.20286, 2.49252, 3.29917, 

0.0520462, 0.228425, 0.0991074, 1.90104, 2.66222, 1.34109, 0.0722246, 0.0111457, 0.434318, 1.08329, 0.0638311, 0.260017, 0.834944, 1.20687, 208.295, 0.104951, 5.54039, 1.69645, 2.14705, 0.653218, 0.0409396, 0.0766447, 206.559, 0.19667, 6061.46, 0.99495, 808.958, 0.249871, 3.29917, 0.868581, 0.405888, 0.56984, 1.68895, 73.694, 1.30652, 0.213581, 6504.66, 2.49252, 1.98255, 1.45628, 1.99894, 2.06434, 1.01208, 1.76342, 0.837605, 1.76149, 0.652195, 2.20286, 4.53277, 6.53746, 

0.0520462, 0.179244, 2.66222, 0.409916, 1.08329, 253.992, 0.184337, 1.98255, 1.90104, 1.20687, 0.0638311, 0.260017, 5.54039, 2.14705, 0.653218, 44.3076, 274.241, 0.104951, 0.0111457, 1.30652, 0.0409396, 0.0766447, 206.559, 0.19667, 0.249871, 0.868581, 78.4694, 1.34109, 1.69645, 0.0991074, 0.224411, 0.55401, 1.68895, 0.213581, 6504.66, 1.45628, 1077.36, 0.0722246, 0.99495, 0.834944, 1.99894, 2.06434, 1.01208, 1.76342, 0.837605, 1.76149, 0.652195, 0.405888, 2.49252, 3.29917, 

0.0520462, 0.179244, 2.66222, 253.992, 0.184337, 1.90104, 1.20687, 1.68895, 0.834944, 0.104951, 0.0638311, 0.260017, 0.653218, 44.3076, 274.241, 0.0111457, 1.30652, 0.0722246, 1.98255, 3.29917, 0.0409396, 0.0766447, 0.249871, 0.868581, 1.69645, 0.0991074, 667.127, 0.19667, 0.409916, 2.14705, 0.224411, 0.405888, 0.213581, 171.092, 1.45628, 0.99495, 36.2171, 1.34109, 1.08329, 2.49252, 1.99894, 2.06434, 1.01208, 1.76342, 0.837605, 1.76149, 0.652195, 0.55401, 4.30885, 5.54039, 

0.0520462, 0.179244, 253.992, 1.68895, 0.834944, 0.104951, 1567.09, 2.66222, 2.49252, 1.20687, 0.0638311, 0.127917, 274.241, 0.0111457, 1.30652, 1.98255, 8.85438, 1.90104, 0.868581, 0.19667, 0.0409396, 0.0766447, 0.249871, 1.69645, 0.0991074, 2.14705, 0.149219, 0.184337, 0.0722246, 0.409916, 0.172893, 0.405888, 0.213581, 0.99495, 36.2171, 1.08329, 7347.33, 1.34109, 0.653218, 1.45628, 1.99894, 1.01208, 1.76342, 0.837605, 1.76149, 0.652195, 0.55401, 0.260017, 3.29917, 4.30885, 

0.0329055, 0.179244, 1.68895, 0.104951, 1567.09, 2.66222, 29.5993, 1.69645, 1.98255, 1.30652, 0.0638311, 0.0717321, 274.241, 8.85438, 1.90104, 0.868581, 4144.56, 0.213581, 1.20687, 0.834944, 0.0409396, 0.0766447, 0.249871, 0.0991074, 2.14705, 0.184337, 0.0722246, 0.149219, 0.19667, 0.409916, 0.172893, 0.260017, 0.99495, 1.34109, 0.653218, 1.45628, 375.095, 0.0111457, 1.08329, 2.49252, 1.99894, 1.01208, 1.76342, 0.837605, 1.76149, 0.652195, 0.55401, 0.405888, 3.29917, 4.30885, 

0.0329055, 0.179244, 1567.09, 29.5993, 1.69645, 1.98255, 1.30652, 0.19667, 0.409916, 0.149219, 0.0638311, 0.0717321, 274.241, 8.85438, 1.90104, 0.868581, 0.213581, 1.20687, 0.99495, 0.834944, 0.0409396, 0.0766447, 0.249871, 0.0991074, 2.14705, 0.184337, 25377.2, 0.104951, 1.45628, 1.68895, 0.172893, 0.260017, 0.653218, 0.0111457, 1.08329, 2.49252, 1600.66, 2.09279, 1.34109, 0.0722246, 1.99894, 1.01208, 1.76342, 0.837605, 1.76149, 0.652195, 0.55401, 0.405888, 2.66222, 3.29917, 

0.0329055, 0.179244, 1567.09, 29.5993, 0.033217, 1.98255, 0.149219, 0.104951, 0.0991074, 0.409916, 0.0638311, 0.0717321, 1.90104, 0.213581, 1.20687, 0.834944, 1590.65, 1.08329, 0.19667, 1.68895, 0.0409396, 0.0766447, 0.249871, 2.14705, 0.184337, 25377.2, 160.996, 0.868581, 0.99495, 1.45628, 0.172893, 0.260017, 0.0111457, 2.49252, 1600.66, 1.34109, 8226.78, 0.653218, 1.30652, 0.0722246, 1.99894, 1.01208, 1.76342, 0.837605, 1.76149, 0.652195, 0.55401, 0.405888, 2.09279, 2.66222, 

0.0329055, 0.179244, 29.5993, 0.033217, 1.98255, 0.149219, 7103.39, 1.20687, 0.409916, 0.834944, 0.0638311, 0.0717321, 1.90104, 0.213581, 0.19667, 1.68895, 429.781, 0.0111457, 1.34109, 1.45628, 0.0409396, 0.0766447, 0.249871, 2.14705, 0.184337, 0.99495, 27282, 0.104951, 0.0991074, 0.0722246, 0.172893, 0.0103869, 2.49252, 0.257865, 1.30652, 1847.46, 171.559, 0.653218, 1.08329, 0.868581, 1.99894, 1.01208, 1.76342, 0.837605, 1.76149, 0.652195, 0.55401, 0.405888, 2.09279, 2.66222, 

0.0329055, 0.0794235, 0.033217, 1.98255, 3337.33, 1.20687, 0.409916, 1.34109, 0.868581, 0.249871, 0.0638311, 0.0717321, 0.213581, 0.19667, 1.68895, 1.45628, 2081.14, 0.653218, 0.0703553, 1.30652, 0.0409396, 0.0766447, 2.14705, 0.99495, 27282, 0.104951, 3776.45, 0.0722246, 0.0991074, 0.0111457, 0.172893, 0.0103869, 0.257865, 1847.46, 1.08329, 759.472, 1.40503, 0.184337, 0.149219, 0.834944, 1.01208, 1.76342, 0.837605, 1.76149, 0.652195, 0.55401, 0.405888, 0.179244, 1.90104, 2.09279, 

0.0329055, 0.0794235, 328.742, 1.20687, 0.409916, 1.34109, 154.933, 1.22032, 0.033217, 0.868581, 0.0554, 0.0717321, 0.213581, 0.19667, 2081.14, 0.653218, 7.74559, 0.104951, 0.834944, 0.0703553, 0.0409396, 0.0766447, 114.501, 0.0722246, 0.0991074, 0.0111457, 2.01827, 0.184337, 1.30652, 1.08329, 0.172893, 0.00739957, 0.257865, 1847.46, 759.472, 1.40503, 11002.2, 0.99495, 0.249871, 0.149219, 1.01208, 1.76342, 0.837605, 1.76149, 0.652195, 0.55401, 0.405888, 0.179244, 1.45628, 1.68895, 

0.0329055, 0.0794235, 328.742, 1.20687, 0.409916, 1.34109, 1.22032, 0.149219, 0.213581, 0.868581, 0.0554, 0.0717321, 0.653218, 7.74559, 0.0703553, 28.6884, 58.2408, 0.0111457, 1.30652, 0.033217, 0.0409396, 0.0219812, 114.501, 0.0722246, 2.01827, 0.184337, 1.08329, 0.834944, 0.257865, 0.19667, 0.13817, 0.00656192, 759.472, 1.40503, 11002.2, 0.99495, 0.249871, 0.0991074, 0.0269202, 0.104951, 1.01208, 0.837605, 1.76149, 0.652195, 0.55401, 0.405888, 0.179244, 0.0766447, 1.45628, 1.68895, 

0.0329055, 0.072323, 328.742, 0.409916, 1.34109, 1.22032, 0.868581, 0.653218, 0.0269202, 0.149219, 0.0554, 0.0717321, 7.74559, 28.6884, 0.033217, 642.333, 12870.2, 0.0703553, 0.0111457, 0.184337, 0.0409396, 0.0219812, 114.501, 0.0722246, 2.01827, 0.834944, 0.19667, 1.08329, 0.257865, 0.99495, 0.0766447, 0.00656192, 759.472, 11002.2, 0.249871, 0.104951, 6526.08, 0.0991074, 0.213581, 0.0955642, 1.01208, 0.837605, 0.652195, 0.55401, 0.405888, 0.179244, 0.13817, 0.0794235, 1.20687, 1.30652, 

0.0329055, 0.072323, 328.742, 1.34109, 0.653218, 0.0269202, 10.437, 0.184337, 0.409916, 0.868581, 0.0554, 0.0717321, 28.6884, 642.333, 12870.2, 0.0111457, 9.04104, 0.0955642, 0.257865, 0.249871, 0.0409396, 0.0219812, 114.501, 2.01827, 0.834944, 0.99495, 303.526, 0.033217, 0.149219, 0.19667, 0.0766447, 0.00656192, 759.472, 11002.2, 0.104951, 5612.39, 0.0991074, 0.0703553, 0.0722246, 0.213581, 1.01208, 0.837605, 0.652195, 0.55401, 0.405888, 0.179244, 0.13817, 0.0794235, 1.08329, 1.20687, 

0.0329055, 0.072323, 0.653218, 0.0269202, 10.437, 0.184337, 0.409916, 1.08329, 8.31477, 0.0991074, 0.0554, 0.0717321, 52.9509, 12870.2, 0.0111457, 0.0955642, 0.257865, 0.868581, 9.04104, 0.033217, 0.0409396, 0.0219812, 0.834944, 0.99495, 0.149219, 0.19667, 311.214, 1.34109, 0.249871, 1.06948, 0.0766447, 0.00656192, 194.31, 359.854, 0.0703553, 0.0722246, 0.213581, 2.01827, 1.20687, 0.104951, 1.01208, 0.837605, 0.652195, 0.55401, 0.405888, 0.179244, 0.13817, 0.0794235, 28.6884, 30.7274, 

0.0329055, 0.054439, 10.437, 0.409916, 4.93937, 0.0991074, 2.08041, 0.868581, 0.0269202, 0.0955642, 0.0554, 0.0717321, 52.9509, 6378.61, 0.257865, 0.033217, 35.3008, 0.249871, 0.653218, 0.149219, 0.0409396, 0.0219812, 0.19667, 311.214, 1.06948, 387.686, 4.96258, 0.834944, 0.0722246, 0.104951, 0.0766447, 0.00656192, 0.0703553, 0.213581, 2.01827, 1.20687, 153.404, 0.99495, 0.0111457, 0.184337, 0.652195, 0.55401, 0.405888, 0.179244, 0.13817, 0.0794235, 0.641635, 0.778559, 1.08329, 1.34109, 

0.0329055, 0.054439, 0.409916, 4.93937, 0.0269202, 2.23471, 11.6012, 0.0991074, 0.149219, 0.0722246, 0.0122212, 0.0717321, 52.9509, 0.257865, 0.249871, 0.653218, 181.829, 0.0111457, 1.08329, 0.868581, 0.0285473, 0.0219812, 0.19667, 103.698, 1.06948, 4.96258, 0.104951, 0.213581, 0.0955642, 0.033217, 0.00588634, 0.00656192, 0.0703553, 2.01827, 153.404, 0.184337, 1801.88, 0.99495, 0.834944, 1.20687, 0.652195, 0.55401, 0.405888, 0.179244, 0.13817, 0.0794235, 0.641635, 0.472113, 1.34109, 2.08041, 

0.0329055, 0.054439, 0.409916, 2.23471, 11.6012, 11.6542, 53.4805, 0.249871, 0.149219, 0.834944, 0.00809226, 0.0717321, 0.257865, 0.653218, 181.829, 1.08329, 2316.8, 0.0991074, 0.19667, 0.0111457, 0.0285473, 0.0219812, 4.96258, 0.104951, 0.213581, 0.033217, 1416.77, 1.06948, 0.0269202, 0.0955642, 0.00588634, 0.00656192, 0.0703553, 0.184337, 1.20687, 53.9612, 45.8353, 0.99495, 0.868581, 0.0722246, 0.652195, 0.55401, 0.405888, 0.179244, 0.13817, 0.0794235, 0.641635, 0.472113, 1.34109, 2.01827, 

0.0329055, 0.00649736, 2.23471, 11.6542, 53.4805, 0.249871, 162.145, 0.0955642, 1.20687, 0.99495, 0.00809226, 0.054439, 0.257865, 0.653218, 2316.8, 0.19667, 185.436, 0.0827611, 0.834944, 0.0111457, 0.0285473, 0.0219812, 0.213581, 4.9146, 1.06948, 0.0269202, 13.9602, 1.34109, 0.104951, 1.08329, 0.00588634, 0.00656192, 0.0703553, 0.184337, 4.27243, 0.868581, 0.0722246, 0.0991074, 0.149219, 0.033217, 0.55401, 0.405888, 0.179244, 0.13817, 0.0794235, 0.641635, 0.472113, 0.0717321, 2.01827, 4.7703, 

0.0329055, 0.00649736, 2.23471, 11.6542, 53.4805, 0.0955642, 1.20687, 0.257865, 0.19667, 0.249871, 0.00809226, 0.054439, 0.653218, 2316.8, 0.0827611, 0.834944, 0.0111457, 1.08329, 0.149219, 0.213581, 0.0285473, 0.0195744, 1.06948, 0.0269202, 13.9602, 1.34109, 62.2737, 2.01827, 0.0991074, 0.104951, 0.00588634, 0.00656192, 0.0703553, 0.184337, 0.868581, 0.0722246, 24.5054, 2.00547, 0.99495, 0.033217, 0.55401, 0.405888, 0.179244, 0.13817, 0.0794235, 0.641635, 0.472113, 0.0717321, 4.27243, 4.7703, 

0.0329055, 0.00649736, 2.23471, 1.20687, 0.257865, 0.19667, 297.859, 0.0955642, 0.149219, 0.0991074, 0.00809226, 0.054439, 2316.8, 0.834944, 0.0111457, 1.08329, 0.00575247, 2.00547, 0.653218, 0.0827611, 0.0285473, 0.0195744, 1.06948, 0.0269202, 1.34109, 839.694, 3316.34, 0.249871, 0.104951, 0.213581, 0.00588634, 0.00656192, 0.0703553, 0.184337, 0.868581, 24.5054, 29.2465, 0.033217, 0.99495, 0.0722246, 0.55401, 0.405888, 0.179244, 0.13817, 0.0794235, 0.472113, 0.0717321, 0.033403, 2.01827, 4.27243, 

0.0329055, 0.00649736, 1.20687, 297.859, 0.149219, 0.0991074, 0.0252199, 0.033217, 0.653218, 0.834944, 0.00499316, 0.0164467, 2316.8, 0.0111457, 1.08329, 0.00575247, 2.00547, 0.213581, 0.868581, 0.184337, 0.0285473, 0.0195744, 1.06948, 1.34109, 3316.34, 0.104951, 3.58641, 0.0269202, 0.0955642, 0.257865, 0.00588634, 0.00656192, 0.0703553, 24.5054, 0.99495, 0.0722246, 104.609, 0.19667, 0.249871, 0.0827611, 0.55401, 0.405888, 0.179244, 0.13817, 0.0794235, 0.472113, 0.0717321, 0.033403, 2.01827, 2.23471, 

0.0329055, 0.00649736, 1.20687, 297.859, 0.0252199, 0.834944, 174.813, 0.0111457, 0.653218, 0.0991074, 0.00499316, 0.0164467, 0.00575247, 2.00547, 0.868581, 33.3069, 436.8, 0.0827611, 0.184337, 0.033217, 0.0285473, 0.0195744, 1.06948, 3316.34, 0.104951, 0.257865, 130.28, 0.149219, 0.19667, 0.0955642, 0.00588634, 0.00656192, 0.0703553, 0.0722246, 104.609, 0.249871, 320.848, 0.0269202, 0.0287617, 0.213581, 0.55401, 0.405888, 0.179244, 0.13817, 0.0794235, 0.472113, 0.0717321, 0.033403, 1.08329, 1.34109, 

Best:
0.995676	0.984318	

Fitness Evaluations:
3540

End Population
(8.274785e-01), (6.791155e-01), (9.433520e-01), (8.841786e-01), (1.740983e+00), (3.112127e+00), (-9.682135e-01), (2.652036e+00), (9.536228e-01), (8.942079e-01), (1.677754e+00), (2.876145e+00), (1.686985e+00), (1.525535e+00), (9.719621e-01), (9.548884e-01), (1.642220e+00), (2.745953e+00), (1.027589e+00), (1.087299e+00), (9.956762e-01), (9.843182e-01), (9.311831e-01), (8.779236e-01), (9.341825e-01), (8.689280e-01), (1.591342e-01), (1.392715e-01), (8.804184e-02), (-1.146134e-02), (1.287148e-01), (5.870736e-01), (1.293772e+00), (-4.159233e-01), (9.866532e-01), (9.447472e-01), (8.452445e-01), (6.743898e-01), (8.228862e-01), (6.728433e-01), (9.968654e-01), (1.010634e+00), (9.911530e-01), (9.963470e-01), (3.040331e-02), (3.689147e-02), (2.420091e+00), (9.982774e-02), (6.916755e-01), (4.684718e-01), (1.052788e+00), (1.057858e+00), (-2.065488e-01), (1.177669e+00), (9.860530e-01), (1.010904e+00), (1.433512e+00), (2.045609e+00), (8.937633e-01), (8.278435e-01), (9.719844e-01), (9.518962e-01), (1.020765e+00), (1.034132e+00), (8.332874e-01), (6.737372e-01), (1.251246e+00), (1.556076e+00), (1.422441e+00), (1.001425e+00), (9.827596e-01), (1.015774e+00), (1.121873e+00), (-5.325827e-01), (9.957590e-01), (1.007938e+00), (9.318905e-01), (8.839515e-01), (7.307410e-01), (4.964218e-01), (2.557890e-01), (6.416168e-02), (6.964127e-01), (5.410017e-01), (8.450746e-01), (6.747503e-01), (9.205126e-01), (8.110321e-01), (8.346734e-01), (6.738563e-01), (7.296258e-01), (4.691864e-01), (9.847287e-01), (9.964298e-01), (1.130763e+00), (1.265855e+00), (6.661078e-02), (-4.161427e-02), (5.099663e-02), (-6.376855e-02), 