Iterations: 50
Function Evaluations Limit: 150000
Population: 50

Prides Length: 4

Percent Nomads: 0.2
Percent Roaming: 0.2
Percent Sex: 0.8

Mating Rate: 0.3
Mutation Probability: 0.2
Immigration Rate: 0.4

Dimensions: 2
N-Dimension Space: -5:5

Fitness Iterations:
0.583726
0.583726, 1798.79, 4466.17, 4924.7, 322.324, 34048.1, 136.654, 1767.75, 2.50405, 19590.3, 15618.9, 993.929, 1189.23, 685.364, 83867.1, 23297.5, 523.558, 1858.36, 537.434, 0.987594, 62668.4, 4085.47, 6046.81, 15314.6, 3193.25, 8711.44, 2064.39, 49940.6, 180.382, 8244.82, 6778.39, 1774.01, 6.87185, 881.997, 55560.3, 255.921, 1782.3, 69709.6, 64.2234, 42994.5, 37997.9, 43482.5, 1658.11, 9975.83, 42.6442, 3574.65, 1903.52, 4551.95, 52268.3, 28653.4, 

0.583726, 13.2128, 34048.1, 1767.75, 19590.3, 1702.79, 22.7733, 657.829, 136.654, 1996.14, 42.6442, 53.2523, 685.364, 23297.5, 523.558, 1858.36, 0.987594, 881.997, 537.434, 180.382, 37.0736, 620.73, 1796, 3193.25, 8711.44, 8244.82, 1499.22, 2.50405, 255.921, 0.993025, 17.8913, 153.94, 55560.3, 1782.3, 1192.35, 2685.21, 5708.77, 64.2234, 1189.23, 118.848, 261.672, 1456.46, 2249.34, 1774.01, 221.644, 69.2217, 1952.78, 1903.52, 2064.39, 4155.24, 

0.583726, 5.86973, 34048.1, 1767.75, 1162.88, 94.9089, 676.886, 22.7733, 1.44762, 14.1544, 8.38962, 37.0736, 4588.9, 1230.46, 0.987594, 881.997, 1296.83, 94.1498, 537.434, 52.5801, 3.43849, 0.328574, 535.514, 126.134, 2.50405, 0.993025, 293.735, 255.921, 685.364, 201.479, 17.8913, 153.94, 47701.1, 1782.3, 1192.35, 64.2234, 118.848, 442.819, 180.382, 523.558, 261.672, 221.644, 69.2217, 95.321, 35.4481, 31.0485, 280.135, 53.2523, 687.154, 692.769, 

0.583726, 4.57283, 34048.1, 94.9089, 676.886, 22.7733, 0.0291371, 81.753, 94.1498, 0.993025, 8.38962, 31.0485, 4588.9, 1230.46, 340.448, 140.166, 318.589, 123.368, 126.134, 52.5801, 2.33239, 0.328574, 535.514, 255.921, 337.883, 201.479, 264.461, 0.987594, 64.2234, 0.452218, 17.8913, 53.2523, 284.044, 118.848, 442.819, 310.943, 10256, 180.382, 2.50405, 14.1544, 153.94, 95.321, 37.0736, 35.4481, 85.9691, 69.2217, 142.342, 71.9791, 189, 293.735, 

0.583726, 4.252, 34048.1, 94.9089, 81.753, 94.1498, 7399.29, 0.987594, 22.7733, 6.97673, 5.18188, 18.0748, 458.292, 340.448, 140.166, 318.589, 991.701, 126.134, 118.848, 20.8231, 2.33239, 0.328574, 535.514, 201.479, 64.2234, 576.199, 4587.96, 0.452218, 115.848, 0.0291371, 13.3936, 6.02881, 13.3801, 310.943, 4.72526, 14.1544, 31.3118, 2.50405, 43.2311, 0.993025, 37.0736, 35.4481, 69.2217, 31.0485, 17.8913, 65.4122, 8.38962, 53.2523, 189, 255.921, 

0.583726, 4.252, 17947.6, 94.9089, 81.753, 7399.29, 0.987594, 43.2311, 13.3801, 0.0291371, 5.18188, 8.38962, 17.5203, 340.448, 318.589, 991.701, 439.405, 6.97673, 73.6784, 20.8231, 2.33239, 0.328574, 64.2234, 576.199, 0.452218, 438.342, 144.502, 34.9532, 22.7733, 31.3118, 7.2026, 6.02881, 4.72526, 2.50405, 0.993025, 43.3385, 338.389, 14.1544, 43.9071, 94.1498, 37.0736, 35.4481, 31.0485, 17.8913, 65.4122, 11.4304, 53.2523, 37.4275, 115.848, 118.848, 

0.583726, 4.252, 94.9089, 81.753, 286.784, 137.285, 471.931, 43.9071, 28.369, 43.2311, 5.18188, 8.38962, 318.589, 6.97673, 73.6784, 20.8231, 164.745, 14.1544, 39.7962, 0.987594, 0.714011, 0.328574, 0.452218, 438.342, 144.502, 34.9532, 22.7733, 0.0514019, 17.5203, 31.3118, 7.2026, 6.02881, 4.72526, 2.50405, 0.993025, 43.3385, 302.353, 13.3801, 0.0291371, 25.4297, 37.0736, 35.4481, 31.0485, 17.8913, 11.4304, 53.2523, 37.4275, 41.9124, 64.2234, 115.848, 

0.583726, 4.252, 286.784, 22.3013, 471.931, 43.9071, 10.2832, 26.1904, 43.2311, 14.1544, 5.18188, 8.38962, 318.589, 20.8231, 0.987594, 558.194, 2191.94, 25.4297, 43.3385, 0.452218, 0.714011, 0.328574, 34.9532, 22.7733, 0.0514019, 17.5203, 2009.44, 33.7052, 31.3118, 0.0291371, 7.2026, 6.02881, 4.72526, 0.993025, 13.3801, 15.1246, 347.403, 2.50405, 39.7962, 3.59536, 37.0736, 35.4481, 31.0485, 17.8913, 11.4304, 37.4275, 29.4181, 14.3598, 73.6784, 81.753, 

0.177826, 4.252, 22.3013, 43.9071, 10.2832, 43.2311, 741.109, 13.3801, 17.5203, 0.987594, 5.18188, 5.44898, 318.589, 43.3385, 0.452218, 2325.54, 191.77, 3.59536, 8.44141, 7.18477, 0.714011, 0.328574, 34.9532, 0.0514019, 11.2039, 1252.84, 2663.75, 14.1544, 20.8231, 2.50405, 6.02881, 1.97301, 4.72526, 0.993025, 15.1246, 39.7962, 1522.76, 0.0291371, 22.7733, 25.4297, 17.8913, 11.4304, 29.4181, 14.3598, 6.00142, 10.0528, 8.38962, 7.2026, 33.7052, 73.6784, 

0.177826, 4.252, 43.9071, 10.2832, 43.2311, 2396.94, 1776.99, 1.4018, 3.59536, 0.0514019, 2.67886, 5.38511, 318.589, 43.3385, 2325.54, 191.77, 7480.66, 13.3801, 0.452218, 3.05458, 0.714011, 0.328574, 34.9532, 11.2039, 14.1544, 2.50405, 6305.08, 8.44141, 7.18477, 7.80645, 6.02881, 1.58408, 0.993025, 15.1246, 39.7962, 0.0291371, 12095.8, 17.5203, 0.987594, 0.132128, 11.4304, 14.3598, 6.00142, 10.0528, 8.38962, 7.2026, 7.92484, 5.44898, 20.8231, 22.3013, 

0.177826, 1.10639, 43.9071, 1671.54, 0.913078, 3.59536, 348.974, 0.0514019, 0.987594, 8.44141, 2.67886, 4.252, 43.3385, 191.77, 7480.66, 0.452218, 71.5871, 13.3801, 3.05458, 0.611611, 0.714011, 0.328574, 11.2039, 14.1544, 6305.08, 7.18477, 14.7535, 7.80645, 0.132128, 2.50405, 1.58408, 0.484561, 0.993025, 15.1246, 39.7962, 0.0291371, 13.0904, 4.52807, 10.2832, 1.4018, 6.00142, 10.0528, 8.38962, 7.2026, 7.92484, 5.44898, 5.38511, 6.02881, 17.5203, 20.8231, 

0.177826, 1.10639, 0.913078, 0.0514019, 0.987594, 16.3141, 2408.51, 7.80645, 0.452218, 3.59536, 2.67886, 4.252, 1.35092, 191.77, 18.3812, 5.76925, 31.1748, 2.0936, 8.44141, 3.05458, 0.714011, 0.328574, 433.259, 14.7535, 2.50405, 718.438, 1034.74, 0.611611, 1.4018, 0.132128, 1.58408, 0.00775989, 0.882949, 39.7962, 13.0904, 10.2832, 651.503, 0.0291371, 4.52807, 7.18477, 6.00142, 10.0528, 8.38962, 7.2026, 7.92484, 5.44898, 5.38511, 6.02881, 9.03694, 10.2462, 

0.177826, 0.197461, 0.913078, 0.987594, 2408.51, 3.59536, 40.7645, 0.452218, 0.0291371, 2.50405, 2.67886, 1.7657, 1.35092, 0.419428, 8.44141, 13294.4, 8364.25, 5.76925, 1.4018, 9.03694, 0.714011, 0.328574, 433.259, 14.7535, 0.611611, 0.132128, 872.256, 0.0514019, 7.80645, 10.2832, 1.58408, 0.00775989, 39.7962, 4.52807, 7.18477, 7.98389, 32.217, 3.05458, 10.2462, 0.882949, 6.00142, 8.38962, 7.2026, 7.92484, 5.44898, 5.38511, 6.02881, 2.65893, 13.0904, 16.3141, 

0.177826, 0.197461, 2408.51, 3.59536, 0.452218, 2.50405, 67.5481, 0.987594, 1.4018, 3.05458, 1.25402, 1.7657, 13294.4, 1056.22, 9.03694, 474.857, 2613.35, 0.611611, 4.52807, 0.913078, 0.714011, 0.328574, 14.7535, 0.0514019, 7.80645, 812.72, 389.19, 7.18477, 0.132128, 1.35092, 1.58408, 0.00775989, 7.98389, 6.70414, 10.2462, 0.882949, 230.019, 0.419428, 5.76925, 0.0291371, 6.00142, 8.38962, 7.2026, 7.92484, 5.44898, 5.38511, 6.02881, 2.65893, 8.44141, 10.2832, 

0.177826, 0.197461, 2408.51, 0.452218, 2.50405, 0.987594, 33255.6, 0.419428, 3.59536, 7.98389, 1.25402, 1.15779, 13294.4, 1056.22, 9.03694, 0.611611, 341.007, 3.05458, 1.4018, 1.35092, 0.263549, 0.328574, 0.0514019, 7.80645, 812.72, 7.18477, 0.132128, 0.882949, 8.44141, 0.913078, 1.58408, 0.00775989, 6.70414, 23.6144, 5.76925, 0.0291371, 292.186, 10.2462, 1.27121, 8.85212, 6.00142, 7.2026, 7.92484, 5.44898, 5.38511, 6.02881, 2.65893, 0.714011, 10.2832, 14.7535, 

0.177826, 0.197461, 433.344, 0.452218, 0.419428, 7.98389, 39.9651, 1.4018, 7.80645, 0.987594, 0.152051, 0.0992284, 67.4401, 3.05458, 1.35092, 38.0673, 72.5324, 8.85212, 3.1166, 2.50405, 0.263549, 0.328574, 0.0514019, 812.72, 7.18477, 0.882949, 8.44141, 0.611611, 0.132128, 3.59536, 0.00775989, 0.784931, 0.0291371, 10.2462, 1.27121, 138.412, 4950.37, 0.913078, 5.76925, 6.70414, 6.00142, 7.2026, 5.44898, 5.38511, 6.02881, 2.65893, 0.714011, 1.58408, 9.03694, 10.2832, 

0.174081, 0.197461, 0.419428, 7.98389, 39.9651, 7.80645, 0.987594, 6.42626, 0.208405, 0.882949, 0.152051, 0.0992284, 1.35092, 72.5324, 8.85212, 2.50405, 0.0157486, 6.70414, 1.4018, 0.0514019, 0.263549, 0.328574, 812.72, 7.18477, 0.611611, 0.132128, 3.59536, 0.379437, 0.913078, 8.44141, 0.00775989, 0.026947, 10.2462, 1650.85, 5.76925, 184.787, 430.191, 0.452218, 0.0291371, 1.27121, 5.44898, 5.38511, 2.65893, 0.714011, 1.58408, 0.177826, 5.7084, 3.20008, 9.03694, 10.2832, 

0.174081, 0.197461, 17.2185, 7.80645, 6.42626, 0.208405, 0.882949, 0.987594, 7.54672, 7.18477, 0.152051, 0.0992284, 8.85212, 0.0157486, 6.70414, 0.0514019, 2794.18, 0.132128, 0.611611, 0.419428, 0.263549, 0.328574, 812.72, 3.59536, 0.379437, 0.913078, 8.44141, 7.98389, 2.50405, 1.35092, 0.000893637, 0.026947, 572.429, 4.6973, 0.452218, 0.0291371, 108.983, 1.4018, 5.76925, 1.27121, 5.38511, 2.65893, 0.714011, 1.58408, 0.177826, 3.20008, 1.40907, 4.45745, 9.03694, 10.2462, 

0.174081, 0.197461, 17.2185, 7.80645, 0.882949, 0.987594, 7.54672, 0.419428, 10.2462, 1.27121, 0.152051, 0.0992284, 8.85212, 0.0157486, 6.70414, 0.132128, 0.611611, 6.42626, 0.146542, 0.208405, 0.177826, 0.328574, 3.59536, 0.379437, 0.913078, 8.44141, 1.35092, 0.0514019, 7.18477, 1.79431, 0.000893637, 0.026947, 4.6973, 0.452218, 1.4018, 5.76925, 880.096, 2.50405, 0.0291371, 9.03694, 2.65893, 0.714011, 1.58408, 0.263549, 3.20008, 1.40907, 4.45745, 2.82577, 51.2749, 108.983, 

0.174081, 0.197461, 17.2185, 0.987594, 7.54672, 0.419428, 707.318, 0.379437, 1.79431, 1.4018, 0.152051, 0.0992284, 0.0157486, 0.0560434, 0.146542, 355.478, 451.207, 0.208405, 0.235561, 0.132128, 0.13591, 0.328574, 3.59536, 1.35092, 0.0514019, 455.295, 985.192, 0.0291371, 0.882949, 6.70414, 0.000893637, 0.026947, 4.6973, 0.452218, 597.758, 2.50405, 9.03694, 6.42626, 0.691712, 0.913078, 2.65893, 0.714011, 1.58408, 0.263549, 3.20008, 1.40907, 4.45745, 2.82577, 7.18477, 7.80645, 

0.174081, 0.197461, 17.2185, 0.987594, 7.54672, 1.79431, 1.4018, 0.238127, 4.6973, 6.42626, 0.152051, 0.0992284, 0.146542, 355.478, 451.207, 0.208405, 0.235561, 2.50405, 0.379437, 0.0560434, 0.13591, 0.267063, 3.59536, 1.35092, 0.0291371, 0.882949, 1.25604, 0.0514019, 0.452218, 0.542383, 0.000893637, 0.026947, 403.701, 0.691712, 0.913078, 41.9424, 26.3261, 0.419428, 0.132128, 0.0157486, 2.65893, 0.714011, 1.58408, 0.263549, 1.40907, 2.82577, 0.59556, 1.24634, 6.70414, 7.18477, 

0.174081, 0.0748427, 17.2185, 1.79431, 1.4018, 0.238127, 4.6973, 6.42626, 0.0514019, 1.35092, 0.152051, 0.0992284, 355.478, 5.41783, 0.235561, 0.379437, 0.0560434, 0.132128, 0.987594, 6.70414, 0.13591, 0.263549, 0.0291371, 0.882949, 1.25604, 0.452218, 0.542383, 2.93589, 0.146542, 0.419428, 0.000893637, 0.026947, 0.691712, 0.913078, 41.9424, 0.0157486, 1235.26, 2.50405, 0.208405, 3.59536, 2.65893, 0.714011, 1.58408, 0.267063, 1.40907, 2.82577, 0.59556, 1.24634, 7.18477, 7.54672, 

0.174081, 0.0748427, 1.79431, 0.238127, 4.6973, 152.79, 35.5559, 0.691712, 0.0291371, 1.35092, 0.152051, 0.0992284, 0.235561, 0.379437, 0.132128, 6.70414, 126.692, 0.419428, 0.0514019, 0.146542, 0.00933303, 0.263549, 0.882949, 1.25604, 0.452218, 2.93589, 7044.62, 0.208405, 0.0560434, 0.987594, 0.000893637, 0.021262, 41.9424, 0.0157486, 2.50405, 3.59536, 11191.7, 0.913078, 1.4018, 0.542383, 2.65893, 0.714011, 1.58408, 0.267063, 1.40907, 0.59556, 1.24634, 0.999544, 5.41783, 6.42626, 

0.174081, 0.0748427, 1.79431, 0.238127, 4.6973, 0.0291371, 1.35092, 0.0124971, 1.25604, 0.235561, 0.152051, 0.0992284, 0.379437, 0.132128, 126.692, 0.146542, 3201.01, 3.25279, 1.4018, 0.691712, 0.00933303, 0.263549, 0.882949, 0.452218, 2.93589, 0.987594, 504.493, 0.0560434, 0.419428, 0.0514019, 0.000893637, 0.021262, 41.9424, 2.50405, 0.913078, 0.542383, 1454.42, 0.0157486, 0.208405, 1.579, 0.714011, 1.58408, 0.267063, 1.40907, 0.59556, 1.24634, 0.999544, 0.231382, 3.59536, 5.41783, 

0.174081, 0.0748427, 1.79431, 0.238127, 0.0291371, 1.35092, 213.707, 3.59536, 0.691712, 0.452218, 0.152051, 0.0992284, 0.132128, 0.146542, 1.4018, 7.54661, 13.2959, 1.25604, 1.579, 0.913078, 0.0042224, 0.263549, 0.882949, 0.987594, 0.419428, 0.0514019, 37.4373, 3.25279, 0.0560434, 0.235561, 0.000893637, 0.021262, 2.50405, 0.542383, 0.0157486, 0.208405, 252.442, 0.0124971, 2.93589, 0.379437, 0.714011, 1.58408, 0.267063, 1.40907, 0.59556, 1.24634, 0.999544, 0.231382, 4.6973, 5.41783, 

0.174081, 0.0748427, 1.79431, 0.0291371, 1.35092, 650.724, 7.81378, 0.452218, 0.379437, 1.25604, 0.152051, 0.0992284, 1.4018, 13.2959, 1.579, 0.913078, 0.650432, 0.238127, 0.235561, 0.987594, 0.0042224, 0.263549, 0.087483, 0.419428, 0.0514019, 0.0560434, 493.795, 0.691712, 0.807175, 0.146542, 0.000893637, 0.021262, 0.542383, 0.0124971, 2.93589, 3571.43, 5.62031, 0.0157486, 0.208405, 0.132128, 0.714011, 0.267063, 0.59556, 1.24634, 0.999544, 0.231382, 0.565919, 0.70493, 2.50405, 3.25279, 

0.174081, 0.0748427, 1.79431, 1.35092, 7.81378, 1.25604, 21.5764, 1.4018, 0.0291371, 0.419428, 0.152051, 0.0992284, 1.579, 0.650432, 0.238127, 0.235561, 0.278592, 0.452218, 0.987594, 0.0560434, 0.0042224, 0.263549, 0.087483, 0.0514019, 10.2194, 0.146542, 1068.85, 0.913078, 0.542383, 0.691712, 0.000893637, 0.021262, 0.0124971, 2.93589, 5.62031, 0.208405, 0.132128, 0.0157486, 0.807175, 0.379437, 0.714011, 0.267063, 0.59556, 1.24634, 0.999544, 0.231382, 0.565919, 0.70493, 2.50405, 3.25279, 

0.174081, 0.0748427, 1.79431, 1.35092, 1.25604, 21.5764, 0.419428, 0.452218, 0.146542, 0.0124971, 0.152051, 0.0992284, 1.579, 0.238127, 0.278592, 0.0560434, 2.64998, 0.987594, 0.650432, 0.691712, 0.0042224, 0.263549, 0.0514019, 1068.85, 0.913078, 52081.4, 979.514, 0.0291371, 0.235561, 0.379437, 0.000893637, 0.021262, 5.62031, 0.132128, 0.0157486, 0.807175, 6524.16, 0.087483, 0.208405, 0.542383, 0.714011, 0.267063, 0.59556, 1.24634, 0.999544, 0.231382, 0.565919, 0.70493, 1.4018, 2.50405, 

0.174081, 0.0748427, 21.5764, 0.419428, 0.452218, 0.146542, 0.0124971, 1.35092, 0.807175, 1.25604, 0.152051, 0.0992284, 0.238127, 0.278592, 0.0560434, 0.987594, 0.691712, 0.359932, 0.0157486, 0.379437, 0.0042224, 0.231382, 1068.85, 0.913078, 0.0291371, 0.235561, 580.661, 0.650432, 0.542383, 0.087483, 0.000893637, 0.021262, 5.62031, 0.132128, 6524.16, 0.0301409, 111.115, 1.4018, 0.0514019, 1.579, 0.714011, 0.267063, 0.59556, 0.999544, 0.263549, 0.565919, 0.70493, 0.999892, 1.79431, 2.50405, 

0.174081, 0.0748427, 9.03129, 0.419428, 0.146542, 0.807175, 286.974, 0.235561, 1.35092, 0.132128, 0.152051, 0.0992284, 0.238127, 0.0560434, 0.987594, 0.379437, 23558.8, 0.0124971, 0.452218, 0.087483, 0.0042224, 0.231382, 0.0291371, 580.661, 0.650432, 0.542383, 342.027, 0.359932, 0.278592, 1.25604, 0.000893637, 0.021262, 2203.53, 0.0301409, 1.4018, 0.0514019, 1.579, 0.913078, 0.0157486, 0.691712, 0.714011, 0.267063, 0.59556, 0.999544, 0.263549, 0.565919, 0.70493, 0.926982, 1.79431, 2.50405, 

0.174081, 0.0748427, 0.419428, 0.807175, 286.974, 1.35092, 156.592, 0.0291371, 0.278592, 0.0157486, 0.152051, 0.0992284, 0.238127, 0.379437, 0.0124971, 58.5241, 1179.89, 0.0560434, 0.650432, 0.359932, 0.0042224, 0.231382, 580.661, 0.542383, 342.027, 3798.21, 3085.05, 0.132128, 0.087483, 0.452218, 0.000893637, 0.021262, 262.529, 1.4018, 0.0514019, 0.691712, 297.528, 0.146542, 0.0301409, 0.235561, 0.714011, 0.267063, 0.59556, 0.999544, 0.263549, 0.565919, 0.70493, 0.926982, 0.913078, 0.987594, 

0.174081, 0.0748427, 0.419428, 0.807175, 1.35092, 0.278592, 7.36006, 0.0301409, 0.987594, 0.238127, 0.152051, 0.0992284, 0.379437, 0.0124971, 0.650432, 24.4299, 1446.87, 0.235561, 0.359932, 0.452218, 0.0042224, 0.0215387, 72.6054, 0.542383, 342.027, 0.087483, 24.4128, 0.0560434, 0.913078, 0.132128, 0.000893637, 0.021262, 0.0514019, 0.691712, 0.146542, 316.717, 3.03639, 0.0157486, 1.4018, 0.0291371, 0.714011, 0.267063, 0.59556, 0.263549, 0.565919, 0.70493, 0.926982, 0.603364, 1.42224, 58.5241, 

0.174081, 0.0629013, 1.35092, 7.36006, 0.347412, 0.238127, 78.0153, 0.0291371, 0.132128, 0.650432, 0.128247, 0.0992284, 0.379437, 0.0124971, 24.4299, 0.452218, 21449.1, 0.419428, 0.087483, 0.0301409, 0.0042224, 0.0215387, 72.6054, 0.542383, 24.4128, 40.349, 12268.4, 0.807175, 0.0560434, 0.691712, 0.000893637, 0.021262, 0.0514019, 0.146542, 316.717, 0.0157486, 7.88858, 0.359932, 0.278592, 0.235561, 0.714011, 0.267063, 0.59556, 0.263549, 0.565919, 0.70493, 0.926982, 0.603364, 0.913078, 1.4018, 

0.0629013, 0.127058, 0.347412, 78.0153, 0.0291371, 0.132128, 0.315145, 0.452218, 0.650432, 0.913078, 0.0612744, 0.0992284, 0.379437, 0.0124971, 0.087483, 0.0301409, 610.753, 0.542383, 0.359932, 0.691712, 0.0042224, 0.0215387, 24.4128, 40.349, 12268.4, 0.807175, 0.0560434, 0.419428, 0.146542, 0.0514019, 0.000893637, 0.021262, 316.717, 0.0157486, 7.88858, 0.235561, 418.39, 0.238127, 0.0838902, 0.278592, 0.714011, 0.267063, 0.59556, 0.263549, 0.565919, 0.70493, 0.603364, 0.174081, 1.35092, 1.4018, 

0.0629013, 0.0198802, 0.347412, 78.0153, 0.452218, 0.913078, 16.195, 0.0157486, 0.315145, 0.419428, 0.0612744, 0.0992284, 0.0124971, 0.087483, 0.0301409, 56006.8, 64.1597, 0.0514019, 0.0291371, 0.379437, 0.0042224, 0.0215387, 12268.4, 0.0560434, 0.146542, 6103.25, 13212.6, 0.238127, 0.132128, 0.542383, 0.000893637, 0.021262, 316.717, 0.235561, 418.39, 0.278592, 407.687, 0.0838902, 0.02269, 0.359932, 0.267063, 0.59556, 0.263549, 0.565919, 0.70493, 0.603364, 0.174081, 0.127058, 0.650432, 0.691712, 

0.0629013, 0.0198802, 0.347412, 0.452218, 0.913078, 0.0157486, 0.315145, 0.132128, 0.278592, 0.02269, 0.0398373, 0.0380922, 0.0301409, 1687.8, 0.0514019, 0.0291371, 0.379437, 0.0735837, 0.419428, 0.691712, 0.0042224, 0.0215387, 12268.4, 0.0560434, 6103.25, 0.238127, 0.542383, 0.087483, 1.0595, 0.0124971, 0.000893637, 0.021262, 0.235561, 418.39, 0.359932, 323.157, 50.6723, 0.650432, 0.0838902, 0.146542, 0.267063, 0.59556, 0.263549, 0.565919, 0.603364, 0.174081, 0.127058, 0.0992284, 9.04625, 16.195, 

0.0629013, 0.0198802, 0.452218, 0.315145, 0.132128, 0.278592, 0.02269, 0.0124971, 0.0157486, 0.650432, 0.0292603, 0.0380922, 0.0514019, 0.0291371, 0.379437, 0.419428, 0.691712, 0.238127, 9.04625, 9.12066, 0.0042224, 0.0215387, 0.542383, 0.087483, 1.0595, 0.0406194, 821.565, 0.0301409, 0.0735837, 0.913078, 0.000893637, 0.021262, 0.235561, 0.0838902, 0.146542, 185.835, 8072.49, 0.359932, 0.0560434, 0.347412, 0.267063, 0.59556, 0.263549, 0.565919, 0.174081, 0.127058, 0.0992284, 0.0841318, 16.195, 50.6723, 

0.0629013, 0.0198802, 0.315145, 0.278592, 0.0179279, 0.0124971, 0.0157486, 0.359932, 0.087483, 0.0291371, 0.0292603, 0.0380922, 0.0514019, 0.379437, 9.04625, 9.12066, 273.914, 0.419428, 0.452218, 0.132128, 0.0042224, 0.0206276, 0.542383, 0.0406194, 0.0301409, 30.3626, 1491.39, 0.347412, 0.650432, 0.0560434, 0.000893637, 0.021262, 0.235561, 0.0838902, 0.146542, 185.835, 17.1416, 0.238127, 0.0735837, 0.161765, 0.267063, 0.59556, 0.263549, 0.565919, 0.174081, 0.127058, 0.0992284, 0.0841318, 0.691712, 0.913078, 

0.0629013, 0.0198802, 0.0157486, 0.359932, 0.087483, 0.0291371, 201.044, 0.315145, 0.0124971, 0.235561, 0.0292603, 0.0380922, 0.379437, 9.04625, 9.12066, 273.914, 0.132128, 0.278592, 0.0179279, 0.161765, 0.0042224, 0.0206276, 0.542383, 0.0406194, 0.0301409, 0.347412, 0.650432, 0.913078, 0.0560434, 0.0514019, 0.000893637, 0.021262, 0.0838902, 0.146542, 5.101, 0.238127, 0.0735837, 0.691712, 0.419428, 0.452218, 0.267063, 0.59556, 0.263549, 0.565919, 0.174081, 0.127058, 0.0992284, 0.0841318, 1.32343, 4.61577, 

0.0629013, 0.0198802, 0.087483, 0.315145, 0.0124971, 0.235561, 1836.99, 0.379437, 0.0157486, 0.419428, 0.0292603, 0.0380922, 9.04625, 9.12066, 0.132128, 31.0941, 1.03235, 0.347412, 0.359932, 0.0291371, 0.0042224, 0.0206276, 0.0301409, 0.913078, 0.0560434, 0.0514019, 50.1041, 0.0179279, 0.146542, 0.278592, 0.000893637, 0.021262, 0.0838902, 5.101, 0.238127, 0.691712, 0.452218, 0.0735837, 0.161765, 0.0406194, 0.267063, 0.59556, 0.263549, 0.565919, 0.174081, 0.127058, 0.0992284, 0.0841318, 0.542383, 0.650432, 

0.0110034, 0.0414722, 0.235561, 0.379437, 0.419428, 0.100143, 36.3278, 0.0124971, 0.0514019, 0.0735837, 0.0292603, 0.0380922, 9.04625, 0.132128, 0.347412, 0.0291371, 3119.62, 0.452218, 0.542383, 0.278592, 0.0042224, 0.0206276, 0.0301409, 50.1041, 0.0179279, 0.146542, 878.582, 0.0406194, 0.315145, 0.359932, 0.000893637, 0.021262, 0.0838902, 5.101, 0.238127, 0.161765, 81.5434, 0.0157486, 0.0560434, 0.087483, 0.267063, 0.263549, 0.565919, 0.174081, 0.127058, 0.0992284, 0.0841318, 0.0629013, 0.650432, 0.691712, 

0.0110034, 0.0414722, 0.235561, 0.100143, 36.3278, 0.0514019, 79.6446, 0.0735837, 0.0264946, 0.087483, 0.0292603, 0.0380922, 0.132128, 0.347412, 0.452218, 5.6373, 247.131, 0.419428, 0.0291371, 0.359932, 0.0042224, 0.0141792, 0.0301409, 50.1041, 0.0179279, 0.146542, 61.1677, 0.0124971, 0.238127, 0.315145, 0.000893637, 0.021262, 0.0838902, 5.101, 0.161765, 0.0560434, 5.22659, 0.278592, 0.0157486, 0.0406194, 0.267063, 0.263549, 0.565919, 0.174081, 0.127058, 0.0992284, 0.0841318, 0.0629013, 0.542383, 0.650432, 

0.0110034, 0.021262, 0.235561, 0.100143, 79.6446, 0.0735837, 45740.1, 0.0291371, 5.06724e-05, 0.087483, 0.0172039, 0.0380922, 5.6373, 247.131, 0.419428, 58087.8, 37.779, 0.0514019, 0.238127, 0.315145, 0.0042224, 0.0141792, 50.1041, 0.0179279, 0.0124971, 108.896, 396.977, 0.0264946, 0.0838902, 0.146542, 0.000893637, 0.00395616, 0.161765, 0.0560434, 0.278592, 0.0157486, 657.161, 0.0301409, 0.0406194, 0.132128, 0.267063, 0.263549, 0.174081, 0.127058, 0.0992284, 0.0841318, 0.0629013, 0.0414722, 0.347412, 0.359932, 

0.0110034, 0.0192757, 0.100143, 0.0735837, 45740.1, 0.0291371, 5.06724e-05, 0.235561, 0.347412, 0.146542, 0.0141792, 0.0301108, 37.779, 0.0514019, 0.238127, 0.315145, 184.506, 0.0113237, 0.0157486, 0.0179279, 0.0042224, 0.0109298, 50.1041, 0.0124971, 108.896, 0.0264946, 0.0838902, 0.132128, 0.168689, 0.419428, 0.000893637, 0.00395616, 0.161765, 0.0560434, 0.278592, 0.0406194, 0.024344, 0.0301409, 0.087483, 0.359932, 0.174081, 0.127058, 0.0992284, 0.0841318, 0.0629013, 0.0414722, 0.0172039, 0.021262, 5.6373, 79.6446, 

0.0110034, 0.00725789, 0.0735837, 0.0291371, 5.06724e-05, 0.347412, 1187.74, 0.0301409, 0.100143, 0.168689, 0.0141792, 0.0301108, 0.0514019, 0.0113237, 0.0157486, 0.0179279, 992.749, 0.0560434, 0.235561, 0.0124971, 0.0042224, 0.0109298, 50.1041, 108.896, 0.0264946, 0.0838902, 0.0277648, 0.132128, 0.0406194, 0.238127, 0.000893637, 0.00164412, 0.161765, 0.087483, 0.359932, 936.029, 1327.74, 0.024344, 0.0016836, 0.146542, 0.0992284, 0.0841318, 0.0629013, 0.0414722, 0.0172039, 0.021262, 0.0192757, 0.0343722, 0.278592, 0.315145, 

0.0110034, 0.00725789, 5.06724e-05, 1187.74, 0.0301409, 0.100143, 1907.75, 0.0113237, 0.0277648, 0.132128, 0.0141792, 0.021262, 0.0514019, 0.0157486, 0.235561, 11174.7, 572.776, 0.087483, 0.0735837, 0.0124971, 0.0042224, 0.0109298, 108.896, 0.0264946, 0.0838902, 0.238127, 765.413, 0.0560434, 0.0291371, 0.168689, 0.000893637, 0.00164412, 0.161765, 936.029, 0.024344, 0.0016836, 0.146542, 0.0406194, 0.278592, 0.0179279, 0.0841318, 0.0629013, 0.0414722, 0.0172039, 0.0301108, 0.0192757, 0.0343722, 0.0856353, 0.315145, 0.347412, 

0.0110034, 0.00725789, 707.464, 160.546, 0.0113237, 0.0277648, 3.16403, 0.024344, 0.132128, 0.0514019, 0.0141792, 0.0120913, 0.0157486, 572.776, 0.087483, 0.0735837, 17337, 0.0406194, 0.0016836, 0.100143, 0.0042224, 0.0109298, 0.0838902, 0.134923, 0.0560434, 0.168689, 0.062161, 0.0124971, 0.161765, 0.0301409, 0.000893637, 0.00164412, 936.029, 0.146542, 0.278592, 0.0179279, 152.672, 5.06724e-05, 0.0291371, 0.0264946, 0.0841318, 0.0629013, 0.0414722, 0.0172039, 0.0301108, 0.0192757, 0.0343722, 0.021262, 0.235561, 0.315145, 

0.0110034, 0.00725789, 707.464, 0.0113237, 0.0277648, 0.024344, 19425.1, 0.0560434, 0.0291371, 0.100143, 0.00936744, 0.0120913, 572.776, 0.0735837, 2088.68, 0.0406194, 0.0016836, 0.0514019, 0.132128, 0.087483, 0.0042224, 0.0109298, 0.0838902, 0.062161, 0.0124971, 0.161765, 353.271, 0.0301409, 0.134923, 0.0179279, 0.000893637, 0.00164412, 936.029, 0.146542, 124.543, 0.0264946, 457.174, 5.06724e-05, 0.168689, 0.0157486, 0.0841318, 0.0629013, 0.0414722, 0.0172039, 0.0301108, 0.0192757, 0.0343722, 0.021262, 0.235561, 0.278592, 

0.0110034, 0.00725789, 192.287, 0.024344, 4997.15, 0.0291371, 812.116, 0.0277648, 0.0838902, 0.100143, 0.00936744, 0.0120913, 0.0735837, 0.0514019, 0.087483, 3322.79, 417.654, 0.0113237, 0.168689, 0.0157486, 0.0042224, 0.0109298, 0.062161, 0.0124971, 0.161765, 0.0301409, 0.134923, 0.0406194, 0.0527367, 0.0560434, 0.000893637, 0.00164412, 0.146542, 124.543, 0.0264946, 5.06724e-05, 20350.5, 0.132128, 0.0016836, 0.0179279, 0.0841318, 0.0629013, 0.0414722, 0.0172039, 0.0301108, 0.0192757, 0.0343722, 0.021262, 0.190011, 0.235561, 

0.0110034, 0.00725789, 0.024344, 1.37567, 0.0277648, 0.0838902, 0.100143, 0.0514019, 0.0560434, 0.0016836, 0.00936744, 0.0120913, 0.087483, 417.654, 0.0157486, 369.843, 1423.8, 0.062161, 0.0735837, 0.000349131, 0.0042224, 0.0109298, 0.161765, 0.0301409, 0.134923, 0.0527367, 3136.85, 0.132128, 0.0113237, 0.0179279, 0.000893637, 0.000372894, 0.146542, 0.0264946, 5.06724e-05, 9753.85, 355.786, 0.0291371, 0.0124971, 0.0406194, 0.0629013, 0.0414722, 0.0172039, 0.0301108, 0.0192757, 0.0343722, 0.021262, 0.00164412, 0.168689, 0.190011, 

0.0110034, 0.00725789, 0.024344, 1.37567, 0.0514019, 0.0560434, 0.0016836, 0.0291371, 0.0113237, 5.06724e-05, 0.00164412, 0.00685717, 0.0157486, 369.843, 1423.8, 0.000349131, 1009.51, 0.0406194, 0.0179279, 0.0277648, 0.00379521, 0.0109298, 0.0301409, 0.134923, 0.0527367, 27.32, 43.2368, 0.100143, 0.0735837, 0.132128, 0.000893637, 0.000372894, 0.146542, 0.0264946, 46.839, 0.0124971, 0.00538155, 0.062161, 0.087483, 0.0838902, 0.0414722, 0.0172039, 0.0301108, 0.0192757, 0.0343722, 0.021262, 0.00906012, 0.0120913, 0.161765, 0.168689, 

Best:
0.999534	0.999779	

Fitness Evaluations:
3284

End Population
(8.969407e-01), (8.025476e-01), (9.157394e-01), (8.373216e-01), (8.683103e-01), (7.455950e-01), (1.277069e+00), (1.516937e+00), (8.353105e-01), (6.821618e-01), (9.095073e-01), (8.053279e-01), (9.620762e-01), (9.271572e-01), (9.656917e-01), (9.492817e-01), (9.103839e-01), (8.230606e-01), (9.995341e-01), (9.997788e-01), (9.684037e-01), (9.403469e-01), (9.921736e-01), (9.761647e-01), (8.824462e-01), (7.831042e-01), (-1.318329e+00), (3.647096e+00), (-8.371738e-01), (-3.067994e+00), (9.848477e-01), (9.710183e-01), (1.558104e+00), (-7.491009e-01), (9.017719e-01), (7.955940e-01), (9.084371e-01), (8.154886e-01), (8.644397e-01), (7.569453e-01), (9.409798e-01), (8.836771e-01), (9.105424e-01), (8.236771e-01), (8.286013e-01), (6.893432e-01), (6.386235e-01), (4.012593e-01), (9.059985e-01), (7.998809e-01), (1.019057e+00), (1.561160e+00), (1.287824e+00), (1.001573e+00), (9.903877e-01), (9.492370e-01), (7.965113e-01), (6.523679e-01), (7.957651e-01), (6.633114e-01), (9.704943e-01), (9.413790e-01), (9.841354e-01), (9.696234e-01), (8.506986e-01), (7.589374e-01), (1.005395e+00), (9.945519e-01), (-1.567198e+00), (3.090525e+00), (9.746522e-01), (9.390589e-01), (9.905367e-01), (9.738884e-01), (7.839439e-01), (6.270102e-01), (8.243556e-01), (7.033597e-01), (8.107115e-01), (6.791757e-01), (9.597077e-01), (9.010767e-01), (9.006659e-01), (8.026336e-01), (8.369281e-01), (7.063803e-01), (8.782816e-01), (7.647000e-01), (8.568141e-01), (7.459075e-01), (1.145147e+00), (1.309967e+00), (9.078351e-01), (8.265431e-01), (9.231979e-01), (8.601637e-01), (7.760976e-01), (5.689160e-01), (6.273005e-01), (3.762478e-01), 