Iterations: 50
Function Evaluations Limit: 150000
Population: 50

Prides Length: 4

Percent Nomads: 0.2
Percent Roaming: 0.2
Percent Sex: 0.8

Mating Rate: 0.3
Mutation Probability: 0.2
Immigration Rate: 0.4

Dimensions: 2
N-Dimension Space: -5:5

Fitness Iterations:
1.11452
25590.4, 1.11452, 37256.6, 67.2624, 20374.5, 37898.2, 9901.51, 1557.64, 31661.6, 1151.13, 26327, 3112.9, 68.6306, 25863.4, 2320.58, 20254.1, 7090.25, 525.825, 8271.78, 169.652, 13596.7, 14212.8, 89.0627, 1412.41, 693.766, 873.832, 51170.6, 8386.25, 41880, 8954.99, 4650.44, 2.9902, 2142.28, 23.48, 6.46414, 1546.3, 5902.42, 19948.3, 174.264, 3639.95, 2059.56, 19163.4, 916.052, 52566.4, 3537.09, 4390.5, 264.65, 16812.2, 10756.1, 2130.19, 

1.11452, 25.3118, 67.2624, 519.755, 37898.2, 31661.6, 12181.3, 220.38, 72.1178, 1412.41, 43.5837, 264.65, 68.6306, 7090.25, 8271.78, 169.652, 11133.9, 166.11, 1954.19, 1205.97, 706.68, 61.9116, 89.0627, 343.374, 4.67287, 7492.33, 8954.99, 4.74813, 90.5448, 262.301, 2.9902, 296.72, 142.534, 4.99376, 2355.42, 29.6035, 2.83625, 464.438, 1421.05, 407.927, 2059.56, 916.052, 2239.01, 550.328, 1305.74, 1409.92, 173.781, 1046.85, 2130.19, 2320.58, 

1.11452, 2.82396, 519.755, 17529.2, 72.1178, 16.3041, 730.253, 178.142, 273.157, 4.99376, 19.0518, 8.82246, 68.6306, 169.652, 745.134, 17.2518, 166.687, 262.301, 90.5448, 29.6035, 54.9523, 120.308, 4.67287, 7492.33, 1300.44, 4.74813, 127.266, 51.7641, 70.2732, 220.38, 2.9902, 3.2069, 142.534, 882.347, 2.83625, 464.438, 740.938, 166.11, 227.965, 67.2624, 550.328, 40.6309, 173.781, 43.5837, 264.65, 145.121, 143.754, 25.3118, 407.927, 582.264, 

1.11452, 2.82396, 16.3041, 730.253, 125.81, 1536.7, 19613.8, 68.6306, 9.65873, 3.43841, 19.0518, 8.82246, 78.8604, 166.687, 262.301, 29.6035, 177.456, 6.86984, 4.99376, 74.4333, 25.3118, 99.4116, 4.67287, 1300.44, 127.266, 70.2732, 699.575, 90.5448, 166.11, 2.53883, 2.9902, 2.4452, 142.534, 882.347, 488.195, 227.965, 395.214, 72.1178, 2.83625, 67.2624, 40.6309, 54.9523, 143.754, 43.5837, 56.2569, 120.308, 46.9489, 3.2069, 220.38, 273.157, 

1.11452, 2.78568, 16.3041, 730.253, 91.9894, 19613.8, 9.65873, 29.3247, 67.2624, 20.7278, 0.74236, 1.8782, 78.8604, 29.6035, 6.86984, 74.4333, 1960.19, 68.6306, 3.43841, 49.4809, 11.9339, 43.2258, 4.67287, 1300.44, 43.4202, 90.5448, 363.638, 2.83625, 2.53883, 3.58124, 2.39833, 2.4452, 142.534, 488.195, 227.965, 395.214, 190.943, 0.287391, 9.80271, 4.99376, 40.6309, 54.9523, 43.5837, 46.9489, 3.2069, 12.3844, 19.0518, 4.42029, 72.1178, 127.266, 

1.11452, 2.78568, 16.3041, 29.3247, 67.2624, 20.7278, 893.663, 10.7163, 78.8604, 49.4809, 0.74236, 1.8782, 29.6035, 6.86984, 74.4333, 33.5652, 3.43841, 72.1178, 2.53883, 130.111, 6.94126, 12.3844, 4.67287, 43.4202, 363.638, 2.83625, 132.607, 90.5448, 91.9894, 9.80271, 2.39833, 2.4452, 227.965, 0.287391, 4.99376, 7.22645, 6.93378, 3.58124, 9.65873, 127.266, 40.6309, 3.2069, 19.0518, 4.42029, 27.0239, 8.32112, 11.9339, 26.8392, 142.534, 190.943, 

1.11452, 2.78568, 20.7278, 893.663, 10.7163, 32.7617, 106.252, 6.53126, 3.58124, 72.1178, 0.74236, 1.4082, 29.6035, 6.86984, 33.5652, 3.43841, 1278.82, 67.2624, 16.3041, 9.65873, 3.2069, 8.00629, 4.67287, 43.4202, 3.25157, 90.5448, 11.5035, 2.53883, 6.93378, 4.99376, 2.39833, 2.4452, 227.965, 0.287391, 7.22645, 127.266, 248.229, 9.80271, 2.83625, 29.3247, 6.94126, 19.0518, 4.42029, 8.32112, 11.9339, 26.8392, 15.2696, 12.3844, 74.4333, 78.8604, 

1.11452, 2.78568, 20.7278, 106.252, 3.58124, 72.1178, 2062.58, 3.25157, 6.53126, 0.287391, 0.74236, 1.4082, 33.5652, 3.43841, 16.3041, 9.65873, 460.683, 4.67287, 2.83625, 11.5035, 3.2069, 8.00629, 43.4202, 2.53883, 6.93378, 98.1564, 3264.91, 6.86984, 32.7617, 10.7163, 2.39833, 2.4452, 227.965, 7.22645, 127.266, 9.80271, 39.7248, 29.3247, 29.6035, 4.99376, 6.94126, 4.42029, 8.32112, 11.9339, 12.3844, 13.7702, 2.65786, 9.10261, 67.2624, 74.4333, 

1.11452, 2.78568, 3.58124, 3.25157, 0.287391, 38.4698, 59.499, 4.67287, 16.3041, 6.93378, 0.627091, 1.4082, 33.5652, 3.43841, 2.83625, 106.304, 16.0497, 6.86984, 10.7163, 32.7617, 2.83902, 4.42029, 27.3419, 2.53883, 98.1564, 3264.91, 840.687, 9.65873, 6.53126, 7.22645, 2.39833, 2.4452, 9.80271, 39.7248, 29.3247, 29.6035, 18.6481, 4.99376, 20.7278, 11.5035, 6.94126, 5.39198, 8.32112, 11.9339, 12.3844, 2.65786, 9.10261, 3.2069, 67.2624, 72.1178, 

1.11452, 2.65786, 3.58124, 3.25157, 38.4698, 4.67287, 6.93378, 9.65873, 6.86984, 3.38635, 0.627091, 1.4082, 3.43841, 2.83625, 16.0497, 500.389, 553.322, 33.5652, 4.99376, 32.7617, 2.83902, 3.45939, 2.53883, 98.1564, 6.53126, 6.86736, 335.16, 16.3041, 27.3419, 10.7163, 2.39833, 2.4452, 4.11523, 29.3247, 18.6481, 20.7278, 11.5035, 9.80271, 0.287391, 29.6035, 6.94126, 5.39198, 8.32112, 2.78568, 9.10261, 3.2069, 3.57536, 4.32169, 59.499, 67.2624, 

1.11452, 2.40935, 3.58124, 4.67287, 6.86984, 3.38635, 146.064, 2.06191, 27.3699, 3.25157, 0.627091, 1.4082, 3.43841, 500.389, 33.5652, 4.99376, 245.954, 16.3041, 20.7278, 16.0497, 0.796109, 3.2069, 2.53883, 335.16, 10.7163, 15.9128, 40.1654, 9.65873, 6.86736, 6.53126, 2.39833, 0.158537, 18.6481, 11.5035, 9.80271, 0.287391, 3807.47, 27.3419, 2.83625, 6.93378, 6.94126, 5.39198, 8.32112, 2.78568, 3.45939, 3.57536, 4.32169, 2.65786, 29.3247, 29.6035, 

1.11452, 2.40935, 3.38635, 14.9606, 2.06191, 3.25157, 67.7763, 0.287391, 6.83635, 6.53126, 0.627091, 1.4082, 3.43841, 500.389, 33.5652, 245.954, 425.85, 3.58124, 6.86984, 16.0497, 0.796109, 2.65786, 2.53883, 15.9128, 40.1654, 6.86736, 5408.74, 4.99376, 2.83625, 4.67287, 2.39833, 0.158537, 18.6481, 9.80271, 27.3419, 6.93378, 7265.21, 10.7163, 11.5035, 9.65873, 6.94126, 5.39198, 8.32112, 2.78568, 3.45939, 3.57536, 4.32169, 3.2069, 16.3041, 20.7278, 

1.11452, 2.40935, 3.38635, 11.6896, 0.316512, 6.53126, 9.76738, 11.5035, 10.7163, 9.80271, 0.627091, 0.896207, 3.43841, 246.529, 33.5652, 16.0497, 431.174, 2.06191, 4.71282, 9.65873, 0.796109, 2.65786, 2.53883, 15.9128, 6.86736, 2.83625, 39.0452, 4.67287, 0.287391, 4.99376, 2.39833, 0.158537, 18.6481, 27.3419, 6.93378, 84.5909, 22.9832, 3.58124, 6.86984, 3.25157, 6.94126, 5.39198, 2.78568, 3.45939, 3.57536, 4.32169, 3.2069, 8.04766, 14.9606, 16.3041, 

0.896207, 2.40935, 9.76738, 11.5035, 9.80271, 361.194, 18.2133, 3.25157, 1.51001, 5.92398, 0.627091, 0.420605, 246.529, 33.5652, 45.5651, 9.65873, 1987.37, 3.58124, 3.43841, 0.316512, 0.796109, 0.763122, 2.83625, 4.67287, 0.287391, 0.761804, 7.02994, 1.0691, 3.38635, 0.773898, 2.39833, 0.158537, 27.3419, 6.93378, 84.5909, 576.03, 153.219, 1.99499, 4.99376, 4.71282, 5.39198, 2.78568, 3.45939, 3.57536, 4.32169, 3.2069, 1.11452, 2.65786, 6.53126, 6.86984, 

0.511776, 2.40935, 9.76738, 11.5035, 9.22368, 18.2133, 1.51001, 6.86984, 2.83625, 0.316512, 0.627091, 0.420605, 246.529, 33.5652, 45.5651, 3.43841, 2228.32, 1.99499, 0.773898, 1.0691, 0.796109, 0.763122, 4.67287, 0.287391, 0.761804, 3.38635, 36.4132, 6.53126, 5.92398, 3.58124, 2.39833, 0.158537, 84.5909, 82.6065, 4.99376, 4.71282, 59.0113, 3.25157, 2.93935, 6.93378, 2.78568, 3.45939, 3.57536, 4.32169, 3.2069, 1.11452, 2.65786, 2.61305, 7.02994, 9.65659, 

0.511776, 2.07327, 11.5035, 18.2133, 1.51001, 6.86984, 0.316512, 2.93935, 1.68451, 0.287391, 0.627091, 0.420605, 33.5652, 0.310369, 0.773898, 1.0691, 184.718, 0.0968676, 9.22368, 3.58124, 0.796109, 0.763122, 4.67287, 3.38635, 6.53126, 5.92398, 179.134, 0.761804, 3.25157, 6.93378, 2.39833, 0.158537, 84.5909, 82.6065, 4.71282, 7.88922, 61.056, 1.99499, 2.83625, 7.02994, 2.78568, 3.45939, 3.57536, 4.32169, 3.2069, 1.11452, 2.65786, 2.61305, 9.65659, 9.76738, 

0.334916, 0.627091, 1.51001, 0.316512, 2.93935, 1.68451, 3.41808, 6.86984, 1.66008, 7.02994, 0.420605, 0.470803, 33.5652, 1.0691, 3.58124, 0.523587, 15.6153, 0.287391, 0.0968676, 4.31293, 0.796109, 0.763122, 3.38635, 5.92398, 179.134, 0.761804, 3.25157, 6.53126, 4.67287, 0.773898, 2.39833, 0.158537, 82.6065, 7.88922, 1.99499, 2.83625, 8.3705, 7.93027, 0.310369, 6.93378, 2.78568, 3.45939, 3.2069, 1.75989, 2.65786, 2.61305, 2.5627, 1.11452, 9.22368, 9.65659, 

0.334916, 0.417985, 1.51001, 0.08392, 2.93935, 1.66008, 0.170518, 0.420956, 0.0968676, 4.31293, 0.420605, 0.424731, 33.5652, 0.478289, 3.58124, 0.523587, 227.075, 3.41808, 3.38635, 2.64023, 0.796109, 0.763122, 5.92398, 179.134, 6.53126, 4.67287, 92.2517, 3.25157, 1.68451, 0.761804, 1.11452, 0.158537, 7.88922, 1.99499, 8.3705, 7.93027, 0.310369, 0.773898, 0.287391, 2.83625, 2.78568, 3.2069, 1.75989, 2.65786, 2.61305, 2.5627, 2.39833, 0.470803, 5.72993, 6.86984, 

0.209007, 0.417985, 1.51001, 2.93935, 0.0968676, 4.31293, 10.7632, 1.66008, 0.478289, 0.170518, 0.420605, 0.424731, 33.5652, 3.58124, 3.41808, 2.98509, 2.64023, 2.83625, 1.68451, 0.761804, 0.470803, 0.763122, 5.92398, 92.2517, 3.25157, 364.188, 444.136, 5.72993, 0.420956, 0.08392, 1.11452, 0.158537, 1.99499, 0.310369, 0.773898, 0.287391, 23133.3, 3.04633, 4.67287, 0.523587, 2.78568, 1.75989, 2.65786, 2.61305, 2.5627, 2.39833, 0.796109, 3.0459, 6.53126, 6.86984, 

0.209007, 0.417985, 2.93935, 4.31293, 1.66008, 0.478289, 63.3205, 0.0968676, 1.51001, 3.25157, 0.420605, 0.424731, 33.5652, 2.98509, 1.68451, 122.34, 146.568, 0.773898, 0.170518, 3.58124, 0.470803, 0.763122, 92.2517, 5.72993, 0.420956, 3936.71, 1940.86, 0.761804, 0.08392, 2.83625, 1.11452, 0.158537, 1.99499, 0.310369, 12126.9, 3.04633, 0.523587, 3.41808, 0.287391, 2.64023, 2.78568, 1.75989, 2.65786, 2.61305, 2.5627, 2.39833, 0.796109, 2.12475, 4.67287, 5.92398, 

0.209007, 0.417985, 2.93935, 1.66008, 0.0968676, 1.51001, 3.25157, 0.761804, 3.04633, 0.420956, 0.420605, 0.420735, 33.5652, 1.68451, 122.34, 3.58124, 777.854, 0.310369, 2.83625, 0.478289, 0.470803, 0.763122, 92.2517, 5.72993, 1940.86, 276.076, 434.323, 0.170518, 2.98509, 0.773898, 1.11452, 0.158537, 1.99499, 3.41808, 2.64023, 311.012, 221.126, 0.08392, 0.523587, 0.287391, 2.78568, 1.75989, 2.65786, 2.61305, 2.5627, 2.39833, 0.796109, 2.12475, 4.31293, 4.67287, 

0.209007, 0.417909, 1.66008, 1.51001, 3.25157, 3.04633, 249.894, 1.68451, 0.523587, 3.41808, 0.420605, 0.420735, 33.5652, 8.56703, 2.83625, 300.51, 83.9966, 0.478289, 0.761804, 2.93935, 0.140619, 0.763122, 92.2517, 1075.09, 434.323, 0.170518, 2.36398, 0.773898, 0.310369, 2.64023, 1.11452, 0.156739, 1.99499, 311.012, 221.126, 0.08392, 2.25272, 0.420956, 0.287391, 0.0968676, 1.75989, 2.65786, 2.61305, 2.5627, 2.39833, 0.796109, 2.12475, 1.71429, 3.58124, 4.31293, 

0.209007, 0.417909, 1.66008, 3.25157, 0.523587, 1614.93, 220.514, 1.68451, 3.41808, 3.04633, 0.420605, 0.420735, 2.83625, 300.51, 0.478289, 0.761804, 2.93935, 2.16159, 3.58124, 2.25272, 0.140619, 0.763122, 434.323, 0.170518, 2.36398, 0.773898, 0.310369, 1.51001, 4.31293, 0.420956, 0.156739, 0.0968571, 311.012, 221.126, 0.08392, 0.0968676, 24.5184, 0.287391, 8.56703, 1.99499, 1.75989, 2.61305, 2.5627, 2.39833, 0.796109, 2.12475, 1.71429, 1.11452, 13.5071, 18.2436, 

0.209007, 0.417909, 1.66008, 10.53, 3.41808, 1297.35, 3.46705, 0.761804, 1.68451, 1.51001, 0.420605, 0.420735, 2.83625, 0.478289, 2.16159, 2.25272, 110.933, 2.36398, 0.170518, 0.420956, 0.140619, 0.151491, 434.323, 0.773898, 4.31293, 155.026, 201.82, 0.895954, 2.04546, 2.52325, 0.156739, 0.0968571, 311.012, 0.08392, 24.5184, 0.287391, 1.99499, 0.310369, 0.0968676, 0.523587, 1.75989, 2.39833, 0.796109, 2.12475, 1.71429, 1.11452, 2.11559, 0.763122, 2.93935, 3.04633, 

0.209007, 0.417909, 3.46301, 3.41808, 0.761804, 1.68451, 208.625, 0.287391, 0.523587, 0.420956, 0.420605, 0.289501, 2.83625, 0.478289, 2.16159, 2.25272, 0.228571, 1.51001, 0.895954, 2.36398, 0.140619, 0.151491, 193.2, 0.773898, 155.026, 2.52325, 130.629, 1.66008, 0.310369, 0.08392, 0.156739, 0.0968571, 24.5184, 1.99499, 0.0968676, 2147.35, 18.7902, 2.04546, 2.93935, 0.170518, 1.75989, 0.796109, 1.71429, 1.11452, 2.11559, 0.763122, 0.891387, 0.420735, 3.04633, 3.46705, 

0.209007, 0.417909, 3.46301, 0.761804, 1.68451, 208.625, 0.287391, 0.0921495, 1.82876, 0.773898, 0.420605, 0.289501, 2.25272, 0.228571, 1.51001, 2.36398, 57.7214, 0.310369, 2.04546, 0.420956, 0.140619, 0.151491, 193.2, 155.026, 1.66008, 0.08392, 4.18246, 2.52325, 0.523587, 2.83625, 0.0968571, 0.0197684, 1.99499, 18.7902, 2.93935, 5.97852, 106.479, 0.0968676, 0.895954, 0.478289, 1.75989, 0.796109, 1.71429, 1.11452, 0.763122, 0.891387, 0.420735, 0.156739, 3.04633, 3.41808, 

0.156739, 0.00471978, 3.46301, 0.761804, 1.68451, 0.773898, 722.266, 1.46653, 0.895954, 0.287391, 0.420605, 0.289501, 2.25272, 57.7214, 0.310369, 2992.14, 40.3918, 2.93935, 1.51001, 0.0921495, 0.140619, 0.151491, 1.66008, 0.08392, 0.523587, 2.83625, 1009.13, 2.36398, 0.228571, 0.478289, 0.0968571, 0.0197684, 1.99499, 5.97852, 106.479, 0.0968676, 367.974, 2.04546, 0.420956, 2.52325, 1.75989, 0.796109, 1.71429, 1.11452, 0.763122, 0.891387, 0.420735, 0.209007, 3.04633, 3.41808, 

0.156739, 0.00471978, 1.68451, 0.895954, 0.287391, 14.4697, 154.405, 0.761804, 0.523587, 2.25272, 0.420605, 0.289501, 10.7743, 1.51001, 0.0921495, 3.65379, 4112.68, 0.420956, 0.773898, 0.228571, 0.140619, 0.151491, 1.66008, 2.83625, 1009.13, 0.202383, 183.905, 0.310369, 0.416754, 0.686551, 0.0968571, 0.0197684, 1.99499, 106.479, 2.52325, 2.69451, 48.721, 0.0772746, 0.08392, 2.04546, 0.796109, 1.11452, 0.763122, 0.891387, 0.420735, 0.209007, 0.330658, 1.09204, 2.36398, 2.93935, 

0.156739, 0.00471978, 0.287391, 154.405, 0.761804, 2.25272, 1468.29, 0.301743, 0.773898, 2.36398, 0.420605, 0.242322, 1.51001, 0.0921495, 11.5139, 0.420956, 0.228571, 1.99499, 0.202383, 1.68451, 0.140619, 0.151491, 1009.13, 183.905, 0.310369, 0.686551, 373.256, 0.416754, 0.895954, 0.08392, 0.0968571, 0.0197684, 106.479, 2.52325, 2.69451, 0.0772746, 2.04546, 0.623359, 0.523587, 1.66008, 0.796109, 0.763122, 0.891387, 0.420735, 0.209007, 0.330658, 1.09204, 0.859705, 2.83625, 2.93935, 

0.156739, 0.00471978, 0.761804, 2.25272, 2.36398, 35.6581, 22068.2, 1.66008, 0.301743, 0.202383, 0.24201, 0.232984, 1.51001, 0.420956, 0.228571, 1.99499, 110.338, 0.0772746, 0.08392, 0.310369, 0.140619, 0.151491, 183.905, 373.256, 0.895954, 2261.82, 7760.3, 0.523587, 0.0921495, 0.686551, 0.0968571, 0.0197684, 106.479, 2.52325, 0.623359, 0.898478, 201.585, 0.287391, 0.773898, 0.416754, 0.796109, 0.763122, 0.891387, 0.420735, 0.209007, 0.330658, 0.859705, 0.420605, 1.68451, 2.04546, 

0.156739, 0.00471978, 2.25272, 2.36398, 22068.2, 0.301743, 0.202383, 1.66008, 1.68451, 1.51001, 0.24201, 0.232984, 0.420956, 1.99499, 110.338, 0.310369, 164.566, 0.08392, 0.228571, 0.0772746, 0.140619, 0.151491, 373.256, 7760.3, 0.523587, 0.0921495, 1.97226, 2.04546, 0.761804, 0.686551, 0.0968571, 0.0197684, 201.585, 0.287391, 0.773898, 0.416754, 58.7433, 0.623359, 0.895954, 0.898478, 0.796109, 0.763122, 0.891387, 0.420735, 0.209007, 0.330658, 0.859705, 0.420605, 2.52325, 35.6581, 

0.156739, 0.00471978, 2.25272, 2.36398, 0.202383, 1.66008, 1.51001, 0.310369, 0.420956, 0.228571, 0.209007, 0.231587, 1.99499, 110.338, 164.566, 0.08392, 0.889905, 0.472507, 0.287391, 1.68451, 0.140619, 0.151491, 2429.14, 0.523587, 0.761804, 1293.63, 0.182966, 0.416754, 0.0772746, 0.301743, 0.0968571, 0.0197684, 0.623359, 0.895954, 0.898478, 362.413, 6896.07, 0.0921495, 0.773898, 0.686551, 0.796109, 0.763122, 0.420735, 0.24201, 0.330658, 0.859705, 0.420605, 0.178223, 1.97226, 2.52325, 

0.156739, 0.00471978, 0.202383, 1.66008, 0.420956, 0.228571, 21.9786, 2.25272, 1.51001, 0.310369, 0.178223, 0.231587, 1.99499, 8.69939, 0.472507, 1.68451, 388.687, 0.287391, 0.898478, 0.889905, 0.140619, 0.151491, 0.523587, 0.182966, 0.416754, 0.301743, 18205.3, 0.08392, 1.97226, 0.0772746, 0.0968571, 0.0197684, 0.895954, 2053.82, 0.773898, 0.686551, 289.586, 0.623359, 0.0921495, 0.761804, 0.796109, 0.763122, 0.420735, 0.24201, 0.330658, 0.859705, 0.420605, 0.209007, 2.36398, 2.52325, 

0.156739, 0.00471978, 0.420956, 2.25272, 1.51001, 521.376, 671.847, 0.623359, 0.889905, 0.523587, 0.178223, 0.231587, 0.472507, 1.68451, 0.287391, 1247.89, 874.529, 0.0772746, 0.310369, 0.228571, 0.140619, 0.151491, 0.416754, 18023.9, 1.97226, 681.195, 513.803, 0.202383, 0.761804, 0.0921495, 0.0968571, 0.0197684, 2053.82, 0.773898, 0.686551, 289.586, 12831.8, 0.08392, 0.301743, 0.182966, 0.796109, 0.763122, 0.420735, 0.24201, 0.330658, 0.859705, 0.420605, 0.209007, 0.895954, 0.898478, 

0.156739, 0.00471978, 2.25272, 1.51001, 339.28, 671.847, 0.623359, 0.523587, 0.420956, 0.310369, 0.178223, 0.231587, 1.68451, 0.287391, 0.0772746, 309.205, 0.793729, 0.228571, 0.08392, 0.0921495, 0.140619, 0.144279, 18023.9, 1.97226, 681.195, 4552.49, 1586.13, 0.416754, 0.773898, 0.472507, 0.0968571, 0.0197684, 289.586, 2986.08, 0.301743, 0.182966, 255.461, 0.686551, 0.202383, 0.761804, 0.796109, 0.763122, 0.420735, 0.24201, 0.330658, 0.859705, 0.420605, 0.209007, 0.889905, 0.895954, 

0.156739, 0.00471978, 2.25272, 1.51001, 0.623359, 0.523587, 21.9729, 0.889905, 0.895954, 36.5332, 0.178223, 0.231587, 0.287391, 0.228571, 0.08392, 0.0921495, 95.5297, 0.310369, 1.97226, 1.68451, 0.140619, 0.144279, 4552.49, 0.773898, 0.472507, 4723.1, 6.18801, 0.0772746, 0.793729, 0.416754, 0.0968571, 0.0197684, 2986.08, 0.301743, 0.686551, 0.202383, 0.761804, 0.182966, 0.420956, 40.8735, 0.796109, 0.763122, 0.420735, 0.24201, 0.330658, 0.859705, 0.420605, 0.209007, 177.079, 246.57, 

0.156739, 0.00471978, 2.25272, 1.51001, 0.523587, 517.2, 127.19, 0.889905, 0.0921495, 0.301743, 0.0361794, 0.231587, 0.287391, 0.228571, 95.5297, 1.97226, 3015.86, 0.420956, 0.182966, 0.08392, 0.140619, 0.144279, 1531.27, 0.0772746, 0.416754, 3.77877, 567.722, 0.773898, 0.623359, 0.472507, 0.0968571, 0.0197684, 2986.08, 0.202383, 0.761804, 40.8735, 29.7848, 0.310369, 0.793729, 0.3963, 0.796109, 0.763122, 0.420735, 0.24201, 0.330658, 0.859705, 0.420605, 0.209007, 0.895954, 1.68451, 

0.156739, 0.00471978, 0.523587, 136.936, 0.301743, 3891.22, 515.919, 1.51001, 0.889905, 1.68451, 0.0361794, 0.231587, 0.287391, 1.97226, 0.182966, 0.08392, 4.84899, 0.0921495, 0.310369, 0.773898, 0.140619, 0.144279, 0.416754, 3.77877, 0.276552, 98.962, 33.1847, 0.420956, 0.895954, 0.202383, 0.0968571, 0.0197684, 2986.08, 0.761804, 0.793729, 0.3963, 9.3749, 0.623359, 0.228571, 0.0772746, 0.796109, 0.763122, 0.420735, 0.24201, 0.330658, 0.859705, 0.420605, 0.209007, 2.25272, 16.3835, 

0.156739, 0.00471978, 136.936, 1293.29, 0.889905, 1.68451, 302.078, 0.301743, 0.773898, 0.3963, 0.0361794, 0.209007, 1.97226, 0.182966, 0.0921495, 0.310369, 2417.52, 0.420956, 0.08392, 0.228571, 0.140619, 0.144279, 3.77877, 0.276552, 98.962, 0.895954, 0.202383, 0.523587, 0.761804, 0.416754, 0.0968571, 0.0197684, 2986.08, 0.793729, 0.623359, 0.0772746, 0.965905, 2.25272, 1.51001, 0.287391, 0.796109, 0.763122, 0.420735, 0.24201, 0.330658, 0.420605, 0.224719, 0.806176, 4.84899, 9.3749, 

0.123831, 0.00471978, 0.889905, 0.871285, 0.301743, 1965.89, 32.0195, 0.761804, 0.773898, 0.3963, 0.0361794, 0.209007, 1.97226, 0.182966, 0.310369, 0.420956, 0.228571, 0.0921495, 0.020697, 4.84899, 0.0391835, 0.144279, 89.9039, 0.895954, 0.202383, 0.523587, 0.416754, 9.3749, 2.25272, 0.287391, 0.0968571, 0.0148878, 0.793729, 0.0772746, 0.965905, 1.51001, 13460.9, 3.77877, 0.623359, 0.08392, 0.796109, 0.763122, 0.420735, 0.24201, 0.330658, 0.420605, 0.224719, 0.806176, 22.8996, 44.3183, 

0.123831, 0.00471978, 0.871285, 0.773898, 0.3963, 0.173071, 46.5667, 0.0921495, 0.00981027, 0.182966, 0.0361794, 0.209007, 1.97226, 0.420956, 0.228571, 0.020697, 118.468, 0.0772746, 0.623359, 0.889905, 0.0391835, 0.144279, 0.202383, 0.523587, 0.287391, 2525.33, 607.921, 0.895954, 0.416754, 0.310369, 0.0968571, 0.0148878, 0.793729, 0.965905, 3.77877, 529.757, 1234.11, 0.08392, 0.301743, 0.761804, 0.796109, 0.763122, 0.420735, 0.24201, 0.330658, 0.420605, 0.224719, 0.173222, 1.51001, 2.25272, 

0.123831, 0.00337649, 0.871285, 0.773898, 46.5667, 0.00981027, 810.329, 0.08392, 0.182966, 0.228571, 0.0361794, 0.173222, 0.420956, 118.468, 0.623359, 0.889905, 91.0268, 0.202383, 0.3963, 0.0921495, 0.0391835, 0.144279, 1423.09, 607.921, 0.416754, 0.310369, 0.155239, 0.020697, 0.301743, 0.0772746, 0.0968571, 0.0148878, 0.793729, 0.965905, 3.77877, 1234.11, 6.34037, 0.523587, 0.173071, 0.287391, 0.763122, 0.420735, 0.24201, 0.330658, 0.420605, 0.224719, 0.209007, 0.172147, 0.761804, 0.895954, 

0.123831, 0.00337649, 0.773898, 0.00981027, 30.043, 774.642, 345.612, 0.173071, 0.228571, 0.523587, 0.0361794, 0.173222, 0.420956, 91.0268, 0.0921495, 53417.7, 37.9293, 0.127352, 0.08392, 0.416754, 0.0391835, 0.115613, 0.310369, 0.155239, 0.020697, 0.301743, 0.0772746, 0.761804, 0.202383, 0.3963, 0.0968571, 0.0148878, 0.793729, 0.965905, 3.77877, 0.287391, 76.755, 0.623359, 0.871285, 0.182966, 0.420735, 0.24201, 0.330658, 0.420605, 0.224719, 0.209007, 0.172147, 0.144279, 0.889905, 0.895954, 

0.123831, 0.00337649, 0.773898, 6.66405, 345.612, 0.228571, 4818.51, 0.678863, 0.020697, 0.173071, 0.0361794, 0.0529533, 0.0921495, 52631.7, 0.127352, 0.08392, 13.9897, 0.761804, 0.310369, 0.420956, 0.0391835, 0.115613, 0.155239, 0.301743, 0.202383, 1755.53, 45.3007, 0.00981027, 0.360815, 0.416754, 0.0968571, 0.0148878, 0.287391, 76.755, 0.623359, 0.871285, 0.182966, 0.3963, 0.0772746, 0.523587, 0.24201, 0.330658, 0.420605, 0.224719, 0.209007, 0.172147, 0.144279, 0.219762, 0.793729, 0.889905, 

0.123831, 0.00337649, 0.773898, 40.9467, 0.020697, 6.74609, 104.328, 0.00981027, 0.0921495, 0.202383, 0.0361794, 0.0529533, 1123.11, 0.08392, 0.420956, 70.3315, 4.81668, 0.228571, 0.127352, 0.3963, 0.0391835, 0.115613, 0.301743, 1396.49, 0.360815, 0.416754, 327.446, 0.678863, 0.523587, 0.310369, 0.0968571, 0.0148878, 0.623359, 0.182966, 0.0772746, 59.0912, 41.9778, 0.155239, 0.287391, 0.173071, 0.24201, 0.330658, 0.224719, 0.209007, 0.172147, 0.144279, 0.219762, 0.128675, 0.761804, 0.793729, 

0.123831, 0.00337649, 0.773898, 40.9467, 0.020697, 0.00981027, 4.75994, 0.202383, 0.173071, 0.761804, 0.0361794, 0.0529533, 0.08392, 70.3315, 0.228571, 0.3963, 263.396, 0.0772746, 0.182966, 0.420956, 0.0391835, 0.115613, 0.301743, 0.360815, 327.446, 0.678863, 2460.29, 0.287391, 0.0921495, 0.310369, 0.0968571, 0.0148878, 0.623359, 24.7525, 0.155239, 113.58, 131.904, 0.127352, 0.416754, 0.523587, 0.24201, 0.330658, 0.224719, 0.209007, 0.172147, 0.144279, 0.219762, 0.128675, 0.793729, 4.81668, 

0.123831, 0.00337649, 0.020697, 0.00981027, 4.75994, 0.761804, 0.170323, 0.416754, 0.301743, 0.773898, 0.0361794, 0.0529533, 0.08392, 0.3963, 0.420956, 499.038, 7.3966, 0.0772746, 0.127352, 0.228571, 0.0391835, 0.115613, 0.360815, 166.851, 0.287391, 0.310369, 2.20492, 0.0161381, 0.0921495, 0.202383, 0.0968571, 0.0148878, 24.7525, 0.155239, 113.58, 0.523587, 1767.67, 0.182966, 0.173071, 0.678863, 0.24201, 0.224719, 0.209007, 0.172147, 0.144279, 0.219762, 0.128675, 0.170171, 0.793729, 4.81668, 

0.00337649, 0.10659, 0.00981027, 0.761804, 0.170323, 0.416754, 0.108178, 0.310369, 0.0161381, 0.182966, 0.0361794, 0.0529533, 0.08392, 0.3963, 7.3966, 0.127352, 0.228571, 0.301743, 0.420956, 0.173071, 0.0391835, 0.115613, 0.360815, 0.287391, 0.104734, 148.03, 43.4414, 0.793729, 0.00447975, 0.020697, 0.0968571, 0.0136012, 0.155239, 0.523587, 1767.67, 0.678863, 0.148781, 0.773898, 0.0921495, 2.20492, 0.209007, 0.172147, 0.144279, 0.219762, 0.128675, 0.170171, 0.123831, 0.132371, 4.75994, 4.81668, 

0.00337649, 0.10659, 0.170323, 0.416754, 0.310369, 0.0161381, 295.788, 0.3963, 0.00981027, 0.420956, 0.0361794, 0.0529533, 0.08392, 7.3966, 0.301743, 0.173071, 73.1964, 0.127352, 0.761804, 0.287391, 0.0391835, 0.115613, 43.4414, 0.793729, 0.00180162, 0.020697, 28.6066, 0.108178, 0.104734, 0.228571, 0.0968571, 0.0136012, 0.155239, 0.523587, 0.678863, 0.148781, 127.911, 0.360815, 0.0921495, 0.182966, 0.209007, 0.172147, 0.144279, 0.219762, 0.128675, 0.170171, 0.123831, 0.132371, 0.773898, 2.20492, 

0.00337649, 0.10659, 0.416754, 0.310369, 0.3963, 0.835531, 46.9597, 0.287391, 0.155239, 0.170323, 0.0361794, 0.0529533, 0.08392, 7.3966, 17.3544, 0.127352, 23009.7, 0.311796, 0.148781, 0.173071, 0.0391835, 0.115613, 0.00180162, 0.020697, 0.108178, 0.104734, 75.9762, 0.301743, 0.420956, 0.0921495, 0.0968571, 0.0136012, 13.4206, 0.360815, 0.182966, 3969.94, 22.0352, 0.0161381, 0.228571, 0.00981027, 0.209007, 0.172147, 0.144279, 0.219762, 0.128675, 0.170171, 0.123831, 0.132371, 0.523587, 0.678863, 

0.00337649, 0.10659, 0.416754, 0.310369, 0.835531, 0.170323, 5078.2, 0.420956, 0.287391, 0.381614, 0.0361794, 0.0529533, 0.127352, 22219.7, 0.311796, 0.148781, 795.244, 0.3963, 0.0161381, 0.155239, 0.0391835, 0.0066051, 0.00180162, 0.020697, 0.104734, 0.301743, 0.0921495, 0.360815, 0.08392, 0.173071, 0.0968571, 0.0136012, 0.182966, 3969.94, 0.228571, 1982.37, 0.168042, 0.108178, 0.00981027, 0.523587, 0.209007, 0.172147, 0.144279, 0.128675, 0.170171, 0.123831, 0.132371, 0.172515, 0.678863, 7.3966, 

Best:
1.01594	1.03607	

Fitness Evaluations:
3260

End Population
(9.454567e-01), (8.958922e-01), (1.051647e+00), (1.138198e+00), (7.704648e-01), (6.539540e-01), (4.483119e-01), (2.087357e-01), (6.371251e-01), (4.898244e-01), (1.139289e+00), (1.336829e+00), (-2.755363e+00), (4.757766e-01), (3.554895e-01), (1.189146e-01), (4.944198e-01), (2.266242e-01), (4.965492e-01), (2.107628e-01), (8.970655e-01), (8.207214e-01), (1.148251e+00), (1.300880e+00), (7.051384e-01), (5.173220e-01), (-3.730925e+00), (-9.789791e-01), (7.035899e-01), (5.423608e-01), (9.742364e-01), (9.876224e-01), (-1.984698e+00), (1.134861e+00), (9.347836e-01), (9.364340e-01), (1.001317e+00), (1.015338e+00), (6.558813e-01), (4.493692e-01), (8.028162e-01), (6.427759e-01), (9.309861e-01), (8.624431e-01), (1.015942e+00), (1.036073e+00), (9.974198e-01), (1.009230e+00), (7.305108e-01), (5.515652e-01), (1.349121e+00), (1.777719e+00), (9.322882e-01), (8.987525e-01), (8.628621e-01), (8.030124e-01), (1.218002e+00), (1.464451e+00), (1.132906e+00), (1.322897e+00), (1.164535e+00), (1.329725e+00), (1.112913e+00), (1.235656e+00), (8.224589e-01), (7.153546e-01), (-2.071237e+00), (-2.003231e+00), (5.552458e-01), (3.258377e-01), (2.477967e+00), (1.690390e+00), (1.001825e+00), (1.044646e+00), (1.053075e+00), (1.141426e+00), (9.587253e-01), (9.281579e-01), (3.347955e-01), (8.361172e-02), (9.120610e-01), (8.767188e-01), (6.084462e-01), (3.839298e-01), (7.369991e-01), (5.705738e-01), (1.032385e+00), (1.101543e+00), (1.139613e+00), (1.337534e+00), (1.346536e+00), (1.807040e+00), (9.869463e-01), (1.010422e+00), (9.997608e-01), (1.041057e+00), (3.472749e-01), (1.708804e-01), (4.225051e-01), (4.442755e-01), 