Iterations: 50
Function Evaluations Limit: 150000
Population: 50

Prides Length: 4

Percent Nomads: 0.2
Percent Roaming: 0.2
Percent Sex: 0.8

Mating Rate: 0.3
Mutation Probability: 0.2
Immigration Rate: 0.4

Dimensions: 2
N-Dimension Space: -5:5

Fitness Iterations:
7.92081
40265, 78981.4, 42228.2, 33517.2, 832.844, 2423.25, 15296.9, 39766.9, 366.039, 1241.41, 16480.5, 10072.5, 27440.4, 17634.1, 12559, 35168, 2307.2, 425.314, 36137.1, 430.535, 16397.4, 3845.23, 367.372, 5178.05, 12821.9, 7574.04, 1690.34, 4364.64, 130.497, 7.92081, 12780.3, 7044.71, 7345.79, 1713.56, 12891.6, 19946.5, 2901.28, 32431.6, 271.387, 9743.01, 23614.1, 25.4085, 58711.9, 394.563, 17439.9, 180.764, 417.39, 7952.21, 8986.42, 4271.82, 

28.7482, 63.1359, 42228.2, 33517.2, 1241.41, 1244.34, 62252.4, 2115.6, 130.497, 832.844, 134.09, 218.158, 17634.1, 2307.2, 430.535, 4.45285, 235.241, 1226.97, 425.314, 11.2151, 0.405645, 17.681, 367.372, 5186.34, 1198.61, 7.92081, 472.098, 5178.05, 4271.82, 4856.8, 25.4085, 376.846, 7345.79, 0.943629, 6.19931, 271.387, 393.913, 2423.25, 4364.64, 366.039, 1092.02, 252.381, 394.563, 555.364, 28.3626, 417.39, 412.43, 2774.77, 8986.42, 12559, 

17.849, 28.3626, 4767.54, 11.4094, 4324.49, 8.7729, 396.806, 448.528, 6.19931, 130.497, 4.70085, 97.0249, 1212.64, 430.535, 4.45285, 235.241, 425.314, 271.387, 11.2151, 159.968, 0.405645, 1.74941, 187.196, 5186.34, 5.05736, 4271.82, 4856.8, 0.943629, 297.906, 472.098, 23.6623, 142.543, 1743.42, 393.913, 2423.25, 4364.64, 366.039, 1198.61, 602.314, 184.657, 25.4085, 28.7482, 337.924, 63.1359, 228.425, 161.247, 134.09, 80.741, 1442.91, 2021.14, 

1.74941, 25.4085, 11.4094, 2769.22, 6.19931, 129.023, 391.453, 59.6255, 436.085, 602.314, 4.70085, 37.5466, 235.241, 425.314, 271.387, 11.2151, 159.968, 4.45285, 0.408289, 393.913, 0.405645, 0.719517, 187.196, 5.05736, 4856.8, 0.943629, 0.692526, 75.5534, 54.3832, 18.1021, 23.6623, 63.1359, 2423.25, 4364.64, 366.039, 1198.61, 184.657, 472.098, 396.806, 8.7729, 28.3626, 28.7482, 142.543, 161.247, 97.0776, 80.741, 17.849, 206.285, 666.581, 1212.64, 

1.74941, 25.4085, 6.19931, 129.023, 46.9772, 436.085, 602.314, 184.657, 11.4094, 159.968, 0.719517, 17.849, 235.241, 425.314, 4.45285, 0.408289, 393.913, 8.7729, 115.411, 11.2151, 0.405645, 0.0651056, 5.05736, 75.5534, 54.3832, 18.1021, 697.639, 112.651, 187.196, 0.943629, 23.6623, 22.9889, 29.0896, 366.039, 472.098, 9.86492, 672.913, 0.0934693, 0.577291, 25.4504, 37.5466, 28.7482, 142.543, 97.0776, 80.741, 28.3626, 4.70085, 63.1359, 271.387, 391.453, 

1.74941, 4.70085, 6.19931, 129.023, 184.657, 11.4094, 6.40331, 112.651, 75.5534, 8.7729, 0.719517, 2.06742, 425.314, 4.45285, 0.408289, 7587.37, 116.745, 0.943629, 46.9772, 0.577291, 0.405645, 0.0651056, 54.3832, 18.1021, 187.196, 54.6231, 142.29, 5.05736, 0.0934693, 22.0638, 22.9889, 0.499687, 29.0896, 472.098, 672.913, 3.2237, 457.922, 34.2274, 9.86492, 11.2151, 37.5466, 28.7482, 28.3626, 25.4085, 38.5428, 26.6832, 60.4728, 23.6623, 235.241, 271.387, 

1.74941, 4.70085, 6.19931, 129.023, 6.40331, 75.5534, 0.296936, 8.7729, 54.6231, 29.1629, 0.719517, 2.06742, 4.45285, 69.9702, 0.943629, 0.577291, 3.0546, 0.933927, 34.2274, 0.408289, 0.28989, 0.0651056, 54.3832, 142.29, 0.0934693, 2.84024, 0.980714, 112.651, 11.4094, 46.9772, 6.95959, 0.499687, 4.62936, 672.913, 3.2237, 11.2151, 13.424, 5.05736, 18.1021, 9.86492, 37.5466, 28.7482, 28.3626, 25.4085, 22.9889, 23.6623, 16.2769, 9.64407, 145.695, 151.042, 

1.74941, 2.06742, 6.19931, 75.5534, 8.7729, 54.6231, 752.867, 0.943629, 0.933927, 13.424, 0.719517, 1.43375, 4.45285, 69.9702, 0.814137, 34.2274, 0.408289, 0.123693, 2.84024, 11.2151, 0.28989, 0.0651056, 0.0934693, 112.651, 11.4094, 46.9772, 7756.63, 3.2237, 29.1629, 0.296936, 6.95959, 0.499687, 1.11436, 5.05736, 18.1021, 9.86492, 0.141851, 1.07505, 0.577291, 6.40331, 28.7482, 28.3626, 25.4085, 22.9889, 23.6623, 16.2769, 9.64407, 4.70085, 54.3832, 129.023, 

1.74941, 2.06742, 6.19931, 8.7729, 54.6231, 13.424, 15.5463, 3.2237, 0.123693, 0.141851, 0.719517, 1.43375, 0.814137, 34.2274, 2.84024, 11.2151, 38804.4, 1.11436, 0.408289, 0.933927, 0.28989, 0.0651056, 0.0934693, 11.4094, 0.296936, 14.1494, 2087.68, 5.05736, 5.86776, 0.943629, 0.499687, 0.773273, 1.07505, 0.577291, 6.40331, 0.749141, 407.198, 4.45285, 9.86492, 18.1021, 16.2769, 9.64407, 4.70085, 14.5395, 20.6034, 11.6973, 11.2755, 6.95959, 29.1629, 46.9772, 

1.74941, 1.05992, 54.6231, 3.2237, 0.123693, 0.141851, 439.142, 1.11436, 6.19931, 4.02958, 0.719517, 0.903221, 0.814137, 11.2151, 38804.4, 0.933927, 10.1113, 2.84024, 0.943629, 5.86776, 0.28989, 0.0651056, 0.0934693, 0.296936, 65.846, 1754.28, 4924.64, 0.749141, 11.4094, 0.408289, 0.499687, 0.773273, 1.07505, 0.577291, 6.40331, 4.45285, 4.06202, 9.86492, 8.7729, 5.05736, 16.2769, 9.64407, 4.70085, 14.5395, 11.6973, 11.2755, 6.95959, 2.06742, 13.424, 14.1494, 

1.74941, 0.529819, 54.6231, 0.123693, 1.11436, 6.19931, 0.802335, 0.814137, 4.45285, 3.2237, 0.28989, 0.903221, 317.347, 10.1113, 2.84024, 5.86776, 359.591, 0.141851, 9.86492, 4.02958, 0.0651056, 0.0137679, 0.0934693, 4924.64, 0.749141, 11.4094, 0.408289, 0.943629, 1.07505, 4.06202, 0.0237973, 0.773273, 0.577291, 6.40331, 8.7729, 5.05736, 10.101, 0.296936, 11.2151, 0.933927, 9.64407, 4.70085, 14.5395, 11.6973, 11.2755, 6.95959, 2.06742, 0.719517, 13.424, 14.1494, 

0.719517, 0.529819, 54.6231, 1.11436, 6.19931, 0.814137, 2797.69, 0.943629, 0.705616, 1.07505, 0.28989, 0.903221, 10.1113, 5.86776, 0.141851, 9.86492, 842.601, 4.02958, 5.05736, 0.494098, 0.0651056, 0.0137679, 337.506, 0.749141, 11.4094, 0.408289, 4.06202, 2.84024, 0.0934693, 0.123693, 0.0237973, 0.773273, 0.577291, 0.597535, 0.296936, 11.2151, 53.0391, 4.45285, 3.2237, 0.933927, 9.64407, 4.70085, 14.5395, 11.6973, 11.2755, 6.95959, 2.06742, 1.74941, 6.40331, 10.101, 

0.719517, 0.529819, 1.11436, 0.814137, 2797.69, 0.943629, 1.07505, 0.0934693, 2.8892, 2.84024, 0.28989, 0.903221, 10.1113, 482.819, 4.02958, 0.494098, 215.237, 4.45285, 5.86776, 5.05736, 0.0651056, 0.0137679, 337.506, 0.749141, 3.57843, 4.06202, 0.123693, 0.597535, 6.19931, 6.40331, 0.0237973, 0.588873, 0.577291, 0.296936, 1.35776, 0.933927, 4494.13, 0.705616, 0.141851, 0.408289, 9.64407, 4.70085, 11.6973, 11.2755, 6.95959, 2.06742, 1.74941, 3.06522, 9.86492, 10.101, 

0.529819, 0.186559, 1.11436, 0.943629, 0.0934693, 2.8892, 434.419, 0.298693, 0.296936, 2.852, 0.28989, 0.719517, 10.1113, 0.494098, 5.86776, 5.05736, 48792.4, 0.933927, 0.577291, 2.84024, 0.0651056, 0.0137679, 337.506, 0.749141, 3.57843, 0.123693, 13.8505, 4.06202, 4.02958, 1.07505, 0.0237973, 0.588873, 1.35776, 0.705616, 0.141851, 0.408289, 266.361, 0.597535, 0.814137, 4.45285, 9.64407, 4.70085, 6.95959, 2.06742, 1.74941, 3.06522, 0.903221, 3.06886, 6.19931, 6.40331, 

0.529819, 0.186559, 1.11436, 0.0934693, 0.296936, 2.852, 323.834, 0.298693, 4.02958, 1.68039, 0.28989, 0.719517, 10.1113, 5.86776, 48792.4, 0.577291, 745.383, 2.84024, 0.494098, 0.141851, 0.0651056, 0.0137679, 337.506, 0.749141, 3.57843, 0.123693, 1.07505, 2.8892, 0.408289, 1.35776, 0.0237973, 0.588873, 0.705616, 0.597535, 0.814137, 4.45285, 140.809, 2.6947, 0.933927, 0.943629, 4.70085, 2.06742, 1.74941, 3.06522, 0.903221, 3.06886, 0.730557, 3.053, 5.05736, 6.19931, 

0.529819, 0.186559, 0.296936, 2.852, 323.834, 0.298693, 1.68039, 4.02958, 0.705616, 6.19931, 0.28989, 0.719517, 10.1113, 5.86776, 0.577291, 745.383, 0.141851, 0.0934693, 5.05736, 0.749141, 0.0651056, 0.0137679, 337.506, 1.07505, 2.8892, 0.408289, 1.35776, 3.57843, 1.11436, 0.123693, 0.0237973, 0.588873, 0.597535, 0.814137, 4.45285, 0.933927, 0.943629, 0.494098, 2.84024, 2.6947, 4.70085, 2.06742, 1.74941, 3.06522, 0.903221, 3.06886, 0.730557, 3.053, 16.0749, 24.3912, 

0.529819, 0.186559, 0.296936, 2.852, 152.888, 6.19931, 23.0564, 1.35776, 0.943629, 1.68039, 0.28989, 0.719517, 10.1113, 5.86776, 0.577291, 0.0934693, 121.836, 1.07505, 0.705616, 3.57843, 0.0651056, 0.0137679, 1.4187, 2.8892, 0.408289, 0.123693, 660.258, 1.11436, 0.298693, 0.749141, 0.0237973, 0.588873, 0.2964, 0.814137, 0.933927, 0.494098, 2.84024, 3.42208, 0.141851, 2.6947, 4.70085, 2.06742, 1.74941, 3.06522, 0.903221, 3.06886, 0.730557, 3.053, 4.45285, 5.05736, 

0.529819, 0.186559, 2.852, 1.35776, 1.68039, 946.3, 4.47995, 1.4187, 2.84024, 1.07505, 0.253451, 0.719517, 10.1113, 0.577291, 121.836, 0.705616, 53.8141, 3.42208, 1.11436, 0.0934693, 0.0651056, 0.0137679, 2.8892, 0.408289, 0.123693, 660.258, 376.966, 0.943629, 0.749141, 0.298693, 0.0237973, 0.0966442, 0.2964, 0.933927, 0.494098, 0.141851, 2.6947, 0.296936, 0.814137, 0.0575116, 2.06742, 1.74941, 3.06522, 0.903221, 0.730557, 3.053, 2.76149, 0.588873, 3.57843, 4.45285, 

0.529819, 0.184126, 1.68039, 946.3, 1.4187, 2.16757, 15471.5, 0.459253, 0.119688, 2.6947, 0.253451, 0.596661, 10.1113, 0.577291, 53.8141, 3.42208, 10.9862, 0.0934693, 0.0575116, 0.408289, 0.0651056, 0.0137679, 2.8892, 0.123693, 0.749141, 0.298693, 276.719, 1.07505, 0.705616, 0.933927, 0.0237973, 0.0966442, 0.2964, 0.494098, 0.296936, 0.0524179, 0.09913, 0.0568734, 0.943629, 1.11436, 2.06742, 1.74941, 0.903221, 0.730557, 3.053, 2.76149, 0.588873, 0.767651, 2.852, 3.57843, 

0.529819, 0.184126, 2.16757, 163.383, 0.459253, 2.6947, 7.62935, 0.933927, 0.749141, 0.123693, 0.253451, 0.588873, 53.8141, 3.42208, 10.9862, 0.0934693, 0.0575116, 0.335692, 0.296936, 0.09913, 0.0651056, 0.00988094, 2.8892, 0.298693, 0.705616, 3.03077, 38.9837, 1.07505, 0.408289, 0.119688, 0.0237973, 0.0922733, 0.191228, 0.494098, 0.0524179, 1.11436, 186.691, 0.0568734, 0.943629, 0.577291, 2.06742, 1.74941, 0.903221, 0.730557, 0.596661, 0.767651, 1.70293, 1.42756, 1.4187, 1.48953, 

0.529819, 0.184126, 2.16757, 0.459253, 7.62935, 1012.62, 0.414335, 0.933927, 0.296936, 0.0524179, 0.253451, 0.588873, 22.7757, 3.42208, 10.9862, 0.0575116, 0.09913, 0.335692, 0.645321, 0.0934693, 0.0651056, 0.00988094, 3.03077, 1.07505, 0.408289, 0.119688, 48.9674, 0.749141, 0.298693, 0.123693, 0.00761794, 0.0922733, 0.191228, 0.494098, 1.11436, 0.0568734, 0.577291, 1.4187, 0.943629, 0.705616, 0.903221, 0.730557, 0.596661, 0.767651, 1.70293, 1.42756, 0.930385, 0.661539, 1.48953, 2.6947, 

0.184126, 0.216859, 2.16757, 7.62935, 0.414335, 1374.81, 0.02705, 1.07505, 0.645321, 0.494098, 0.251718, 0.518145, 10.9862, 0.0575116, 0.09913, 0.335692, 4127.74, 0.123693, 0.459253, 0.577291, 0.0651056, 0.00988094, 3.03077, 0.408289, 0.749141, 0.298693, 337.967, 0.943629, 0.0934693, 0.119688, 0.00761794, 0.0922733, 0.191228, 1.11436, 0.0568734, 0.705616, 292.521, 0.933927, 0.296936, 0.0524179, 0.903221, 0.730557, 0.596661, 0.767651, 1.42756, 0.930385, 0.661539, 0.529819, 1.4187, 1.48953, 

0.184126, 0.216859, 2.16757, 7.62935, 0.414335, 1.07505, 0.645321, 0.0524179, 1.4187, 0.0575116, 0.169914, 0.163104, 10.9862, 0.335692, 0.459253, 0.577291, 59.6637, 0.02705, 0.408289, 0.123693, 0.00988094, 0.0533256, 0.749141, 0.298693, 337.967, 0.943629, 2448.88, 0.0568734, 0.09913, 0.933927, 0.00761794, 0.0922733, 0.191228, 0.47519, 0.705616, 0.296936, 68.6097, 0.0934693, 0.119688, 0.494098, 0.903221, 0.730557, 0.596661, 0.767651, 0.930385, 0.661539, 0.529819, 0.0651056, 1.48953, 1.90582, 

0.184126, 0.216859, 2.16757, 7.62935, 1.07505, 4504.53, 1246.48, 0.0524179, 0.943629, 0.414335, 0.0651056, 0.0470628, 10.9862, 0.335692, 0.459253, 59.6637, 0.408289, 0.0934693, 0.494098, 0.02705, 0.00988094, 0.0398858, 0.749141, 0.298693, 0.0568734, 0.09913, 0.933927, 0.119688, 0.0575116, 0.0742065, 0.00761794, 0.0922733, 0.191228, 0.47519, 0.705616, 0.296936, 765.51, 0.645321, 0.577291, 0.123693, 0.903221, 0.730557, 0.596661, 0.767651, 0.661539, 0.529819, 0.163104, 0.169914, 1.4187, 1.48953, 

0.0398858, 0.216859, 1.07505, 0.943629, 0.414335, 10.4772, 40.6527, 0.577291, 0.298693, 0.459253, 0.0651056, 0.0470628, 10.9862, 59.6637, 0.408289, 0.0934693, 0.494098, 0.749141, 0.335692, 0.47519, 0.00988094, 0.0303305, 0.933927, 0.119688, 0.0575116, 0.0742065, 14.1445, 0.0524179, 0.02705, 0.123693, 0.00761794, 0.0922733, 0.191228, 0.705616, 0.296936, 765.51, 1501.87, 0.645321, 0.0568734, 0.0593147, 0.730557, 0.596661, 0.767651, 0.661539, 0.529819, 0.184126, 0.169914, 0.163104, 1.4187, 1.48953, 

0.0398858, 0.169914, 0.943629, 0.414335, 10.4772, 0.629975, 173.257, 0.298693, 0.335692, 0.0742065, 0.0470628, 0.0643655, 59.6637, 0.408289, 0.0934693, 0.0762847, 0.0607492, 0.123693, 0.459253, 0.0593147, 0.00988094, 0.0228452, 0.0575116, 2.0333, 0.0524179, 0.02705, 128.436, 0.0568734, 0.208258, 0.47519, 0.00761794, 0.0922733, 0.191228, 0.296936, 765.51, 1501.87, 0.645321, 0.577291, 0.119688, 0.705616, 0.596661, 0.529819, 0.216859, 0.184126, 0.163104, 0.660174, 0.480012, 0.0650675, 0.749141, 0.933927, 

0.0398858, 0.0650675, 0.943629, 10.4772, 0.629975, 0.298693, 445.646, 0.0607492, 0.414335, 0.0524179, 0.0470628, 0.0643655, 59.6637, 0.408289, 0.0934693, 0.0593147, 6041.07, 0.0742065, 0.208258, 0.0762847, 0.00988094, 0.0228452, 0.0575116, 0.02705, 128.436, 0.0568734, 0.47519, 0.459253, 0.119688, 0.123693, 0.00761794, 0.0922733, 0.296936, 765.51, 1501.87, 3690.03, 979.119, 0.577291, 0.335692, 0.191228, 0.596661, 0.529819, 0.216859, 0.184126, 0.169914, 0.660174, 0.480012, 0.163104, 0.645321, 0.705616, 

0.0302822, 0.0650675, 0.943629, 10.4772, 445.646, 0.0524179, 1693.05, 0.629975, 0.645321, 0.0568734, 0.0470628, 0.0643655, 59.6637, 0.0934693, 0.0593147, 0.0742065, 0.0762847, 0.296936, 0.408289, 0.414335, 0.00988094, 0.0228452, 0.0575116, 0.47519, 0.119688, 0.123693, 589.995, 0.705616, 0.459253, 0.208258, 0.00761794, 0.0922733, 3690.03, 979.119, 0.577291, 0.335692, 0.191228, 0.0607492, 0.02705, 0.298693, 0.596661, 0.529819, 0.216859, 0.184126, 0.169914, 0.480012, 0.163104, 0.0398858, 3.07572, 128.436, 

0.0302822, 0.0650675, 0.943629, 1693.05, 0.645321, 0.0568734, 204.313, 0.0524179, 0.0742065, 0.459253, 0.0398858, 0.0643655, 0.0593147, 0.0762847, 0.408289, 987.684, 26.1828, 0.414335, 0.298693, 0.577291, 0.00988094, 0.0228452, 0.123693, 589.995, 0.208258, 651.95, 212.743, 0.47519, 0.0934693, 0.119688, 0.00761794, 0.0922733, 0.335692, 0.191228, 0.0607492, 0.02705, 61.7724, 0.0575116, 0.296936, 0.629975, 0.596661, 0.529819, 0.216859, 0.184126, 0.169914, 0.480012, 0.163104, 0.0470628, 0.705616, 3.07572, 

0.0302822, 0.00851477, 1693.05, 0.645321, 204.313, 0.0524179, 0.459253, 0.629975, 0.0575116, 0.408289, 0.0398858, 0.0643655, 0.0593147, 0.0762847, 987.684, 0.414335, 213.163, 0.577291, 0.208258, 0.296936, 0.00988094, 0.0228452, 0.123693, 589.995, 0.47519, 0.119688, 1322.14, 0.0934693, 0.0568734, 0.0742065, 0.00761794, 0.060814, 0.335692, 0.0607492, 0.02705, 61.7724, 486.346, 0.298693, 0.191228, 0.0607351, 0.529819, 0.216859, 0.184126, 0.169914, 0.480012, 0.163104, 0.0470628, 0.0922733, 0.705616, 0.943629, 

0.0302822, 0.00851477, 1693.05, 0.0524179, 0.459253, 0.408289, 1343.18, 0.298693, 0.0934693, 0.0593147, 0.0398858, 0.0643655, 987.684, 213.163, 0.577291, 0.296936, 717.369, 0.02705, 0.123693, 0.208258, 0.00988094, 0.0228452, 0.47519, 0.119688, 16.8415, 1358.75, 36.6543, 0.0762847, 0.0568734, 0.629975, 0.00761794, 0.00148759, 0.335692, 0.0607492, 61.7724, 0.191228, 0.0607351, 0.0742065, 0.414335, 0.0575116, 0.529819, 0.216859, 0.184126, 0.169914, 0.480012, 0.163104, 0.0470628, 0.0922733, 0.645321, 0.705616, 

0.0302822, 0.00851477, 0.459253, 0.408289, 12.0497, 0.298693, 0.0593147, 0.0524179, 0.0607351, 0.0575116, 0.0398858, 0.0643655, 0.296936, 717.369, 0.02705, 988.715, 5587, 0.108198, 0.0607492, 0.262798, 0.00988094, 0.0228452, 36.6543, 0.0762847, 0.0568734, 0.629975, 52.8759, 0.0742065, 0.123693, 0.47519, 0.00761794, 0.00148759, 0.335692, 61.7724, 0.191228, 0.021429, 7897.74, 0.119688, 0.208258, 0.0934693, 0.216859, 0.184126, 0.169914, 0.163104, 0.0470628, 0.0922733, 0.151393, 0.0288225, 0.577291, 0.645321, 

0.0302822, 0.00851477, 0.459253, 0.408289, 12.0497, 0.298693, 0.0370776, 0.0607351, 0.0762847, 0.296936, 0.0288225, 0.0643655, 335.117, 5587, 0.0607492, 0.262798, 1255.52, 0.0742065, 0.0934693, 0.0593147, 0.00988094, 0.0228452, 36.6543, 0.0568734, 52.8759, 0.123693, 14961.6, 0.108198, 0.47519, 0.0524179, 0.00761794, 0.00148759, 0.335692, 61.7724, 0.191228, 0.021429, 0.208258, 0.02705, 0.0575116, 0.119688, 0.184126, 0.169914, 0.163104, 0.0470628, 0.0922733, 0.151393, 0.0398858, 0.0351582, 0.577291, 0.629975, 

0.0302822, 0.00851477, 0.408289, 0.0370776, 0.0762847, 0.296936, 134.825, 0.191228, 0.298693, 0.0742065, 0.0288225, 0.0342616, 5587, 0.262798, 1255.52, 0.0934693, 242.459, 0.0296141, 0.208258, 0.0607351, 0.00988094, 0.0228452, 0.0568734, 0.123693, 2506.33, 0.47519, 223.586, 0.0593147, 0.0524179, 0.021429, 0.0034504, 0.00148759, 61.7724, 0.02705, 0.0575116, 0.119688, 15.9695, 0.108198, 0.0607492, 0.00677723, 0.169914, 0.163104, 0.0470628, 0.0922733, 0.151393, 0.0643655, 0.0351582, 0.0398858, 0.335692, 0.459253, 

0.0302822, 0.00851477, 0.408289, 134.825, 0.0742065, 35.5307, 5941.72, 0.0762847, 0.0524179, 0.123693, 0.0288225, 0.0342616, 0.262798, 0.0934693, 242.459, 0.0296141, 0.0607351, 0.208258, 0.0370776, 0.191228, 0.00988094, 0.0228452, 0.0568734, 223.586, 0.0593147, 0.021429, 497.045, 0.450616, 0.0575116, 0.00677723, 0.000505524, 0.00148759, 0.02705, 0.119688, 0.108198, 0.0607492, 3505.63, 0.296936, 0.335692, 0.298693, 0.169914, 0.163104, 0.0470628, 0.0922733, 0.151393, 0.0643655, 0.0351582, 0.0398858, 0.459253, 0.47519, 

0.0302822, 0.00851477, 0.408289, 0.0742065, 0.0762847, 0.0524179, 0.123693, 12.2832, 0.335692, 0.00677723, 0.0288225, 0.0342616, 0.262798, 242.459, 0.0296141, 0.0607351, 0.0370776, 0.0934693, 0.459253, 0.02705, 0.00204817, 0.0182154, 0.0568734, 223.586, 0.0593147, 0.021429, 0.450616, 0.191228, 0.296936, 0.298693, 0.000505524, 0.00148759, 0.119688, 0.108198, 0.0607492, 0.684931, 16.2029, 0.0575116, 0.208258, 0.47519, 0.169914, 0.163104, 0.0470628, 0.0922733, 0.151393, 0.0643655, 0.0351582, 0.0398858, 33.5395, 35.5307, 

0.00851477, 0.0140871, 0.408289, 0.0742065, 0.0524179, 12.2832, 820.706, 0.0762847, 0.208258, 0.119688, 0.0288225, 0.0302822, 242.459, 0.0370776, 0.0934693, 0.459253, 0.0362113, 0.0607351, 0.123693, 0.021429, 0.00204817, 0.0182154, 0.0593147, 0.191228, 0.296936, 0.298693, 4867.85, 0.0568734, 0.0156633, 0.00677723, 0.000505524, 0.00148759, 0.108198, 0.0607492, 0.684931, 0.47519, 0.0104166, 0.0296141, 0.0575116, 0.02705, 0.0470628, 0.0922733, 0.0643655, 0.0351582, 0.0398858, 0.0342616, 0.0363871, 0.042609, 0.262798, 0.335692, 

0.00851477, 0.0140871, 12.2832, 820.706, 0.0762847, 0.119688, 364.361, 0.0296141, 0.02705, 0.0156633, 0.0272574, 0.00838766, 242.459, 0.0934693, 0.0362113, 0.021429, 0.00898795, 0.108198, 0.0742065, 0.0524179, 0.00204817, 0.0182154, 0.0593147, 0.191228, 0.298693, 1.8417, 0.654306, 0.00677723, 0.0370776, 0.0568734, 0.000505524, 0.00148759, 0.0607492, 0.684931, 0.0104166, 0.0575116, 0.0875908, 0.123693, 0.0607351, 0.174223, 0.0470628, 0.0643655, 0.0351582, 0.0398858, 0.0342616, 0.0363871, 0.042609, 0.0302822, 0.208258, 0.262798, 

0.00851477, 0.0140871, 12.2832, 820.706, 0.0762847, 0.02705, 0.0156633, 0.0362113, 0.0370776, 0.0568734, 0.0272574, 0.00838766, 0.021429, 0.108198, 0.0742065, 0.0524179, 148.844, 0.00677723, 0.00898795, 0.0875908, 0.00204817, 0.0182154, 0.0593147, 0.191228, 0.298693, 0.654306, 0.30684, 0.0607492, 0.0296141, 0.0575116, 0.000505524, 0.00148759, 0.684931, 0.123693, 0.0607351, 992.94, 30.2213, 0.00702093, 0.0934693, 0.0104166, 0.0470628, 0.0643655, 0.0351582, 0.0398858, 0.0342616, 0.0363871, 0.042609, 0.0302822, 0.119688, 0.208258, 

0.00851477, 0.0139525, 12.2832, 820.706, 0.0362113, 0.0370776, 12501.5, 0.00702093, 0.0875908, 0.0762847, 0.00667115, 0.00838766, 0.021429, 0.0742065, 148.844, 398.004, 3203.04, 0.00677723, 0.0156633, 0.0568734, 0.00204817, 0.0182154, 0.191228, 0.0607492, 0.0296141, 323.317, 168.907, 0.0575116, 0.00898795, 0.0593147, 0.000505524, 0.00148759, 0.123693, 0.0607351, 992.94, 0.0934693, 130.981, 0.0104166, 0.0524179, 0.02705, 0.0470628, 0.0643655, 0.0351582, 0.0398858, 0.0342616, 0.0363871, 0.042609, 0.0302822, 0.108198, 0.119688, 

0.00851477, 0.0139525, 12.2832, 820.706, 12501.5, 0.00702093, 0.88022, 0.0263085, 0.0156633, 0.0524179, 0.00667115, 0.00838766, 0.0742065, 148.844, 398.004, 3203.04, 617.737, 0.0607492, 0.0607351, 0.0593147, 0.00204817, 0.0182154, 0.0296141, 6.43738, 0.0575116, 513.282, 3472.91, 0.00898795, 0.021429, 0.00677723, 0.000505524, 0.00148759, 0.123693, 0.0104166, 0.02705, 42.2651, 43.3934, 0.0568734, 0.0762847, 0.0362113, 0.0470628, 0.0643655, 0.0351582, 0.0398858, 0.0342616, 0.0363871, 0.042609, 0.0302822, 0.0875908, 0.0934693, 

0.00851477, 0.0139525, 12.2832, 12501.5, 0.00702093, 0.88022, 3844.13, 0.0875908, 0.0156633, 0.0762847, 0.00667115, 0.00838766, 0.0742065, 1.4583, 2.30886, 1801.68, 16.8329, 0.02705, 0.0296141, 0.0607492, 0.00204817, 0.0182154, 0.0575116, 0.021429, 0.00677723, 5388.49, 133.65, 0.0263085, 0.00898795, 0.0524179, 0.000505524, 0.00148759, 0.0104166, 42.2651, 0.0568734, 0.042774, 1814.41, 0.0593147, 0.0607351, 0.0362113, 0.0470628, 0.0643655, 0.0351582, 0.0398858, 0.0342616, 0.0363871, 0.042609, 0.0302822, 0.0934693, 0.123693, 

0.00851477, 0.0139525, 12.2832, 0.00702093, 0.88022, 3844.13, 0.0762847, 0.021429, 0.0104166, 0.0362113, 0.00667115, 0.00104439, 2.30886, 1801.68, 0.0296141, 933.871, 0.00320015, 0.02705, 0.00677723, 0.0607351, 0.00204817, 0.0182154, 0.0575116, 0.0263085, 0.0524179, 2305.18, 38.209, 0.0875908, 0.0428808, 0.0156633, 0.000505524, 0.00148759, 42.2651, 0.0568734, 0.0593147, 448.152, 125.105, 0.0607492, 0.00898795, 0.042774, 0.0470628, 0.0351582, 0.0398858, 0.0342616, 0.0363871, 0.042609, 0.0302822, 0.00838766, 0.0934693, 0.123693, 

0.00851477, 0.0139525, 0.88022, 3844.13, 0.0762847, 0.0104166, 452.661, 0.0428808, 0.021429, 0.000175608, 0.00667115, 0.00104439, 1801.68, 0.00320015, 0.00677723, 0.0607351, 1451.27, 0.0934693, 0.02705, 0.0296141, 0.00204817, 0.0177919, 0.0575116, 0.0263085, 2305.18, 0.0875908, 0.0156633, 0.0362113, 0.0593147, 0.00702093, 0.000505524, 0.00148759, 125.105, 0.0607492, 0.042774, 203.574, 0.00156631, 0.00898795, 0.0524179, 0.0568734, 0.0470628, 0.0351582, 0.0398858, 0.0342616, 0.0363871, 0.042609, 0.0302822, 0.00838766, 0.123693, 2.30886, 

0.00599608, 0.00838766, 0.88022, 0.0762847, 0.0104166, 452.661, 0.0428808, 0.021429, 0.0156633, 0.0607492, 0.00667115, 0.00104439, 98.5829, 0.00677723, 0.0934693, 253.847, 560.399, 0.0607351, 0.000175608, 0.0575116, 0.00204817, 0.0177919, 0.0875908, 0.0362113, 0.0593147, 0.00702093, 68.035, 0.0296141, 0.02705, 0.00320015, 0.000505524, 0.00148759, 0.00156631, 0.00898795, 0.0568734, 9127.71, 3055.19, 0.042774, 0.0263085, 0.0524179, 0.0470628, 0.0351582, 0.0398858, 0.0342616, 0.0363871, 0.042609, 0.0302822, 0.0139525, 0.123693, 0.725177, 

0.00599608, 0.00838766, 0.0762847, 452.661, 0.0428808, 0.021429, 4204.71, 0.000175608, 0.00156631, 0.00898795, 0.00667115, 0.00104439, 98.5829, 253.847, 0.0575116, 461.055, 300.283, 0.042774, 0.00702093, 0.0362113, 0.00204817, 0.000748032, 0.0875908, 0.0593147, 0.0296141, 0.02705, 0.00320015, 0.0313626, 0.0104166, 0.0607492, 0.000505524, 0.00148759, 0.0568734, 3055.19, 0.0263085, 0.0524179, 964.825, 0.0156633, 0.00677723, 0.0607351, 0.0470628, 0.0351582, 0.0398858, 0.0342616, 0.0363871, 0.042609, 0.0302822, 0.0139525, 0.0934693, 0.123693, 

0.00599608, 0.00838766, 14.017, 0.021429, 2723.06, 0.000175608, 0.00898795, 0.0104166, 0.0428808, 0.0593147, 0.00667115, 0.00104439, 253.847, 0.0575116, 461.055, 300.283, 0.042774, 0.0568734, 0.0934693, 0.0762847, 0.00204817, 0.000748032, 0.0296141, 0.02705, 0.00320015, 0.0313626, 0.0196529, 0.00702093, 0.0362113, 0.0607351, 0.000505524, 0.00148759, 0.0263085, 0.0524179, 0.0156633, 0.00677723, 3255.49, 0.00156631, 0.0607492, 0.0875908, 0.0470628, 0.0351582, 0.0398858, 0.0342616, 0.0363871, 0.042609, 0.0302822, 0.0139525, 0.123693, 3.17346, 

0.00599608, 0.00643845, 1674.12, 0.00898795, 0.0104166, 0.0593147, 509.332, 0.0428808, 0.02705, 0.00156631, 0.00667115, 0.00104439, 0.0575116, 300.283, 0.042774, 0.0568734, 247.471, 0.0607492, 0.0524179, 0.0762847, 0.00204817, 0.000748032, 0.0296141, 0.00320015, 0.0313626, 0.0196529, 0.0607351, 0.0934693, 0.000175608, 0.0362113, 0.000505524, 0.00148759, 0.0263085, 0.0156633, 0.00677723, 0.0875908, 3855.51, 0.00702093, 0.021429, 0.123693, 0.0351582, 0.0398858, 0.0342616, 0.0363871, 0.042609, 0.0302822, 0.0139525, 0.00317352, 3.17346, 14.017, 

0.00599608, 0.00643845, 0.487367, 0.0593147, 509.332, 0.00156631, 5037.85, 0.00677723, 0.00702093, 0.00898795, 0.00317352, 0.00104439, 0.0575116, 0.0568734, 164.284, 0.0762847, 0.94782, 0.0296141, 0.02705, 0.00320015, 0.00204817, 0.000748032, 0.0313626, 0.0196529, 0.0607351, 0.0934693, 0.000175608, 0.0104166, 0.0362113, 0.0524179, 0.000505524, 0.00148759, 0.0156633, 11.55, 0.021429, 6.69775, 2285.8, 0.0263085, 0.0428808, 0.042774, 0.0351582, 0.0398858, 0.0342616, 0.0363871, 0.042609, 0.0302822, 0.0139525, 0.00667115, 0.0607492, 0.0875908, 

0.00317352, 0.00545073, 0.487367, 0.00156631, 0.00898795, 0.0056432, 1293.07, 0.00677723, 0.00320015, 0.0524179, 0.00104439, 0.00130498, 164.284, 0.94782, 0.0296141, 0.02705, 0.0188922, 0.00015138, 0.0428808, 0.00702093, 0.00204817, 0.000748032, 0.0196529, 0.0607351, 0.000175608, 0.0104166, 0.0211088, 0.0568734, 0.00904713, 0.0156633, 0.000505524, 0.00148759, 11.55, 2285.8, 0.0263085, 0.042774, 778.945, 0.0575116, 0.021429, 0.0313626, 0.0342616, 0.0302822, 0.0139525, 0.00667115, 0.00643845, 0.0327812, 0.00599608, 0.0127569, 0.0593147, 0.0607492, 

0.00317352, 0.00545073, 0.00156631, 0.00898795, 0.0056432, 0.00320015, 0.0524179, 0.00702093, 0.042774, 0.000175608, 0.00104439, 0.00130498, 0.0296141, 0.02705, 0.0428808, 14189.8, 7682.89, 0.0593147, 0.0188922, 0.0568734, 0.00204817, 0.000748032, 0.0196529, 0.0607351, 0.0211088, 0.00904713, 457.267, 0.0156633, 0.00015138, 0.0120018, 0.000505524, 0.00148759, 314.816, 778.945, 0.0575116, 0.021429, 0.0313626, 0.0263085, 0.00677723, 0.0104166, 0.0342616, 0.0302822, 0.0139525, 0.00667115, 0.00643845, 0.0327812, 0.00599608, 0.0127569, 0.0607492, 0.487367, 

Best:
0.992673	0.986387	

Fitness Evaluations:
3277

End Population
(9.581406e-01), (9.218034e-01), (9.340599e-01), (8.757885e-01), (9.714715e-01), (9.410138e-01), (9.366497e-01), (8.702595e-01), (9.382152e-01), (8.845207e-01), (1.004821e+00), (1.004028e+00), (1.112580e+00), (1.217898e+00), (9.495084e-01), (9.082531e-01), (8.521799e-01), (7.406754e-01), (9.885204e-01), (9.778346e-01), (9.959831e-01), (9.887757e-01), (9.755875e-01), (9.544337e-01), (9.052683e-01), (8.338773e-01), (1.040105e+00), (1.097770e+00), (1.048986e+00), (1.080251e+00), (3.986622e+00), (3.984798e+00), (3.501490e+00), (3.498793e+00), (9.851767e-01), (9.948826e-01), (9.283244e-01), (8.735143e-01), (7.753776e-01), (6.092219e-01), (1.044049e+00), (1.089000e+00), (9.743797e-01), (9.503731e-01), (9.235407e-01), (8.646777e-01), (8.636032e-01), (7.663363e-01), (8.792265e-01), (7.811154e-01), (9.532830e-01), (9.170338e-01), (1.672116e+00), (6.586469e-01), (9.199406e-01), (8.559104e-01), (9.926727e-01), (9.863875e-01), (9.185688e-01), (8.510971e-01), (9.853197e-01), (9.691519e-01), (9.657921e-01), (9.345359e-01), (-1.693832e+00), (1.115330e+00), (-1.974185e+00), (1.122341e+00), (8.333720e-01), (7.117562e-01), (9.681326e-01), (9.229931e-01), (8.546442e-01), (7.405331e-01), (8.615747e-01), (7.507650e-01), (9.784849e-01), (9.653789e-01), (9.420286e-01), (8.958179e-01), (8.960402e-01), (8.182027e-01), (8.321406e-01), (6.970464e-01), (9.290385e-01), (8.725555e-01), (9.518181e-01), (9.125529e-01), (9.404247e-01), (8.897737e-01), (9.010307e-01), (8.270175e-01), (9.227667e-01), (8.520561e-01), (9.351578e-01), (8.837681e-01), (7.577983e-01), (5.788272e-01), (3.333649e-01), (9.040430e-02), 