Iterations: 50
Function Evaluations Limit: 150000
Population: 50

Prides Length: 4

Percent Nomads: 0.2
Percent Roaming: 0.2
Percent Sex: 0.8

Mating Rate: 0.3
Mutation Probability: 0.2
Immigration Rate: 0.4

Percent Group Influence: 0.4
Annealing On: true
Ranked Selection Pressure: 2
Near To Best Random Pressure: 2

Dimensions: 1
N-Dimension Space: -100:100

Fitness Iterations:
0.182956 (Initial Best)

0.182956, 0.195648, 0.879245, 0.899641, 1.3763, 2.8617, 1.2505, 1.15527, 0.623984, 0.820747, 0.108379, 0.365669, 0.515611, 1.68963, 1.69947, 2.40505, 2.63768, 1.04339, 0.579826, 0.425748, 0.269347, 0.702449, 0.561133, 1.40198, 1.61509, 1.86036, 2.85647, 0.555215, 0.580852, 0.666444, 0.367838, 0.480915, 0.413522, 1.71669, 1.92053, 2.15449, 2.31459, 0.986821, 0.983283, 1.11318, 0.848671, 0.543343, 0.517419, 0.713253, 0.847712, 0.990132, 1.08842, 1.21617, 1.76743, 1.94115, 

0.0214647, 0.195648, 0.352561, 0.623984, 0.820747, 0.899641, 0.595614, 0.119356, 0.579826, 1.2505, 0.108379, 0.365669, 0.216226, 0.388133, 0.515611, 2.2987, 2.68338, 0.555215, 0.413522, 1.24722, 0.219089, 0.367838, 0.561133, 0.666444, 1.40198, 1.86036, 0.162952, 0.36839, 0.580852, 0.0705152, 0.0551655, 0.193943, 0.983283, 1.11318, 1.71669, 1.92053, 1.7872, 0.986821, 1.33884, 0.020002, 0.182956, 0.269347, 0.515369, 0.411559, 0.485924, 0.517419, 0.543343, 0.657478, 1.3763, 1.61509, 

0.0214647, 0.0901859, 0.352561, 0.623984, 0.751209, 1.2505, 0.857431, 0.899641, 0.579826, 0.216226, 0.0289755, 0.0671593, 0.0108724, 0.388133, 0.515611, 0.776662, 0.114355, 0.429132, 0.0876369, 0.595614, 0.182956, 0.367838, 0.0705152, 0.162952, 0.36839, 0.561133, 0.580852, 0.0691659, 0.0662743, 0.0372221, 0.0551655, 0.193943, 0.020002, 0.983283, 1.11318, 1.71669, 0.368939, 0.666444, 0.555215, 0.966002, 0.108379, 0.195648, 0.219089, 0.269347, 0.411559, 0.485924, 0.515369, 0.517419, 1.01689, 1.24722, 

0.0168961, 0.0214647, 0.352561, 0.751209, 0.899641, 1.65059, 1.77409, 0.36839, 0.35041, 0.0372221, 0.0289755, 0.0434821, 0.0876369, 0.429132, 0.515611, 0.595614, 2.1047, 0.114355, 0.162952, 0.561133, 0.108379, 0.195648, 0.0662743, 0.0705152, 0.580852, 1.60227, 2.05801, 0.368939, 0.579826, 0.216226, 0.0551655, 0.193943, 0.020002, 0.555215, 0.983283, 0.990976, 0.30902, 0.0108724, 0.0691659, 0.388133, 0.182956, 0.169531, 0.30174, 0.219089, 0.269347, 0.355581, 0.411559, 0.485924, 0.623984, 0.666444, 

0.0168961, 0.0214647, 0.0372221, 0.0807267, 0.35041, 1.65059, 1.86807, 0.114355, 0.0705152, 0.352561, 0.0289755, 0.0434821, 0.0876369, 0.162952, 0.515611, 0.561133, 0.595614, 0.36839, 0.163802, 0.216226, 0.0596983, 0.182956, 0.0662743, 0.26317, 0.579826, 0.580852, 0.6942, 0.601576, 0.0108724, 0.429132, 0.0551655, 0.159031, 0.020002, 0.30902, 0.388133, 0.555215, 0.815538, 0.666444, 0.0691659, 0.623984, 0.108379, 0.169531, 0.195648, 0.184329, 0.223424, 0.269347, 0.348256, 0.348641, 0.741974, 0.773377, 

0.0168961, 0.0214647, 0.0705152, 0.114355, 0.364543, 2.18878, 2.19109, 0.352561, 0.0372221, 0.465164, 0.0289755, 0.0434821, 0.0876369, 0.162952, 0.163802, 0.515611, 0.346512, 0.0807267, 0.216226, 0.373713, 0.0596983, 0.182956, 0.0108724, 0.0662743, 0.28227, 0.579826, 0.580852, 0.0520712, 0.36839, 0.429132, 0.0551655, 0.108379, 0.020002, 0.0691659, 0.30902, 0.388133, 0.623984, 0.0962971, 0.35041, 0.0462671, 0.159031, 0.169531, 0.184329, 0.195287, 0.195648, 0.213751, 0.223424, 0.269347, 0.561133, 0.595614, 

0.0168961, 0.0214647, 0.0372221, 0.0705152, 0.114355, 0.352561, 2.18878, 0.0108724, 0.0106133, 0.238079, 0.0120258, 0.0217778, 0.162952, 0.216226, 0.346512, 0.373713, 0.190252, 0.0662743, 0.0807267, 0.364543, 0.0596983, 0.0369859, 0.0520712, 0.36839, 0.429132, 0.580852, 1.45818, 0.146616, 0.28227, 0.30902, 0.0551655, 0.108379, 0.020002, 0.0691659, 0.0962971, 0.35041, 1.37185, 0.163802, 0.0876369, 0.0462671, 0.0289755, 0.0434821, 0.159031, 0.169531, 0.182956, 0.184329, 0.195648, 0.213751, 0.465164, 0.515611, 

0.00997529, 0.00986595, 0.0106133, 0.0108724, 0.352561, 1.9473, 0.133273, 0.0705152, 0.013125, 0.238079, 0.0120258, 0.0125851, 0.0807267, 0.162952, 0.190252, 0.216226, 2.06171, 0.0662743, 0.30902, 0.114355, 0.0369859, 0.0434821, 0.0520712, 0.28227, 0.580852, 1.45818, 1.82615, 0.346512, 0.00986507, 0.146616, 0.0551655, 0.0415233, 0.0643727, 0.0691659, 0.0876369, 0.163802, 0.06469, 0.35041, 0.00995611, 0.0462671, 0.0118796, 0.0217778, 0.0596983, 0.108379, 0.159031, 0.169531, 0.182956, 0.184329, 0.364543, 0.36839, 

0.00986595, 0.00997529, 0.0108724, 0.013125, 0.0705152, 0.352561, 1.29372, 0.238079, 0.00986507, 0.0691659, 0.0118796, 0.0125851, 0.0662743, 0.0807267, 0.162952, 0.190252, 0.216226, 0.271022, 0.151685, 0.146616, 0.0369859, 0.0434821, 0.0520712, 0.0914201, 0.346512, 0.995065, 1.9466, 0.047909, 0.00995611, 0.133273, 0.0301698, 0.0551655, 0.0100447, 0.0462671, 0.0643727, 0.06469, 0.613513, 0.0106133, 0.0876369, 0.0196286, 0.0120258, 0.0217778, 0.0415233, 0.0596983, 0.108379, 0.159031, 0.182956, 0.184329, 0.28227, 0.30902, 

0.00986595, 0.00997529, 0.0108724, 0.0705152, 0.16438, 0.352561, 0.0903358, 0.0462671, 0.0691659, 0.0100447, 0.0118796, 0.0120258, 0.122179, 0.146616, 0.151685, 0.158857, 0.0107613, 0.00986507, 0.0807267, 0.013125, 0.0120039, 0.0406929, 0.00995611, 0.047909, 0.0520712, 0.995065, 0.704389, 0.06469, 0.0662743, 0.0914201, 0.0217778, 0.0415233, 0.0196286, 0.0643727, 0.0876369, 0.771283, 0.567719, 0.133273, 0.190252, 0.0106133, 0.0125851, 0.0301698, 0.0434821, 0.0551655, 0.0596983, 0.108379, 0.159031, 0.182956, 0.238079, 0.271022, 

0.00986595, 0.00997529, 0.0108724, 0.0462671, 0.0903358, 0.16438, 0.352561, 0.0876369, 0.0691659, 0.0234774, 0.011127, 0.0118824, 0.00986507, 0.0807267, 0.151685, 0.0110424, 1.15223, 0.0662743, 0.0250406, 0.0914201, 0.0120039, 0.0187826, 0.047909, 0.0520712, 0.995065, 0.372942, 2.54423, 0.00995611, 0.0705152, 0.0100447, 0.0125851, 0.0301698, 0.0106133, 0.0196286, 0.0643727, 0.133273, 0.771283, 0.013125, 0.06469, 0.0107613, 0.0217778, 0.0145683, 0.0406929, 0.0415233, 0.0434821, 0.0587337, 0.108379, 0.159031, 0.100758, 0.146616, 

0.00986595, 0.00987222, 0.0108724, 0.0691659, 0.0876369, 1.21596, 0.302103, 0.047909, 0.0110424, 0.00995611, 0.00986698, 0.0100691, 0.00986507, 0.0250406, 0.151685, 1.15223, 0.371837, 0.0662743, 0.0462671, 0.0318461, 0.0120039, 0.0145683, 0.0520712, 0.0705152, 0.372942, 0.801061, 0.535087, 0.0234774, 0.013125, 0.0643727, 0.0105378, 0.0301698, 0.0106133, 0.0196286, 0.06469, 0.133273, 1.91207, 0.0107613, 0.0100447, 0.0807267, 0.011127, 0.01646, 0.0217778, 0.0406929, 0.0415233, 0.0434821, 0.0924607, 0.108379, 0.0903358, 0.0914201, 

0.00986595, 0.00987222, 0.00995611, 0.0108724, 0.0110424, 0.047909, 0.0691659, 0.0903358, 0.0196286, 0.0100447, 0.00986468, 0.00986483, 0.0250406, 0.0318461, 0.0462671, 0.0662743, 1.36142, 0.00986507, 0.0914201, 0.151685, 0.00747433, 0.0100691, 0.013125, 0.0234774, 0.0643727, 0.0705152, 0.801061, 0.06469, 0.0807267, 0.00427256, 0.0105378, 0.011127, 0.0107613, 0.133273, 1.77675, 0.0788122, 1.03708, 0.302103, 0.0520712, 0.0106133, 0.0145683, 0.0301698, 0.0111347, 0.011425, 0.01646, 0.0217778, 0.0345234, 0.0415233, 0.356798, 0.371837, 

0.00986595, 0.00987222, 0.0100447, 0.0196286, 0.047909, 0.0903358, 1.95202, 0.00986507, 0.0456779, 0.00995611, 0.00986468, 0.00986483, 0.0318461, 0.0662743, 0.151685, 1.36142, 2.41064, 0.00427256, 0.00336281, 0.0108724, 0.00361934, 0.00574491, 0.013125, 0.0643727, 0.06469, 0.801061, 0.884231, 0.0110424, 0.0234774, 0.0462671, 0.0105378, 0.0107861, 0.0106133, 0.0788122, 1.03708, 1.77675, 0.565636, 0.0250406, 0.0107613, 0.0520712, 0.00461588, 0.011425, 0.0145683, 0.01646, 0.0217778, 0.0230853, 0.0301698, 0.0345234, 0.0705152, 0.0807267, 

0.00442777, 0.00461588, 0.0100447, 0.0196286, 0.0456779, 0.0903358, 0.211534, 0.0250406, 0.00995611, 0.0108724, 0.00986468, 0.00986483, 0.00336281, 0.00427256, 0.0318461, 0.101271, 1.96213, 0.00986507, 0.0106133, 0.013125, 0.00361934, 0.00574491, 0.0462671, 0.0643727, 0.627697, 0.801061, 1.46535, 0.0234774, 0.0212748, 0.0291002, 0.0105378, 0.000107326, 0.0107613, 0.0520712, 0.565636, 0.00980225, 1.58292, 0.0110424, 0.06469, 0.047909, 0.00986595, 0.00987222, 0.0107861, 0.011425, 0.0145683, 0.01646, 0.0196751, 0.0230853, 0.0662743, 0.0705152, 

0.00442777, 0.00461588, 0.0196286, 0.0250406, 0.0456779, 0.0903358, 1.17536, 0.0107613, 0.0520712, 0.00427256, 0.00986468, 0.00986469, 0.00986507, 0.0106133, 0.013125, 0.101271, 2.04142, 0.0212748, 0.0291002, 0.0318461, 0.00361934, 0.00574491, 0.0462671, 0.0643727, 0.627697, 1.08731, 0.745206, 0.0110424, 0.00995611, 0.0100447, 0.000107326, 0.00986595, 0.00980225, 0.047909, 0.06469, 0.565636, 1.58292, 0.00336281, 0.0234774, 0.0108724, 0.0105378, 0.00987222, 0.0107861, 0.011425, 0.0145683, 0.01646, 0.0196751, 0.0230853, 0.0662743, 0.0705152, 

0.000591328, 0.00461588, 0.0107613, 0.0196286, 0.0250406, 0.0903358, 0.471233, 0.0234774, 0.00427256, 0.00986507, 0.00986468, 0.00986469, 0.0106133, 0.013125, 0.0212748, 1.04494, 0.420943, 0.0456779, 0.0291002, 0.0462671, 0.00361934, 0.00574491, 0.00995611, 0.0110424, 0.0643727, 0.745206, 1.63108, 0.0100447, 0.00980225, 0.047909, 0.000107326, 0.00986595, 0.00336281, 0.0108724, 1.58292, 1.42582, 1.114, 0.0104898, 0.0520712, 0.0318461, 0.00442777, 0.0105378, 0.0107861, 0.011425, 0.0145683, 0.01646, 0.0196751, 0.0230853, 0.06469, 0.0662743, 

0.000591328, 0.00391107, 0.00334496, 0.00427256, 0.0234774, 0.0903358, 0.00399906, 0.00986507, 0.0106133, 0.00336281, 0.00442777, 0.00986469, 0.013125, 0.0456779, 0.420943, 1.04494, 0.522442, 0.0108724, 0.0291002, 0.0212748, 0.00259593, 0.00361934, 0.0100447, 0.0110424, 0.0643727, 1.6468, 3.03912, 0.00980225, 0.0196286, 0.047909, 0.000107326, 0.00461588, 0.0104898, 0.0318461, 1.114, 1.42582, 1.58292, 0.00995611, 0.0107613, 0.0462671, 0.00986468, 0.00986595, 0.0105378, 0.0107861, 0.011425, 0.0145683, 0.01646, 0.0196751, 0.0520712, 0.06469, 

0.000591328, 0.00391107, 0.00334496, 0.00336281, 0.0106133, 0.0903358, 2.11588, 0.0108724, 0.06469, 0.00980225, 0.00442777, 0.00986468, 0.013125, 0.0212748, 0.0456779, 0.420943, 1.04494, 0.00427256, 0.0462671, 0.0643727, 0.00259593, 0.00361934, 0.0100447, 0.0110424, 0.0196286, 0.047909, 1.6468, 0.0291002, 0.00399906, 0.00986507, 0.000107326, 0.00461588, 0.00995611, 0.0104898, 0.0107613, 1.42582, 1.99206, 0.0234774, 0.0318461, 0.0520712, 0.00986469, 0.00986595, 0.0105378, 0.0107861, 0.011425, 0.0145683, 0.01646, 0.0196751, 

3.909e-05, 0.000320935, 0.00336281, 0.0106133, 0.0108724, 0.181117, 0.00117388, 0.00442777, 0.00986468, 0.013125, 0.0456779, 0.0643727, 0.420943, 1.04494, 0.00259593, 0.00361934, 0.0100447, 0.0110424, 0.047909, 0.295291, 0.0688877, 0.000107326, 0.00278259, 0.00995611, 0.0104898, 0.0107613, 0.0520712, 0.984046, 0.000899446, 0.00461588, 0.00986469, 0.00986595, 0.0105378, 0.0107861, 0.011425, 0.0145683, 0.00334496, 0.00399906, 

3.909e-05, 0.000320935, 0.00117388, 0.00336281, 0.0106133, 0.0108724, 1.89758, 0.00442777, 0.00461588, 0.013125, 0.0643727, 0.420943, 1.04494, 0.803914, 0.00259593, 0.00361934, 0.0100447, 0.0110424, 0.047909, 0.0688877, 2.00168, 0.000107326, 0.000899446, 0.00995611, 0.0104898, 0.0107613, 0.0520712, 0.984046, 0.00278259, 0.00986468, 0.00986469, 0.00986595, 0.0105378, 0.0107861, 0.011425, 0.0145683, 0.00334496, 0.00399906, 

3.909e-05, 0.000320935, 0.00117388, 0.00336281, 0.0106133, 1.89758, 1.49662, 0.00278259, 0.00461588, 0.013125, 0.420943, 0.554462, 0.803914, 1.98727, 0.00259593, 0.00361934, 0.0100447, 0.0110424, 0.0688877, 0.191164, 0.108364, 0.000107326, 0.000899446, 0.00995611, 0.0104898, 0.0107613, 0.984046, 1.45302, 0.00442777, 0.00610613, 0.00986468, 0.00986469, 0.00986595, 0.0105378, 0.011425, 0.0145683, 0.00334496, 0.00399906, 

3.909e-05, 0.000320935, 0.00117388, 0.00336281, 0.0106133, 1.49662, 1.8333, 0.00278259, 0.00442777, 0.013125, 0.419189, 0.799422, 0.858205, 0.968265, 0.00259593, 0.00361934, 0.0100447, 0.0110424, 0.108364, 0.191164, 1.52982, 8.30398e-05, 0.000107326, 0.00995611, 0.0104898, 0.0107613, 0.984046, 1.45302, 0.00461588, 0.00610613, 0.00986468, 0.00986469, 0.00986595, 0.0105378, 0.011425, 0.0145683, 0.00334496, 0.00399906, 

3.909e-05, 0.000320935, 0.00117388, 0.00336281, 0.0106133, 1.49662, 0.234269, 0.00278259, 0.00442777, 0.013125, 0.29827, 0.419189, 0.799422, 0.858205, 0.000290162, 0.00361934, 0.000637915, 0.0966596, 0.108364, 0.191164, 0.452902, 8.30398e-05, 8.62104e-05, 0.00995611, 0.0104898, 0.0107613, 0.984046, 0.157927, 0.00461588, 0.00610613, 0.00986468, 0.00986469, 0.00986595, 0.0105378, 0.011425, 0.0145683, 0.00334496, 0.00399906, 

1.61059e-05, 3.909e-05, 0.00336281, 0.0106133, 0.234269, 0.799224, 0.816233, 0.00278259, 0.00442777, 0.013125, 0.179789, 0.29827, 0.799422, 0.858205, 0.000290162, 0.00361934, 0.000637915, 0.0966596, 0.108364, 0.191164, 0.452902, 8.30398e-05, 8.56754e-05, 0.00995611, 0.0104898, 0.0107613, 0.157927, 0.984046, 0.00461588, 0.00610613, 0.00986468, 0.00986469, 0.00986595, 0.0105378, 0.011425, 0.0145683, 0.00334496, 0.00399906, 

1.61059e-05, 3.909e-05, 0.0106133, 0.234269, 0.799224, 0.816233, 1.31153, 0.00278259, 0.00442777, 0.179789, 0.29827, 0.799422, 0.858205, 0.797777, 0.000290162, 0.00361934, 0.000637915, 0.0966596, 0.108364, 0.191164, 0.677088, 8.30398e-05, 8.56754e-05, 0.00995611, 0.0104898, 0.157927, 0.984046, 0.830994, 0.00461588, 0.00610613, 0.00986468, 0.00986469, 0.00986595, 0.0105378, 0.011425, 0.0145683, 0.00334496, 0.00399906, 

1.61059e-05, 3.909e-05, 0.000728169, 0.0106133, 0.16746, 0.799224, 0.00016913, 0.00278259, 0.00442777, 0.179789, 0.29827, 0.799422, 0.858205, 0.361962, 0.000290162, 0.00361934, 0.000637915, 0.0966596, 0.108364, 0.677088, 2.00499, 8.30398e-05, 8.56754e-05, 0.0104898, 0.157927, 0.830994, 0.984046, 0.0139207, 0.00461588, 0.00610613, 0.00986468, 0.00986469, 0.00986595, 0.0105378, 0.011425, 0.0145683, 0.00334496, 0.00399906, 

1.61059e-05, 3.909e-05, 0.00016913, 0.000177858, 0.0106133, 0.16746, 3.08649, 0.0015798, 0.00278259, 0.179789, 0.29827, 0.361962, 0.858205, 1.24568, 0.000290162, 0.00361934, 0.000637915, 0.108364, 0.677088, 1.96744, 0.409542, 8.30398e-05, 8.30465e-05, 0.0104898, 0.157927, 0.830994, 0.984046, 1.29482, 0.00461588, 0.00610613, 0.00986468, 0.00986469, 0.00986595, 0.0105378, 0.011425, 0.0145683, 0.00334496, 0.00399906, 

4.76496e-06, 1.31233e-05, 0.00016913, 0.0106133, 0.16746, 2.63768, 0.092612, 0.0015798, 0.00278259, 0.179789, 0.273113, 0.29827, 0.321377, 1.24568, 0.000290162, 0.00361934, 0.000637915, 0.409542, 0.677088, 0.91469, 1.12928, 8.30398e-05, 8.30465e-05, 0.0104898, 0.157927, 0.830994, 1.29482, 2.29798, 0.00461588, 0.00610613, 0.00986468, 0.00986469, 0.00986595, 0.0105378, 0.011425, 0.0145683, 0.00334496, 0.00399906, 

4.76496e-06, 1.31233e-05, 0.00016913, 0.092612, 0.16746, 2.63768, 0.736489, 0.0015798, 0.00228211, 0.0708949, 0.273113, 0.321377, 1.24568, 1.82252, 0.000290162, 0.00261872, 0.000637915, 0.409542, 0.586593, 1.12928, 0.275254, 8.30398e-05, 8.30442e-05, 0.0062212, 0.0104898, 0.157927, 0.830994, 2.29798, 0.00461588, 0.00610613, 0.00986468, 0.00986469, 0.00986595, 0.0105378, 0.011425, 0.0145683, 0.00334496, 0.00399906, 

4.76496e-06, 1.31233e-05, 0.00016913, 0.0441925, 0.092612, 0.736489, 2.01228, 0.0015798, 0.00198947, 0.0467455, 0.273113, 1.24568, 1.82252, 0.492219, 0.000290162, 0.00261872, 0.275254, 0.409542, 0.586593, 1.12928, 0.839217, 1.7391e-05, 1.58075e-05, 2.30296e-05, 0.157927, 0.830994, 2.29798, 2.00773e-05, 0.00461588, 0.00610613, 0.00986468, 0.00986469, 0.00986595, 0.0105378, 0.011425, 0.0145683, 0.00334496, 0.00399906, 

4.76496e-06, 1.31233e-05, 0.00016913, 0.0441925, 0.736489, 2.01228, 0.4196, 0.00131943, 0.0015798, 0.0227473, 0.273113, 0.492219, 1.82252, 1.14535, 0.000290162, 0.00155683, 0.275254, 0.333755, 0.586593, 0.839217, 0.394632, 1.58075e-05, 1.7391e-05, 2.00773e-05, 2.30296e-05, 0.157927, 2.29798, 0.977529, 0.00461588, 0.00610613, 0.00986468, 0.00986469, 0.00986595, 0.0105378, 0.011425, 0.0145683, 0.00334496, 0.00399906, 

2.71162e-06, 1.31233e-05, 0.00016913, 0.0441925, 0.4196, 0.736489, 1.83897, 0.00131943, 0.0015798, 0.0227473, 0.0614018, 0.492219, 1.14535, 2.10227, 0.000290162, 0.00155683, 0.0194809, 0.275254, 0.333755, 0.344179, 1.96893, 1.58069e-05, 1.58075e-05, 2.00773e-05, 2.30296e-05, 0.157927, 0.977529, 1.79029e-05, 0.00461588, 0.00610613, 0.00986468, 0.00986469, 0.00986595, 0.0105378, 0.011425, 0.0145683, 0.00334496, 0.00399906, 

2.71162e-06, 1.15201e-05, 0.0441925, 0.362856, 0.4196, 1.04859, 0.0561688, 0.00131943, 0.0015798, 0.0227473, 0.0614018, 1.14535, 2.10227, 0.328114, 0.000290162, 0.00155683, 0.0194809, 0.333755, 0.344179, 1.96893, 1.93608, 1.38008e-05, 1.58069e-05, 1.38715e-05, 2.30296e-05, 0.157927, 0.184709, 0.690177, 0.00461588, 0.00610613, 0.00986468, 0.00986469, 0.00986595, 0.0105378, 0.011425, 0.0145683, 0.00334496, 0.00399906, 

2.71162e-06, 1.15201e-05, 0.0441925, 0.0479005, 0.362856, 0.4196, 1.04859, 0.00131943, 0.0015798, 0.0227473, 0.0614018, 1.14535, 1.68547, 1.34071, 0.000290162, 0.00155683, 0.0194809, 0.344179, 1.93608, 1.96893, 2.8998, 1.36598e-05, 1.38008e-05, 1.38715e-05, 0.157927, 0.184709, 0.690177, 1.60776, 0.00461588, 0.00610613, 0.00986468, 0.00986469, 0.00986595, 0.0105378, 0.011425, 0.0145683, 0.00334496, 0.00399906, 

2.71162e-06, 1.15201e-05, 0.0370831, 0.362856, 0.4196, 1.04859, 1.93248, 0.001164, 0.00131943, 0.0614018, 0.337337, 1.34071, 1.68547, 1.99723, 0.000290162, 0.00155683, 0.0194809, 0.0610285, 1.12024, 1.93608, 0.0202126, 1.36598e-05, 1.38008e-05, 1.38715e-05, 0.157927, 0.184709, 0.690177, 0.769948, 0.00461588, 0.00610613, 0.00986468, 0.00986469, 0.00986595, 0.0105378, 0.011425, 0.0145683, 0.00334496, 0.00399906, 

2.71162e-06, 3.4731e-06, 0.0370831, 0.236167, 0.362856, 1.04859, 1.28867, 0.00104567, 0.001164, 0.0614018, 0.27684, 0.767181, 1.34071, 0.0580895, 0.000290162, 0.00155683, 0.0194809, 0.0202126, 0.0610285, 1.12024, 2.00127, 1.3561e-05, 1.36598e-05, 1.38715e-05, 0.184709, 0.690177, 0.769948, 1.37109e-05, 0.00461588, 0.00610613, 0.00986468, 0.00986469, 0.00986595, 0.0105378, 0.011425, 0.0145683, 0.00334496, 0.00399906, 

2.37625e-06, 2.71162e-06, 0.0370831, 0.236167, 0.362856, 0.632644, 0.776125, 0.00104567, 0.001164, 0.0614018, 0.27684, 0.767181, 1.34071, 0.233627, 0.000290162, 0.00154564, 0.00362451, 0.0202126, 0.0610285, 0.911931, 0.498397, 1.3561e-05, 1.36598e-05, 1.35651e-05, 0.184709, 0.627293, 0.769948, 1.79513, 0.00461588, 0.00610613, 0.00986468, 0.00986469, 0.00986595, 0.0105378, 0.011425, 0.0145683, 0.00334496, 0.00399906, 

2.37625e-06, 2.71162e-06, 0.0930052, 0.236167, 0.362856, 0.776125, 0.247657, 0.00104567, 0.00108031, 0.0614018, 0.233627, 0.27684, 0.767181, 1.98072, 0.000290162, 0.00154564, 0.00362451, 0.0202126, 0.0610285, 0.310708, 0.911931, 1.34907e-05, 1.35275e-05, 1.35616e-05, 0.184709, 0.627293, 0.769948, 1.35248e-05, 0.00335742, 0.00461588, 0.00610613, 0.00986468, 0.00986469, 0.00986595, 0.0105378, 0.011425, 0.00334496, 0.00399906, 

2.37625e-06, 2.71162e-06, 0.0930052, 0.236167, 0.247657, 0.362856, 0.776125, 0.00104567, 0.00108031, 0.0614018, 0.233627, 0.27684, 0.767181, 0.322145, 0.000290162, 0.00154564, 0.00362451, 0.0610285, 0.310708, 0.911931, 0.99574, 1.34907e-05, 1.35096e-05, 1.35248e-05, 0.184709, 0.627293, 0.769948, 1.12664, 0.00335742, 0.00461588, 0.00610613, 0.00986468, 0.00986469, 0.00986595, 0.0105378, 0.011425, 1.35616e-05, 0.00334496, 

2.37625e-06, 2.71162e-06, 0.0930052, 0.236167, 0.247657, 0.362856, 0.776125, 0.00104567, 0.00107567, 0.0614018, 0.233627, 0.322145, 0.733775, 1.10855, 5.63643e-05, 0.000290162, 0.00362451, 0.0610285, 0.911931, 0.99574, 1.53015, 1.34853e-05, 1.34907e-05, 1.35248e-05, 0.184709, 0.468683, 0.886191, 1.13257, 0.00335742, 0.00461588, 0.00610613, 0.00986468, 0.00986469, 0.00986595, 0.0105378, 0.011425, 1.35616e-05, 0.00334496, 

2.37625e-06, 2.43135e-06, 0.0930052, 0.247657, 0.362856, 0.511394, 1.2611, 0.00104567, 0.00107567, 0.0614018, 0.233627, 0.322145, 0.733775, 0.108427, 5.63643e-05, 0.000290162, 0.00362451, 0.0610285, 0.41107, 1.53015, 0.691355, 1.34853e-05, 1.34907e-05, 1.35248e-05, 0.468683, 0.886191, 1.04289, 0.300423, 0.00335742, 0.00461588, 0.00610613, 0.00986468, 0.00986469, 0.00986595, 0.0105378, 0.011425, 1.35616e-05, 0.00334496, 

2.37625e-06, 2.43135e-06, 0.0930052, 0.362856, 0.492514, 0.511394, 2.15616, 0.00102927, 0.00104567, 0.0140233, 0.0614018, 0.233627, 0.733775, 2.20496, 2.4695e-05, 5.63643e-05, 0.0610285, 0.381814, 0.691355, 1.53015, 0.419063, 1.34845e-05, 1.34853e-05, 1.35248e-05, 0.468683, 0.886191, 1.04289, 0.137067, 0.00335742, 0.00461588, 0.00610613, 0.00986468, 0.00986469, 0.00986595, 0.0105378, 0.011425, 1.35616e-05, 0.00334496, 

2.37625e-06, 2.43135e-06, 0.0930052, 0.362856, 0.492514, 0.511394, 0.935445, 0.000444974, 0.00104567, 0.0140233, 0.0614018, 0.233627, 2.20496, 3.71014, 2.4695e-05, 5.63643e-05, 0.04032, 0.193097, 0.419063, 0.691355, 1.4545, 1.34845e-05, 1.34853e-05, 1.35248e-05, 0.137067, 0.219819, 0.739314, 1.1962, 0.00102927, 0.00335742, 0.00461588, 0.00986468, 0.00986469, 0.00986595, 0.0105378, 0.011425, 1.35616e-05, 0.00334496, 

2.37625e-06, 2.40634e-06, 0.362856, 0.492514, 0.511394, 0.935445, 1.71105, 0.000244618, 0.00102927, 0.0140233, 0.0614018, 0.233627, 3.71014, 0.623638, 9.16899e-06, 2.4695e-05, 0.04032, 0.193097, 0.419063, 0.691355, 2.18339, 1.34845e-05, 1.34853e-05, 1.35248e-05, 0.137067, 0.219819, 0.475317, 1.35149e-05, 0.00104567, 0.00335742, 0.00461588, 0.00986468, 0.00986469, 0.00986595, 0.0105378, 0.011425, 1.35616e-05, 0.00334496, 

2.37625e-06, 2.40634e-06, 0.362856, 0.492514, 0.511394, 0.935445, 1.71105, 0.000244618, 0.00102927, 0.0140233, 0.0614018, 0.233627, 0.833148, 1.89871, 9.16899e-06, 2.4695e-05, 0.04032, 0.193097, 0.419063, 2.1109, 1.74404, 1.34845e-05, 1.34845e-05, 1.35149e-05, 1.35248e-05, 0.137067, 0.219819, 1.81262, 0.00104567, 0.00335742, 0.00461588, 0.00986468, 0.00986469, 0.00986595, 0.0105378, 0.011425, 1.35616e-05, 0.00334496, 

2.37625e-06, 2.40634e-06, 0.362856, 0.488006, 0.492514, 0.935445, 2.29311, 2.90446e-06, 0.00102927, 0.0614018, 0.233627, 0.833148, 1.89871, 2.70019, 9.16899e-06, 2.4695e-05, 0.04032, 0.193097, 0.268179, 1.47018, 1.53367, 1.34845e-05, 1.34845e-05, 1.35149e-05, 1.35248e-05, 0.219819, 1.81262, 0.0167716, 0.000244618, 0.00104567, 0.00335742, 0.00461588, 0.00986468, 0.00986469, 0.0105378, 0.011425, 1.35616e-05, 0.00334496, 

2.37625e-06, 2.40634e-06, 0.115008, 0.2592, 0.362856, 0.488006, 0.935445, 2.90446e-06, 9.8641e-05, 0.0614018, 0.833148, 0.91568, 1.78265, 1.27052, 9.16899e-06, 2.4695e-05, 0.04032, 0.193097, 0.268179, 1.52629, 1.54372, 1.34845e-05, 1.34845e-05, 1.35149e-05, 1.35248e-05, 0.00466455, 0.219819, 1.47975, 0.00102927, 0.000244618, 0.00104567, 0.00335742, 0.00461588, 0.00986468, 0.0105378, 0.011425, 1.34974e-05, 1.35616e-05, 

2.37625e-06, 2.40634e-06, 0.115008, 0.357223, 0.362856, 0.488006, 0.356388, 2.90446e-06, 1.77296e-05, 0.0614018, 0.833148, 1.27052, 1.78265, 1.97346, 9.16899e-06, 2.4695e-05, 0.04032, 0.193097, 0.268179, 1.17163, 2.2072, 1.34845e-05, 1.34845e-05, 1.35149e-05, 1.35248e-05, 0.120359, 0.219819, 0.583801, 0.000244618, 0.00102927, 0.00104567, 0.00335742, 0.00461588, 0.00986468, 0.0105378, 0.011425, 1.34974e-05, 1.35616e-05, 

2.37625e-06, 2.40634e-06, 0.0560779, 0.356388, 0.357223, 0.488006, 1.32207, 8.03879e-07, 1.77296e-05, 0.0614018, 0.554492, 1.27052, 1.78265, 1.7875, 9.16899e-06, 2.4695e-05, 0.04032, 0.193097, 0.268179, 1.17163, 2.2072, 1.34845e-05, 1.34845e-05, 1.35149e-05, 1.35248e-05, 0.0238409, 0.583801, 0.0056628, 0.000244618, 0.00102927, 0.00104567, 0.00335742, 0.00461588, 0.00986468, 0.0105378, 0.011425, 1.34974e-05, 1.35616e-05, 

Best:
(0.00126766, )

Fitness Evaluations:
2715

End Population
(-2.179481e-03), (-2.193234e-03), (3.363962e-01), (-3.763008e+01), (2.576161e+01), (-4.405661e+01), (-2.337539e+01), (1.267657e-03), (-5.953283e-03), (-6.602356e+00), (-7.376985e+00), (-4.443580e+00), (4.206426e+01), (-3.811515e+00), (-4.281221e-03), (-7.026055e-03), (-6.032643e+00), (-6.317366e-01), (-2.464560e+01), (5.132763e+01), (3.414408e+01), (5.191874e-03), (5.191875e-03), (5.197719e-03), (5.199629e-03), (-2.187425e-01), (-5.148951e+00), (-1.064454e-01), (2.211361e-02), (4.536373e-02), (4.572367e-02), (8.194657e-02), (-9.609497e-02), (-6.280161e+00), (-6.316729e+00), (-6.224187e+00), (5.194364e-03), (5.206702e-03), 