Iterations: 50
Function Evaluations Limit: 150000
Population: 50

Prides Length: 4

Percent Nomads: 0.2
Percent Roaming: 0.2
Percent Sex: 0.8

Mating Rate: 0.3
Mutation Probability: 0.2
Immigration Rate: 0.4

Percent Group Influence: 0.4
Annealing On: true
Ranked Selection Pressure: 2
Near To Best Random Pressure: 2

Dimensions: 1
N-Dimension Space: -100:100

Fitness Iterations:
0.0362942 (Initial Best)

0.538425, 0.670878, 0.0941477, 0.515448, 2.63768, 0.343475, 0.0529422, 0.0362942, 0.207018, 0.265275, 0.258982, 0.36723, 0.0906078, 0.432056, 0.671364, 1.77011, 2.09075, 0.310294, 0.336676, 0.370181, 0.497422, 0.302954, 0.188573, 0.495282, 1.76244, 1.48539, 2.71228, 0.120979, 1.40923, 0.911022, 0.284355, 0.362363, 0.362672, 0.729694, 1.65116, 1.88347, 2.63768, 1.52898, 1.24939, 1.00486, 0.78377, 0.583926, 0.6348, 1.14685, 0.744262, 0.76353, 0.960502, 1.13374, 1.59775, 1.68268, 

0.308633, 0.35513, 0.0529422, 0.0941477, 0.207018, 0.343475, 1.8269, 0.336676, 0.572944, 0.297618, 0.19257, 0.169303, 0.310294, 0.432056, 0.671364, 2.09075, 1.90902, 0.370181, 0.48439, 0.515448, 0.256142, 0.412717, 0.120979, 1.40923, 1.48539, 0.0590538, 1.86817, 0.0362942, 0.495282, 0.495841, 0.284355, 0.362363, 0.362672, 0.729694, 1.00486, 1.65116, 2.86636, 0.188573, 0.0906078, 0.00986809, 0.258982, 0.302954, 0.491613, 0.36723, 0.497422, 0.583926, 0.631642, 0.6348, 0.67076, 0.954649, 

0.302954, 0.257869, 0.0941477, 0.336676, 0.572944, 1.8269, 0.494407, 0.157972, 0.0906078, 0.0529422, 0.159863, 0.19257, 0.168488, 0.48439, 0.515448, 0.671364, 1.96871, 0.265954, 0.0362942, 0.0590538, 0.193598, 0.256142, 0.120979, 0.495282, 0.591388, 1.43022, 0.321371, 0.362672, 0.343475, 0.220165, 0.284355, 0.35513, 0.188573, 0.729694, 1.65116, 2.2964, 1.36162, 0.207018, 0.297618, 0.00986809, 0.258982, 0.308633, 0.362363, 0.36723, 0.491613, 0.497422, 0.583926, 0.631642, 0.370181, 0.495841, 

0.202094, 0.0460023, 0.0529422, 0.0906078, 0.0941477, 0.336676, 0.0203836, 0.207018, 0.0897868, 0.304463, 0.159863, 0.19257, 0.0590538, 0.265954, 0.48439, 0.671364, 2.28354, 0.168488, 0.362672, 0.00986809, 0.0716231, 0.256142, 0.120979, 0.220165, 0.321371, 1.43022, 2.04866, 0.116443, 0.0362942, 0.157972, 0.0098733, 0.215839, 0.12068, 0.489977, 1.22994, 1.65116, 0.0402928, 0.370181, 0.416631, 0.297618, 0.284355, 0.162924, 0.257869, 0.35513, 0.258982, 0.302954, 0.308633, 0.362363, 0.4884, 0.494407, 

0.00987405, 0.1145, 0.0941477, 0.207018, 0.304463, 0.336676, 2.29842, 0.0529422, 0.321371, 0.12068, 0.101827, 0.125176, 0.0590538, 0.0787902, 0.654645, 0.671364, 1.99001, 0.168488, 0.0263298, 0.0906078, 0.009881, 0.190312, 0.0362942, 0.116443, 0.157972, 1.43022, 2.11328, 0.0402928, 0.00986809, 0.220165, 0.0098733, 0.0881544, 0.0103131, 0.297618, 0.489977, 1.22994, 0.29056, 0.0203836, 0.0897868, 0.120979, 0.0460023, 0.0341324, 0.176514, 0.19257, 0.215839, 0.257869, 0.258982, 0.284355, 0.362672, 0.378549, 

0.00987405, 0.0341324, 0.0941477, 0.207018, 0.321371, 0.336676, 2.29842, 0.116443, 0.00986809, 0.0685408, 0.0053514, 0.0666178, 0.0211789, 0.0263298, 0.168488, 0.654645, 1.99001, 0.104178, 0.0590538, 0.0529422, 0.00987071, 0.167464, 0.0402928, 0.157972, 0.220165, 2.11328, 0.365088, 0.0362942, 0.190255, 0.120979, 0.0098733, 0.0881544, 0.0103131, 0.0897868, 1.22994, 1.42355, 0.198604, 0.12068, 0.0203836, 0.0906078, 0.1145, 0.0460023, 0.0916305, 0.125176, 0.176514, 0.19257, 0.215839, 0.216215, 0.29056, 0.297618, 

0.00987405, 0.017546, 0.0685408, 0.0900851, 0.0941477, 0.207018, 0.709916, 0.157972, 0.0203836, 0.160405, 0.0053514, 0.0298965, 0.0211789, 0.0529422, 0.107569, 0.654645, 0.0510152, 0.116443, 0.0663256, 0.104178, 0.00987071, 0.0666178, 0.0362942, 0.120979, 0.220165, 2.11328, 1.66173, 0.0263298, 0.0590538, 0.00986809, 0.0098733, 0.0341324, 0.0402752, 0.0906078, 1.22994, 1.42355, 1.04533, 0.0897868, 0.0402928, 0.0103131, 0.0470286, 0.0881544, 0.0460023, 0.046963, 0.167464, 0.0916305, 0.1145, 0.125176, 0.190255, 0.198604, 

0.00987405, 0.017546, 0.00265424, 0.0685408, 0.157972, 0.709916, 1.49581, 0.0529422, 0.0263298, 0.0103131, 0.0053514, 0.0298965, 0.0211789, 0.0510152, 0.104178, 0.107569, 0.509637, 0.116443, 0.00986911, 0.0906078, 0.00987071, 0.00986868, 0.0362942, 0.0590538, 0.120979, 0.220165, 0.757252, 0.0897868, 0.0941477, 0.0203836, 0.0098733, 0.0341324, 0.0402928, 1.04533, 1.22994, 0.0728342, 2.29709, 0.0663256, 0.0402752, 0.00986809, 0.0460023, 0.046963, 0.0470286, 0.0666178, 0.0881544, 0.0916305, 0.0950703, 0.1145, 0.159369, 0.160405, 

0.00987405, 0.017546, 0.0529422, 0.0685408, 0.829017, 1.02027, 1.91724, 0.0211789, 0.0941477, 0.0510152, 0.0053514, 0.0130186, 0.00986911, 0.0906078, 0.104178, 0.186451, 0.680665, 0.0263298, 0.107569, 0.116443, 0.00986868, 0.00987071, 0.0203836, 0.120979, 0.220165, 0.757252, 1.70605, 0.0590538, 0.00265424, 0.0362942, 0.0098733, 0.0341324, 0.00986809, 0.0402752, 0.0663256, 0.0728342, 0.626421, 0.0402928, 0.0897868, 0.0103131, 0.0424927, 0.0460023, 0.0465823, 0.0470286, 0.0666178, 0.0881544, 0.0916305, 0.0950703, 0.140063, 0.157972, 

0.00987405, 0.017546, 0.0510152, 0.0685408, 0.0941477, 0.395876, 1.34188, 0.10803, 0.0402928, 0.0663256, 0.0053514, 0.0130186, 0.0263298, 0.0906078, 0.104178, 0.107569, 0.680665, 0.00986911, 0.0402752, 0.116443, 0.00986868, 0.00987025, 0.0590538, 0.220165, 0.757252, 1.04896, 1.13532, 0.0203836, 0.00986809, 0.0211789, 0.00986583, 0.0160537, 0.0103131, 0.0728342, 0.0897868, 0.626421, 1.99259, 0.0529422, 0.0362942, 0.00265424, 0.0424927, 0.0460023, 0.0465823, 0.0470286, 0.0666178, 0.0881544, 0.0916305, 0.0950703, 0.140063, 0.157972, 

0.00987405, 0.017546, 0.0663256, 0.0941477, 0.10803, 0.0098659, 2.165, 0.00986809, 0.0402928, 0.0211789, 0.0053514, 0.0104485, 0.00986911, 0.104178, 0.107569, 0.116443, 1.58217, 0.0685408, 0.00854429, 0.0362942, 0.00986868, 0.00986991, 0.0203836, 0.220165, 1.04896, 1.13532, 0.0529391, 0.0402752, 0.0728342, 0.0590538, 0.00986583, 0.0134728, 0.0103131, 0.626421, 1.44607, 1.76261, 1.96619, 0.0510152, 0.00265424, 0.0529422, 0.0424927, 0.0460023, 0.0465823, 0.0470286, 0.0666178, 0.0881544, 0.0916305, 0.0950703, 0.0897868, 0.0906078, 

0.00987405, 0.017546, 0.0098659, 0.00986809, 0.0663256, 2.165, 0.567754, 0.0906078, 0.0941477, 0.0402752, 0.00493794, 0.0053514, 0.00854429, 0.107569, 0.116443, 0.989803, 4.1062, 0.0529391, 0.0362942, 0.00265424, 0.00986868, 0.00986991, 0.0590538, 0.0728342, 0.220165, 0.668619, 3.82362, 0.0897868, 0.0402928, 0.00986911, 0.00986583, 0.0117779, 0.0103131, 0.0510152, 0.0529422, 1.44607, 1.76261, 0.0685408, 0.0211789, 0.0203836, 0.0424927, 0.0460023, 0.0465823, 0.0470286, 0.0666178, 0.0881544, 0.0916305, 0.0950703, 0.104178, 0.10803, 

0.00987405, 0.00989552, 0.0098659, 0.0663256, 0.0906078, 0.567754, 1.65734, 0.0211789, 0.0103131, 0.0728342, 0.000589113, 0.0053514, 0.00265424, 0.00854429, 0.0362942, 0.116443, 2.05367, 0.0402928, 0.0897868, 0.0590538, 0.00986868, 0.00986991, 0.00986911, 0.220165, 0.668619, 3.10444, 1.99036, 0.0529391, 0.0402752, 0.0529422, 0.00986583, 0.0117779, 0.0203836, 0.0510152, 1.19754, 1.44607, 1.9245, 0.0685408, 0.00986809, 0.0927536, 0.0128242, 0.0424927, 0.0460023, 0.0465823, 0.0470286, 0.0666178, 0.0881544, 0.0916305, 0.0941477, 0.104178, 

0.00987405, 0.00987905, 0.0103131, 0.0211789, 0.0663256, 0.0906078, 0.413047, 0.0529422, 0.0510152, 0.0897868, 0.000589113, 0.00310819, 0.00854429, 0.0402928, 0.116443, 0.546827, 1.53178, 0.00327344, 0.00265424, 0.0484181, 0.00986868, 0.00986991, 0.00986911, 0.0402752, 0.129471, 0.220165, 1.99036, 0.0941477, 0.0590538, 0.0203836, 0.00347191, 0.0117779, 0.00986809, 0.0685408, 0.0927536, 1.44607, 1.92082, 0.0098659, 0.0362942, 0.0529391, 0.00986583, 0.0128242, 0.0424927, 0.0460023, 0.0465823, 0.0470286, 0.0637722, 0.0666178, 0.104178, 

0.00986583, 0.00987905, 0.0103131, 0.0211789, 0.0897868, 0.413047, 0.409215, 0.0484181, 0.0529422, 0.00265424, 0.000589113, 0.00310819, 0.0402928, 0.0909328, 1.50181, 1.53248, 1.96481, 0.0098659, 0.0402752, 0.00854429, 0.00986868, 0.00986991, 0.00986911, 0.0203836, 0.129471, 0.220165, 0.327946, 0.00327344, 0.104178, 0.0510152, 0.000725076, 0.00347191, 0.00986809, 0.0104927, 0.0529391, 0.0927536, 1.69434, 0.0590538, 0.0685408, 0.0663256, 0.00987405, 0.0100332, 0.0128242, 0.0424927, 0.0460023, 0.0465823, 0.0470286, 0.0637722, 

0.00100029, 0.00987905, 0.0103131, 0.0211789, 0.0897868, 0.157708, 2.22638, 0.0098659, 0.0402928, 0.0402752, 0.000589113, 0.00310819, 0.00854429, 1.50181, 1.53248, 1.53668, 0.759853, 0.0203836, 0.00986809, 0.0529422, 0.00986868, 0.00986991, 0.00327344, 0.0510152, 0.104178, 0.327946, 0.552193, 0.0663256, 0.00986911, 0.0529391, 0.000725076, 0.00347191, 0.0104927, 0.0590538, 0.0927536, 1.26647, 1.56435, 0.0484181, 0.0685408, 0.00265424, 0.00986583, 0.00987405, 0.0100332, 0.0128242, 0.0424927, 0.0460023, 0.0465823, 0.0470286, 

0.00100029, 0.00986583, 0.0103131, 0.0211789, 0.0402928, 1.58107, 1.93639, 0.000589113, 0.00104099, 0.00854429, 0.0182654, 0.0203836, 0.517407, 0.00223865, 0.00310819, 0.00986955, 0.00986911, 0.0510152, 0.0663256, 0.327946, 0.15453, 0.000725076, 0.00347191, 0.00265424, 0.0104927, 0.0590538, 0.0685408, 1.3454, 0.00986868, 0.00987905, 0.00987405, 0.0100332, 0.0128242, 0.0424927, 0.0460023, 0.0465823, 0.00327344, 0.0098659, 

0.00100029, 0.00986583, 0.020958, 0.0211789, 0.0402928, 1.93639, 0.164063, 0.000366478, 0.000589113, 1.35786e-06, 0.00854429, 0.0182654, 0.0203836, 1.93091, 0.00310819, 0.00986868, 0.00986911, 0.0663256, 0.15453, 0.327946, 1.39224, 0.000725076, 0.00347191, 0.00265424, 0.0590538, 0.0685408, 1.3454, 0.510334, 0.00986955, 0.00987405, 0.00987905, 0.0100332, 0.0128242, 0.0424927, 0.0460023, 0.0465823, 0.00327344, 0.0098659, 

0.00100029, 0.00986583, 0.020958, 0.0402928, 0.164063, 0.680917, 0.211992, 0.000216661, 0.000589113, 1.35786e-06, 0.0182654, 0.0203836, 1.93091, 0.53517, 0.00310819, 0.00986868, 0.00986911, 0.15453, 0.327946, 1.39224, 0.733839, 0.000725076, 0.00220383, 0.00265424, 0.0590538, 0.0685408, 1.3454, 0.814942, 0.00986955, 0.00987405, 0.00987905, 0.0100332, 0.0128242, 0.0424927, 0.0460023, 0.0465823, 0.00327344, 0.00854429, 

0.00100029, 0.00986583, 0.020958, 0.0402928, 0.164063, 0.680917, 0.292681, 0.000216661, 0.000589113, 1.35786e-06, 0.0182654, 0.0203836, 0.53517, 1.86306, 0.00310819, 0.00986868, 0.00986911, 0.15453, 0.733839, 1.39224, 0.61191, 0.000725076, 0.00220383, 0.00265424, 0.0590538, 0.358317, 0.814942, 1.75148, 0.00986955, 0.00987405, 0.00987905, 0.0100332, 0.0128242, 0.0424927, 0.0456869, 0.0460023, 0.00327344, 0.00854429, 

0.00072153, 0.00986583, 0.020958, 0.0402928, 0.164063, 0.680917, 0.0216777, 3.48574e-05, 0.000589113, 1.35786e-06, 0.00257096, 0.0182654, 0.53517, 1.86306, 0.00310819, 0.00986868, 0.00986911, 0.0410312, 0.174956, 0.733839, 1.90875, 0.000725076, 0.00220383, 0.00265424, 0.358317, 0.814942, 1.75148, 0.883706, 0.00100029, 0.00986955, 0.00987405, 0.00987905, 0.0128242, 0.0424927, 0.0456869, 0.0460023, 0.00327344, 0.00854429, 

0.00072153, 0.00100029, 0.00850215, 0.0402928, 0.164063, 0.680917, 0.00360161, 2.06752e-05, 0.000589113, 0.00257096, 0.0182654, 0.53517, 1.86306, 1.42393, 0.00310819, 0.00986868, 0.0410312, 0.174956, 0.399605, 0.733839, 1.47292, 0.000432139, 0.000725076, 0.00265424, 0.358317, 0.814942, 0.883706, 1.11378, 0.00349126, 0.00986583, 0.00986955, 0.00987405, 0.00987905, 0.0128242, 0.0424927, 0.0456869, 1.35786e-06, 0.00327344, 

0.00072153, 0.000752115, 0.00850215, 0.0402928, 0.164063, 0.680917, 0.761986, 1.72828e-05, 2.06752e-05, 0.00257096, 0.53517, 0.755024, 1.86306, 0.000551583, 0.00310819, 0.00986868, 0.174956, 0.399605, 0.733839, 1.47292, 1.85058, 1.77823e-05, 0.000432139, 0.00265424, 0.358317, 0.814942, 0.883706, 0.0898563, 0.00100029, 0.00349126, 0.00986583, 0.00986955, 0.00987405, 0.00987905, 0.0128242, 0.0424927, 1.35786e-06, 0.00327344, 

0.00072153, 0.000752115, 0.00850215, 0.0112468, 0.0453632, 0.36098, 3.07733, 5.01909e-06, 1.24091e-05, 0.000551583, 0.0187546, 0.481317, 0.53517, 0.0607381, 0.00310819, 0.00349126, 0.174956, 0.399605, 0.733839, 1.85058, 1.92482, 6.13905e-06, 1.77823e-05, 0.0898563, 0.25033, 0.358317, 0.883706, 0.326244, 0.000981028, 0.00100029, 0.00986868, 0.00986583, 0.00986955, 0.00987405, 0.0128242, 0.0424927, 1.35786e-06, 0.00327344, 

0.00072153, 0.000752115, 0.0112468, 0.0453632, 0.36098, 3.07733, 0.00304401, 3.55462e-06, 5.01909e-06, 3.40446e-05, 0.000551583, 0.0187546, 0.481317, 5.94454e-07, 7.97184e-06, 0.000981028, 0.174956, 0.399605, 0.733839, 1.85058, 0.974677, 6.13905e-06, 1.77823e-05, 0.0898563, 0.25033, 0.358317, 0.883706, 0.109444, 0.00310819, 0.00349126, 0.00100029, 0.00986583, 0.00986868, 0.00986955, 0.00987405, 0.0128242, 1.35786e-06, 0.00327344, 

0.00072153, 0.000752115, 0.0112468, 0.0453632, 0.36098, 2.11233, 1.64905, 3.55462e-06, 5.01909e-06, 3.40446e-05, 0.000551583, 0.0187546, 0.481317, 0.571068, 7.97184e-06, 0.000981028, 0.174956, 0.399605, 0.62038, 0.733839, 1.80643, 1.64014e-06, 6.13905e-06, 0.0898563, 0.25033, 0.358317, 0.659385, 0.303259, 0.00100029, 0.00310819, 0.00349126, 0.00986583, 0.00986868, 0.00986955, 0.00987405, 0.0128242, 5.94454e-07, 1.35786e-06, 

0.00072153, 0.000724763, 0.0112468, 0.0453632, 0.36098, 1.64905, 0.599268, 1.92692e-06, 3.55462e-06, 3.40446e-05, 0.00034375, 0.000551583, 0.481317, 2.26506, 7.97184e-06, 0.000981028, 0.174956, 0.399605, 0.600738, 1.62271, 1.71556, 1.64014e-06, 6.13905e-06, 0.0621634, 0.0898563, 0.25033, 0.303259, 2.01749, 0.00100029, 0.00310819, 0.00349126, 0.00986583, 0.00986868, 0.00986955, 0.00987405, 0.0128242, 5.94454e-07, 1.35786e-06, 

0.00072153, 0.000724763, 0.0112468, 0.0453632, 0.36098, 1.64905, 1.6238, 1.92692e-06, 2.60789e-06, 3.40446e-05, 0.000551583, 0.481317, 0.836182, 0.100995, 7.97184e-06, 0.000981028, 0.174956, 0.193286, 0.389016, 0.600738, 1.62271, 1.64014e-06, 6.13905e-06, 0.0621634, 0.0898563, 0.25033, 1.5085, 0.202874, 0.00100029, 0.00310819, 0.00349126, 0.00986583, 0.00986868, 0.00986955, 0.00987405, 0.0128242, 5.94454e-07, 1.35786e-06, 

0.00072153, 0.000724763, 0.0112468, 0.0420927, 0.36098, 1.6238, 2.01817, 1.92692e-06, 2.60789e-06, 3.40446e-05, 0.000551583, 0.481317, 0.836182, 9.31194e-06, 7.97184e-06, 0.00038274, 0.096438, 0.193286, 0.389016, 0.436107, 1.85844, 1.64014e-06, 6.13905e-06, 0.0621634, 0.0898563, 0.25033, 0.355093, 1.72102, 0.00100029, 0.00310819, 0.00349126, 0.00986583, 0.00986868, 0.00986955, 0.00987405, 0.0128242, 5.94454e-07, 1.35786e-06, 

0.000719193, 0.00072153, 0.0112468, 0.0420927, 0.784315, 1.6238, 1.21628, 1.92692e-06, 2.60789e-06, 9.31194e-06, 0.000551583, 0.481317, 0.836182, 2.00117, 7.97184e-06, 0.00038274, 0.096438, 0.193286, 0.329172, 1.85844, 1.42177, 1.69332e-07, 1.64014e-06, 0.0898563, 0.10553, 0.25033, 0.355093, 1.66981, 0.00100029, 0.00310819, 0.00349126, 0.00986583, 0.00986868, 0.00986955, 0.00987405, 0.0128242, 5.94454e-07, 1.35786e-06, 

0.000719193, 0.00072153, 0.0338776, 0.0420927, 0.784315, 1.6238, 1.53962, 1.92692e-06, 2.60789e-06, 9.31194e-06, 0.481317, 0.836182, 2.00117, 2.09379, 7.97184e-06, 0.00038274, 0.096438, 0.193286, 0.329172, 1.42177, 1.85844, 1.69332e-07, 1.64014e-06, 0.0898563, 0.10553, 0.25033, 0.355093, 2.67769, 0.00100029, 0.00310819, 0.00349126, 0.00986583, 0.00986868, 0.00986955, 0.00987405, 0.0128242, 5.94454e-07, 1.35786e-06, 

0.000719193, 0.00072153, 0.0338776, 0.0420927, 0.430764, 1.6238, 0.91403, 1.92692e-06, 2.60789e-06, 9.31194e-06, 0.836182, 2.00117, 2.09379, 1.0229, 7.97184e-06, 0.000142933, 0.096438, 0.193286, 0.329172, 1.42177, 1.85844, 1.69332e-07, 1.64014e-06, 0.0898563, 0.25033, 0.355093, 2.63768, 0.652402, 0.00100029, 0.00310819, 0.00349126, 0.00986583, 0.00986868, 0.00986955, 0.00987405, 0.0128242, 5.94454e-07, 1.35786e-06, 

0.000719193, 0.00072153, 0.0338776, 0.0420927, 0.668234, 1.6238, 1.90416, 1.92692e-06, 2.60789e-06, 9.31194e-06, 1.0229, 2.00117, 2.09379, 0.987246, 7.97184e-06, 0.000142933, 0.096438, 0.193286, 0.571333, 1.85844, 1.97997, 1.69332e-07, 1.64014e-06, 0.25033, 0.355093, 0.652402, 2.63768, 2.05754, 0.00100029, 0.00310819, 0.00349126, 0.00986583, 0.00986868, 0.00986955, 0.00987405, 0.0128242, 5.94454e-07, 1.35786e-06, 

0.000719193, 0.000719631, 0.00987135, 0.0338776, 0.0420927, 0.387705, 1.0025, 1.92692e-06, 2.60789e-06, 0.987246, 1.0229, 2.00117, 2.09379, 3.95868e-06, 7.97184e-06, 0.000142933, 0.096438, 0.193286, 1.85844, 1.97997, 0.558959, 1.25099e-08, 1.69332e-07, 0.202106, 0.25033, 0.355093, 2.05754, 2.63768, 3.212e-05, 0.00100029, 0.00310819, 0.00986583, 0.00986868, 0.00986955, 0.00987405, 0.0128242, 5.94454e-07, 1.35786e-06, 

0.000719193, 0.000719631, 0.00987135, 0.0338776, 0.0420927, 0.387705, 0.741163, 1.75157e-06, 1.92692e-06, 0.280249, 0.987246, 2.00117, 2.09379, 1.87947, 7.97184e-06, 0.000142933, 0.096438, 0.193286, 0.359553, 0.558959, 0.643417, 1.25099e-08, 1.69332e-07, 0.0394719, 0.355093, 2.03578, 2.05754, 0.485159, 3.212e-05, 0.00100029, 0.00310819, 0.00986583, 0.00986868, 0.00986955, 0.00987405, 0.0128242, 5.94454e-07, 1.35786e-06, 

0.000719193, 0.000719201, 0.00987135, 0.0420927, 0.387705, 0.741163, 0.0174083, 1.75157e-06, 1.92692e-06, 0.0984466, 0.643706, 2.00117, 2.09379, 1.79584, 7.97184e-06, 0.000142933, 0.096438, 0.193286, 0.359553, 0.558959, 0.643417, 1.25099e-08, 1.69332e-07, 0.0394719, 0.355093, 0.485159, 2.03578, 2.05754, 3.212e-05, 0.00100029, 0.00310819, 0.00986583, 0.00986868, 0.00986955, 0.00987405, 0.0128242, 5.94454e-07, 1.35786e-06, 

0.000719192, 0.000719193, 0.00987135, 0.0174083, 0.0420927, 0.741163, 1.68608, 1.75157e-06, 1.79216e-06, 0.0984466, 0.462689, 0.5635, 2.00117, 0.0285084, 7.97184e-06, 0.000142933, 0.193286, 0.359553, 0.558959, 0.643417, 2.28657, 1.25099e-08, 7.6937e-08, 0.0394719, 0.355093, 0.485159, 1.42898, 1.4847, 3.212e-05, 0.00100029, 0.00310819, 0.00986583, 0.00986868, 0.00986955, 0.00987405, 0.0128242, 5.94454e-07, 1.35786e-06, 

3.212e-05, 0.000719193, 0.0174083, 0.0420927, 0.741163, 1.68608, 0.0678241, 1.75157e-06, 1.79216e-06, 0.00121296, 0.462689, 0.5635, 1.35789, 0.000271111, 7.97184e-06, 0.000142933, 0.359553, 0.558959, 0.643417, 1.25363, 0.486207, 1.25099e-08, 7.6937e-08, 0.0394719, 0.355093, 1.42898, 1.4847, 2.2256, 0.000719192, 0.00100029, 0.00310819, 0.00986583, 0.00986868, 0.00986955, 0.00987405, 0.0128242, 5.94454e-07, 1.35786e-06, 

3.212e-05, 0.000719192, 0.0420927, 0.0678241, 0.741163, 1.68608, 1.56854, 1.75157e-06, 1.79216e-06, 0.000271111, 0.00121296, 0.462689, 0.5635, 1.35789, 7.97184e-06, 0.000142933, 0.182588, 0.359553, 0.486207, 0.643417, 1.25363, 1.25099e-08, 7.6937e-08, 0.0394719, 0.355093, 1.2081, 1.42898, 2.2256, 0.000719193, 0.00100029, 0.00310819, 0.00986583, 0.00986868, 0.00986955, 0.00987405, 0.0128242, 5.94454e-07, 1.35786e-06, 

3.212e-05, 0.000719192, 0.0420927, 0.0678241, 0.741163, 1.68608, 2.28955, 1.73797e-06, 1.75157e-06, 0.000271111, 0.00121296, 0.105055, 1.35789, 2.39446, 7.97184e-06, 0.000142933, 0.216445, 0.358262, 0.486207, 1.25363, 0.979969, 1.25099e-08, 7.6937e-08, 0.0394719, 0.355093, 1.42898, 1.60687, 1.51398, 0.000719193, 0.00100029, 0.00310819, 0.00986583, 0.00986868, 0.00986955, 0.00987405, 0.0128242, 5.94454e-07, 1.35786e-06, 

3.212e-05, 0.000719192, 0.0678241, 0.741163, 1.68608, 2.28955, 1.76979, 1.73797e-06, 1.75157e-06, 0.000271111, 0.00121296, 0.0440602, 0.113534, 1.34194, 7.97184e-06, 0.000142933, 0.216445, 0.358262, 0.979969, 1.00372, 1.31781, 1.25099e-08, 7.6937e-08, 0.0394719, 1.42898, 1.51398, 1.60687, 1.70814, 0.000719193, 0.00100029, 0.00310819, 0.00986583, 0.00986868, 0.00986955, 0.00987405, 0.0128242, 5.94454e-07, 1.35786e-06, 

3.212e-05, 4.33033e-05, 0.0678241, 1.68608, 1.76979, 2.28955, 1.40486, 1.73061e-06, 1.73797e-06, 0.000271111, 0.00121296, 0.113534, 1.34194, 1.66714, 5.69462e-06, 7.97184e-06, 0.216445, 0.358262, 0.938833, 0.979969, 1.46085, 1.25099e-08, 1.25614e-08, 0.631869, 1.51398, 1.60687, 1.70814, 1.07921, 0.000719193, 0.00100029, 0.00310819, 0.00986583, 0.00986868, 0.00986955, 0.00987405, 0.0128242, 5.94454e-07, 1.35786e-06, 

3.212e-05, 3.83824e-05, 0.959311, 1.68608, 1.76979, 2.09646, 1.90456, 3.05653e-09, 1.73061e-06, 0.000271111, 0.00121296, 0.113534, 1.34194, 1.66714, 5.69462e-06, 7.97184e-06, 0.216445, 0.358262, 0.938833, 1.46085, 0.229714, 1.25099e-08, 1.25159e-08, 0.255333, 1.07921, 1.60687, 1.70814, 1.96068, 1.72572e-06, 0.000719193, 0.00100029, 0.00310819, 0.00986868, 0.00986955, 0.00987405, 0.0128242, 5.94454e-07, 1.35786e-06, 

3.1903e-05, 3.212e-05, 0.651381, 0.694721, 0.935212, 1.90456, 0.290329, 3.05653e-09, 1.73061e-06, 0.000271111, 0.00121296, 0.113534, 0.49355, 0.705115, 5.69462e-06, 7.97184e-06, 0.0516475, 0.216445, 0.229714, 0.872841, 0.784946, 1.25099e-08, 1.25159e-08, 1.07921, 1.60687, 1.70814, 1.96068, 1.33692, 1.72572e-06, 0.000719193, 0.00100029, 0.00310819, 0.00986868, 0.00986955, 0.00987405, 0.0128242, 5.94454e-07, 1.35786e-06, 

1.72572e-06, 3.212e-05, 0.290329, 0.5308, 0.651381, 0.935212, 1.83918, 3.05653e-09, 1.73061e-06, 0.000271111, 0.113534, 0.26119, 0.705115, 1.70786, 5.69462e-06, 7.97184e-06, 0.0516475, 0.216445, 0.229714, 0.872841, 0.336478, 1.25042e-08, 1.25099e-08, 0.338887, 1.07921, 1.60687, 1.96068, 0.838786, 3.1903e-05, 0.000719193, 0.00100029, 0.00310819, 0.00986868, 0.00986955, 0.00987405, 0.0128242, 5.94454e-07, 1.35786e-06, 

1.72572e-06, 3.1903e-05, 0.192302, 0.290329, 0.651381, 0.935212, 2.6998, 3.05653e-09, 1.12757e-06, 0.000271111, 0.113534, 0.203296, 0.550601, 0.933502, 5.69462e-06, 7.97184e-06, 0.0516475, 0.229714, 0.336478, 0.872841, 0.43579, 1.25042e-08, 1.25099e-08, 0.338887, 1.07921, 1.60687, 1.65519, 1.89495, 3.212e-05, 0.000719193, 0.00100029, 0.00310819, 0.00986868, 0.00986955, 0.00987405, 0.0128242, 5.94454e-07, 1.35786e-06, 

1.72572e-06, 3.1903e-05, 0.192302, 0.258672, 0.290329, 0.935212, 2.63768, 3.05653e-09, 2.04415e-07, 0.000271111, 0.113534, 0.174772, 0.933502, 1.8665, 5.69462e-06, 7.97184e-06, 0.0516475, 0.229714, 0.43579, 0.872841, 1.17141, 1.25042e-08, 1.25099e-08, 0.126677, 0.338887, 1.126, 1.60687, 1.65519, 3.212e-05, 0.000719193, 0.00100029, 0.00310819, 0.00986868, 0.00986955, 0.00987405, 0.0128242, 5.94454e-07, 1.35786e-06, 

1.72572e-06, 7.89068e-06, 0.152669, 0.258672, 0.935212, 2.19488, 1.90849, 3.05653e-09, 6.09305e-08, 0.000271111, 0.113534, 0.174772, 0.203414, 0.2038, 5.69462e-06, 7.97184e-06, 0.0516475, 0.229714, 0.37997, 0.43579, 0.821597, 1.25042e-08, 1.25099e-08, 0.126677, 0.262058, 0.807532, 1.126, 0.240417, 3.212e-05, 0.000719193, 0.00100029, 0.00310819, 0.00986868, 0.00986955, 0.00987405, 0.0128242, 5.94454e-07, 1.35786e-06, 

1.72572e-06, 7.89068e-06, 0.152669, 0.258672, 0.8331, 0.935212, 1.90849, 3.05653e-09, 6.09305e-08, 0.000271111, 0.113534, 0.174772, 0.203414, 0.2038, 9.26762e-07, 5.69462e-06, 0.0516475, 0.0680316, 0.146766, 0.229714, 0.0224668, 1.25039e-08, 1.25042e-08, 0.0924872, 0.126677, 0.240417, 0.807532, 0.227319, 3.212e-05, 0.000719193, 0.00100029, 0.00310819, 0.00986868, 0.00986955, 0.00987405, 0.0128242, 5.94454e-07, 1.35786e-06, 

3.53752e-07, 1.72572e-06, 0.152669, 0.258672, 0.407052, 0.935212, 0.844821, 3.05653e-09, 6.09305e-08, 0.000271111, 0.113534, 0.174772, 0.203414, 1.92416, 9.26762e-07, 5.69462e-06, 0.0224668, 0.0516475, 0.146766, 0.229714, 2.01857, 1.25039e-08, 1.25042e-08, 0.0924872, 0.126677, 0.227319, 0.240417, 0.807532, 3.212e-05, 0.000719193, 0.00100029, 0.00310819, 0.00986868, 0.00986955, 0.00987405, 0.0128242, 5.94454e-07, 1.35786e-06, 

Best:
(7.81666e-05, )

Fitness Evaluations:
2622

End Population
(8.409228e-04), (1.857340e-03), (-1.848063e+01), (-3.155557e+01), (9.358097e-01), (-5.599109e+01), (1.414482e+00), (7.816655e-05), (3.489986e-04), (-2.328037e-02), (-4.810194e-01), (6.862202e+00), (-1.197911e+01), (2.744723e+00), (1.361102e-03), (-3.373953e-03), (6.121146e+00), (-6.570021e+00), (-1.209246e+01), (-1.193274e+01), (-9.515013e+00), (1.580992e-04), (1.581010e-04), (6.689208e+00), (1.856390e+01), (1.318249e+01), (1.191470e+01), (5.638991e+01), (8.013005e-03), (-3.791885e-02), (-4.472031e-02), (7.884479e-02), (6.277215e+00), (6.276924e+00), (6.275715e+00), (1.602825e-01), (1.090098e-03), (-1.647531e-03), 