Iterations: 50
Function Evaluations Limit: 150000
Population: 50

Prides Length: 4

Percent Nomads: 0.2
Percent Roaming: 0.2
Percent Sex: 0.8

Mating Rate: 0.3
Mutation Probability: 0.2
Immigration Rate: 0.4

Percent Group Influence: 0.4
Annealing On: true
Ranked Selection Pressure: 2
Near To Best Random Pressure: 2

Dimensions: 2
N-Dimension Space: -5:5

Fitness Iterations:
0.540287 (Initial Best)

4.41684, 61.2046, 0.540287, 281.469, 306.335, 1310.24, 177.711, 751.51, 66.0304, 274.556, 0.781615, 6.44829, 80.7493, 2174.88, 2539.14, 19392.2, 6.82338, 686.09, 15.6202, 225.152, 102.552, 110.788, 39.783, 64.3661, 2150.03, 2233.15, 2352.28, 847.964, 354.775, 47.2116, 28.1222, 2.77251, 0.883642, 86.2002, 105.155, 1806.11, 1146.5, 252.959, 1.68584, 535.575, 236.235, 9.59257, 40.2895, 120.01, 188.511, 180.841, 197.821, 203.675, 3719.2, 4736.19, 

1.16043, 4.52681, 66.0304, 250.209, 1310.24, 483.305, 8765.61, 7.65562, 252.959, 0.883642, 0.246765, 0.781615, 12.0155, 686.09, 2174.88, 0.315445, 24.4838, 0.540287, 64.3661, 177.711, 9.59257, 110.788, 39.783, 47.2116, 847.964, 2150.03, 174.972, 210.968, 225.152, 15.6202, 2.77251, 26.3245, 1.68584, 535.575, 1146.5, 1806.11, 10.2211, 20.3519, 51.5354, 6.82338, 5.10542, 102.552, 28.1222, 40.2895, 61.2046, 120.01, 128.099, 188.511, 274.556, 281.469, 

1.16043, 1.84168, 7.65562, 74.0762, 252.959, 483.305, 333.654, 24.4838, 20.3519, 51.5354, 0.246765, 0.781615, 0.315445, 0.540287, 12.0155, 2174.88, 59.1214, 177.711, 225.152, 250.209, 4.88647, 40.2895, 15.6202, 39.783, 47.2116, 174.972, 210.968, 64.3661, 1.66943, 274.556, 2.77251, 26.3245, 1.68584, 3.86974, 6.82338, 1146.5, 101.711, 281.469, 114.381, 0.883642, 9.59257, 5.10542, 28.1222, 110.788, 48.4602, 61.2046, 102.552, 104.609, 306.087, 342.986, 

1.16043, 1.84168, 24.4838, 51.5354, 333.654, 483.305, 136.856, 74.0762, 1.68584, 7.65562, 0.246765, 0.781615, 0.315445, 0.540287, 250.209, 2174.88, 20677.9, 39.783, 58.1456, 101.711, 2.51403, 5.10542, 0.469108, 47.2116, 64.3661, 5586.09, 22.0546, 20.3519, 3.02323, 6.82338, 2.77251, 9.59257, 0.883642, 3.86974, 25.5855, 836.482, 172.76, 174.972, 12.0155, 1.66943, 4.88647, 40.2895, 26.3245, 28.1222, 44.0031, 61.2046, 102.552, 104.609, 177.711, 210.968, 

1.16043, 1.84168, 7.65562, 51.5354, 74.0762, 483.305, 905.409, 24.4838, 1.66943, 6.82338, 0.246765, 0.781615, 0.540287, 58.1456, 101.711, 20677.9, 0.972686, 1.68584, 22.0546, 20.3519, 0.848834, 5.10542, 0.469108, 47.2116, 64.3661, 3068.41, 245.558, 3.02323, 25.5855, 12.0155, 2.77251, 4.88647, 0.883642, 127.199, 172.76, 250.951, 464.145, 3.86974, 39.783, 0.315445, 2.51403, 9.59257, 6.71014, 26.3245, 28.1222, 40.2895, 44.0031, 61.2046, 87.9397, 136.856, 

1.16043, 1.84168, 1.66943, 6.82338, 51.5354, 483.305, 905.409, 7.65562, 22.0546, 0.469108, 0.246765, 0.781615, 0.540287, 0.972686, 1.68584, 101.711, 1014.01, 64.3661, 5.0337, 0.883642, 0.848834, 3.39, 3.02323, 47.2116, 245.558, 1172.97, 3.13376, 24.4838, 6.296, 58.1456, 2.51403, 4.88647, 0.315445, 3.86974, 172.76, 250.951, 216.75, 39.783, 12.0155, 25.5855, 2.77251, 5.10542, 6.71014, 9.59257, 11.521, 26.3245, 28.1222, 40.2895, 74.0762, 87.9397, 

0.827627, 1.16043, 0.469108, 7.65562, 483.305, 905.409, 44.9639, 74.0762, 1.66943, 21.1708, 0.246765, 0.781615, 0.883642, 5.0337, 64.3661, 1014.01, 3065.02, 25.5855, 22.0546, 6.82338, 0.848834, 3.39, 3.02323, 3.7492, 6.296, 46.3092, 245.558, 0.540287, 51.5354, 3.13376, 1.6434, 2.77251, 0.315445, 3.86974, 12.0155, 39.783, 250.951, 0.972686, 1.68584, 24.4838, 4.88647, 4.99093, 5.10542, 6.71014, 9.59257, 11.521, 14.1519, 26.3245, 75.2814, 76.7179, 

0.827627, 1.16043, 17.106, 74.0762, 483.305, 905.409, 65.2471, 1.68584, 3.86974, 25.5855, 0.246765, 0.781615, 0.883642, 5.0337, 6.82338, 22.0546, 869.588, 1.66943, 7.65562, 51.5354, 0.848834, 3.39, 2.23234, 6.296, 46.3092, 245.558, 2.03544, 0.540287, 0.315445, 3.02323, 1.6434, 1.89494, 0.972686, 8.61063, 24.4838, 39.783, 3581.64, 44.9639, 0.469108, 3.13376, 2.77251, 4.99093, 5.10542, 5.18888, 6.71014, 7.46854, 9.59257, 11.521, 58.5274, 61.8479, 

0.827627, 1.16043, 3.86974, 17.106, 74.0762, 483.305, 14.4313, 6.82338, 0.315445, 6.296, 0.246765, 0.781615, 1.66943, 5.0337, 22.0546, 51.5354, 2178.71, 8.61063, 0.972686, 1.68584, 0.53571, 3.39, 2.03544, 3.02323, 46.3092, 389.013, 466.99, 0.540287, 2.23234, 1.38169, 1.6434, 1.89494, 0.469108, 3.13376, 24.4838, 44.9639, 146.365, 0.883642, 3.58011, 25.5855, 0.748333, 2.77251, 4.99093, 5.10542, 5.18888, 6.71014, 7.46854, 9.59257, 39.783, 58.5274, 

0.827627, 1.16043, 0.315445, 17.106, 74.0762, 483.305, 34.8547, 1.66943, 1.38169, 14.4313, 0.246765, 0.748333, 0.972686, 1.68584, 5.0337, 8.61063, 22.0546, 5.4494, 3.86974, 0.540287, 0.53571, 3.39, 2.03544, 3.02323, 389.013, 466.99, 327.752, 6.82338, 6.296, 9.40585, 1.6434, 1.89494, 0.469108, 0.883642, 3.13376, 37.2288, 2.90622, 3.58011, 2.23234, 3.28441, 0.781615, 1.2008, 2.77251, 2.81902, 3.84706, 4.99093, 5.10542, 5.18888, 14.565, 24.4838, 

0.781615, 1.16043, 14.4313, 17.106, 34.8547, 74.0762, 121.563, 1.68584, 14.565, 1.66943, 0.246765, 0.51743, 0.540287, 3.86974, 5.0337, 5.4494, 8.61063, 0.972686, 0.883642, 1.38169, 0.53571, 1.2008, 2.03544, 3.02323, 9.40585, 466.99, 2.32728, 0.315445, 2.90622, 0.469108, 0.283419, 1.6434, 2.23234, 3.13376, 3.28441, 3.58011, 37.2288, 6.82338, 22.0546, 6.296, 0.827627, 1.43674, 2.77251, 2.81902, 3.39, 3.84706, 4.99093, 5.02943, 24.4838, 27.6949, 

0.781615, 0.191661, 1.66943, 1.68584, 14.4313, 14.565, 17.106, 3.58011, 25.8347, 24.4838, 0.246765, 0.51743, 0.540287, 0.883642, 3.86974, 5.0337, 5.4494, 5.95149, 1.38169, 9.40585, 0.313705, 1.16043, 0.315445, 0.469108, 2.03544, 2.90622, 3.02323, 2.32728, 6.96141, 8.61063, 0.283419, 1.43674, 2.23234, 2.95339, 3.13376, 3.28441, 6.82338, 0.972686, 12.9747, 22.0546, 0.827627, 1.2008, 1.6434, 2.77251, 2.81902, 3.39, 3.84706, 4.99093, 

0.0746046, 0.191661, 1.68584, 3.58011, 14.565, 1659.89, 0.309344, 6.82338, 7.94464, 5.0337, 0.246765, 0.337617, 0.540287, 3.86974, 5.4494, 5.95149, 9.40585, 2.23234, 2.32728, 0.972686, 0.148464, 0.827627, 0.469108, 2.03544, 3.02323, 8.61063, 167.199, 0.315445, 6.96141, 1.49263, 0.283419, 1.43674, 2.21614, 2.95339, 3.13376, 3.28441, 22.0546, 1.38169, 0.883642, 2.90622, 0.51743, 1.16043, 1.2008, 1.6434, 2.77251, 2.81902, 3.39, 3.84706, 14.4313, 17.106, 

0.0746046, 0.191661, 0.309344, 3.58011, 6.82338, 1659.89, 21.5754, 1.68584, 0.540287, 2.90622, 0.0212268, 0.246765, 2.23234, 2.32728, 5.4494, 5.95149, 0.170711, 3.28441, 0.428179, 0.972686, 0.148464, 0.224164, 2.03544, 3.02323, 8.61063, 167.199, 1064.98, 3.13376, 1.49263, 4.32428, 0.283419, 0.51743, 0.883642, 1.38169, 2.21614, 2.95339, 158329, 0.315445, 5.0337, 0.469108, 0.263293, 1.43674, 0.827627, 1.16043, 1.2008, 1.6434, 2.77251, 2.81902, 6.96141, 7.94464, 

0.0407324, 0.191661, 0.540287, 1.68584, 1659.89, 232.89, 5352.02, 3.58011, 6.82338, 2.32728, 0.0212268, 0.0130779, 0.170711, 0.428179, 2.23234, 3.28441, 523.956, 5.0337, 1.49263, 5.4494, 0.148464, 0.10807, 2.03544, 3.02323, 3.13376, 4.32428, 3.42988, 0.315445, 0.972686, 5.95149, 0.246765, 0.51743, 0.883642, 1.38169, 2.21614, 2.49031, 0.472034, 0.309344, 2.90622, 0.469108, 0.224164, 0.283419, 0.263293, 0.827627, 1.16043, 1.2008, 1.43674, 1.55675, 6.96141, 7.94464, 

0.0407324, 0.191661, 0.540287, 1.68584, 3.58011, 6.82338, 1659.89, 2.49031, 0.972686, 3.28441, 0.0130779, 0.0212268, 0.428179, 1.49263, 2.23234, 5.4494, 0.235258, 2.89218, 3.02323, 3.13376, 0.10807, 0.148464, 2.03544, 3.42988, 4.32428, 5.95149, 0.959825, 0.170711, 2.32728, 0.309344, 0.150968, 0.224164, 0.469108, 0.472034, 0.883642, 1.38169, 47.1502, 2.90622, 2.21614, 0.315445, 0.246765, 0.51743, 0.263293, 0.283419, 0.827627, 0.983521, 1.16043, 1.2008, 3.36456, 5.0337, 

0.0407324, 0.143479, 0.540287, 2.45128, 3.28441, 3.58011, 6.82338, 2.84164, 1.49263, 0.972686, 0.0130779, 0.0212268, 0.235258, 2.23234, 3.13376, 5.4494, 297.353, 2.89218, 2.32728, 0.883642, 0.10807, 0.0789132, 0.170711, 0.309344, 3.42988, 0.0551411, 15206.8, 0.428179, 2.03544, 1.38169, 0.148464, 0.224164, 0.469108, 0.472034, 2.21614, 2.90622, 5.10955, 0.14829, 0.315445, 1.68584, 0.150968, 0.246765, 0.263293, 0.283419, 0.51743, 0.827627, 0.983521, 1.16043, 3.02323, 3.36456, 

0.00685354, 0.0407324, 1.49263, 2.45128, 2.84164, 3.58011, 6.82338, 0.170711, 0.14829, 2.23234, 0.0130779, 0.0212268, 2.32728, 2.89218, 3.13376, 5.4494, 148.85, 0.315445, 0.540287, 0.883642, 0.0789132, 0.10807, 0.309344, 0.428179, 1.38169, 3.42988, 9.14665, 0.0551411, 0.469108, 2.21614, 0.148464, 0.150968, 0.472034, 1.68584, 2.90622, 22.3653, 0.287402, 0.235258, 0.972686, 2.03544, 0.224164, 0.224425, 0.246765, 0.263293, 0.283419, 0.51743, 0.827627, 0.983521, 3.02323, 3.28441, 

0.00685354, 0.0192537, 0.14829, 1.49263, 6.82338, 18.4329, 22.2296, 0.315445, 0.235258, 0.170711, 0.0130779, 0.0212268, 0.540287, 2.89218, 5.4494, 77.8974, 1638, 0.309344, 0.287402, 0.472034, 0.0789132, 0.10807, 0.469108, 2.21614, 3.42988, 9.14665, 787.71, 0.00734498, 0.972686, 0.883642, 0.148464, 0.150968, 1.68584, 2.03544, 2.90622, 22.3653, 160.469, 0.428179, 0.0551411, 1.38169, 0.224164, 0.224425, 0.246765, 0.263293, 0.283419, 0.51743, 0.827627, 0.983521, 2.23234, 2.32728, 

0.00685354, 0.00696885, 0.170711, 0.315445, 6.82338, 180.473, 278.568, 0.972686, 1.49263, 0.14829, 0.0130779, 0.0212268, 0.287402, 0.309344, 0.472034, 5.4494, 0.157767, 2.32728, 0.469108, 2.90622, 0.0789132, 0.10807, 0.00734498, 2.21614, 3.42988, 73.9873, 1060.61, 0.883642, 0.235258, 1.68584, 0.148464, 0.150968, 0.0551411, 0.428179, 1.38169, 2.03544, 10383.3, 2.89218, 2.23234, 0.540287, 0.15892, 0.224164, 0.224425, 0.246765, 0.263293, 0.283419, 0.51743, 0.827627, 

0.00677794, 0.00685354, 0.170711, 0.972686, 1.49263, 6.82338, 180.473, 0.000480658, 0.0212268, 0.157767, 0.287402, 0.472034, 85.515, 4049, 0.0789132, 0.10807, 0.00734498, 0.883642, 1.68584, 3.42988, 464.698, 0.0237366, 0.148464, 0.0485742, 0.0551411, 0.428179, 2.23234, 0.647129, 0.15892, 0.224164, 0.224425, 0.246765, 0.263293, 0.283419, 0.51743, 0.517958, 0.14829, 0.235258, 

0.00677794, 0.00685354, 0.170711, 0.972686, 1.49263, 6.82338, 356.131, 0.000480658, 0.0212268, 0.157767, 0.287402, 0.472034, 85.515, 144.67, 0.0789132, 0.10807, 0.00734498, 0.883642, 1.68584, 3.42988, 79.0163, 0.0237366, 0.148464, 0.0485742, 0.428179, 0.647129, 2.23234, 104.073, 0.15892, 0.224164, 0.224425, 0.246765, 0.263293, 0.283419, 0.51743, 0.517958, 0.0551411, 0.14829, 

0.00677794, 0.00680344, 0.170711, 0.972686, 1.08198, 356.131, 30230.7, 0.000480658, 0.0212268, 0.157767, 0.287402, 85.515, 144.67, 602.956, 0.0789132, 0.10807, 0.00734498, 0.883642, 1.68584, 79.0163, 7.7258, 0.0237366, 0.148464, 0.0485742, 0.428179, 0.532348, 2.23234, 581.658, 0.15892, 0.224164, 0.224425, 0.246765, 0.263293, 0.283419, 0.51743, 0.517958, 0.0551411, 0.14829, 

0.00677794, 0.00680344, 0.170711, 0.972686, 24.4279, 30230.7, 4100.05, 0.000480658, 0.0212268, 0.157767, 0.287402, 63.6502, 602.956, 109.354, 0.0789132, 0.10807, 0.883642, 1.68584, 7.7258, 79.0163, 607.227, 0.0237366, 0.148464, 0.0485742, 0.374506, 2.23234, 581.658, 3211.31, 0.15892, 0.224164, 0.224425, 0.246765, 0.263293, 0.283419, 0.51743, 0.517958, 0.0551411, 0.14829, 

0.00677794, 0.00678051, 0.170711, 0.972686, 24.4279, 521.632, 20004.2, 0.000480658, 0.0212268, 0.157767, 0.287402, 109.354, 602.956, 0.0465828, 0.0789132, 0.10807, 0.883642, 1.68584, 7.7258, 607.227, 9520.69, 0.0237366, 0.128107, 0.374506, 2.23234, 167.785, 3211.31, 337.026, 0.15892, 0.224164, 0.224425, 0.246765, 0.263293, 0.283419, 0.51743, 0.517958, 0.0551411, 0.14829, 

0.0067767, 0.00677794, 0.170711, 0.972686, 24.4279, 521.632, 772.181, 0.000480658, 0.0212268, 0.0465828, 0.157767, 0.287402, 109.354, 602.956, 0.0789132, 0.10807, 1.68584, 7.7258, 607.227, 9520.69, 153.762, 0.0237366, 0.128107, 0.374506, 2.23234, 264.416, 337.026, 2515.16, 0.15892, 0.224164, 0.224425, 0.246765, 0.263293, 0.283419, 0.51743, 0.517958, 0.0551411, 0.14829, 

0.0067767, 0.00677794, 0.170711, 0.972686, 24.4279, 521.632, 38.2803, 0.000480658, 0.0212268, 0.0465828, 0.157767, 45.6916, 109.354, 35.0421, 0.0789132, 0.10807, 1.68584, 153.762, 607.227, 8287.56, 0.933109, 0.0237366, 0.128107, 0.374506, 2.23234, 337.026, 2515.16, 1115.84, 0.15892, 0.224164, 0.224425, 0.246765, 0.263293, 0.283419, 0.51743, 0.517958, 0.0551411, 0.14829, 

0.0067767, 0.00677674, 0.170711, 24.4279, 38.2803, 521.632, 50.3168, 0.000480658, 0.0212268, 0.0121206, 0.157767, 35.0421, 45.6916, 109.354, 0.0789132, 0.10807, 0.933109, 1.68584, 153.762, 607.227, 8287.56, 0.0237366, 0.128107, 0.374506, 2.23234, 270.987, 337.026, 1456.6, 0.15892, 0.224164, 0.224425, 0.246765, 0.263293, 0.283419, 0.51743, 0.517958, 0.0551411, 0.14829, 

0.0067767, 0.00677673, 0.0432556, 0.170711, 38.2803, 521.632, 62.3803, 0.000480658, 0.0212268, 0.0121206, 1.48881, 45.6916, 109.354, 558.598, 0.0789132, 0.10807, 0.933109, 1.68584, 64.366, 607.227, 89.2894, 0.0237366, 0.128107, 0.261423, 2.23234, 270.987, 1456.6, 787.232, 0.15892, 0.224164, 0.224425, 0.246765, 0.263293, 0.283419, 0.51743, 0.517958, 0.0551411, 0.14829, 

0.0067767, 0.00677673, 0.0432556, 0.170711, 38.2803, 62.3803, 32925.5, 0.000480658, 0.0212268, 1.48881, 45.6916, 109.354, 558.598, 3232.95, 0.0789132, 0.10807, 0.933109, 1.68584, 2.26548, 64.366, 43.8031, 0.0237366, 0.128107, 0.261423, 2.23234, 787.232, 1456.6, 58.0229, 0.15892, 0.224164, 0.224425, 0.246765, 0.263293, 0.283419, 0.51743, 0.517958, 0.0551411, 0.14829, 

0.0067767, 0.00677673, 0.0432556, 0.170711, 3.5415, 62.3803, 32925.5, 0.000480658, 0.0212268, 1.48881, 22.1236, 45.6916, 100.961, 65.0833, 0.0789132, 0.10807, 1.68584, 2.26548, 43.8031, 64.366, 4.90625, 0.0237366, 0.094149, 0.241563, 2.23234, 58.0229, 787.232, 1456.6, 0.15892, 0.224164, 0.224425, 0.246765, 0.263293, 0.283419, 0.51743, 0.517958, 0.0551411, 0.14829, 

0.0067767, 0.00677673, 0.0432556, 0.170711, 3.5415, 95.0367, 556.98, 0.000480658, 0.0212268, 1.48881, 45.6916, 65.0833, 100.961, 57.8446, 0.0789132, 0.10807, 1.68584, 2.26548, 43.8031, 64.366, 15604.1, 0.0237366, 0.094149, 0.241563, 2.23234, 58.0229, 60.0345, 42.581, 0.15892, 0.224164, 0.224425, 0.246765, 0.263293, 0.283419, 0.51743, 0.517958, 0.0551411, 0.14829, 

0.0067767, 0.00677673, 0.0432556, 0.170711, 3.5415, 3.99483, 135.496, 0.000480658, 0.0212268, 45.6916, 57.8446, 65.0833, 100.961, 819.129, 0.0789132, 0.10807, 1.68584, 2.26548, 64.366, 15604.1, 6.54232, 0.0237366, 0.094149, 0.241563, 2.23234, 42.581, 60.0345, 2072.91, 0.15892, 0.224164, 0.224425, 0.246765, 0.263293, 0.283419, 0.51743, 0.517958, 0.0551411, 0.14829, 

0.00677665, 0.0067767, 0.0432556, 3.5415, 3.99483, 135.496, 7674.34, 0.000480658, 0.0212268, 45.6916, 57.8446, 65.0833, 100.961, 819.129, 0.0789132, 0.10807, 1.68584, 2.26548, 64.366, 15604.1, 27.0168, 0.0181732, 0.0237366, 0.241563, 2.23234, 42.581, 60.0345, 2072.91, 0.15892, 0.224164, 0.224425, 0.246765, 0.263293, 0.283419, 0.51743, 0.517958, 0.0551411, 0.14829, 

0.00677665, 0.0067767, 0.0302037, 3.5415, 3.99483, 1021.19, 135.197, 0.000480658, 0.0212268, 57.8446, 65.0833, 100.961, 819.129, 88.3352, 0.0789132, 0.10807, 2.26548, 27.0168, 33.0179, 1204.25, 79.7328, 0.0181732, 0.0237366, 0.241563, 2.23234, 42.581, 2072.91, 1559.67, 0.15892, 0.224164, 0.224425, 0.246765, 0.263293, 0.283419, 0.51743, 0.517958, 0.0551411, 0.14829, 

0.00677665, 0.0067767, 0.0302037, 3.5415, 3.99483, 135.197, 373.857, 0.000480658, 0.0212268, 57.8446, 88.3352, 100.961, 819.129, 3588.02, 0.0789132, 0.10807, 12.9516, 27.0168, 79.7328, 1204.25, 280.908, 0.0181732, 0.0237366, 0.241563, 42.581, 290.426, 2072.91, 3250.65, 0.15892, 0.224164, 0.224425, 0.246765, 0.263293, 0.283419, 0.51743, 0.517958, 0.0551411, 0.14829, 

0.00677665, 0.0067767, 0.0302037, 3.5415, 3.99483, 13.0613, 16.9117, 0.000480658, 0.0212268, 57.8446, 88.3352, 100.961, 301.259, 1012.35, 0.0789132, 0.10807, 9.60803, 79.7328, 280.908, 1204.25, 1158.99, 0.0181732, 0.0237366, 0.241563, 290.426, 1721.26, 2072.91, 710.842, 0.15892, 0.224164, 0.224425, 0.246765, 0.263293, 0.283419, 0.51743, 0.517958, 0.0551411, 0.14829, 

0.00677665, 0.0067767, 0.0302037, 3.5415, 13.0613, 16.9117, 1042.9, 0.000480658, 0.0212268, 57.8446, 88.3352, 90.4143, 301.259, 1012.35, 0.0789132, 0.10807, 9.60803, 79.7328, 280.908, 1158.99, 970.875, 0.0181732, 0.0237366, 0.241563, 290.426, 1721.26, 2072.91, 371.672, 0.15892, 0.224164, 0.224425, 0.246765, 0.263293, 0.283419, 0.51743, 0.517958, 0.0551411, 0.14829, 

0.00677665, 0.0067767, 0.0302037, 3.5415, 13.0613, 16.9117, 1042.9, 0.000480658, 0.0212268, 57.8446, 88.3352, 301.259, 1012.35, 2.07418, 0.0789132, 0.10807, 9.60803, 79.7328, 280.908, 970.875, 1158.99, 0.0152234, 0.0237366, 0.241563, 290.426, 371.672, 2072.91, 144.196, 0.15892, 0.224164, 0.224425, 0.246765, 0.263293, 0.283419, 0.51743, 0.517958, 0.0551411, 0.14829, 

0.00677665, 0.0067767, 0.0302037, 13.0613, 16.9117, 165.033, 951.119, 0.000480658, 0.0212268, 2.07418, 24.6502, 57.9931, 1012.35, 0.51262, 0.0789132, 0.10807, 79.7328, 280.908, 970.875, 1158.99, 262.005, 0.0103475, 0.0237366, 0.241563, 6.59402, 32.5121, 144.196, 1040.68, 0.15892, 0.224164, 0.224425, 0.246765, 0.263293, 0.283419, 0.51743, 0.517958, 0.0551411, 0.14829, 

0.00677665, 0.0067767, 0.0302037, 16.9117, 165.033, 951.119, 21.6295, 0.000480658, 0.0212268, 0.113545, 2.07418, 24.6502, 57.9931, 0.0630905, 0.0789132, 0.10807, 25.6352, 79.7328, 280.908, 970.875, 1071.67, 0.0103475, 0.0237366, 0.241563, 6.59402, 32.5121, 73.986, 632.396, 0.15892, 0.224164, 0.224425, 0.246765, 0.263293, 0.283419, 0.51743, 0.517958, 0.0551411, 0.14829, 

0.00677664, 0.00677665, 0.0302037, 14.5222, 165.033, 951.119, 43.2202, 0.000480658, 0.0212268, 0.0342735, 0.113545, 2.07418, 24.6502, 216.993, 0.0789132, 0.10807, 25.6352, 280.908, 970.875, 1071.67, 34.2616, 0.0103475, 0.0237366, 0.241563, 32.5121, 73.986, 416.901, 554.588, 0.15892, 0.224164, 0.224425, 0.246765, 0.263293, 0.283419, 0.51743, 0.517958, 0.0551411, 0.14829, 

0.00677664, 0.00677665, 0.0302037, 0.689206, 165.033, 951.119, 155.598, 0.000480658, 0.0212268, 0.0342735, 0.113545, 2.07418, 24.6502, 0.0264551, 0.0789132, 0.10807, 10.7867, 25.6352, 34.2616, 495.06, 20.3595, 0.0103475, 0.0237366, 0.241563, 32.5121, 73.986, 416.901, 118.302, 0.15892, 0.224164, 0.224425, 0.246765, 0.263293, 0.283419, 0.51743, 0.517958, 0.0551411, 0.14829, 

0.00677664, 0.00677665, 0.0302037, 0.0830663, 0.689206, 951.119, 7211.02, 0.000480658, 0.0212268, 0.0264551, 0.0342735, 0.113545, 2.07418, 24.6502, 0.0789132, 0.10807, 10.7867, 25.6352, 34.2616, 483.241, 0.727136, 0.0103475, 0.0237366, 0.241563, 32.5121, 73.986, 118.302, 303.441, 0.15892, 0.224164, 0.224425, 0.246765, 0.263293, 0.283419, 0.51743, 0.517958, 0.0551411, 0.14829, 

0.00677664, 0.00677665, 0.0302037, 0.0830663, 951.119, 7211.02, 14.4464, 0.000480658, 0.0212268, 0.0264551, 0.0342735, 0.113545, 24.6502, 0.244284, 0.0789132, 0.10807, 0.727136, 10.7867, 25.6352, 483.241, 7.4923, 0.0103475, 0.0237366, 0.241563, 16.5255, 118.302, 303.441, 31.9899, 0.15892, 0.224164, 0.224425, 0.246765, 0.263293, 0.283419, 0.51743, 0.517958, 0.0551411, 0.14829, 

0.00677664, 0.00677665, 0.0302037, 0.0830663, 14.4464, 951.119, 7211.02, 0.000480658, 0.0212268, 0.0264551, 0.0342735, 0.113545, 0.244284, 4696.82, 0.0789132, 0.0873241, 0.727136, 10.7867, 25.6352, 483.241, 102.459, 0.0103475, 0.0199751, 0.241563, 0.483372, 118.302, 303.441, 137.124, 0.15892, 0.224164, 0.224425, 0.246765, 0.263293, 0.283419, 0.51743, 0.517958, 0.0551411, 0.14829, 

0.00677664, 0.00677665, 0.0302037, 0.0830663, 14.4464, 7211.02, 7.20844, 0.000372514, 0.0212268, 0.0264551, 0.0342735, 0.113545, 0.210831, 5055.25, 0.0789132, 0.0873241, 0.331841, 0.727136, 10.7867, 25.6352, 0.141962, 0.0103475, 0.0199751, 0.241563, 0.483372, 118.302, 137.124, 0.118792, 0.15892, 0.224164, 0.224425, 0.246765, 0.263293, 0.283419, 0.51743, 0.517958, 0.0551411, 0.14829, 

0.00677664, 0.00677665, 0.0302037, 0.0830663, 7.20844, 7211.02, 43.364, 0.000372514, 0.0212268, 0.0264551, 0.113545, 0.210831, 5055.25, 0.0722478, 0.0789132, 0.0873241, 0.141962, 0.331841, 0.727136, 10.7867, 0.236021, 0.00223727, 0.0103475, 0.241563, 0.483372, 118.302, 137.124, 48.7148, 0.15892, 0.224164, 0.224425, 0.246765, 0.263293, 0.283419, 0.51743, 0.517958, 0.0551411, 0.14829, 

0.00677664, 0.00677665, 0.0302037, 0.0830663, 7.20844, 43.364, 42.6415, 0.000372514, 0.0212268, 0.0264551, 0.0722478, 0.113545, 2305.18, 3730.03, 0.0789132, 0.0873241, 0.141962, 0.161603, 0.236021, 0.331841, 1.13745, 0.00223727, 0.0103475, 0.483372, 13.5779, 118.302, 137.124, 359.453, 0.15892, 0.224164, 0.224425, 0.246765, 0.263293, 0.283419, 0.51743, 0.517958, 0.0551411, 0.14829, 

0.00677663, 0.00677664, 0.0302037, 0.0830663, 7.20844, 42.6415, 43.364, 0.000372514, 0.0212268, 0.0722478, 0.113545, 2305.18, 3730.03, 0.024747, 0.0789132, 0.0873241, 0.161603, 0.236021, 0.331841, 1.13745, 1412.04, 0.00223727, 0.00806381, 0.483372, 4.45278, 13.5779, 359.453, 174.209, 0.15892, 0.224164, 0.224425, 0.246765, 0.263293, 0.283419, 0.51743, 0.517958, 0.0551411, 0.14829, 

Best:
(1.01284, 1.02441, )

Fitness Evaluations:
2716

End Population
(1.082266e+00), (1.171598e+00), (1.082266e+00), (1.171599e+00), (1.095115e+00), (1.184731e+00), (9.606469e-01), (8.942912e-01), (3.004929e-02), (2.512555e-01), (8.954427e-01), (1.488969e-01), (3.823746e-01), (-5.094003e-01), (1.012843e+00), (1.024411e+00), (1.133693e+00), (1.291051e+00), (9.961954e-01), (1.019281e+00), (9.382753e-01), (9.134868e-01), (-2.107484e+00), (-3.496764e-01), (2.439532e+00), (-1.543847e-01), (1.082093e+00), (1.184345e+00), (1.277142e+00), (1.635681e+00), (1.212588e+00), (1.490896e+00), (1.284980e+00), (1.622822e+00), (1.259343e+00), (1.544864e+00), (1.249423e+00), (1.509132e+00), (1.007291e+00), (1.121284e+00), (1.812417e+00), (-4.719774e-01), (9.622635e-01), (9.230994e-01), (9.522070e-01), (8.990958e-01), (5.241877e-01), (2.240801e-01), (8.993788e-01), (1.019658e+00), (8.074958e-01), (1.020028e+00), (1.386519e+00), (2.690240e-02), (3.868141e-01), (1.468081e+00), (1.331048e+00), (1.793899e+00), (7.272539e-01), (4.901976e-01), (1.023403e+00), (1.094669e+00), (1.495954e+00), (2.235057e+00), (1.009937e+00), (1.071276e+00), (1.530014e+00), (2.335937e+00), (1.479430e+00), (2.242339e+00), (9.554924e-01), (9.847972e-01), (1.230607e+00), (1.509964e+00), (1.136223e+00), (1.254985e+00), 