Iterations: 50
Function Evaluations Limit: 150000
Population: 50

Prides Length: 4

Percent Nomads: 0.2
Percent Roaming: 0.2
Percent Sex: 0.8

Mating Rate: 0.3
Mutation Probability: 0.2
Immigration Rate: 0.4

Dimensions: 1
N-Dimension Space: -100:100

Fitness Iterations:
0.175873
0.569506, 0.413201, 2.10524, 2.05603, 2.18387, 1.71749, 0.840567, 0.25792, 0.147234, 0.902444, 0.76697, 1.41337, 0.942197, 1.73991, 0.683453, 0.697274, 1.43233, 0.261551, 0.175873, 0.784975, 0.0104712, 0.176516, 2.63768, 0.576301, 2.63768, 2.94143, 0.0465659, 0.0919464, 0.00914557, 0.0938891, 0.179778, 0.0625397, 1.10952, 0.338422, 0.132502, 0.106875, 0.24325, 0.633076, 0.0433971, 0.0946142, 1.25456, 0.635914, 1.83298, 1.35412, 1.13188, 0.719419, 1.06291, 0.571654, 1.01506, 1.14019, 

0.356605, 0.249224, 2.05603, 0.25792, 0.147234, 0.902444, 2.67167, 0.0938891, 0.0433971, 0.132502, 0.441223, 1.06291, 0.942197, 1.43233, 0.175873, 0.784975, 1.83312, 0.0919464, 0.333494, 0.0741319, 0.0104712, 0.103969, 0.576301, 2.63768, 2.63768, 0.00914557, 0.94662, 0.0465659, 0.697274, 0.18698, 0.1424, 0.0625397, 0.106875, 0.108296, 0.0946142, 0.770977, 1.4718, 0.261551, 0.230945, 0.633076, 0.76697, 0.176516, 0.719419, 0.571654, 0.569506, 0.635914, 0.907028, 0.413201, 0.840567, 0.872528, 

0.356605, 0.249224, 0.147234, 0.902444, 2.63768, 0.0433971, 1.15729, 0.0919464, 0.132502, 0.0465659, 0.103969, 0.413201, 0.942197, 0.175873, 0.784975, 1.83312, 0.88991, 0.0741319, 0.0938891, 0.108296, 0.0104712, 0.0994533, 0.483646, 2.31689, 0.00914557, 0.18698, 0.977227, 0.0444116, 0.333494, 0.261551, 0.1424, 0.0625397, 0.0946142, 0.770977, 0.230945, 0.633076, 2.53859, 0.106875, 0.160138, 0.176842, 0.441223, 0.712043, 0.571654, 0.635914, 0.569506, 0.460428, 0.466665, 0.176516, 0.697274, 0.840567, 

0.152087, 0.0963977, 0.147234, 0.902444, 0.0296898, 0.0465659, 0.449048, 0.176842, 0.0444116, 0.0114367, 0.103969, 0.0537511, 0.942197, 0.175873, 0.784975, 1.83312, 2.01408, 0.132502, 0.0938891, 0.0741319, 0.0104712, 0.0589713, 2.31689, 0.18698, 0.333494, 0.261551, 2.18429, 0.0919464, 0.108296, 0.483646, 0.0604304, 0.0625397, 0.770977, 0.230945, 0.633076, 0.901304, 0.341567, 0.00914557, 0.0840574, 0.160138, 0.441223, 0.460428, 0.466665, 0.176516, 0.356605, 0.413201, 0.168277, 0.202903, 0.697274, 0.73059, 

0.152087, 0.0963977, 0.902444, 0.0296898, 0.0465659, 0.176842, 0.363114, 0.0938891, 0.261551, 0.0114367, 0.103969, 0.0537511, 1.83312, 0.132502, 0.0741319, 0.827919, 1.99886, 0.00914557, 0.200716, 0.0112709, 0.0104712, 0.0101003, 0.333494, 0.0919464, 0.108296, 0.483646, 0.374907, 0.18698, 0.147234, 0.175873, 0.0604304, 0.0625397, 0.770977, 0.633076, 0.901304, 0.0840574, 0.160138, 0.0444116, 0.089657, 0.341567, 0.441223, 0.356489, 0.466665, 0.176516, 0.25092, 0.413201, 0.168277, 0.202903, 0.449048, 0.527802, 

0.152087, 0.0963977, 0.902444, 0.0465659, 0.363114, 0.0938891, 1.10032, 0.0112709, 0.0296898, 0.0741319, 0.032891, 0.0537511, 1.83312, 1.99886, 0.00914557, 0.200716, 2.35409, 0.089657, 0.261551, 0.160138, 0.0102839, 0.0101003, 0.0919464, 0.108296, 0.18698, 0.175873, 0.277077, 0.333494, 0.132502, 0.199612, 0.0604304, 0.0625397, 0.901304, 0.0840574, 0.0444116, 0.341567, 1.08788, 0.176842, 0.0114367, 0.147234, 0.356489, 0.176516, 0.25092, 0.168277, 0.202903, 0.190202, 0.163065, 0.279231, 0.349666, 0.374907, 

0.0963977, 0.0428414, 0.0465659, 0.0938891, 0.0112709, 0.0296898, 1.27051, 0.225012, 0.261551, 0.246688, 0.032891, 0.0537511, 0.200716, 2.35409, 0.089657, 0.040225, 0.369743, 0.132502, 0.0741319, 0.00914557, 0.0102839, 0.0101003, 0.108296, 0.277077, 0.199612, 1.95178, 0.186252, 0.147234, 0.333494, 0.175873, 0.0604304, 0.0625397, 0.0840574, 0.341567, 0.176842, 0.0114367, 0.959155, 0.0919464, 0.0444116, 0.18698, 0.176516, 0.25092, 0.168277, 0.202903, 0.190202, 0.163065, 0.279231, 0.152087, 0.349666, 0.363114, 

0.000283979, 0.0428414, 0.0465659, 0.0112709, 0.0296898, 0.225012, 0.0102665, 0.132502, 0.147234, 0.0919464, 0.032891, 0.0537511, 0.786874, 0.040225, 0.369743, 0.0741319, 0.00914557, 0.108296, 0.0114367, 0.0840574, 0.0102839, 0.0101003, 1.95178, 0.333494, 0.175873, 0.682519, 2.68676, 0.0938891, 0.199612, 0.200716, 0.0604304, 0.0625397, 0.176842, 0.959155, 0.18698, 0.0911691, 1.88328, 0.089657, 0.0444116, 0.186252, 0.176516, 0.25092, 0.168277, 0.202903, 0.157883, 0.163065, 0.152087, 0.198621, 0.246688, 0.261551, 

0.000283979, 0.000855178, 0.0465659, 0.0296898, 0.0102665, 0.147234, 0.698924, 0.18698, 0.0907682, 0.0919464, 0.032891, 0.0428414, 0.040225, 0.369743, 0.00914557, 0.0642, 2.1048, 0.132502, 0.0112709, 0.0754557, 0.0102839, 0.0101003, 0.175873, 1.48874, 0.0938891, 0.199612, 0.561563, 0.176842, 0.0114367, 0.0741319, 0.0604304, 0.0625397, 0.959155, 0.089657, 0.0444116, 0.186252, 0.216577, 0.0911691, 0.174286, 0.0840574, 0.176516, 0.168277, 0.202903, 0.157883, 0.163065, 0.152087, 0.198621, 0.0537511, 0.200716, 0.225012, 

0.000283979, 0.000855178, 0.0296898, 0.147234, 0.18698, 0.0907682, 0.0919464, 0.0102665, 0.0935463, 0.00914557, 0.0114897, 0.0428414, 0.369743, 0.0642, 0.823863, 0.0112709, 0.0754557, 0.0741319, 0.175873, 0.040225, 0.0102839, 0.0101003, 1.48874, 0.0938891, 0.199612, 0.176842, 0.0114367, 0.0840574, 0.0465659, 0.132502, 0.0458059, 0.0625397, 0.089657, 0.0444116, 0.216577, 0.174286, 1.80753, 0.186252, 0.0911691, 0.200716, 0.176516, 0.168277, 0.157883, 0.163065, 0.152087, 0.198621, 0.0604304, 0.0537511, 0.225012, 0.246834, 

0.000283979, 0.000855178, 0.147234, 0.0907682, 0.0935463, 1.84818, 1.00697, 0.0114367, 0.186252, 0.00914557, 0.0114897, 0.0428414, 0.0642, 0.0754557, 0.175873, 0.040225, 2.0948, 0.0741319, 0.089657, 0.0919464, 0.0102839, 0.0101003, 0.0938891, 0.176842, 0.0465659, 1.93157, 2.00338, 0.0840574, 0.0102665, 0.18698, 0.0458059, 0.0625397, 0.0444116, 0.174286, 0.0453521, 0.200716, 1.9702, 0.0296898, 0.0112709, 0.132502, 0.176516, 0.168277, 0.157883, 0.163065, 0.152087, 0.0604304, 0.0537511, 0.0916893, 0.199612, 0.216577, 

0.000283979, 0.000855178, 0.0935463, 0.0114367, 0.0749666, 0.262792, 3.16761, 0.0444116, 0.0102665, 0.147234, 0.0114897, 0.0428414, 0.0754557, 0.175873, 0.0741319, 0.0919464, 1.39405, 0.0642, 0.040225, 0.174286, 0.0102839, 0.0101003, 1.93157, 2.00338, 0.0840574, 0.18698, 0.824909, 0.0907682, 0.00914557, 0.0465659, 0.0297847, 0.0172957, 0.0453521, 0.200716, 0.0296898, 0.132502, 1.18069, 0.089657, 0.0112709, 0.0938891, 0.168277, 0.157883, 0.163065, 0.152087, 0.0604304, 0.0537511, 0.0916893, 0.0458059, 0.176842, 0.199612, 

0.000283979, 0.000855178, 0.0935463, 0.0114367, 0.0749666, 0.0444116, 0.0102665, 0.0112709, 0.147234, 0.0907682, 0.0114897, 0.00695876, 0.175873, 0.0741319, 0.0919464, 0.040225, 0.174286, 0.0465659, 0.0754557, 0.215656, 0.0102839, 0.0101003, 1.93157, 0.0840574, 0.18698, 0.824909, 0.190231, 0.0642, 0.199612, 0.176842, 0.0101369, 0.0172957, 0.0453521, 0.200716, 0.089657, 0.0938891, 1.65176, 0.0296898, 0.132502, 0.00914557, 0.157883, 0.163065, 0.152087, 0.0604304, 0.0537511, 0.0916893, 0.0458059, 0.0561419, 0.262792, 0.361082, 

0.000283979, 0.000855178, 0.0444116, 0.0102665, 0.0112709, 0.147234, 1.67567, 0.150168, 0.00914557, 0.0840574, 0.0114897, 0.00695876, 0.174286, 0.0465659, 0.0754557, 0.215656, 0.0486633, 0.0907682, 0.0114367, 0.040225, 0.0102839, 0.0101003, 0.18698, 0.824909, 0.0642, 0.176842, 0.490844, 0.0749666, 0.0935463, 0.0741319, 0.0101369, 0.0172957, 0.0938891, 1.48289, 0.0296898, 0.132502, 0.25542, 0.0453521, 0.089657, 0.0919464, 0.157883, 0.163065, 0.152087, 0.0604304, 0.0537511, 0.0916893, 0.0458059, 0.0561419, 0.175873, 0.190231, 

0.000283979, 0.000855178, 0.0102665, 0.0112709, 0.00914557, 2.06027, 1.8845, 0.0754557, 0.150168, 0.040225, 0.0114897, 0.00695876, 0.0465659, 0.0486633, 0.0114367, 0.676867, 0.75255, 0.0919464, 0.089657, 0.0840574, 0.0102839, 0.0101003, 0.824909, 0.0642, 0.490844, 0.0741319, 2.62076, 0.0444116, 0.174286, 0.0480266, 0.0101369, 0.0172957, 0.0938891, 0.0296898, 0.132502, 0.0453521, 0.566442, 0.0749666, 0.0935463, 0.147234, 0.157883, 0.152087, 0.0604304, 0.0537511, 0.0916893, 0.0458059, 0.0561419, 0.117727, 0.175873, 0.176842, 

0.000283979, 0.000855178, 0.0112709, 0.00914557, 0.0754557, 0.839212, 1.50065, 0.0480266, 0.0919464, 0.00114006, 0.0114897, 0.00695876, 0.0465659, 0.0486633, 0.0114367, 0.75255, 0.582943, 0.0102665, 0.0935463, 0.089657, 0.0102839, 0.0101003, 0.0642, 0.490844, 1.80742, 0.174286, 1.36333, 0.0741319, 0.0453521, 0.0444116, 0.0101369, 0.0172957, 0.0296898, 0.132502, 0.566442, 0.0749666, 0.147234, 0.0840574, 0.040225, 0.0722937, 0.152087, 0.0604304, 0.0537511, 0.0916893, 0.0458059, 0.0561419, 0.117727, 0.0951977, 0.0938891, 0.150168, 

0.000283979, 0.000271537, 0.00914557, 0.839212, 0.0480266, 0.0919464, 0.281664, 0.0112709, 0.0935463, 0.0741319, 0.0114897, 0.00695876, 0.0465659, 0.0114367, 0.0102665, 0.089657, 2.16752, 0.0642, 0.0126484, 0.0722937, 0.0102839, 0.0101003, 0.17186, 0.174286, 0.0444116, 1.43397, 0.017286, 0.040225, 0.0754557, 0.00114006, 0.0101369, 0.0172957, 0.0296898, 0.132502, 0.566442, 0.147234, 0.0840574, 0.0749666, 0.0938891, 0.0453521, 0.0604304, 0.0537511, 0.0916893, 0.0458059, 0.0561419, 0.117727, 0.0951977, 0.0808924, 0.150168, 0.582943, 

0.000283276, 0.000271537, 0.00914557, 0.839212, 0.0480266, 0.0741319, 1.06239, 0.0919464, 0.0444116, 0.0935463, 0.0114897, 0.00695876, 0.0465659, 0.089657, 0.0642, 0.0840295, 0.668183, 0.00155264, 0.00114006, 0.0453521, 0.0102839, 0.0101003, 0.17186, 1.43397, 0.017286, 0.040225, 4.07559, 0.0112709, 0.0754557, 0.0102665, 0.0101369, 0.0172957, 0.0296898, 0.132502, 0.566442, 0.0840574, 0.0749666, 0.0722937, 0.0126484, 0.0114367, 0.0604304, 0.0537511, 0.0916893, 0.0458059, 0.0561419, 0.0808924, 0.0924908, 0.0320543, 0.0938891, 0.147234, 

0.000283276, 0.000271537, 0.00914557, 0.0480266, 0.0741319, 0.0444116, 1.59946, 0.0919464, 0.089657, 0.0453521, 0.0114897, 0.00695876, 0.0465659, 0.0642, 0.00155264, 1.30458, 2.18106, 0.0754557, 0.0126484, 0.0114367, 0.0102839, 0.0101003, 1.35727, 0.0112709, 0.0102665, 1.38394, 0.644, 0.0296898, 0.0840295, 0.040225, 0.0101369, 0.0172957, 0.364268, 0.0840574, 0.0749666, 0.0722937, 0.213599, 0.00114006, 0.0935463, 0.017286, 0.0604304, 0.0537511, 0.0916893, 0.0458059, 0.0561419, 0.0808924, 0.0924908, 0.0320543, 0.0938891, 0.132502, 

0.000283276, 0.000271537, 0.0052758, 0.0681172, 0.0444116, 0.0453521, 1.69943, 0.0840295, 0.0290359, 0.089657, 0.0114897, 0.00695876, 0.0754557, 0.0126484, 0.0114367, 1.5928, 0.269076, 0.0102665, 0.0480266, 0.0642, 0.0101604, 0.0101003, 1.3359, 0.0112709, 0.120452, 0.0296898, 1.9283, 0.0840574, 0.00155264, 0.017286, 0.0101369, 0.0172957, 0.0749666, 0.0722937, 0.00114006, 0.0935463, 1.03899, 0.040225, 0.0919464, 0.0465659, 0.0604304, 0.0537511, 0.0458059, 0.0561419, 0.0808924, 0.0320543, 0.0792212, 0.0513853, 0.0938891, 0.132502, 

0.000283276, 0.000271537, 0.0052758, 0.0444116, 1.69943, 0.089657, 0.923454, 0.0465659, 0.0642, 0.0102665, 0.0114897, 0.00695876, 0.0754557, 0.0126484, 0.0114367, 1.3954, 2.67468, 0.0840295, 0.0919464, 0.0290359, 0.0100844, 0.00346219, 0.0112709, 0.120452, 0.0840574, 0.017286, 0.978069, 0.0681172, 0.0296898, 0.00155264, 0.0101369, 0.0172957, 0.0749666, 0.0722937, 0.00114006, 0.759462, 0.040225, 0.0935463, 0.0418324, 0.0480266, 0.0604304, 0.0537511, 0.0458059, 0.0561419, 0.0808924, 0.0320543, 0.0792212, 0.0513853, 0.0938891, 0.132502, 

0.000283276, 0.000271537, 0.0052758, 0.0444116, 1.23298, 0.089657, 1.60634, 0.0465659, 0.0681172, 0.0114367, 0.0114897, 0.00695876, 0.0754557, 1.3954, 0.0840295, 0.0919464, 1.5883, 0.0112709, 0.0290359, 0.0126484, 0.0100844, 0.00346219, 0.120452, 0.017286, 0.0296898, 1.241, 0.995801, 0.0642, 0.0418324, 0.00155264, 0.0101369, 0.0172957, 0.00114006, 0.040225, 0.0935463, 0.0480266, 0.297851, 0.0102665, 0.0722937, 0.0749666, 0.0604304, 0.0537511, 0.0458059, 0.0561419, 0.0808924, 0.0320543, 0.0792212, 0.0513853, 0.0840574, 0.0938891, 

0.000283276, 0.000271537, 0.757357, 1.60634, 0.0465659, 0.0681172, 1.1561, 0.0418324, 0.0444116, 0.00114006, 0.0114897, 0.00695876, 0.0754557, 1.3954, 0.0919464, 1.5883, 0.0126484, 0.0840574, 0.0722937, 0.0114367, 0.0100844, 0.00346219, 0.017286, 0.0296898, 1.241, 0.0642, 0.273948, 0.0749666, 0.0840295, 0.00155264, 0.0101369, 0.0172957, 0.040225, 0.0935463, 0.0480266, 0.0102665, 1.60023, 0.0052758, 0.0290359, 0.0112709, 0.0604304, 0.0537511, 0.0458059, 0.0561419, 0.0320543, 0.0513853, 0.0478805, 0.0439514, 0.089657, 0.0938891, 

0.000283276, 0.000271537, 0.757357, 0.851981, 0.0444116, 0.344359, 2.12047, 0.0112709, 0.00114006, 0.0465659, 0.0114897, 0.00695876, 0.0754557, 1.2447, 0.0126484, 0.0114367, 2.12096, 0.0840574, 0.0052758, 0.0722937, 0.0100844, 0.00346219, 0.017286, 0.0296898, 0.0642, 0.00155264, 0.487117, 0.0681172, 0.0840295, 0.0290359, 0.0101369, 0.0172957, 0.0935463, 0.0480266, 0.0102665, 1.60023, 0.875992, 0.0749666, 0.0418324, 0.040225, 0.0604304, 0.0537511, 0.0458059, 0.0561419, 0.0320543, 0.0513853, 0.0478805, 0.0439514, 0.089657, 0.0919464, 

0.000283276, 0.000271537, 0.757357, 0.0444116, 0.0112709, 0.0465659, 1.69004, 0.00114006, 0.0480266, 0.0840574, 0.0114897, 0.00695876, 0.0126484, 1.13048, 0.0722937, 2.00217, 1.9996, 0.0102665, 0.0052758, 0.0290359, 0.0100844, 0.00346219, 0.017286, 0.0296898, 0.0642, 0.0681172, 1.83899, 0.0754557, 0.040225, 0.0418324, 0.0101369, 0.0172957, 0.0933206, 1.60023, 0.0130068, 0.0749666, 2.68578, 0.0840295, 0.0114367, 0.00155264, 0.0604304, 0.0537511, 0.0458059, 0.0561419, 0.0320543, 0.0513853, 0.0478805, 0.0439514, 0.089657, 0.0919464, 

0.000283276, 0.000271537, 0.0444116, 0.0112709, 0.0465659, 0.0480266, 0.0840574, 0.089657, 0.0126484, 0.0919464, 0.0114897, 0.0066634, 1.98534, 0.0102665, 0.0290359, 1.27594, 0.544004, 0.0052758, 0.0722937, 0.206428, 0.0100844, 0.00346219, 0.0296898, 0.0642, 0.040225, 0.0418324, 1.71984, 0.0723473, 0.0130068, 0.0681172, 0.0101369, 0.0172957, 0.0933206, 1.30623, 0.0749666, 0.0840295, 0.0114367, 0.00114006, 0.017286, 0.00155264, 0.0604304, 0.0537511, 0.0458059, 0.0561419, 0.0320543, 0.0513853, 0.0478805, 0.0439514, 0.209073, 0.410481, 

0.000283276, 0.000271537, 0.0444116, 0.0465659, 0.0919464, 2.08652, 2.38131, 0.0126484, 0.089657, 0.0642, 0.0114897, 0.0066634, 0.0102665, 0.0290359, 0.0052758, 0.0722937, 0.975166, 0.206428, 0.0933206, 0.0112709, 0.0100844, 0.00346219, 0.0296898, 0.040225, 0.0723473, 0.0130068, 0.632395, 0.0480266, 0.0840574, 0.0681172, 0.0101369, 0.00127574, 1.30623, 0.0749666, 0.0114367, 0.00114006, 0.017286, 0.00155264, 0.0418324, 0.0840295, 0.0537511, 0.0458059, 0.0561419, 0.0320543, 0.0513853, 0.0478805, 0.0439514, 0.0432408, 0.209073, 0.410481, 

0.000283276, 0.000271537, 0.0444116, 0.0919464, 1.75858, 0.0126484, 1.12896, 0.00114006, 0.0558248, 0.0722937, 0.0114897, 0.0066634, 0.0102665, 0.0052758, 0.975166, 0.0112709, 2.14221, 0.0114367, 0.0840574, 0.0130068, 0.0100844, 0.00346219, 0.0296898, 0.040225, 0.0723473, 0.632395, 0.0480266, 0.089657, 0.0290359, 0.0840295, 0.0101369, 0.00127574, 0.0749666, 0.017286, 0.0418324, 0.954167, 0.460947, 0.0465659, 0.0681172, 0.00155264, 0.0537511, 0.0458059, 0.0561419, 0.0320543, 0.0513853, 0.0478805, 0.0439514, 0.0432408, 0.0933206, 0.206428, 

0.000283276, 0.000271537, 0.0919464, 0.0126484, 0.00114006, 0.0558248, 0.244308, 0.017286, 0.0130068, 0.0749666, 0.0114897, 0.0066634, 0.0102665, 0.0052758, 0.975166, 0.0114367, 2.01794, 0.0296898, 0.0480266, 0.0161813, 0.0100844, 0.00163199, 0.0723473, 0.632395, 0.089657, 1.28711, 0.364849, 0.040225, 0.0112709, 0.0444116, 0.0101369, 0.00127574, 0.0418324, 0.0465659, 0.0681172, 0.00155264, 0.632982, 0.0722937, 0.0290359, 0.0840295, 0.0537511, 0.0458059, 0.0561419, 0.0320543, 0.0513853, 0.0478805, 0.0439514, 0.0432408, 0.0933206, 0.125757, 

0.000283276, 0.000271537, 0.0919464, 0.00114006, 0.017286, 0.0130068, 0.0749666, 0.0933206, 0.0126484, 0.0112709, 0.0114897, 0.0066634, 0.0102665, 0.0052758, 0.0296898, 0.0480266, 1.98951, 0.171312, 0.0418324, 0.0161813, 0.0100844, 0.00163199, 0.0723473, 0.089657, 0.364849, 0.040225, 1.70892, 0.0444116, 0.0558248, 0.0114367, 0.0101369, 0.00127574, 0.0465659, 0.0681172, 0.0722937, 0.0840295, 0.876851, 0.0290359, 0.00155264, 0.125757, 0.0537511, 0.0458059, 0.0561419, 0.0320543, 0.0513853, 0.0478805, 0.0439514, 0.0432408, 0.244308, 0.402612, 

0.000283276, 0.000271537, 0.0919464, 0.00114006, 0.0130068, 0.0933206, 1.42773, 0.000667978, 0.0114367, 0.0558248, 0.0114897, 0.0066634, 0.0480266, 0.0418324, 0.0161813, 0.0120044, 0.410865, 0.0126484, 0.0052758, 0.0296898, 0.0100844, 0.00163199, 0.0723473, 0.0892299, 0.364849, 0.329028, 0.0871794, 0.0112709, 0.0102665, 0.00155264, 0.0101369, 0.00127574, 0.0465659, 0.0722937, 0.876851, 0.125757, 1.08225, 0.040225, 0.0290359, 0.0444116, 0.0537511, 0.0458059, 0.0320543, 0.0513853, 0.0478805, 0.0439514, 0.0432408, 0.0198438, 0.0681172, 0.0749666, 

0.000283276, 0.000271537, 0.0130068, 0.0933206, 0.000667978, 0.0558248, 2.00176, 0.00705765, 0.0296898, 0.0161813, 0.00436577, 0.00593515, 0.0418324, 0.0120044, 0.0126484, 0.491542, 0.00596374, 0.040225, 0.0290359, 0.0102665, 0.0100844, 0.00163199, 0.0723473, 0.0892299, 0.329028, 0.00155264, 0.112049, 0.0112709, 0.0465659, 0.0114367, 0.0066634, 0.00127574, 0.054455, 0.876851, 1.08225, 0.395679, 0.484109, 0.0444116, 0.0052758, 0.00114006, 0.0458059, 0.0320543, 0.0513853, 0.0478805, 0.0439514, 0.0432408, 0.0198438, 0.0101369, 0.0480266, 0.0681172, 

0.000283276, 0.000271537, 0.0130068, 0.000667978, 0.00705765, 0.0296898, 0.0161813, 0.0126484, 0.00432938, 0.0112709, 0.00346517, 0.00593515, 0.0418324, 0.0120044, 0.00596374, 0.040225, 0.0290359, 0.0102665, 0.0681172, 0.00114006, 0.0100844, 0.00163199, 0.0723473, 0.0892299, 0.329028, 0.00155264, 0.112049, 0.0052758, 0.0558248, 0.0114367, 1.24593e-05, 0.00127574, 0.054455, 0.463877, 0.484109, 0.0444116, 1.88989, 0.00662656, 0.0465659, 0.0480266, 0.0458059, 0.0320543, 0.0478805, 0.0439514, 0.0432408, 0.0198438, 0.0101369, 0.00757827, 0.0933206, 0.377517, 

0.000283276, 0.000271537, 0.0130068, 0.00705765, 0.0161813, 2.79844, 1.9525, 0.00432938, 0.0112709, 0.00596374, 0.00346517, 0.00593515, 0.0418324, 0.0120044, 0.0290359, 0.0681172, 0.00114006, 0.0102665, 0.0465659, 0.000667978, 0.00757827, 0.00163199, 0.0723473, 0.0892299, 0.0558248, 0.0114367, 2.18535, 0.0296898, 0.0052758, 0.00155264, 1.24593e-05, 0.000518886, 0.054455, 0.484109, 0.0444116, 0.00662656, 0.208257, 0.0126484, 0.0480266, 0.040225, 0.0458059, 0.0320543, 0.0478805, 0.0439514, 0.0432408, 0.0198438, 0.0101369, 0.0100844, 0.0933206, 0.112049, 

0.000283276, 0.000271537, 0.0130068, 0.00705765, 2.79844, 0.0112709, 0.00290685, 0.00662656, 0.0681172, 0.00596374, 0.00220464, 0.00593515, 0.0290359, 0.0102665, 0.0465659, 0.000667978, 1.90467, 0.0418324, 0.00432938, 0.0296898, 0.00757827, 0.000877511, 0.0723473, 0.0892299, 0.0558248, 0.00155264, 0.248914, 0.0114367, 0.040225, 0.0161813, 1.24593e-05, 0.000518886, 0.054455, 0.0444116, 0.0126484, 0.0480266, 2.00346, 0.0120044, 0.0052758, 0.00114006, 0.0458059, 0.0320543, 0.0439514, 0.0432408, 0.0198438, 0.0101369, 0.0100844, 0.00346517, 0.0933206, 0.112049, 

0.000271537, 7.14886e-05, 0.0130068, 0.00705765, 0.00662656, 0.00596374, 0.000166075, 0.0480266, 0.000452091, 0.00155264, 4.81149e-05, 0.00346517, 0.0102665, 0.0418324, 0.00432938, 0.0296898, 1.73596, 0.0112709, 0.0290359, 0.0465659, 0.000283276, 0.000877511, 0.0723473, 0.248914, 0.0114367, 0.0161813, 1.16156, 0.040225, 0.000756035, 0.000667978, 1.24593e-05, 0.000518886, 0.0444116, 0.392548, 0.0120044, 0.00114006, 4.27309, 0.0126484, 0.0052758, 0.0284095, 0.0320543, 0.0439514, 0.0432408, 0.0198438, 0.0101369, 0.0100844, 0.00593515, 0.00757827, 0.054455, 0.0558248, 

0.000271537, 7.14886e-05, 0.00705765, 0.000166075, 0.0480266, 1.96058, 0.139567, 0.0114367, 0.00318637, 0.00662656, 4.81149e-05, 0.00346517, 0.0102665, 0.00432938, 1.73596, 0.18667, 1.96073, 0.0120044, 0.0161813, 0.0130068, 0.000283276, 0.000877511, 0.0723473, 0.248914, 0.040225, 0.000756035, 0.000667978, 0.000452091, 0.0126484, 0.00155264, 1.24593e-05, 0.000518886, 0.0444116, 0.00114006, 0.0284095, 1.97946, 1.00816, 0.0112709, 0.00596374, 0.0052758, 0.0320543, 0.0432408, 0.0198438, 0.0101369, 0.0100844, 0.00593515, 0.00757827, 0.00406902, 0.0290359, 0.0296898, 

2.62985e-05, 7.14886e-05, 0.00705765, 0.00318637, 0.00662656, 1.8354, 0.000454545, 0.00155264, 0.0102665, 0.000756035, 4.81149e-05, 0.000712107, 0.0416955, 1.78339, 0.0120044, 0.0161813, 0.0130068, 0.0290359, 0.00114006, 0.0052758, 0.000283276, 0.000877511, 0.0953218, 0.040225, 0.000667978, 0.000452091, 0.0126484, 0.0284095, 0.0296898, 0.00432938, 1.24593e-05, 0.000518886, 0.0444116, 1.00816, 0.0112709, 0.00596374, 0.512299, 0.000166075, 0.0114367, 0.00191808, 0.0198438, 0.0101369, 0.0100844, 0.00593515, 0.00757827, 0.00406902, 0.000838298, 0.00346517, 0.0480266, 0.0723473, 

2.62985e-05, 3.90959e-07, 0.000454545, 0.00155264, 0.0102665, 0.000756035, 1.91146, 0.00705765, 0.0052758, 0.0114367, 4.81149e-05, 0.000712107, 1.14319, 0.0120044, 0.0161813, 0.0883564, 1.31296, 0.0112709, 0.0130068, 0.00191808, 0.000283276, 0.000518886, 0.0953218, 0.000667978, 0.0296898, 0.6885, 2.05357, 0.00432938, 0.000452091, 0.0126484, 1.24593e-05, 1.32417e-05, 0.602311, 0.00596374, 0.512299, 0.000166075, 1.5262e-05, 0.00662656, 0.000886065, 0.00114006, 0.0101369, 0.0100844, 0.00593515, 0.00757827, 0.00406902, 0.000838298, 0.00346517, 0.000877511, 0.0284095, 0.0290359, 

2.62985e-05, 3.90959e-07, 0.000454545, 0.00155264, 0.000756035, 0.0052758, 1.4539, 0.0130068, 0.0102665, 0.00705765, 4.81149e-05, 0.000630594, 0.0161813, 0.0883564, 1.31296, 2.03764, 1.90064, 0.000886065, 0.0112709, 0.00662656, 0.000283276, 0.000252109, 0.000667978, 0.0296898, 0.00432938, 0.000452091, 0.212049, 0.00596374, 0.00191808, 0.0114367, 9.11743e-06, 1.32417e-05, 0.602311, 0.512299, 0.000166075, 1.5262e-05, 0.00291282, 0.0126484, 0.0120044, 0.00114006, 0.0100844, 0.00593515, 0.00757827, 0.00406902, 0.000838298, 0.00346517, 0.000877511, 0.000967298, 0.0284095, 0.0290359, 

2.62985e-05, 3.90959e-07, 0.000454545, 0.00155264, 0.000756035, 0.0102665, 1.96013, 0.00662656, 0.00705765, 0.0161813, 4.81149e-05, 0.000193769, 1.31296, 1.26541, 0.000886065, 0.0112709, 0.396126, 0.0114367, 0.00596374, 0.000166075, 0.000283276, 8.38112e-08, 0.000667978, 0.0296898, 0.212049, 0.00191808, 2.03556, 0.000452091, 0.00432938, 0.0130068, 9.11743e-06, 1.32417e-05, 0.512299, 0.0126484, 0.0120044, 0.00114006, 0.714313, 0.0052758, 1.5262e-05, 0.00291282, 0.0100844, 0.00593515, 0.00757827, 0.00406902, 0.000838298, 0.00346517, 0.000877511, 0.000967298, 0.0284095, 0.0290359, 

2.62985e-05, 3.90959e-07, 0.000454545, 0.00155264, 0.000756035, 1.96013, 1.45666, 0.000166075, 0.000886065, 0.00191808, 4.81149e-05, 0.000193769, 1.31296, 0.0112709, 0.396126, 0.0114367, 1.91795, 0.00662656, 0.0161813, 0.0052758, 0.000283276, 8.38112e-08, 1.61686, 0.00432938, 0.0130068, 2.10791, 1.65289, 0.00596374, 0.0102665, 0.00705765, 9.11743e-06, 1.32417e-05, 0.512299, 0.0120044, 0.00114006, 1.5262e-05, 0.00291282, 0.000452091, 0.0126484, 0.000667978, 0.0100844, 0.00593515, 0.00757827, 0.00406902, 0.000838298, 0.00346517, 0.000877511, 0.000967298, 0.0284095, 0.0290359, 

2.62985e-05, 3.90959e-07, 0.00155264, 1.45666, 0.000166075, 0.00191808, 0.537513, 0.0126484, 0.00705765, 0.000756035, 4.81149e-05, 0.000193769, 0.396126, 1.91795, 0.00662656, 0.0161813, 0.891308, 0.0284095, 0.00291282, 0.0112709, 0.000182312, 8.38112e-08, 1.01145, 0.00432938, 0.0130068, 0.00596374, 0.0102665, 0.0120044, 0.0114367, 0.000886065, 9.11743e-06, 4.75566e-06, 0.00114006, 1.5262e-05, 0.000452091, 0.000667978, 9.49452e-05, 0.0290359, 0.0052758, 0.000454545, 0.00593515, 0.00757827, 0.00406902, 0.000838298, 0.00346517, 0.000877511, 0.000967298, 0.000283276, 0.1973, 0.512299, 

2.62985e-05, 3.90959e-07, 0.00155264, 0.000166075, 0.00191808, 0.537513, 1.82168, 0.000667978, 0.00596374, 0.000452091, 4.81149e-05, 0.000193769, 0.396126, 1.91795, 0.00662656, 0.347369, 0.0284095, 0.0102665, 0.0126484, 0.0112709, 0.000182312, 8.38112e-08, 1.01145, 0.0120044, 0.000886065, 0.377681, 0.768483, 0.0114367, 0.00705765, 0.00114006, 9.11743e-06, 4.75566e-06, 1.5262e-05, 9.49452e-05, 0.0052758, 0.000454545, 0.515166, 0.000756035, 0.00432938, 0.00291282, 0.00593515, 0.00757827, 0.00406902, 0.000838298, 0.00346517, 0.000877511, 0.000967298, 0.000283276, 0.0130068, 0.0161813, 

2.62985e-05, 3.90959e-07, 0.00155264, 0.000166075, 0.644526, 0.000667978, 0.00034272, 0.0114367, 0.00596374, 0.000756035, 4.81149e-05, 0.000193769, 0.396126, 0.347369, 0.0102665, 0.0126484, 1.90309, 0.00191808, 1.5262e-05, 0.00662656, 0.000182312, 8.38112e-08, 1.01145, 0.0120044, 0.000886065, 0.48779, 2.03211, 0.000452091, 0.00291282, 0.00705765, 9.11743e-06, 4.75566e-06, 9.49452e-05, 0.0052758, 0.000454545, 0.00432938, 0.503904, 0.0112709, 0.0130068, 0.00114006, 0.00593515, 0.00406902, 0.000838298, 0.00346517, 0.000877511, 0.000967298, 0.000283276, 0.000565064, 0.0161813, 0.0284095, 

2.62985e-05, 3.90959e-07, 0.000166075, 0.644526, 0.000756035, 1.90948, 1.02983, 0.00291282, 0.000454545, 0.000452091, 4.81149e-05, 0.000193769, 0.0102665, 0.0126484, 1.90309, 0.00662656, 3.30591, 1.5262e-05, 0.00596374, 0.00432938, 0.000182312, 8.38112e-08, 1.01145, 0.0120044, 0.000886065, 0.00705765, 1.84972, 0.0052758, 0.00191808, 0.000667978, 9.11743e-06, 4.75566e-06, 0.503904, 0.0130068, 0.00114006, 1.94577, 3.7024, 9.49452e-05, 0.00034272, 0.00155264, 0.00593515, 0.00406902, 0.000838298, 0.00346517, 0.000877511, 0.000967298, 0.000283276, 0.000565064, 0.0112709, 0.0114367, 

2.62985e-05, 3.90959e-07, 0.644526, 0.000756035, 1.02983, 0.000454545, 0.0418855, 0.0102665, 0.00596374, 0.00114006, 4.81149e-05, 0.000193769, 0.0126484, 0.00662656, 1.5262e-05, 0.17246, 2.00705, 0.0112709, 0.000452091, 9.49452e-05, 0.000182312, 8.38112e-08, 1.01145, 0.000886065, 0.00705765, 0.0052758, 0.000667978, 0.000166075, 0.000143012, 0.0114367, 9.11743e-06, 4.75566e-06, 0.503904, 0.0130068, 1.94577, 0.00155264, 1.5943, 0.00291282, 0.00191808, 0.00432938, 0.00593515, 0.00406902, 0.000838298, 0.00346517, 0.000877511, 0.000967298, 0.000283276, 0.000565064, 0.0120044, 0.199671, 

2.62985e-05, 3.90959e-07, 0.000756035, 1.02983, 0.0418855, 0.00114006, 1.51156, 0.00596374, 0.00662656, 0.000886065, 4.81149e-05, 0.000193769, 0.0126484, 2.00705, 0.0112709, 9.49452e-05, 0.550477, 0.0114367, 0.0120044, 0.000452091, 0.000182312, 8.38112e-08, 0.00705765, 0.0052758, 0.000667978, 0.000143012, 2.683, 0.000454545, 0.000166075, 1.5262e-05, 9.11743e-06, 4.75566e-06, 1.5943, 0.00291282, 0.00191808, 0.00432938, 0.931727, 0.0102665, 0.0130068, 0.00155264, 0.00593515, 0.00406902, 0.000838298, 0.00346517, 0.000877511, 0.000967298, 0.000283276, 0.000565064, 0.0915234, 0.17246, 

2.62985e-05, 3.90959e-07, 1.02983, 0.0418855, 1.51156, 0.00662656, 0.000886065, 0.00114006, 0.0052758, 0.00596374, 4.81149e-05, 2.21451e-06, 2.00705, 0.0112709, 0.0120044, 0.000452091, 4.71972e-06, 0.0102665, 0.0126484, 0.00291282, 0.000182312, 8.38112e-08, 0.00705765, 0.000143012, 0.000454545, 1.5262e-05, 1.53863, 0.000756035, 0.000166075, 0.000667978, 2.39104e-06, 4.75566e-06, 0.00191808, 0.00432938, 0.543955, 0.0130068, 0.00155264, 0.0915234, 0.0114367, 9.49452e-05, 0.00406902, 0.000838298, 0.00346517, 0.000877511, 0.000967298, 0.000283276, 0.000565064, 0.000193769, 0.17246, 0.181159, 

2.62985e-05, 3.90959e-07, 0.0418855, 1.18322, 0.00662656, 0.000886065, 0.00114006, 0.000756035, 0.0112709, 0.0114367, 4.81149e-05, 2.21451e-06, 0.279291, 0.0120044, 0.000452091, 1.99441, 2.25805, 0.0052758, 0.0126484, 0.000143012, 1.20376e-05, 8.38112e-08, 0.00705765, 0.000454545, 1.5262e-05, 0.0596841, 0.000667978, 0.0102665, 0.000166075, 4.71972e-06, 2.39104e-06, 1.41543e-06, 0.00432938, 0.00155264, 0.0915234, 9.49452e-05, 2.30412, 0.00291282, 0.00191808, 0.00596374, 0.00406902, 0.000838298, 0.00346517, 0.000877511, 0.000967298, 0.000283276, 0.000565064, 0.000193769, 0.0130068, 0.17246, 

Best:
-0.000409315	

Fitness Evaluations:
3357

End Population
(7.250580e-03), (8.840404e-04), (-1.262975e+01), (1.754274e+00), (-1.151570e-01), (-4.208926e-02), (4.774311e-02), (-3.887807e-02), (-6.227019e+00), (1.513460e-01), (-9.807272e-03), (2.103997e-03), (7.031159e+00), (-1.550641e-01), (-3.006324e-02), (3.016097e+00), (3.486126e+01), (-1.027405e-01), (-6.354656e+00), (-1.690823e-02), (4.905437e-03), (-4.093149e-04), (1.188481e-01), (-3.014471e-02), (5.523484e-03), (-3.471503e-01), (3.654362e-02), (6.251701e+00), (-1.822065e-02), (-3.071601e-03), (-2.186250e-03), (-1.682095e-03), (-9.306272e-02), (5.571836e-02), (-6.686781e+00), (1.377674e-02), (5.858193e+01), (-7.632535e-02), (-6.193110e-02), (-1.092399e-01), (-9.021908e-02), (-4.093889e-02), (-8.325186e-02), (-4.188557e-02), (-4.397659e-02), (2.379698e-02), (3.361056e-02), (-1.968141e-02), (-6.200767e+00), (-1.308132e+01), 