Iterations: 50
Function Evaluations Limit: 150000
Population: 50

Prides Length: 4

Percent Nomads: 0.2
Percent Roaming: 0.2
Percent Sex: 0.8

Mating Rate: 0.3
Mutation Probability: 0.2
Immigration Rate: 0.4

Percent Group Influence: 0.4
Annealing On: true
Ranked Selection Pressure: 2
Near To Best Random Pressure: 2

Dimensions: 1
N-Dimension Space: -6.28319:6.28319

Fitness Iterations:
0.920436 (Initial Best)

1.49618, 20.1392, 49.618, 25.5263, 18.8509, 31.571, 10.0561, 41.0845, 9.34854, 36.0171, 16.2835, 47.8011, 16.0654, 16.2058, 36.9074, 37.2788, 13.7944, 42.4917, 23.7845, 36.8262, 8.71236, 25.771, 17.288, 0.920436, 17.8281, 10.5233, 38.6992, 8.53524, 3.983, 48.9787, 19.9693, 45.1174, 26.5496, 24.9297, 16.0706, 1.26288, 18.2958, 26.378, 22.9029, 40.436, 17.3344, 4.01042, 2.79327, 30.129, 18.8865, 21.7018, 49.9834, 4.60103, 42.9281, 22.9647, 

1.49618, 3.79124, 1.09594, 10.0561, 41.0845, 9.28393, 21.0441, 1.83924, 1.15143, 8.10733, 2.79327, 4.01042, 4.10175, 14.0703, 16.0654, 28.7654, 31.7838, 15.4816, 8.44934, 11.6619, 1.395, 4.01085, 1.93594, 10.5233, 13.7739, 20.9867, 20.1785, 8.53524, 8.77218, 10.2313, 7.0074, 10.5168, 1.26288, 24.9297, 26.5496, 40.436, 5.34513, 0.920436, 2.21472, 13.7944, 5.61799, 7.87234, 8.96115, 4.60103, 8.60042, 13.6575, 14.8647, 15.153, 15.7822, 16.0706, 

0.915056, 0.974055, 1.09594, 4.16987, 10.0561, 13.2078, 8.68027, 8.95572, 6.34524, 2.21472, 0.933548, 4.01042, 9.2584, 11.6619, 14.0703, 16.0654, 28.7654, 1.15143, 8.44934, 1.93594, 1.395, 4.01085, 6.43243, 7.19064, 8.53524, 10.2313, 15.9399, 1.15766, 4.10175, 0.920436, 7.0074, 1.08633, 1.26288, 5.34513, 24.9297, 26.5496, 3.4944, 3.02396, 1.83924, 8.77218, 1.49618, 2.79327, 3.79124, 4.04391, 4.38995, 4.60103, 5.2862, 5.65333, 8.96054, 9.28393, 

0.915056, 0.0963451, 2.21472, 4.16987, 10.0561, 13.2078, 0.0370848, 5.18965, 1.09594, 1.15311, 0.933548, 0.986355, 1.93594, 9.2584, 11.6619, 12.6347, 28.7654, 1.15143, 0.280937, 3.35077, 0.974055, 1.49618, 0.920436, 1.15766, 7.19064, 8.53524, 30.3831, 5.34513, 3.4944, 1.26288, 1.08633, 1.16839, 1.83924, 3.02396, 24.9297, 20.8855, 17.1584, 2.3488, 6.43243, 6.34524, 1.395, 4.01042, 2.2138, 2.79327, 3.79124, 4.01085, 4.04391, 4.38995, 8.55556, 8.77218, 

0.0190843, 0.0215651, 0.28757, 1.13531, 2.21472, 4.16987, 0.065137, 3.35077, 2.83185, 0.280937, 0.933548, 0.986355, 1.15143, 1.93594, 12.6347, 28.7654, 0.648192, 1.83924, 0.0370848, 3.07571, 0.209245, 1.395, 1.26288, 3.4944, 4.01129, 5.34513, 22.0053, 1.15311, 1.15766, 6.43243, 1.08633, 1.16839, 2.3488, 3.02396, 20.8855, 24.9297, 2.38319, 0.920436, 5.91057, 6.34524, 0.908567, 1.49618, 2.2138, 2.42832, 2.79327, 3.79124, 4.01042, 4.01085, 7.19064, 8.55556, 

0.00239005, 0.0104951, 0.280937, 2.21472, 3.35077, 19.8924, 13.0569, 0.065137, 1.15143, 0.648192, 0.273534, 0.407343, 0.0370848, 3.07571, 12.6347, 2.06237, 0.582525, 1.15311, 1.93594, 0.189713, 0.209245, 1.395, 1.26288, 3.4944, 22.0053, 21.6453, 12.8632, 1.53297, 1.49191, 1.2427, 1.08633, 1.16839, 0.920436, 3.02396, 5.91057, 6.34524, 16.0454, 0.28757, 1.15766, 1.83924, 0.0190843, 0.546664, 0.986355, 1.49618, 2.2138, 2.38035, 2.42832, 2.77523, 2.3488, 2.4033, 

0.000333155, 0.00239005, 0.065137, 0.212871, 0.280937, 2.21472, 14.3119, 1.15143, 0.216084, 0.0371202, 0.0190843, 0.168173, 0.189713, 0.582525, 1.15311, 1.79607, 2.06237, 2.4033, 1.72036, 1.49191, 0.209245, 0.546664, 1.2427, 1.26288, 3.4944, 12.8632, 21.6453, 0.648192, 0.0370848, 0.920436, 0.56151, 0.986355, 0.28757, 1.15766, 3.02396, 6.34524, 3.30365, 1.83924, 1.93594, 2.3488, 0.0202521, 0.762319, 1.06472, 1.08633, 1.08941, 1.49618, 2.2138, 2.38035, 3.35077, 5.91057, 

0.000333155, 0.00239005, 0.065137, 0.216084, 0.280937, 1.15143, 14.3119, 0.648192, 0.212871, 1.15311, 0.0190843, 0.168173, 0.189713, 0.582525, 1.72036, 2.4033, 14.7574, 2.06237, 1.93594, 3.02396, 0.000184299, 0.209245, 0.0370848, 0.920436, 12.4461, 12.8632, 3.77176, 1.26288, 0.0371202, 2.21472, 0.0202521, 0.56151, 0.28757, 1.15766, 1.83924, 2.3488, 3.30365, 1.79607, 1.49191, 1.2427, 0.514017, 0.762319, 1.06472, 1.08633, 1.08941, 1.49618, 2.2138, 2.38035, 3.35077, 3.4944, 

0.000333155, 0.00239005, 0.065137, 0.216084, 0.280937, 1.15143, 16.4603, 0.920436, 0.189713, 1.83924, 0.0190843, 0.0831909, 1.72036, 1.93594, 2.06237, 2.4033, 8.03208, 1.15766, 0.582525, 1.79607, 0.000184299, 0.128029, 0.0370848, 1.02147, 2.21472, 3.77176, 12.8632, 0.648192, 0.0371202, 1.13085, 0.0202521, 0.514017, 0.28757, 1.2427, 3.30365, 20.6946, 8.44888, 1.15311, 0.212871, 1.49191, 0.000186179, 0.56151, 0.762319, 1.03658, 1.06472, 1.08633, 1.08941, 1.28058, 2.3488, 3.02396, 

0.000186179, 0.00161164, 0.189713, 0.280937, 1.83924, 16.4603, 0.024992, 0.065137, 0.216084, 1.82572, 0.00403024, 0.0190843, 0.582525, 1.15766, 1.79607, 1.93594, 8.03208, 1.15143, 0.648192, 0.416947, 0.000184299, 0.0160091, 0.0370848, 0.0371202, 1.13085, 2.21472, 12.8632, 1.72036, 1.02147, 1.49191, 0.00665037, 0.0202521, 0.0440493, 0.28757, 1.15311, 1.2427, 20.6946, 1.22119, 0.212871, 0.599124, 0.000333155, 0.0165905, 0.124503, 0.486318, 0.56151, 0.762319, 1.03571, 1.03658, 2.06237, 2.3488, 

0.000186179, 0.00161164, 0.024992, 0.065137, 1.82572, 1.83924, 13.2536, 0.0440493, 0.216084, 1.15766, 0.000333155, 0.00197212, 1.15143, 1.79607, 1.93594, 3.97993, 5.42581, 0.0371202, 0.189713, 0.582525, 0.000184299, 0.0160091, 0.0370848, 1.02147, 1.49191, 1.72036, 1.73367, 0.648192, 0.416947, 0.280937, 0.00665037, 0.0202521, 0.212871, 1.15311, 1.2427, 20.6946, 16.3933, 1.13085, 0.28757, 0.599124, 0.00153341, 0.00403024, 0.0165905, 0.124503, 0.486318, 0.56151, 1.03571, 1.03658, 1.22119, 1.91625, 

0.000186179, 0.000927868, 0.0440493, 0.065137, 1.82572, 1.83924, 5.08584, 0.024992, 0.0371202, 0.280937, 0.000333155, 0.000573714, 0.189713, 0.583288, 3.97993, 5.42581, 6.92207, 0.216084, 0.0370848, 1.15766, 0.000184299, 0.00448112, 0.416947, 0.648192, 1.02147, 1.49191, 49.7306, 0.212871, 1.13085, 0.28757, 0.00605825, 0.0165905, 0.599124, 0.724705, 1.15311, 2.33665, 0.109745, 1.15143, 0.582525, 0.128478, 0.00153341, 0.00403024, 0.00665037, 0.0202521, 0.0825507, 0.124503, 0.150312, 0.486318, 1.22119, 1.72036, 

0.000186179, 0.000927868, 0.0440493, 0.065137, 0.280937, 1.82572, 1.83924, 0.187117, 0.582525, 0.583288, 0.000333155, 0.000573714, 0.0123882, 1.15766, 6.92207, 4.1243, 6.30359, 0.109745, 0.0371202, 0.648192, 0.000184299, 0.00153341, 0.28757, 0.416947, 1.02147, 1.49191, 2.22407, 0.599124, 0.216084, 0.024992, 0.00403024, 0.00665037, 0.128478, 1.15143, 2.33665, 19.7348, 18.2181, 0.0370848, 0.14526, 0.212871, 0.00448112, 0.00605825, 0.0165905, 0.0199439, 0.0202521, 0.0825507, 0.124503, 0.150312, 0.724705, 0.85431, 

0.000186179, 0.000927868, 0.0597675, 0.582525, 1.82572, 1.83924, 0.0104072, 0.0370848, 0.28757, 0.0137037, 0.000333155, 0.000573714, 0.648192, 1.15766, 4.1243, 6.30359, 6.92207, 0.0440493, 0.0371202, 0.280937, 0.000184299, 0.000254385, 0.024992, 0.216084, 0.416947, 0.599124, 0.999406, 0.109745, 0.065137, 0.187117, 0.00403024, 1.27639e-05, 0.00403205, 0.128478, 0.212871, 1.15143, 1.26618e-05, 0.0123882, 0.0130003, 0.390074, 0.00448112, 0.00605825, 0.00665037, 0.0165905, 0.0166172, 0.0199439, 0.0202521, 0.0825507, 0.724705, 1.01404, 

0.000186179, 0.000927868, 0.0104072, 0.28757, 1.83924, 17.3374, 11.0204, 0.212871, 0.0370848, 0.0137037, 5.77303e-08, 0.000333155, 0.0371202, 0.0440493, 0.648192, 4.1243, 0.0150388, 0.582525, 0.280937, 0.0130003, 0.000169941, 0.000184299, 0.024992, 0.065137, 0.187117, 0.416947, 0.999406, 0.390074, 0.109745, 0.00681931, 1.27639e-05, 1.36555e-05, 1.26618e-05, 0.00403205, 0.128478, 1.15143, 2.6138, 0.216084, 0.0123882, 0.0597675, 0.00295332, 0.00383902, 0.00448112, 0.00665037, 0.00766369, 0.0165905, 0.0166172, 0.0199439, 0.599124, 0.724705, 

0.000186179, 0.000927868, 0.0137037, 0.0370848, 1.83924, 3.28678, 12.8779, 0.212871, 0.28757, 0.119527, 5.77303e-08, 0.000333155, 0.0150388, 0.582525, 0.648192, 4.1243, 21.7591, 0.216084, 0.00403205, 0.0371202, 0.000169941, 0.000183256, 0.00681931, 0.024992, 0.065137, 0.187117, 0.416947, 0.0104072, 0.0440493, 0.128478, 1.27639e-05, 1.36555e-05, 1.26618e-05, 0.0123882, 0.0597675, 1.30617e-05, 16.5202, 0.280937, 0.109745, 0.0130003, 0.00295332, 0.00383902, 0.00448112, 0.00665037, 0.00766369, 0.0165905, 0.0166172, 0.0199439, 0.390074, 0.599124, 

0.000186179, 0.000403434, 0.0137037, 0.119527, 0.278411, 1.83924, 18.4949, 0.0440493, 0.187117, 0.0150388, 5.77303e-08, 0.000333155, 0.216084, 0.582525, 0.648192, 15.3884, 17.2774, 0.0130003, 0.065137, 0.0371202, 3.20281e-05, 0.000169941, 0.00681931, 0.0104072, 0.024992, 0.416947, 18.6339, 0.0370848, 1.26535e-05, 0.0597675, 1.27639e-05, 1.36555e-05, 1.26618e-05, 0.0123882, 0.109745, 0.280937, 12.6806, 0.00403205, 0.128478, 0.212871, 0.00295332, 0.00383902, 0.00448112, 0.00665037, 0.00766369, 0.0165905, 0.0166172, 0.0199439, 0.390074, 0.599124, 

0.000186179, 0.000403434, 0.0137037, 0.0440493, 0.187117, 13.7969, 3.55516, 5.77303e-08, 0.000151133, 0.0130003, 0.0371202, 0.216084, 0.648192, 14.3782, 3.20281e-05, 6.57023e-05, 1.26535e-05, 0.00681931, 0.0104072, 0.0370848, 5.55347, 1.27639e-05, 1.36555e-05, 0.00403205, 0.0123882, 0.109745, 0.280937, 10.8445, 0.00295332, 0.00383902, 0.00448112, 0.00665037, 0.00766369, 0.0165905, 0.0166172, 0.0199439, 1.26618e-05, 0.0150388, 

0.000186179, 0.000403434, 0.0017446, 0.0137037, 0.0440493, 0.187117, 3.55516, 5.77303e-08, 0.000151133, 0.0130003, 0.0371202, 0.648192, 12.5142, 4.43246, 1.08521e-05, 3.20281e-05, 1.26535e-05, 0.00681931, 0.0104072, 0.0370848, 5.55347, 1.27639e-05, 1.36555e-05, 0.00403205, 0.0123882, 0.109745, 0.280937, 9.21961, 0.00295332, 0.00383902, 0.00448112, 0.00665037, 0.00766369, 0.0165905, 0.0166172, 0.0199439, 1.26618e-05, 0.0150388, 

0.000186179, 0.000403434, 0.0017446, 0.0137037, 0.0440493, 0.187117, 3.55516, 5.77303e-08, 0.000151133, 0.0130003, 0.0371202, 0.648192, 4.43246, 6.93403, 1.08521e-05, 3.20281e-05, 0.00681931, 0.0104072, 0.0370848, 0.766534, 5.46509, 1.27639e-05, 1.36555e-05, 0.00403205, 0.109745, 0.280937, 3.57692, 18.8213, 0.00295332, 0.00383902, 0.00448112, 0.00665037, 0.00766369, 0.0165905, 0.0166172, 0.0199439, 1.26618e-05, 0.0150388, 

0.000186179, 0.000403434, 0.0017446, 0.0137037, 0.0440493, 0.187117, 3.55516, 5.77303e-08, 0.000151133, 0.0130003, 0.0371202, 4.43246, 6.93403, 19.8775, 1.08521e-05, 3.20281e-05, 0.00681931, 0.0104072, 0.0370848, 5.46509, 0.0128185, 8.44311e-06, 1.27639e-05, 0.00403205, 0.109745, 3.57692, 18.8213, 5.05351, 0.00295332, 0.00383902, 0.00448112, 0.00665037, 0.00766369, 0.0165905, 0.0166172, 0.0199439, 1.26618e-05, 0.0150388, 

0.000186179, 0.000403434, 0.0137037, 0.0440493, 0.187117, 3.55516, 18.8695, 5.77303e-08, 0.000151133, 0.0130003, 4.43246, 6.93403, 19.8775, 0.00239909, 1.08521e-05, 3.20281e-05, 0.00681931, 0.00954744, 0.0104072, 0.0370848, 5.46509, 7.3398e-06, 8.44311e-06, 0.00403205, 0.109745, 3.57692, 18.8213, 7.03482, 0.00295332, 0.00383902, 0.00448112, 0.00665037, 0.00766369, 0.0165905, 0.0166172, 0.0199439, 1.26618e-05, 0.0150388, 

0.000139864, 0.000186179, 0.0137037, 0.187117, 3.55516, 18.8695, 5.25639, 5.77303e-08, 4.88543e-05, 0.00239909, 0.0130003, 4.43246, 19.8775, 20.202, 1.08521e-05, 3.20281e-05, 0.00681931, 0.00954744, 0.0104072, 5.46509, 12.2344, 7.3398e-06, 7.61136e-06, 0.00403205, 0.109745, 3.57692, 7.03482, 21.8944, 0.00295332, 0.00383902, 0.00448112, 0.00665037, 0.00766369, 0.0165905, 0.0166172, 0.0199439, 1.26618e-05, 0.0150388, 

0.000139864, 0.000186179, 0.0137037, 0.178716, 0.187117, 5.25639, 18.3717, 5.77303e-08, 4.88543e-05, 0.00239909, 0.0101597, 0.0130003, 19.8775, 20.202, 5.00311e-07, 1.08521e-05, 0.00681931, 0.00954744, 0.0104072, 12.2344, 10.5666, 7.3398e-06, 7.61136e-06, 0.109745, 3.57692, 7.03482, 21.8944, 2.08317, 0.00295332, 0.00383902, 0.00448112, 0.00665037, 0.00766369, 0.0165905, 0.0166172, 0.0199439, 1.26618e-05, 0.0150388, 

0.000139864, 0.000186179, 0.0137037, 0.113512, 0.187117, 5.25639, 19.5318, 5.77303e-08, 3.37733e-05, 0.00239909, 0.0130003, 1.66775, 10.6619, 0.000596818, 5.00311e-07, 1.08521e-05, 0.00954744, 0.0104072, 10.5666, 12.2344, 0.00130228, 7.3398e-06, 7.61136e-06, 2.08317, 3.57692, 7.03482, 21.1203, 22.0276, 0.00295332, 0.00383902, 0.00448112, 0.00665037, 0.00766369, 0.0165905, 0.0166172, 0.0199439, 1.26618e-05, 0.0150388, 

0.000139864, 0.000186179, 0.0137037, 0.113512, 0.187117, 5.25639, 2.27128, 5.77303e-08, 3.37733e-05, 0.00239909, 0.0130003, 1.66775, 10.3167, 3.00049, 5.00311e-07, 1.08521e-05, 0.00130228, 0.00954744, 10.5666, 10.708, 8.77744, 7.28463e-06, 7.3398e-06, 2.08317, 3.70734, 7.03482, 9.25632, 0.663524, 0.00295332, 0.00383902, 0.00448112, 0.00665037, 0.00766369, 0.0165905, 0.0166172, 0.0199439, 1.26618e-05, 0.0150388, 

0.000139864, 0.000186179, 0.113512, 0.187117, 1.1179, 1.53097, 7.26997, 5.77303e-08, 3.37733e-05, 0.00239909, 1.66775, 3.00049, 10.3167, 18.7505, 5.00311e-07, 1.08521e-05, 0.00130228, 0.00954744, 8.96014, 10.708, 16.6324, 7.28463e-06, 7.3398e-06, 0.663524, 2.08317, 3.72989, 7.03482, 6.24353, 0.00295332, 0.00383902, 0.00448112, 0.00665037, 0.00766369, 0.0165905, 0.0166172, 0.0199439, 1.26618e-05, 0.0150388, 

0.000139864, 0.000186179, 0.113512, 0.142655, 0.187117, 1.1179, 13.9616, 5.77303e-08, 9.84544e-08, 0.00239909, 1.66775, 3.00049, 10.3167, 18.7505, 5.00311e-07, 1.01693e-05, 0.00130228, 0.00954744, 0.535634, 10.708, 19.7404, 7.28463e-06, 7.32581e-06, 0.0781142, 0.663524, 3.72989, 7.03482, 0.0153749, 0.00295332, 0.00383902, 0.00448112, 0.00665037, 0.00766369, 0.0165905, 0.0166172, 0.0199439, 1.26618e-05, 0.0150388, 

0.000139864, 4.55518e-06, 5.10521e-05, 0.113512, 1.1179, 13.9616, 6.4875e-06, 5.77303e-08, 9.84544e-08, 0.00239909, 1.66775, 3.00049, 4.78399, 10.3167, 5.00311e-07, 1.01693e-05, 0.00130228, 0.535634, 6.54437, 6.7127, 46.2191, 7.28463e-06, 7.32581e-06, 0.0153749, 0.0781142, 0.663524, 3.72989, 22.2571, 3.15638e-05, 0.00295332, 0.00448112, 0.00665037, 0.00766369, 0.0165905, 0.0166172, 0.0199439, 1.26618e-05, 0.0150388, 

4.55518e-06, 3.15638e-05, 6.4875e-06, 5.10521e-05, 0.113512, 1.1179, 4.05798, 1.1303e-09, 5.77303e-08, 0.00239909, 1.66775, 4.78399, 10.3167, 0.457193, 5.00311e-07, 1.86878e-06, 0.00130228, 0.00817734, 4.86817, 6.54437, 10.7472, 7.28463e-06, 7.32581e-06, 0.0153749, 0.0781142, 0.46906, 0.663524, 4.4788, 4.79617e-05, 5.00954e-05, 0.00295332, 0.00665037, 0.00766369, 0.0165905, 0.0166172, 0.0199439, 1.26618e-05, 0.0150388, 

4.55518e-06, 7.34645e-06, 6.4875e-06, 5.10521e-05, 0.113512, 1.1179, 5.29164e-06, 1.1303e-09, 5.77303e-08, 0.00239909, 0.457193, 1.66775, 4.78399, 16.0612, 5.00311e-07, 7.40854e-07, 0.00130228, 2.25489, 6.54437, 10.7472, 4.09786, 7.28463e-06, 7.32581e-06, 0.0153749, 0.0781142, 0.46906, 4.4788, 0.0279478, 3.15638e-05, 4.79617e-05, 5.00954e-05, 0.00295332, 0.00665037, 0.00766369, 0.0165905, 0.0166172, 1.26618e-05, 0.0150388, 

1.7909e-07, 4.55518e-06, 6.4875e-06, 3.09378e-05, 0.113512, 1.1179, 0.0788934, 1.1303e-09, 5.77303e-08, 0.00239909, 0.126473, 0.457193, 4.78399, 16.0612, 5.00311e-07, 6.0902e-07, 0.4022, 2.20173, 6.54437, 10.7472, 11.2013, 7.28463e-06, 7.32581e-06, 0.0153749, 0.0279478, 0.0781142, 4.4788, 3.30005, 3.15638e-05, 4.79617e-05, 5.00954e-05, 0.00295332, 0.00665037, 0.00766369, 0.0165905, 0.0166172, 1.26618e-05, 0.0150388, 

1.7909e-07, 4.55518e-06, 6.4875e-06, 3.09378e-05, 0.0788934, 1.1179, 2.89466, 1.1303e-09, 5.77303e-08, 0.126473, 0.457193, 4.78399, 16.0612, 22.0092, 5.00311e-07, 6.0902e-07, 0.4022, 6.54437, 10.7472, 11.2013, 0.107902, 7.2772e-06, 7.28463e-06, 0.0153749, 0.0781142, 3.30005, 4.4788, 18.8187, 3.15638e-05, 4.79617e-05, 5.00954e-05, 0.00295332, 0.00665037, 0.00766369, 0.0165905, 0.0166172, 1.26618e-05, 0.0150388, 

1.7909e-07, 4.55518e-06, 6.4875e-06, 3.09378e-05, 0.0788934, 1.1179, 2.89466, 1.1303e-09, 4.07574e-08, 0.126473, 0.457193, 14.3489, 16.0612, 16.1456, 4.33168e-07, 5.00311e-07, 0.00686893, 0.4022, 10.7472, 11.2013, 26.272, 7.27054e-06, 7.2772e-06, 0.0153749, 0.0781142, 3.30005, 4.4788, 18.8187, 3.15638e-05, 4.79617e-05, 5.00954e-05, 0.00295332, 0.00665037, 0.00766369, 0.0165905, 0.0166172, 1.26618e-05, 0.0150388, 

1.7909e-07, 4.55518e-06, 3.09378e-05, 0.0788934, 1.1179, 2.89466, 8.01923, 1.1303e-09, 7.3437e-09, 0.126473, 0.457193, 4.40362, 7.15523, 11.6298, 4.33168e-07, 5.00311e-07, 0.00686893, 0.4022, 10.7472, 11.2013, 6.1422, 1.67039e-08, 7.27054e-06, 0.0153749, 0.0781142, 0.47822, 3.30005, 9.7624, 7.26997e-06, 3.15638e-05, 5.00954e-05, 0.00295332, 0.00665037, 0.00766369, 0.0165905, 0.0166172, 1.26618e-05, 0.0150388, 

1.7909e-07, 3.25751e-06, 3.09378e-05, 0.0788934, 1.1179, 2.89466, 8.01923, 1.1303e-09, 7.09943e-09, 0.126473, 0.457193, 1.43566, 10.8534, 0.0408677, 4.33168e-07, 4.38214e-07, 0.00686893, 0.4022, 6.1422, 7.99299, 17.4769, 1.67039e-08, 8.09924e-07, 0.0153749, 0.0781142, 0.62625, 9.7624, 5.03999, 7.26997e-06, 3.15638e-05, 5.00954e-05, 0.00295332, 0.00665037, 0.00766369, 0.0165905, 0.0166172, 1.26618e-05, 0.0150388, 

1.7909e-07, 3.25751e-06, 3.09378e-05, 0.0788934, 1.1179, 8.01923, 14.1412, 1.1303e-09, 7.09943e-09, 0.0408677, 0.160259, 0.457193, 10.8534, 1.70685, 4.33168e-07, 4.38214e-07, 0.00686893, 0.0634197, 6.1422, 7.99299, 0.000968158, 1.67039e-08, 1.54496e-07, 0.0153749, 0.0504674, 0.0781142, 5.03999, 17.5217, 7.26997e-06, 3.15638e-05, 5.00954e-05, 0.00295332, 0.00665037, 0.00766369, 0.0165905, 0.0166172, 1.26618e-05, 0.0150388, 

1.7909e-07, 3.25751e-06, 0.00644368, 1.1179, 8.01923, 14.1412, 2.59438, 1.1303e-09, 7.09943e-09, 0.160259, 0.457193, 1.70685, 10.8534, 15.5398, 4.33168e-07, 4.3675e-07, 0.000968158, 0.00686893, 0.0634197, 6.1422, 17.6377, 1.67039e-08, 1.54496e-07, 0.0153749, 0.0504674, 0.0781142, 5.03999, 13.4367, 7.26997e-06, 3.15638e-05, 5.00954e-05, 0.00295332, 0.00665037, 0.00766369, 0.0165905, 0.0166172, 1.26618e-05, 0.0150388, 

1.6529e-07, 1.7909e-07, 1.1179, 1.54566, 8.01923, 14.1412, 0.00168734, 2.75303e-10, 1.1303e-09, 0.160259, 0.457193, 1.70685, 10.8534, 0.0711383, 4.33168e-07, 4.34548e-07, 0.000968158, 0.00686893, 6.1422, 17.6377, 1.06409, 1.67039e-08, 1.54496e-07, 0.0153749, 0.0504674, 5.03999, 13.4367, 0.000152033, 7.26997e-06, 3.15638e-05, 5.00954e-05, 0.00295332, 0.00665037, 0.00766369, 0.0165905, 0.0166172, 1.26618e-05, 0.0150388, 

1.6529e-07, 1.7909e-07, 0.00168734, 1.1179, 1.54566, 8.01923, 8.0984, 2.75303e-10, 1.1303e-09, 0.0711383, 0.160259, 1.05526, 10.8534, 10.719, 4.33168e-07, 4.34478e-07, 0.000968158, 0.00232858, 5.96538, 17.6377, 20.2018, 1.67039e-08, 1.54496e-07, 0.000152033, 0.0153749, 0.0504674, 0.210559, 18.7571, 7.26997e-06, 3.15638e-05, 5.00954e-05, 0.00295332, 0.00665037, 0.00766369, 0.0165905, 0.0166172, 1.26618e-05, 0.0150388, 

1.6529e-07, 1.7909e-07, 1.1179, 1.54566, 8.01923, 8.0984, 10.4469, 2.75303e-10, 1.1303e-09, 0.0711383, 0.160259, 10.719, 10.8534, 49.7999, 4.33168e-07, 4.34478e-07, 0.000968158, 0.00232858, 5.34175, 20.2018, 9.01282, 1.01039e-11, 1.67039e-08, 0.000152033, 0.0153749, 0.0504674, 0.210559, 6.12333e-05, 7.26997e-06, 3.15638e-05, 5.00954e-05, 0.00295332, 0.00665037, 0.00766369, 0.0165905, 0.0166172, 1.26618e-05, 0.0150388, 

1.6529e-07, 1.7909e-07, 1.00094, 1.1179, 8.0984, 10.4469, 19.1641, 2.75303e-10, 1.1303e-09, 0.160259, 10.2012, 10.8534, 49.7999, 0.0549835, 4.328e-07, 4.33168e-07, 0.000968158, 2.02587, 4.80814, 5.34175, 0.637095, 1.01039e-11, 1.67039e-08, 3.84746e-06, 0.000152033, 0.0504674, 0.210559, 1.3527e-06, 7.26997e-06, 3.15638e-05, 5.00954e-05, 0.00295332, 0.00665037, 0.00766369, 0.0165905, 0.0166172, 1.26618e-05, 0.0150388, 

1.6529e-07, 1.7909e-07, 1.00094, 1.1179, 8.0984, 19.1641, 43.887, 2.75303e-10, 2.77732e-10, 0.0549835, 0.160259, 10.8534, 20.4001, 11.7183, 4.32467e-07, 4.328e-07, 0.00071906, 0.000968158, 2.20185, 4.80814, 11.6629, 1.01039e-11, 1.67039e-08, 1.3527e-06, 0.000152033, 0.0504674, 0.210559, 13.487, 7.26997e-06, 3.15638e-05, 5.00954e-05, 0.00295332, 0.00665037, 0.00766369, 0.0165905, 0.0166172, 1.26618e-05, 0.0150388, 

1.6529e-07, 1.7909e-07, 1.00094, 8.0984, 17.8691, 22.1078, 3.77507, 2.75303e-10, 2.77385e-10, 0.0549835, 10.8534, 11.7183, 12.1701, 18.5688, 4.32467e-07, 4.32663e-07, 0.000957859, 2.20185, 4.80814, 11.6629, 0.410128, 1.01039e-11, 1.67039e-08, 1.3527e-06, 0.000152033, 0.0217167, 0.0504674, 0.0355252, 7.26997e-06, 3.15638e-05, 5.00954e-05, 0.00295332, 0.00665037, 0.00766369, 0.0165905, 0.0166172, 1.26618e-05, 0.0150388, 

1.6529e-07, 1.7909e-07, 1.00094, 3.77507, 8.0984, 22.1078, 3.73583, 2.74913e-10, 2.75303e-10, 0.0549835, 10.7376, 10.8534, 11.7183, 15.9278, 4.32467e-07, 4.32663e-07, 0.000957859, 0.410128, 2.20185, 4.33361, 4.80814, 1.01039e-11, 1.67039e-08, 1.3527e-06, 0.000152033, 0.0217167, 0.0504674, 7.00125, 7.26997e-06, 3.15638e-05, 5.00954e-05, 0.00295332, 0.00665037, 0.00766369, 0.0165905, 0.0166172, 1.26618e-05, 0.0150388, 

1.6529e-07, 1.7909e-07, 1.00094, 3.73583, 3.77507, 22.1078, 18.2249, 2.74913e-10, 2.75303e-10, 0.0549835, 6.4203, 10.8534, 15.4879, 21.9893, 4.32467e-07, 4.32663e-07, 0.410128, 2.20185, 4.33361, 4.80814, 19.2883, 1.01039e-11, 9.42407e-09, 1.3527e-06, 0.0217167, 0.0504674, 7.00125, 1.4782, 7.26997e-06, 3.15638e-05, 5.00954e-05, 0.00295332, 0.00665037, 0.00766369, 0.0165905, 0.0166172, 1.26618e-05, 0.0150388, 

1.6529e-07, 1.7909e-07, 1.00094, 3.73583, 3.77507, 18.2249, 22.1078, 2.74913e-10, 2.75303e-10, 0.0549835, 2.32788, 10.8534, 21.9893, 20.2184, 4.32467e-07, 4.32663e-07, 2.20185, 4.06208, 4.80814, 19.2883, 0.997847, 1.01039e-11, 6.12626e-10, 1.3527e-06, 0.0217167, 0.0504674, 1.4782, 7.00125, 7.26997e-06, 3.15638e-05, 5.00954e-05, 0.00295332, 0.00665037, 0.00766369, 0.0165905, 0.0166172, 1.26618e-05, 0.0150388, 

1.6529e-07, 1.7909e-07, 1.00094, 3.73583, 3.77507, 8.85551, 1.68436, 2.74913e-10, 2.75303e-10, 0.0549835, 2.32788, 10.8534, 14.8909, 21.6181, 4.32443e-07, 4.32467e-07, 0.570623, 0.997847, 2.20185, 4.06208, 50.3156, 1.01039e-11, 6.12626e-10, 1.3527e-06, 0.0217167, 0.0504674, 3.41052, 0.584623, 7.26997e-06, 3.15638e-05, 5.00954e-05, 0.00295332, 0.00665037, 0.00766369, 0.0165905, 0.0166172, 1.26618e-05, 0.0150388, 

1.6529e-07, 1.74814e-07, 0.00253227, 1.00094, 3.73583, 3.77507, 0.000682064, 2.74913e-10, 2.75303e-10, 2.23792, 4.66088, 6.87511, 21.6181, 19.3228, 4.32443e-07, 4.32467e-07, 0.570623, 0.997847, 2.20185, 36.8741, 11.1908, 7.10543e-15, 1.01039e-11, 1.3527e-06, 0.0217167, 0.584623, 3.41052, 0.00449326, 7.26997e-06, 3.15638e-05, 5.00954e-05, 0.00295332, 0.00665037, 0.00766369, 0.0165905, 0.0166172, 1.26618e-05, 0.0150388, 

1.6529e-07, 1.74814e-07, 0.000682064, 1.00094, 3.73583, 3.77507, 0.000138362, 2.74913e-10, 2.75303e-10, 0.527259, 2.23792, 4.66088, 6.87511, 19.3223, 4.32443e-07, 4.32467e-07, 0.570623, 2.20185, 10.8464, 19.7226, 18.023, 7.10543e-15, 5.86198e-14, 1.3527e-06, 0.00449326, 0.0217167, 3.41052, 4.23239, 7.26997e-06, 3.15638e-05, 5.00954e-05, 0.00295332, 0.00665037, 0.00766369, 0.0165905, 0.0166172, 1.26618e-05, 0.000361327, 

1.6529e-07, 1.74814e-07, 0.000138362, 0.000682064, 1.00094, 3.77507, 19.1674, 2.74913e-10, 2.75303e-10, 0.527259, 2.23792, 4.66088, 6.87511, 19.3223, 4.32443e-07, 4.32467e-07, 0.570623, 2.20185, 10.8464, 18.023, 15.9978, 3.55271e-15, 7.10543e-15, 1.3527e-06, 0.0217167, 0.121936, 4.23239, 26.1814, 7.26997e-06, 3.15638e-05, 5.00954e-05, 0.00295332, 0.00665037, 0.00766369, 0.0165905, 0.0166172, 1.26618e-05, 0.000361327, 

Best:
(4.82773e-09, )

Fitness Evaluations:
2631

End Population
(2.886430e-05), (2.968425e-05), (8.351160e-04), (1.854184e-03), (9.894657e-01), (1.426457e-01), (-5.776321e-01), (1.177160e-06), (1.177996e-06), (-5.177941e-02), (9.147314e-01), (1.134712e+00), (1.864770e+00), (-3.841439e+00), (4.668770e-05), (4.668896e-05), (-5.388631e-02), (-1.073563e+00), (2.884323e+00), (-1.356108e+00), (3.499506e-01), (4.827733e-09), (6.028712e-09), (8.257303e-05), (1.046435e-02), (-2.481658e-02), (8.628703e-01), (-2.535457e+00), (1.914275e-04), (-3.988710e-04), (5.025008e-04), (3.858370e-03), (5.790081e-03), (-6.215618e-03), (9.145915e-03), (9.153263e-03), (-2.526304e-04), (1.349551e-03), 