Iterations: 50
Function Evaluations Limit: 150000
Population: 50

Prides Length: 4

Percent Nomads: 0.2
Percent Roaming: 0.2
Percent Sex: 0.8

Mating Rate: 0.3
Mutation Probability: 0.2
Immigration Rate: 0.4

Percent Group Influence: 0.4
Annealing On: true
Ranked Selection Pressure: 2
Near To Best Random Pressure: 2

Dimensions: 1
N-Dimension Space: -6.28319:6.28319

Fitness Iterations:
1.2238 (Initial Best)

9.19714, 16.8441, 31.3091, 20.1839, 24.9117, 30.5018, 1.8004, 29.0051, 19.9778, 31.9547, 7.57966, 19.6849, 46.7801, 17.83, 4.08052, 1.66989, 38.3998, 11.8606, 13.7258, 11.1043, 8.9743, 12.7907, 6.16071, 10.3497, 23.5447, 25.7901, 13.1457, 18.55, 49.1615, 48.582, 14.75, 12.512, 37.0334, 22.1838, 9.56712, 26.0183, 45.0433, 42.3435, 33.4049, 25.7998, 20.2512, 30.168, 25.1146, 24.0914, 19.117, 19.0841, 14.6881, 1.2238, 31.9468, 19.8718, 

0.631476, 0.232286, 1.31962, 1.8004, 20.1839, 30.5018, 8.51061, 8.95502, 0.0144222, 5.90934, 1.57498, 12.2809, 11.8606, 13.7258, 17.83, 38.3998, 19.5539, 18.5348, 1.66989, 10.9468, 2.94355, 8.9743, 1.00006, 1.1544, 10.3497, 23.5447, 25.7901, 6.3839, 3.41459, 18.5892, 9.19714, 2.31701, 9.56712, 16.0731, 26.0183, 37.0334, 19.9675, 1.10522, 16.4398, 0.997591, 1.2238, 7.57966, 4.99223, 3.47684, 4.19892, 12.512, 14.5704, 14.75, 22.1838, 29.0051, 

0.232286, 0.631476, 0.0144222, 1.31962, 1.8004, 5.90934, 14.4239, 12.5277, 9.56712, 8.95502, 1.57498, 3.47684, 11.8606, 13.7258, 19.5539, 38.3998, 2.1509, 9.4877, 16.0731, 13.2347, 2.94355, 5.36965, 1.1544, 3.41459, 5.08026, 10.3497, 25.7901, 11.1788, 1.66989, 10.7511, 2.31701, 2.36998, 0.997591, 1.10522, 2.91292, 26.0183, 1.39507, 8.51061, 5.6595, 1.00006, 1.2238, 12.2809, 4.19892, 4.99223, 7.47642, 7.57966, 8.28499, 9.19714, 16.4011, 16.4398, 

0.0149462, 0.108014, 0.0144222, 1.8004, 4.44785, 14.4239, 12.7042, 0.997591, 7.16333, 0.461784, 0.320294, 1.2238, 9.4877, 13.2347, 13.9441, 19.5539, 38.3998, 5.90934, 5.54955, 2.91292, 2.94355, 4.19892, 1.1544, 3.41459, 5.08026, 11.1788, 19.5419, 3.27563, 7.59083, 5.59037, 0.0901573, 2.31701, 0.795066, 1.00006, 8.51061, 26.0183, 2.88202, 1.31962, 1.66989, 2.1509, 0.205248, 0.631476, 3.47684, 5.36965, 4.99223, 5.98543, 7.47642, 8.28499, 7.65348, 8.95502, 

0.00634105, 0.108014, 0.0144222, 1.46343, 1.8004, 12.7042, 4.5402, 1.09509, 3.41459, 1.00006, 0.320294, 0.631476, 2.91292, 5.90934, 9.4877, 19.5539, 38.3998, 0.0581714, 0.461784, 1.79806, 0.205248, 1.98526, 3.27563, 7.59083, 11.1788, 19.5419, 23.3129, 3.41587, 1.1544, 0.997591, 0.0901573, 2.31701, 0.795066, 2.1509, 5.33114, 8.98272, 13.7384, 1.66989, 1.41615, 1.31962, 0.0149462, 2.32927, 1.2238, 4.19892, 3.47684, 4.99223, 5.36965, 7.00975, 4.44785, 5.08026, 

0.00634105, 0.00664433, 0.0144222, 1.8004, 3.41459, 4.5402, 1.76569, 0.00893178, 0.439401, 4.84044, 0.0149462, 0.631476, 0.0581714, 0.461784, 2.91292, 5.90934, 6.93929, 4.44785, 0.12603, 1.29847, 0.205248, 0.345202, 0.997591, 3.27563, 11.1788, 23.3129, 26.1417, 1.09509, 1.00006, 5.33114, 0.0901573, 1.15557, 0.795066, 1.31962, 1.41615, 2.1509, 7.39736, 1.1544, 1.79806, 1.66989, 0.0450204, 0.183646, 2.31701, 1.2238, 1.83481, 2.32927, 3.47684, 4.99223, 6.38747, 8.98272, 

0.00611103, 0.00634105, 0.00892289, 0.00893178, 3.41459, 4.5402, 4.84044, 0.331706, 1.29847, 1.31962, 0.0149462, 0.0450204, 0.0581714, 0.461784, 4.44785, 0.0885875, 22.1427, 0.997591, 1.41615, 0.890587, 0.205248, 0.345202, 1.00006, 3.27563, 11.1788, 26.1417, 17.3871, 1.09509, 0.0144222, 1.1544, 0.0901573, 0.631476, 0.795066, 1.66989, 7.39736, 13.1981, 1.14758, 0.12603, 1.76509, 1.76569, 0.280294, 0.183646, 1.15038, 0.737193, 1.15557, 1.32635, 1.83481, 2.31701, 1.79806, 1.8004, 

0.00611103, 0.00634105, 0.331706, 1.29847, 1.31962, 4.84044, 2.77112, 0.0144222, 1.18872, 1.76569, 0.0149462, 0.0320382, 0.0581714, 0.0885875, 0.890587, 1.41615, 4.44785, 1.66989, 0.461784, 0.00893178, 0.205248, 0.280294, 1.09509, 9.93275, 17.3871, 26.1417, 6.92949, 1.1544, 0.00022794, 1.76509, 0.036338, 0.183646, 0.12603, 0.795066, 1.14758, 4.76305, 15.9358, 0.00892289, 1.00006, 0.997591, 0.0901573, 0.287523, 0.345202, 0.737193, 1.15038, 1.15557, 1.32635, 1.83481, 1.79806, 1.8004, 

0.00611103, 0.00634105, 0.0144222, 0.331706, 1.76569, 4.84044, 3.12339, 1.02464, 1.09509, 1.29847, 0.00492021, 0.00741484, 0.000723876, 0.0885875, 0.461784, 4.44785, 5.04554, 1.31962, 0.0581714, 0.00022794, 0.000169834, 0.0901573, 1.1544, 1.76509, 6.92949, 17.3871, 22.1552, 0.00892289, 1.66989, 1.14758, 0.036338, 0.183646, 0.12603, 0.795066, 0.997591, 4.76305, 15.9358, 0.00893178, 1.00006, 0.890587, 0.0123129, 0.280294, 0.287523, 0.345202, 0.448989, 0.737193, 1.15038, 1.32635, 1.79806, 1.8004, 

0.00611103, 0.00621805, 0.0144222, 1.09509, 1.76569, 3.12339, 0.0458548, 1.14758, 1.16216, 0.00893178, 0.00492021, 0.00634105, 0.00022794, 0.000723876, 0.461784, 4.44785, 0.0235928, 0.0581714, 1.31962, 0.0423638, 0.000169834, 0.00841783, 0.00892289, 1.1544, 1.76509, 2.10079, 8.64693, 0.331706, 0.0023873, 0.890587, 0.00046743, 0.0123129, 0.12603, 0.795066, 0.997591, 15.9358, 0.0174733, 1.29847, 0.0885875, 1.00006, 0.00741484, 0.0233975, 0.036338, 0.0447493, 0.191855, 0.280294, 0.287523, 0.345202, 1.66989, 1.79806, 

5.49873e-05, 0.00108153, 0.00378087, 0.0458548, 1.09509, 0.000448947, 3.98014, 0.0423638, 0.0581714, 0.00893178, 0.00492021, 0.00634105, 0.00022794, 1.31962, 4.19997, 14.106, 0.141224, 0.331706, 0.00892289, 0.890587, 0.000169834, 0.00373849, 0.0023873, 1.76509, 2.10079, 0.0021487, 4.83072, 0.461784, 0.0235928, 0.000723876, 0.00046743, 0.00611103, 0.0885875, 0.997591, 1.00006, 1.29847, 15.9358, 0.0174733, 0.12603, 0.795066, 0.0123129, 0.00741484, 0.00841783, 0.0233975, 0.036338, 0.0447493, 0.141101, 0.191855, 1.14758, 1.1544, 

1.84762e-05, 5.49873e-05, 0.00893178, 0.0458548, 0.0581714, 3.98014, 11.6959, 0.795066, 0.0719211, 0.141224, 0.00373849, 0.00634105, 0.00022794, 0.331706, 1.31962, 4.19997, 1.96265, 0.162754, 0.0822619, 0.0235928, 0.000169834, 0.00102578, 0.000723876, 0.0021487, 0.0023873, 0.461784, 22.0831, 0.000448947, 0.00378087, 0.0423638, 0.00046743, 0.00611103, 0.0174733, 0.0256581, 1.29847, 15.9358, 20.2268, 0.00892289, 0.0885875, 0.12603, 0.00355537, 0.00492021, 0.00741484, 0.00841783, 0.0123129, 0.0233975, 0.0316707, 0.0447493, 0.890587, 1.00006, 

3.27178e-07, 5.49873e-05, 0.0458548, 0.0581714, 0.141224, 0.795066, 0.243322, 0.00378087, 0.000448947, 0.00893178, 0.000455916, 0.00355537, 0.0180733, 0.0235928, 0.0822619, 1.31962, 18.5821, 0.00022794, 0.0719211, 0.890587, 0.000169834, 0.00102578, 0.0021487, 0.0023873, 0.0423638, 15.6508, 18.065, 0.00892289, 0.331706, 0.307082, 0.00046743, 0.00410554, 0.0174733, 0.0256581, 0.12603, 15.9358, 20.2268, 0.0885875, 0.461784, 0.000723876, 0.00342802, 0.00373849, 0.00492021, 0.00841783, 0.0123129, 0.0233975, 0.0316707, 0.0447493, 1.00006, 1.29847, 

3.27178e-07, 5.49873e-05, 0.00893178, 0.0458548, 0.0581714, 0.795066, 5.68537, 0.00378087, 0.141224, 0.307082, 0.000455916, 0.00355537, 0.00022794, 0.0235928, 0.0822619, 0.890587, 1.31962, 0.000723876, 5.32931e-05, 0.0603879, 0.000169834, 0.000147173, 0.0021487, 0.0023873, 0.331706, 15.6508, 18.065, 0.00201048, 0.0180733, 0.12603, 0.00046743, 0.00102578, 0.0174733, 0.0256581, 0.0885875, 20.2268, 31.8087, 0.000448947, 0.0423638, 0.0719211, 0.00410554, 0.00342802, 0.00373849, 0.00492021, 0.00841783, 0.0123129, 0.0233975, 0.0316707, 0.461784, 0.624536, 

3.27178e-07, 5.49873e-05, 0.00378087, 0.141224, 0.307082, 8.54639, 4.17165, 0.0822619, 0.00893178, 0.0256581, 3.0908e-05, 0.000169834, 5.32931e-05, 0.00022794, 0.000723876, 0.024012, 33.7657, 0.0581714, 0.0423638, 0.0180733, 8.49646e-05, 2.68246e-05, 0.00022643, 0.0021487, 0.12603, 18.065, 1.02025e-05, 0.0235928, 0.0458548, 0.0719211, 1.58386e-05, 0.00102578, 0.000448947, 0.0174733, 20.2268, 24.3458, 18.3368, 0.0603879, 0.0885875, 0.0023873, 0.00190807, 0.00342802, 0.00373849, 0.00410554, 0.00492021, 0.00763335, 0.00841783, 0.0123129, 0.331706, 0.461784, 

3.27178e-07, 5.49873e-05, 0.00378087, 0.0256581, 0.0822619, 0.141224, 26.2282, 0.0180733, 0.0581714, 0.000125932, 3.0908e-05, 0.000169834, 5.32931e-05, 0.000723876, 0.024012, 1.37167, 21.6071, 0.0603879, 0.000448947, 0.0423638, 1.50031e-06, 5.18495e-05, 0.0021487, 0.0458548, 0.12603, 14.2341, 17.0068, 0.120043, 0.00022643, 0.0235928, 1.58386e-05, 0.000316917, 0.0023873, 0.0174733, 0.0885875, 7.79083, 17.055, 1.02025e-05, 0.000680736, 0.00022794, 0.000625274, 0.00190807, 0.00342802, 0.00373849, 0.00410554, 0.00492021, 0.00763335, 0.00841783, 0.307082, 0.331706, 

3.27178e-07, 5.49873e-05, 0.000125932, 0.00378087, 0.0581714, 0.0822619, 17.4991, 0.120043, 0.000448947, 0.0423638, 3.0908e-05, 0.000169834, 5.32931e-05, 0.000723876, 0.0603879, 21.6071, 49.0073, 1.02025e-05, 0.307082, 0.12603, 1.50031e-06, 5.18495e-05, 0.00022643, 0.0021487, 0.0458548, 9.45079, 24.3045, 0.0235928, 0.141224, 0.0256581, 1.02513e-05, 0.000316917, 0.00022794, 0.000680736, 0.0023873, 0.0885875, 9.49696, 0.0174733, 0.0180733, 0.024012, 0.000625274, 0.00190807, 0.00342802, 0.00373849, 0.00410554, 0.00492021, 0.00763335, 0.00841783, 0.331706, 

3.27178e-07, 9.24009e-06, 0.000125932, 0.000448947, 0.00378087, 16.3163, 11.3017, 0.0822619, 0.0174733, 0.0581714, 1.57398e-05, 5.9128e-05, 0.0603879, 0.12603, 0.307082, 9.98979, 16.4309, 0.000723876, 0.0021487, 0.0256581, 1.50031e-06, 2.39577e-06, 0.00022643, 0.0235928, 0.0458548, 0.141224, 10.8357, 0.024012, 1.02025e-05, 0.0423638, 1.02513e-05, 0.000316917, 0.0023873, 0.0180733, 0.0885875, 4.58965, 20.5912, 5.32931e-05, 0.00022794, 0.000680736, 0.000625274, 0.00154812, 0.00190807, 0.00342802, 0.00373849, 0.00492021, 0.00763335, 0.00841783, 0.120043, 0.331706, 

3.27178e-07, 7.07505e-06, 0.00378087, 0.0581714, 0.0822619, 11.3017, 16.3163, 1.57398e-05, 5.9128e-05, 0.000723876, 0.0021487, 0.0256581, 20.25, 32.2042, 1.4561e-08, 1.50031e-06, 1.02025e-05, 0.00022643, 0.0235928, 0.0458548, 12.2646, 1.02513e-05, 1.09577e-05, 5.32931e-05, 0.00022794, 0.0180733, 4.58965, 1.88599e-05, 0.000316917, 0.000625274, 0.00154812, 0.00190807, 0.00342802, 0.00373849, 0.00492021, 0.00763335, 0.000125932, 0.000448947, 

3.27178e-07, 1.33302e-06, 0.00378087, 0.00619761, 11.3017, 15.4157, 0.613319, 5.88826e-07, 1.57398e-05, 0.000723876, 0.0021487, 0.0256581, 17.5878, 0.000308988, 1.4561e-08, 1.50031e-06, 1.02025e-05, 0.00022643, 0.0235928, 0.0458548, 3.86663, 1.02513e-05, 1.09577e-05, 1.88599e-05, 5.32931e-05, 0.00022794, 0.0180733, 4.58965, 0.000137154, 0.000316917, 0.000625274, 0.00154812, 0.00190807, 0.00342802, 0.00373849, 0.00492021, 0.000125932, 0.000448947, 

3.27178e-07, 1.33302e-06, 0.00378087, 0.426061, 0.613319, 15.4157, 16.0304, 5.88826e-07, 9.32221e-06, 0.000723876, 0.0021487, 0.0256581, 11.5452, 17.752, 1.4561e-08, 1.50031e-06, 1.02025e-05, 0.00022643, 0.0235928, 0.0458548, 20.2277, 1.02513e-05, 1.09577e-05, 1.88599e-05, 5.32931e-05, 0.00022794, 4.58965, 5.61928, 0.000137154, 0.000316917, 0.000625274, 0.00154812, 0.00190807, 0.00342802, 0.00373849, 0.00492021, 0.000125932, 0.000308988, 

3.27178e-07, 1.25283e-06, 0.00378087, 0.426061, 0.613319, 1.12275, 15.4157, 5.88826e-07, 4.87458e-06, 0.000723876, 0.0021487, 0.0256581, 11.5452, 5.30836, 1.4561e-08, 1.00731e-06, 1.02025e-05, 0.0235928, 0.0458548, 0.527938, 12.3649, 1.02513e-05, 1.09577e-05, 1.88599e-05, 5.32931e-05, 0.00022794, 5.61928, 15.4841, 0.000137154, 0.000316917, 0.000625274, 0.00154812, 0.00190807, 0.00342802, 0.00373849, 0.00492021, 0.000125932, 0.00022643, 

3.27178e-07, 1.25283e-06, 0.00378087, 0.0263614, 0.426061, 0.613319, 15.4157, 5.88826e-07, 4.87458e-06, 0.000723876, 0.0021487, 3.20943, 5.30836, 1.76385, 1.4561e-08, 1.00731e-06, 1.02025e-05, 0.0235928, 0.527938, 12.3649, 0.000312615, 1.02513e-05, 1.09577e-05, 1.88599e-05, 5.32931e-05, 0.00022794, 5.61928, 8.52243, 0.000137154, 0.000316917, 0.000353998, 0.000625274, 0.00154812, 0.00190807, 0.00342802, 0.00373849, 0.000125932, 0.00022643, 

3.27178e-07, 1.25283e-06, 0.00378087, 0.0263614, 0.613319, 15.4157, 5.54886, 5.88826e-07, 4.87458e-06, 0.000723876, 0.0021487, 1.76385, 2.60774, 5.30836, 1.4561e-08, 9.81868e-08, 1.02025e-05, 0.000312032, 0.527938, 12.3649, 15.0758, 1.02513e-05, 1.04673e-05, 1.88599e-05, 5.32931e-05, 4.00682, 8.52243, 19.9668, 0.000137154, 0.000316917, 0.000353998, 0.000625274, 0.00154812, 0.00190807, 0.00342802, 0.00373849, 0.000125932, 0.00022643, 

1.26296e-07, 3.27178e-07, 0.0263614, 0.613319, 5.54886, 15.4157, 12.9579, 5.88826e-07, 4.87458e-06, 0.000723876, 1.76385, 2.60774, 4.41679, 22.2286, 1.4561e-08, 9.81868e-08, 1.02025e-05, 0.000312032, 0.527938, 12.3649, 15.9426, 1.02513e-05, 1.04673e-05, 1.88599e-05, 5.32931e-05, 4.00682, 8.52243, 19.9668, 0.000137154, 0.000316917, 0.000353998, 0.000625274, 0.00154812, 0.00190807, 0.00342802, 0.00373849, 0.000125932, 0.00022643, 

1.26296e-07, 1.99169e-07, 0.0263614, 0.613319, 11.877, 15.4157, 3.3725, 5.88826e-07, 4.87458e-06, 0.000723876, 1.76385, 2.60774, 9.62159, 10.7757, 1.4561e-08, 9.81868e-08, 1.02025e-05, 0.000312032, 12.3649, 15.9426, 6.63124, 1.02513e-05, 1.03995e-05, 1.88599e-05, 5.32931e-05, 4.00682, 8.52243, 19.9668, 0.000137154, 0.000316917, 0.000353998, 0.000625274, 0.00154812, 0.00190807, 0.00342802, 0.00373849, 0.000125932, 0.00022643, 

1.26296e-07, 1.99169e-07, 0.0263614, 0.613319, 1.60424, 3.3725, 11.877, 5.88826e-07, 4.87458e-06, 0.000723876, 1.76385, 2.60774, 9.62159, 5.84605, 1.4561e-08, 7.09012e-08, 1.02025e-05, 0.000312032, 12.3649, 15.9426, 20.8427, 1.02513e-05, 1.03995e-05, 1.88599e-05, 5.32931e-05, 4.00682, 8.52243, 19.9668, 0.000137154, 0.000316917, 0.000353998, 0.000625274, 0.00154812, 0.00190807, 0.00342802, 0.00373849, 0.000125932, 0.00022643, 

1.26296e-07, 1.91627e-07, 0.613319, 1.60424, 3.3725, 6.57863, 16.9417, 5.88826e-07, 1.39921e-06, 0.000723876, 1.76385, 5.84605, 9.62159, 11.9213, 1.4561e-08, 7.09012e-08, 1.02025e-05, 0.000312032, 14.7387, 15.9426, 10.5237, 1.02513e-05, 1.03995e-05, 1.88599e-05, 5.32931e-05, 8.52243, 8.97412, 20.058, 0.000137154, 0.000316917, 0.000353998, 0.000625274, 0.00154812, 0.00190807, 0.00342802, 0.00373849, 0.000125932, 0.00022643, 

1.26296e-07, 1.80959e-07, 0.613319, 1.60424, 3.3725, 16.9417, 8.20174, 4.94978e-07, 5.88826e-07, 1.76385, 5.84605, 5.85299, 11.9213, 1.03894, 1.4561e-08, 7.09012e-08, 1.02025e-05, 0.000312032, 9.72219, 13.7467, 15.9426, 1.02513e-05, 1.00282e-05, 9.61604e-06, 1.88599e-05, 8.52243, 8.97412, 9.83459e-06, 0.000137154, 0.000316917, 0.000353998, 0.000625274, 0.00154812, 0.00190807, 0.00342802, 0.00373849, 0.000125932, 0.00022643, 

1.26296e-07, 1.80959e-07, 0.613319, 1.60424, 8.20174, 16.9417, 20.0507, 4.94978e-07, 5.88826e-07, 1.03894, 5.84605, 5.85299, 11.9213, 32.0075, 1.4561e-08, 5.46578e-08, 1.02025e-05, 1.41462, 4.00628, 13.7467, 17.1763, 9.91458e-06, 9.76827e-06, 9.61604e-06, 9.83459e-06, 1.88599e-05, 8.52243, 9.86743e-06, 0.000137154, 0.000316917, 0.000353998, 0.000625274, 0.00154812, 0.00190807, 0.00342802, 0.00373849, 0.000125932, 0.00022643, 

1.26296e-07, 1.74658e-07, 0.613319, 1.60424, 5.21432, 20.0507, 18.586, 4.94978e-07, 5.88826e-07, 1.03894, 5.84605, 5.85299, 8.5457, 11.9213, 1.4561e-08, 5.46578e-08, 1.02025e-05, 1.71787, 9.83971, 17.1763, 17.5137, 9.57633e-06, 9.76827e-06, 9.61604e-06, 9.83459e-06, 1.88599e-05, 8.52243, 2.24571, 0.000137154, 0.000316917, 0.000353998, 0.000625274, 0.00154812, 0.00190807, 0.00342802, 0.00373849, 0.000125932, 0.00022643, 

1.26296e-07, 1.74658e-07, 0.613319, 1.60424, 16.0786, 18.586, 13.8072, 4.94978e-07, 5.57952e-07, 1.03894, 5.84605, 8.5457, 11.9213, 19.9585, 1.4561e-08, 3.09258e-08, 1.02025e-05, 1.71787, 9.83971, 17.5137, 20.1984, 9.49057e-06, 9.57633e-06, 9.83459e-06, 1.88599e-05, 2.24571, 2.9241, 9.04699, 0.000137154, 0.000316917, 0.000353998, 0.000625274, 0.00154812, 0.00190807, 0.00342802, 0.00373849, 0.000125932, 0.00022643, 

1.26296e-07, 1.39024e-07, 1.60424, 13.8072, 16.0786, 18.586, 26.2799, 4.94978e-07, 5.31815e-07, 5.22675, 5.84605, 9.11763, 10.6954, 15.7873, 1.4561e-08, 3.09258e-08, 1.02025e-05, 1.71787, 6.94694, 17.5137, 7.22278, 9.49057e-06, 9.51212e-06, 9.83459e-06, 1.88599e-05, 2.24571, 2.9241, 9.04699, 0.000137154, 0.000316917, 0.000353998, 0.000625274, 0.00154812, 0.00190807, 0.00342802, 0.00373849, 0.000125932, 0.00022643, 

1.26296e-07, 1.34472e-07, 1.60424, 13.8072, 16.0786, 18.586, 8.66868, 4.94978e-07, 4.97835e-07, 5.22675, 5.84605, 9.11763, 10.6954, 15.7873, 1.4561e-08, 3.09258e-08, 1.02025e-05, 1.71787, 7.22278, 17.5137, 15.8428, 9.49057e-06, 9.51212e-06, 9.83459e-06, 1.88599e-05, 2.24571, 2.9241, 9.04699, 0.000137154, 0.000316917, 0.000353998, 0.000625274, 0.00154812, 0.00190807, 0.00342802, 0.00373849, 0.000125932, 0.00022643, 

1.26296e-07, 1.34472e-07, 1.5096, 13.8072, 16.0786, 18.586, 8.95528, 4.94978e-07, 4.97835e-07, 1.51302, 9.11763, 10.6954, 15.7873, 13.289, 7.71616e-09, 1.4561e-08, 1.02025e-05, 1.71787, 5.45689, 15.8428, 17.5137, 9.47919e-06, 9.49057e-06, 9.83459e-06, 2.24571, 2.9241, 9.04699, 2.43715, 0.000137154, 0.000316917, 0.000353998, 0.000625274, 0.00154812, 0.00190807, 0.00342802, 0.00373849, 0.000125932, 0.00022643, 

1.23608e-07, 1.26296e-07, 1.5096, 4.05347, 6.88528, 9.02608, 10.8785, 4.94978e-07, 4.97835e-07, 1.51302, 9.11763, 10.6954, 15.7873, 21.7412, 4.13057e-09, 7.71616e-09, 1.71787, 5.45689, 12.1474, 17.5137, 15.2892, 9.47919e-06, 9.49057e-06, 9.83459e-06, 0.669341, 1.01033, 2.43715, 7.19405, 0.000137154, 0.000316917, 0.000353998, 0.000625274, 0.00154812, 0.00190807, 0.00342802, 0.00373849, 0.000125932, 0.00022643, 

1.23608e-07, 1.26296e-07, 1.5096, 4.05347, 6.88528, 9.02608, 10.8785, 4.94978e-07, 4.97835e-07, 3.37089, 10.6954, 15.6868, 20.5826, 1.2167, 4.13057e-09, 7.71616e-09, 1.53327, 1.71787, 12.1474, 15.2892, 9.02006, 9.47919e-06, 9.48256e-06, 9.83459e-06, 0.669341, 1.01033, 2.43715, 14.3544, 0.000137154, 0.000316917, 0.000353998, 0.000625274, 0.00154812, 0.00190807, 0.00342802, 0.00373849, 0.000125932, 0.00022643, 

1.23608e-07, 1.26296e-07, 1.5096, 4.05347, 9.02608, 10.8785, 16.9301, 4.94978e-07, 4.97835e-07, 0.0711906, 1.2167, 3.37089, 15.6868, 20.5826, 4.13057e-09, 7.71616e-09, 0.450171, 0.660722, 1.71787, 7.69059, 0.60039, 9.47919e-06, 9.48256e-06, 9.83459e-06, 1.01033, 2.43715, 14.3544, 9.679e-06, 0.000137154, 0.000316917, 0.000353998, 0.000625274, 0.00154812, 0.00190807, 0.00342802, 0.00373849, 0.000125932, 0.00022643, 

1.23161e-07, 1.23608e-07, 1.5096, 3.79612, 9.02608, 10.8785, 16.9301, 4.94094e-07, 4.94978e-07, 0.0372093, 0.0711906, 1.2167, 15.6868, 20.5826, 4.13057e-09, 7.71616e-09, 0.450171, 0.60039, 0.660722, 7.69059, 2.23478, 9.05807e-06, 9.47919e-06, 9.21724e-06, 9.679e-06, 1.01033, 2.43715, 14.0777, 0.000137154, 0.000316917, 0.000353998, 0.000625274, 0.00154812, 0.00190807, 0.00342802, 0.00373849, 0.000125932, 0.00022643, 

1.23082e-07, 1.23161e-07, 0.26346, 1.48559, 9.02608, 10.8785, 14.2903, 4.94094e-07, 4.94381e-07, 0.0166691, 0.0711906, 0.689666, 10.6778, 20.5826, 4.13057e-09, 7.71616e-09, 0.450171, 0.60039, 2.23478, 7.69059, 5.87311, 9.05807e-06, 9.20041e-06, 9.21724e-06, 9.679e-06, 0.0150359, 0.264979, 9.23204, 0.000137154, 0.000316917, 0.000353998, 0.000625274, 0.00154812, 0.00190807, 0.00342802, 0.00373849, 0.000125932, 0.00022643, 

1.23027e-07, 1.23082e-07, 0.26346, 1.48559, 9.02608, 10.8785, 14.2903, 4.94094e-07, 4.94123e-07, 0.0166691, 0.0711906, 0.689666, 8.28859, 7.65363, 4.13057e-09, 7.71616e-09, 0.450171, 0.60039, 4.72713, 5.87311, 17.576, 9.05807e-06, 9.20041e-06, 9.21724e-06, 9.679e-06, 0.0150359, 0.264979, 9.23204, 0.000137154, 0.000316917, 0.000353998, 0.000625274, 0.00154812, 0.00190807, 0.00342802, 0.00373849, 0.000125932, 0.00022643, 

1.23027e-07, 1.23082e-07, 1.48559, 9.02608, 10.8785, 14.2903, 6.7079, 4.94073e-07, 4.94094e-07, 0.0711906, 0.689666, 7.65363, 8.28859, 10.1444, 4.13057e-09, 7.71616e-09, 0.00502084, 0.450171, 0.60039, 4.72713, 0.00194325, 4.38907e-06, 9.20041e-06, 9.679e-06, 0.0150359, 0.264979, 9.23204, 1.19326, 0.000137154, 0.000316917, 0.000353998, 0.000625274, 0.00154812, 0.00190807, 0.00342802, 0.00373849, 0.000125932, 0.00022643, 

1.23027e-07, 1.23082e-07, 1.48559, 6.7079, 10.8785, 14.2903, 6.23892, 4.94054e-07, 4.94073e-07, 0.0711906, 0.689666, 7.65363, 8.28859, 14.4872, 4.13057e-09, 7.71616e-09, 0.00194325, 0.00502084, 0.450171, 0.60039, 7.21236, 1.34235e-06, 4.38907e-06, 9.679e-06, 0.000384535, 0.264979, 9.23204, 2.20767, 0.000137154, 0.000316917, 0.000353998, 0.000625274, 0.00154812, 0.00190807, 0.00342802, 0.00373849, 0.000125932, 0.00022643, 

1.23027e-07, 1.23082e-07, 1.37033, 1.38253, 6.23892, 14.2903, 12.6017, 4.94054e-07, 4.94073e-07, 0.0711906, 0.689666, 7.65363, 8.28859, 9.29824, 4.13057e-09, 6.89178e-09, 0.00194325, 0.00502084, 0.450171, 0.60039, 7.21236, 1.34235e-06, 4.38907e-06, 9.679e-06, 0.264979, 1.34913, 1.96802, 13.0549, 1.28715e-05, 0.000137154, 0.000316917, 0.000353998, 0.000625274, 0.00154812, 0.00190807, 0.00373849, 0.000125932, 0.00022643, 

1.23021e-07, 1.23027e-07, 1.37033, 1.38253, 5.94015, 12.6017, 8.82934, 4.94037e-07, 4.94054e-07, 0.000850985, 0.0711906, 0.101116, 0.689666, 9.29824, 4.13057e-09, 6.89178e-09, 0.00194325, 0.00502084, 0.0498355, 0.60039, 4.30698, 3.68735e-07, 6.45711e-07, 0.264979, 1.0108, 1.34913, 5.82826, 7.28601, 1.28715e-05, 0.000137154, 0.000316917, 0.000353998, 0.000625274, 0.00154812, 0.00190807, 0.00373849, 9.679e-06, 0.000125932, 

1.23021e-07, 1.23027e-07, 1.37033, 1.38253, 1.58175, 2.14054, 8.82934, 4.94037e-07, 4.94054e-07, 0.000850985, 0.0711906, 0.101116, 0.689666, 9.04831, 4.13057e-09, 5.38713e-09, 0.00194325, 0.00502084, 0.0298933, 0.60039, 0.00197386, 2.36826e-07, 3.68735e-07, 0.264979, 1.0108, 1.61149, 5.82826, 11.8446, 1.28715e-05, 0.000137154, 0.000316917, 0.000353998, 0.000625274, 0.00154812, 0.00190807, 0.00373849, 9.679e-06, 0.000125932, 

1.23021e-07, 1.23027e-07, 0.315238, 1.38253, 2.14054, 8.82934, 1.72519, 4.94037e-07, 4.94049e-07, 0.000850985, 0.0711906, 0.101116, 0.689666, 9.04831, 3.64474e-09, 4.13057e-09, 0.00194325, 0.00197386, 0.0298933, 0.60039, 1.58305, 2.32195e-07, 2.36826e-07, 1.0108, 1.61149, 5.82826, 9.28814, 0.0679915, 1.28715e-05, 0.000137154, 0.000316917, 0.000353998, 0.000625274, 0.00154812, 0.00190807, 0.00373849, 9.679e-06, 0.000125932, 

1.23021e-07, 1.23027e-07, 0.315238, 1.72519, 2.14054, 8.82934, 0.444089, 4.94033e-07, 4.94037e-07, 0.000850985, 0.0711906, 0.101116, 0.689666, 11.5678, 3.64474e-09, 4.13057e-09, 0.00197386, 0.0298933, 0.60039, 1.58305, 1.14736, 2.32195e-07, 2.36826e-07, 0.0679915, 1.0108, 1.61149, 9.28814, 4.08664, 1.28715e-05, 0.000137154, 0.000316917, 0.000353998, 0.000625274, 0.00154812, 0.00190807, 0.00373849, 9.679e-06, 0.000125932, 

1.23021e-07, 1.23027e-07, 0.315238, 1.72519, 2.14054, 8.82934, 20.1856, 4.94033e-07, 4.94037e-07, 0.000850985, 0.0711906, 0.101116, 0.689666, 17.5381, 3.64474e-09, 4.13057e-09, 0.0298933, 0.0705722, 0.60039, 1.58305, 50.0655, 2.32195e-07, 2.36826e-07, 0.0679915, 1.0108, 1.61149, 4.08664, 2.7457, 1.28715e-05, 0.000137154, 0.000316917, 0.000353998, 0.000625274, 0.00154812, 0.00190807, 0.00373849, 9.679e-06, 0.000125932, 

1.23021e-07, 1.23027e-07, 1.72519, 2.14054, 8.82934, 20.1856, 22.1026, 4.94031e-07, 4.94033e-07, 0.000850985, 0.0711906, 0.689666, 17.5381, 0.000395169, 3.64474e-09, 4.13057e-09, 0.0298933, 0.60039, 1.58305, 19.1542, 13.9823, 2.32195e-07, 2.36826e-07, 0.0679915, 1.0108, 1.61149, 2.7457, 3.82829, 1.28715e-05, 0.000137154, 0.000316917, 0.000353998, 0.000625274, 0.00154812, 0.00190807, 0.00373849, 9.679e-06, 0.000125932, 

1.23021e-07, 1.23027e-07, 1.72519, 7.76486, 8.82934, 11.338, 19.8954, 4.94031e-07, 4.94033e-07, 0.000379502, 0.000850985, 0.689666, 5.00367, 22.214, 3.64474e-09, 4.13057e-09, 0.0298933, 0.60039, 0.995325, 1.58305, 8.42749, 2.32195e-07, 2.36826e-07, 1.0108, 1.61149, 2.7457, 3.82829, 21.5529, 1.28715e-05, 0.000137154, 0.000316917, 0.000353998, 0.000625274, 0.00154812, 0.00190807, 0.00373849, 9.679e-06, 0.000125932, 

Best:
(-4.28619e-06, )

Fitness Evaluations:
2664

End Population
(2.490162e-05), (2.490220e-05), (-9.337766e-01), (2.133797e-01), (1.207659e+00), (-2.701879e-01), (5.452754e-01), (-4.990163e-05), (-4.990173e-05), (-1.383077e-03), (-2.071104e-03), (5.930069e-02), (2.062093e+00), (-1.523210e+00), (-4.286186e-06), (-4.562917e-06), (-1.227812e-02), (5.528779e-02), (-9.936004e-01), (9.401314e-01), (-2.240590e-01), (3.421092e-05), (3.455039e-05), (9.860167e-01), (-9.136963e-02), (-1.204843e-01), (-8.718980e-01), (-1.447360e+00), (2.547141e-04), (-8.314632e-04), (-1.263898e-03), (1.335794e-03), (1.775314e-03), (-2.793480e-03), (3.101283e-03), (4.341096e-03), (-2.208783e-04), (7.967201e-04), 