Iterations: 50
Function Evaluations Limit: 150000
Population: 50

Prides Length: 4

Percent Nomads: 0.2
Percent Roaming: 0.2
Percent Sex: 0.8

Mating Rate: 0.3
Mutation Probability: 0.2
Immigration Rate: 0.4

Percent Group Influence: 0.4
Annealing On: true
Ranked Selection Pressure: 2
Near To Best Random Pressure: 2

Dimensions: 1
N-Dimension Space: -6.28319:6.28319

Fitness Iterations:
1.05218 (Initial Best)

6.26228, 9.13364, 11.873, 21.8376, 36.9638, 23.3228, 20.8121, 20.0288, 5.36237, 11.0382, 37.9728, 3.35166, 19.4039, 20.2508, 43.0077, 18.7077, 22.1212, 21.9707, 32.9454, 8.13176, 4.02981, 22.5695, 40.2499, 21.7994, 25.5118, 6.21677, 49.6354, 36.4197, 49.2081, 28.2919, 7.18926, 13.551, 14.096, 9.33786, 13.4451, 6.71763, 1.05218, 12.4126, 24.8948, 17.1849, 12.9826, 27.3684, 38.1166, 19.5142, 27.7885, 17.2194, 16.9282, 15.7643, 19.1563, 18.2852, 

0.999659, 1.093, 0.475558, 11.0382, 15.331, 23.3228, 25.9581, 3.69367, 13.1767, 13.893, 3.35166, 8.95729, 11.1513, 16.283, 20.2508, 21.9707, 11.4463, 5.36237, 13.8759, 14.6948, 4.02981, 1.00172, 5.24518, 15.5109, 28.2919, 36.4197, 7.17251, 8.13176, 9.54923, 3.99791, 1.87983, 10.1673, 1.05218, 6.71763, 9.33786, 14.096, 21.455, 15.3272, 8.9696, 12.4126, 6.26228, 9.05241, 1.61828, 6.05503, 12.3609, 12.9826, 13.551, 15.935, 15.5042, 17.1849, 

0.793004, 1.093, 4.75858, 11.0382, 13.1767, 16.7247, 20.4737, 1.23371, 0.475558, 3.99791, 0.23794, 1.61828, 4.11161, 5.36237, 16.283, 20.2508, 21.9707, 2.20583, 7.17251, 3.69367, 0.0744592, 1.708, 0.000521699, 5.24518, 9.13183, 10.2499, 9.71726, 1.02624, 4.50457, 9.54923, 1.28521, 1.05049, 6.71763, 8.45563, 8.9696, 14.096, 8.13723, 1.87752, 9.33786, 1.05218, 3.35166, 0.999659, 4.02981, 1.87983, 6.05503, 6.23168, 6.26228, 7.2612, 10.8187, 12.4126, 

0.0526548, 1.093, 1.23371, 2.11683, 3.99791, 4.75858, 9.43316, 4.11161, 3.32809, 1.05218, 0.0556668, 1.43372, 2.20583, 3.69367, 5.36237, 8.30492, 5.10824, 9.71726, 8.13723, 9.54923, 0.0744592, 1.708, 1.02624, 3.98398, 5.24518, 9.13183, 1.71508, 9.33786, 6.22008, 8.45563, 0.999659, 1.28521, 1.87752, 6.71763, 8.9696, 0.995605, 20.0828, 0.475558, 7.17251, 0.000521699, 0.793004, 1.05049, 1.61828, 1.67515, 1.87983, 3.35166, 4.02981, 6.05503, 10.2499, 10.8187, 

0.00917652, 0.793004, 1.05218, 3.32809, 4.75858, 15.4278, 4.81729, 3.45872, 2.20583, 1.87752, 0.0556668, 1.43372, 5.10824, 5.36237, 8.30492, 20.2148, 18.4583, 1.23371, 3.47483, 0.000521699, 0.0744592, 1.05049, 0.188658, 1.71508, 8.45563, 19.3358, 10.0454, 0.995605, 1.17113, 1.9478, 0.542537, 0.999659, 0.475558, 1.11364, 7.17251, 20.0828, 11.847, 3.69367, 2.11683, 1.02624, 0.0526548, 1.093, 1.708, 1.61828, 1.67515, 1.87983, 3.35166, 3.60133, 3.98398, 4.11161, 

0.00917652, 0.0310775, 2.20583, 3.45872, 4.81729, 25.7343, 15.1321, 4.11161, 1.02624, 1.23371, 0.0556668, 1.093, 3.47483, 5.10824, 5.36237, 20.2148, 17.6639, 1.05218, 0.753896, 0.755444, 0.0526548, 0.999659, 0.188658, 1.17113, 1.9478, 4.58848, 10.0454, 1.71508, 3.32809, 2.11683, 0.542537, 0.170343, 0.475558, 1.11364, 3.69367, 11.847, 19.2234, 1.87752, 0.995605, 0.000521699, 0.0744592, 1.05049, 1.43372, 1.61828, 1.67515, 1.708, 1.87983, 3.35166, 4.75858, 7.17251, 

0.00917652, 0.018542, 1.23371, 2.20583, 4.81729, 15.1321, 25.7343, 0.000589896, 2.70352, 1.02624, 0.0556668, 0.147703, 0.755444, 0.908014, 1.05218, 2.33417, 19.0422, 1.87752, 5.10824, 3.45872, 0.0526548, 0.999659, 0.188658, 3.32809, 4.58848, 1.01002, 14.5694, 1.11364, 1.17113, 1.9478, 0.0744592, 0.00400489, 0.000521699, 0.475558, 0.995605, 3.69367, 0.108555, 1.82668, 0.753896, 1.71508, 0.00208197, 0.0894376, 1.093, 1.05049, 1.34171, 1.43372, 1.67515, 1.708, 5.36237, 7.17251, 

0.00356134, 0.00917652, 0.000589896, 1.23371, 4.81729, 15.1321, 19.6924, 2.33417, 0.000521699, 2.20583, 0.00208197, 0.02543, 0.30743, 1.05218, 1.87752, 4.42033, 0.0364047, 0.00219752, 1.11364, 2.70352, 0.0526548, 0.999659, 1.01002, 1.02047, 1.17113, 4.58848, 14.5694, 1.02624, 0.995558, 0.188658, 0.00400489, 0.0744592, 0.753896, 0.995605, 1.70925, 1.71508, 25.8823, 2.87042, 0.27439, 0.755444, 0.0150383, 0.0894376, 0.147703, 1.05049, 1.093, 1.34171, 1.43372, 1.60095, 3.32809, 3.45872, 

0.000332245, 0.00917652, 1.23371, 2.20583, 4.68251, 15.1321, 18.2459, 1.70925, 0.00247356, 0.0182282, 0.00208197, 0.00256467, 0.00219752, 0.00806584, 1.05218, 1.11364, 0.0186819, 1.17113, 0.000589896, 1.87752, 0.00263888, 0.147703, 0.188658, 0.995558, 1.01002, 1.02047, 4.58848, 0.000521699, 0.00319135, 1.0292, 0.00400489, 0.00319532, 0.27439, 0.755444, 0.995605, 2.87042, 9.25902, 0.148385, 1.02624, 1.71508, 0.0526548, 0.0150383, 0.0381034, 0.0681608, 0.0894376, 0.999659, 1.05049, 1.093, 2.33417, 2.70352, 

0.000332245, 0.000641632, 0.0182282, 1.70925, 2.20583, 4.35095, 20.2252, 1.01002, 1.08694, 0.0186819, 8.16742e-05, 0.00222198, 0.000589896, 0.00219752, 0.00256662, 1.05218, 5.0837, 0.00319135, 1.02624, 1.11364, 0.00263888, 0.0150383, 0.000521699, 0.995558, 1.02047, 4.58848, 25.5364, 0.00247356, 0.755444, 0.188658, 0.00319532, 0.00325912, 0.0167865, 0.27439, 2.87042, 18.6684, 21.959, 0.995605, 1.0292, 0.396734, 0.00208197, 0.00917652, 0.147703, 0.0526548, 0.0681608, 0.0894376, 0.191607, 0.999659, 1.17113, 1.23371, 

0.000332245, 0.000641632, 0.0182282, 2.20583, 4.35095, 1.68411, 11.7247, 0.995558, 1.08694, 1.0292, 8.16742e-05, 0.00208197, 0.000589896, 0.00219752, 1.05218, 1.11364, 1.62552, 1.01002, 0.00256662, 0.000521699, 0.00263888, 0.00917652, 0.755444, 1.02047, 4.58848, 20.1417, 10.2179, 0.995605, 0.0186819, 1.02624, 0.00314203, 0.00319532, 0.0167865, 0.0723553, 0.27439, 2.87042, 18.6684, 0.00247356, 0.00319135, 0.188658, 0.00222198, 0.0150383, 0.0526548, 0.0681608, 0.0894376, 0.147703, 0.191607, 0.999659, 1.17113, 1.23371, 

0.00023029, 0.000332245, 0.0182282, 1.68411, 2.20583, 5.27691, 17.8339, 0.0167865, 0.0186819, 0.00219752, 8.16742e-05, 0.00208197, 0.000521699, 0.00256662, 1.05218, 1.11364, 1.62552, 1.08694, 1.0292, 0.0663752, 0.00263888, 0.00917652, 0.755444, 0.995605, 4.38973, 4.58848, 9.53496, 1.17113, 0.995558, 1.01002, 0.00222198, 0.00319532, 0.00247356, 0.00319135, 0.0671718, 0.0723553, 18.7662, 1.02624, 0.000589896, 0.27439, 0.00314203, 0.0150383, 0.0526548, 0.0681608, 0.0894376, 0.147703, 0.191607, 0.331961, 1.23371, 1.53735, 

0.00023029, 0.000332245, 0.0167865, 0.0186819, 2.20583, 3.77055, 7.53919, 0.0671718, 1.11364, 0.00256662, 8.16742e-05, 0.00208197, 0.000521699, 1.0292, 1.05218, 1.08694, 1.62552, 0.27439, 0.995605, 1.23371, 0.00263888, 0.00917652, 0.755444, 0.995558, 4.58848, 9.53496, 19.8526, 0.0663752, 1.01002, 0.00219752, 0.00222198, 0.00258716, 0.000589896, 0.00247356, 0.00319135, 1.02624, 11.5814, 0.0182282, 0.0723553, 1.17113, 0.00314203, 0.0150383, 0.0526548, 0.0681608, 0.0894376, 0.147703, 0.191607, 0.331961, 1.53735, 1.68411, 

0.00023029, 0.000316301, 0.0671718, 2.20583, 3.77055, 7.53919, 2.09553, 0.00278752, 0.0167865, 0.0186819, 8.16742e-05, 0.000554763, 0.000521699, 1.0292, 1.05218, 1.08694, 4.02942, 0.00219752, 0.000589896, 0.0182282, 0.00263888, 0.00917652, 0.0663752, 1.01002, 4.58848, 10.1448, 0.235334, 0.27439, 0.0192173, 0.00256662, 2.12822e-05, 0.00225984, 0.00319135, 0.0698564, 0.0723553, 1.17113, 1.27048, 0.755444, 0.995558, 0.00247356, 0.00314203, 0.00614407, 0.0150383, 0.0526548, 0.0681608, 0.0894376, 0.147703, 0.191607, 1.11364, 1.23371, 

0.00023029, 0.000316301, 0.0186819, 2.09553, 3.77055, 7.53919, 2.43357, 0.00278752, 1.01002, 0.0723553, 8.16742e-05, 0.000554763, 0.000521699, 1.05218, 1.08694, 4.02942, 2.85488, 0.00256662, 0.995558, 0.000589896, 0.00214914, 0.00263888, 0.0192173, 0.235334, 0.27439, 4.58848, 4.95492, 0.0167865, 0.00219752, 0.0671718, 2.12822e-05, 0.00225984, 0.00247356, 0.00319135, 0.0698564, 0.755444, 1.27048, 0.360101, 0.0182282, 0.0663752, 0.00314203, 0.00614407, 0.0150383, 0.0526548, 0.0681608, 0.0894376, 0.147703, 0.191607, 1.0292, 1.11364, 

0.00023029, 0.000316301, 0.0186819, 0.0723553, 2.43357, 7.53919, 19.4151, 0.995558, 0.00319135, 0.235334, 8.16742e-05, 1.47827e-05, 0.000521699, 0.000589896, 0.00256662, 26.6684, 5.19182e-05, 0.0671718, 0.0698564, 0.0663752, 0.0011193, 0.00214914, 0.0167865, 0.0192173, 0.27439, 4.95492, 21.952, 0.830956, 0.580314, 0.000764542, 2.12822e-05, 0.000554763, 0.00247356, 0.0182282, 0.755444, 1.27048, 29.0774, 0.00278752, 0.00219752, 0.360101, 0.00103224, 0.00115699, 0.00314203, 0.00614407, 0.0150383, 0.0151572, 0.0526548, 0.0681608, 1.01002, 1.0292, 

0.000184166, 9.57453e-07, 0.000412485, 0.0723553, 7.53919, 19.4151, 25.8824, 5.19182e-05, 0.0182282, 0.00256662, 1.73574e-06, 1.47827e-05, 0.0663752, 0.0671718, 0.0698564, 6.26946, 11.0382, 0.0186819, 0.00247356, 4.6582e-05, 0.000490796, 0.0011193, 0.27439, 0.830956, 4.95492, 20.1053, 8.81208, 0.0192173, 0.0167865, 0.000521699, 2.12822e-05, 0.000554763, 0.00219752, 0.360101, 1.27048, 15.9979, 20.4123, 0.00278752, 0.000589896, 0.000764542, 0.00023029, 0.00103224, 0.00115699, 0.00314203, 0.00614407, 0.0150383, 0.0151572, 0.0526548, 0.0905303, 0.1152, 

9.57453e-07, 0.000184166, 0.00256662, 7.53919, 19.4151, 13.2514, 4.25538, 0.0182282, 0.000589896, 0.0905303, 1.73574e-06, 1.47827e-05, 0.00247356, 0.0186819, 0.0698564, 11.0382, 16.5278, 0.0723553, 0.0671718, 4.6582e-05, 0.000490796, 0.000497704, 0.000521699, 0.0192173, 0.830956, 4.95492, 8.81208, 0.0167865, 0.0125497, 0.0663752, 2.12822e-05, 0.00023029, 0.000764542, 0.00219752, 0.00278752, 15.9979, 20.4123, 0.000412485, 0.0387558, 5.19182e-05, 0.000554763, 0.00103224, 0.00115699, 0.00314203, 0.00614407, 0.0101641, 0.0150383, 0.0151572, 0.1152, 0.27439, 

9.57453e-07, 0.000184166, 0.0905303, 4.25538, 5.07962, 19.4151, 17.9398, 0.0182282, 0.0186819, 0.00219752, 1.73574e-06, 1.47827e-05, 4.6582e-05, 0.00247356, 0.0698564, 0.0723553, 0.00713701, 0.000764542, 0.000589896, 0.0167865, 0.000490796, 0.000497704, 0.0125497, 0.0192173, 0.0663752, 0.830956, 6.54105, 0.00278752, 0.000521699, 0.0671718, 2.12822e-05, 0.00023029, 5.19182e-05, 0.000412485, 15.9979, 20.4123, 0.980215, 0.0387558, 0.00256662, 0.0356987, 0.000554763, 0.00103224, 0.00115699, 0.00314203, 0.00614407, 0.0101641, 0.0111976, 0.0150383, 0.1152, 0.27439, 

9.57453e-07, 0.000184166, 0.00219752, 0.0182282, 4.25538, 17.9398, 0.950563, 0.0186819, 0.27439, 0.0905303, 1.73574e-06, 5.90372e-06, 0.000764542, 0.00247356, 0.0167865, 0.0723553, 26.3, 0.000589896, 0.1152, 0.00713701, 0.000490796, 0.000497704, 0.0125497, 0.0192173, 0.0663752, 0.830956, 0.0486304, 4.6582e-05, 0.000521699, 0.0109251, 2.12822e-05, 0.00023029, 5.19182e-05, 0.000412485, 0.00256662, 0.0387558, 16.7298, 0.0671718, 0.0356987, 0.00278752, 0.000505286, 0.000554763, 0.00103224, 0.00115699, 0.00314203, 0.00614407, 0.0101641, 0.0111976, 0.980215, 2.38497, 

9.57453e-07, 7.79642e-05, 0.00219752, 0.0182282, 0.950563, 17.9398, 6.56447, 0.0186819, 0.000412485, 0.0356987, 1.73574e-06, 5.90372e-06, 0.0167865, 0.0723553, 0.1152, 17.0712, 21.2213, 0.00713701, 0.000764542, 0.00247356, 9.02216e-05, 0.00018346, 4.6582e-05, 0.0109251, 0.0125497, 0.830956, 0.82184, 0.00256662, 0.000589896, 0.000521699, 2.12822e-05, 0.00023029, 5.19182e-05, 0.0387558, 16.7298, 20.2497, 1.01279, 0.00272996, 0.00278752, 0.0192173, 0.00033744, 0.000505286, 0.000554763, 0.00103224, 0.00115699, 0.00314203, 0.00614407, 0.0101641, 0.0663752, 0.0671718, 

9.57453e-07, 3.17871e-06, 0.000412485, 0.0186819, 0.0356987, 0.950563, 17.1219, 0.0387558, 0.1152, 0.0182282, 1.73574e-06, 5.90372e-06, 0.00247356, 0.0167865, 17.0712, 16.8819, 6.39298, 0.0192173, 0.0723553, 0.000764542, 9.02216e-05, 0.00018346, 4.6582e-05, 0.000521699, 0.000589896, 0.00256662, 0.269112, 0.0671718, 4.85936e-05, 0.00713701, 2.12822e-05, 2.80839e-05, 5.19182e-05, 0.00272996, 0.00278752, 16.7298, 13.4474, 0.0109251, 0.00219752, 0.0125497, 0.00033744, 0.000505286, 0.000554763, 0.00103224, 0.00115699, 0.00314203, 0.00614407, 0.0101641, 0.336188, 0.82184, 

9.57453e-07, 3.17871e-06, 0.000412485, 0.0387558, 0.1152, 0.950563, 0.282598, 4.6582e-05, 0.00713701, 0.0192173, 1.61026e-07, 1.73574e-06, 0.000764542, 0.00247356, 0.0167865, 0.0723553, 6.39298, 0.0186819, 5.19182e-05, 0.0356987, 2.63791e-05, 2.8248e-05, 4.85936e-05, 0.000521699, 0.0671718, 0.269112, 4.80415, 0.000589896, 0.00256662, 0.0182282, 2.12822e-05, 2.80839e-05, 0.00219752, 0.00272996, 0.00278752, 13.0499, 4.80403, 0.336188, 0.0109251, 0.0125497, 0.00033744, 0.000505286, 0.000554763, 0.00103224, 0.00115699, 0.00314203, 0.00614407, 0.0101641, 0.373153, 1.56983, 

9.57453e-07, 3.17871e-06, 4.6582e-05, 0.000412485, 0.00713701, 0.0292602, 0.282598, 0.0356987, 0.00219752, 0.0182282, 1.61026e-07, 1.73574e-06, 0.000764542, 0.0167865, 0.0723553, 6.39298, 13.546, 0.0186819, 4.85936e-05, 0.00247356, 9.47652e-06, 5.84672e-06, 0.000521699, 0.000589896, 0.00256662, 0.269112, 11.6916, 0.0125497, 0.00278752, 0.0192173, 4.66319e-07, 2.12822e-05, 0.00272996, 0.0109251, 4.80403, 22.0883, 13.5363, 5.19182e-05, 0.000188458, 0.00764378, 2.63791e-05, 0.00020517, 0.00033744, 0.000505286, 0.000554763, 0.00103224, 0.00115699, 0.00314203, 0.0671718, 0.1152, 

9.57453e-07, 3.17871e-06, 0.00219752, 0.00335503, 0.00713701, 5.62689, 1.00258, 0.000589896, 0.00247356, 0.000412485, 1.61026e-07, 1.73574e-06, 4.85936e-05, 0.000764542, 6.39298, 13.546, 8.32547, 0.0182282, 0.000188458, 0.0109251, 5.84672e-06, 9.47652e-06, 0.000521699, 0.00256662, 0.0192173, 0.269112, 0.00567576, 0.0167865, 4.6582e-05, 0.0125497, 4.66319e-07, 1.48881e-06, 5.19182e-05, 0.00272996, 8.9967, 13.5363, 13.821, 0.00278752, 0.0186819, 0.00764378, 2.63791e-05, 0.00020517, 0.00033744, 0.000505286, 0.000554763, 0.000668284, 0.00115699, 0.00314203, 0.0292602, 0.0671718, 

9.57453e-07, 3.17871e-06, 0.00713701, 1.00258, 5.62689, 11.7886, 14.4094, 0.000188458, 5.19182e-05, 0.00764378, 1.61026e-07, 1.73574e-06, 4.85936e-05, 0.000764542, 0.0182282, 13.546, 20.8772, 0.0109251, 0.000521699, 0.00256662, 5.84672e-06, 9.47652e-06, 4.6582e-05, 0.00567576, 0.0125497, 0.0167865, 0.0192173, 0.00219752, 0.000412485, 0.00335503, 4.66319e-07, 1.48881e-06, 0.00272996, 0.0186819, 13.5363, 20.2437, 22.1183, 0.00247356, 0.00278752, 0.000589896, 2.63791e-05, 0.00020517, 0.00033744, 0.000505286, 0.000554763, 0.000668284, 0.00115699, 0.00314203, 0.0292602, 0.0671718, 

9.57453e-07, 3.17871e-06, 0.000188458, 0.163828, 14.4094, 16.8756, 21.5689, 0.00219752, 5.19182e-05, 0.0125497, 1.61026e-07, 1.73574e-06, 4.85936e-05, 0.0109251, 13.546, 20.8772, 0.049837, 0.00256662, 0.00713701, 0.000521699, 5.84672e-06, 9.47652e-06, 0.000412485, 0.00335503, 0.00567576, 0.0192173, 2.9907, 0.00247356, 0.00764378, 0.000764542, 4.66319e-07, 1.48881e-06, 0.000589896, 0.00272996, 0.0186819, 13.5363, 19.8534, 0.0167865, 4.6582e-05, 0.00278752, 2.63791e-05, 0.00020517, 0.00033744, 0.000505286, 0.000554763, 0.000668284, 0.00115699, 0.00314203, 0.0182282, 0.0292602, 

9.57453e-07, 3.17871e-06, 0.000188458, 7.42534, 16.8756, 21.5689, 10.5854, 0.00219752, 1.77847e-05, 0.00256662, 1.61026e-07, 1.73574e-06, 0.000521699, 0.00713701, 0.049837, 20.2073, 5.30862, 0.0125497, 5.19182e-05, 4.6582e-05, 2.67848e-06, 5.84672e-06, 0.00247356, 0.00335503, 0.00567576, 0.0192173, 14.6885, 0.0109251, 0.00764378, 0.000589896, 4.66319e-07, 1.48881e-06, 0.00272996, 0.00278752, 0.0186819, 13.5363, 3.2101, 0.000764542, 4.85936e-05, 0.000412485, 5.53397e-06, 2.63791e-05, 0.00020517, 0.00033744, 0.000505286, 0.000554763, 0.000668284, 0.00115699, 0.0167865, 0.0182282, 

9.57453e-07, 2.84144e-06, 7.42534, 10.5854, 16.8756, 14.0381, 7.36856e-08, 0.000589896, 0.00713701, 0.000188458, 1.61026e-07, 1.73574e-06, 4.6582e-05, 5.19182e-05, 0.000270479, 5.30862, 15.4223, 0.00272996, 0.000764542, 2.85673e-06, 2.67848e-06, 2.99789e-06, 3.1863e-06, 0.00247356, 0.00567576, 4.23365, 0.995263, 0.00278752, 0.0109251, 0.00335503, 4.40021e-07, 4.66319e-07, 4.85936e-05, 0.000412485, 0.0186819, 0.540121, 0.150185, 1.77847e-05, 0.00219752, 0.00256662, 4.33964e-06, 5.10799e-06, 5.53397e-06, 2.63791e-05, 0.00020517, 0.00033744, 0.000505286, 0.000554763, 0.0125497, 0.0167865, 

9.57453e-07, 6.60706e-08, 0.000188458, 0.00713701, 7.42534, 10.5854, 10.3346, 0.000589896, 0.00335503, 0.00247356, 1.4691e-08, 1.61026e-07, 2.85673e-06, 5.19182e-05, 0.000270479, 5.30862, 15.4223, 3.1863e-06, 7.36856e-08, 4.6582e-05, 2.67848e-06, 2.99789e-06, 0.0109251, 0.995263, 4.23365, 5.66743, 0.00029394, 0.00272996, 0.00219752, 0.000764542, 1.69068e-07, 4.66319e-07, 1.77847e-05, 4.85936e-05, 0.000412485, 0.00256662, 0.0186819, 7.63424e-06, 0.00278752, 3.85833e-07, 4.40021e-07, 2.84144e-06, 4.33964e-06, 5.10799e-06, 5.53397e-06, 1.24948e-05, 2.63791e-05, 0.00033744, 0.00567576, 0.0125497, 

6.60706e-08, 3.31906e-07, 0.000589896, 3.58227, 4.03362, 10.5854, 2.94169, 5.19182e-05, 4.6582e-05, 0.000764542, 1.4691e-08, 1.61026e-07, 7.36856e-08, 2.85673e-06, 3.1863e-06, 5.30862, 18.5305, 0.000188458, 0.00029394, 0.00247356, 4.40021e-07, 2.67848e-06, 0.00272996, 0.0109251, 3.99508, 5.66743, 13.0938, 0.000270479, 0.00219752, 4.85936e-05, 1.69068e-07, 3.71293e-07, 3.85833e-07, 1.77847e-05, 0.00278752, 6.02396, 7.52919, 0.00208417, 0.000412485, 7.63424e-06, 2.43056e-06, 2.84144e-06, 4.33964e-06, 5.10799e-06, 5.53397e-06, 1.24948e-05, 2.63791e-05, 0.00033744, 0.00256662, 0.00335503, 

6.60706e-08, 3.31906e-07, 4.6582e-05, 5.19182e-05, 0.000764542, 17.2616, 20.149, 1.4691e-08, 1.61026e-07, 7.36856e-08, 3.1863e-06, 0.000188458, 0.00029394, 0.80716, 4.40021e-07, 1.15463e-06, 0.000270479, 0.0109251, 3.99508, 5.66743, 1.97907e-06, 1.69068e-07, 2.16358e-07, 1.1289e-06, 1.77847e-05, 0.000412485, 3.97985, 6.02396, 2.43056e-06, 2.84144e-06, 3.42629e-06, 4.33964e-06, 5.10799e-06, 5.53397e-06, 1.24948e-05, 2.63791e-05, 3.85833e-07, 2.85673e-06, 

6.60706e-08, 1.61026e-07, 4.6582e-05, 5.19182e-05, 0.000764542, 17.2616, 3.52212, 1.4691e-08, 3.39073e-10, 3.1863e-06, 0.000188458, 0.00029394, 0.80716, 1.73793e-08, 4.40021e-07, 1.15463e-06, 1.97907e-06, 0.000270479, 3.99508, 5.66743, 0.00224476, 1.63436e-07, 1.69068e-07, 1.77847e-05, 0.000412485, 3.97985, 6.02396, 18.5013, 3.31906e-07, 2.43056e-06, 2.84144e-06, 3.42629e-06, 4.33964e-06, 5.10799e-06, 5.53397e-06, 1.24948e-05, 7.36856e-08, 3.85833e-07, 

6.60706e-08, 1.33981e-07, 4.6582e-05, 5.19182e-05, 3.52212, 17.2616, 28.7565, 3.39073e-10, 1.4691e-08, 1.73793e-08, 0.000188458, 0.00029394, 0.80716, 0.997215, 3.31906e-07, 1.15463e-06, 1.97907e-06, 0.000270479, 3.99508, 5.66743, 9.09184, 1.59142e-07, 1.63436e-07, 0.000412485, 3.97985, 6.02396, 18.5013, 2.86689e-06, 4.40021e-07, 2.43056e-06, 2.84144e-06, 3.42629e-06, 4.33964e-06, 4.50461e-06, 5.10799e-06, 5.53397e-06, 7.36856e-08, 3.85833e-07, 

6.60706e-08, 1.33981e-07, 4.6582e-05, 5.19182e-05, 17.2616, 28.7565, 1.60332e-05, 3.39073e-10, 1.4691e-08, 1.73793e-08, 0.000188458, 0.00029394, 0.80716, 0.997215, 9.46476e-09, 3.31906e-07, 1.97907e-06, 0.000270479, 3.99508, 5.66743, 4.02424, 1.59142e-07, 1.63436e-07, 2.86689e-06, 0.000412485, 6.02396, 12.0961, 16.6555, 4.40021e-07, 2.43056e-06, 2.84144e-06, 3.42629e-06, 4.33964e-06, 4.50461e-06, 5.10799e-06, 5.53397e-06, 2.87272e-11, 7.36856e-08, 

6.60706e-08, 1.33981e-07, 6.08705e-06, 4.6582e-05, 17.2616, 28.7565, 17.2876, 3.39073e-10, 1.4691e-08, 1.39018e-08, 0.000188458, 0.00029394, 0.997215, 9.19042, 9.46476e-09, 1.26843e-07, 1.97907e-06, 0.000270479, 0.38236, 4.02424, 10.1263, 1.57323e-07, 1.59142e-07, 0.000412485, 6.02396, 12.0961, 16.6555, 31.5146, 4.40021e-07, 2.43056e-06, 2.84144e-06, 3.42629e-06, 4.33964e-06, 4.50461e-06, 5.10799e-06, 5.53397e-06, 2.87272e-11, 7.36856e-08, 

6.60706e-08, 7.28893e-08, 6.08705e-06, 4.6582e-05, 10.5484, 17.2616, 28.7565, 3.39073e-10, 5.67385e-09, 1.39018e-08, 0.000188458, 0.00029394, 0.000565406, 0.997215, 9.46476e-09, 1.22644e-08, 1.97907e-06, 0.000270479, 1.76729, 4.02406, 2.9013, 1.56194e-07, 1.57323e-07, 0.000412485, 6.02396, 16.6555, 17.7485, 16.2016, 4.40021e-07, 2.43056e-06, 2.84144e-06, 3.42629e-06, 4.33964e-06, 4.50461e-06, 5.10799e-06, 5.53397e-06, 2.87272e-11, 7.36856e-08, 

6.60706e-08, 7.02577e-08, 6.08705e-06, 10.5484, 12.2749, 15.5643, 0.218819, 3.39073e-10, 5.67385e-09, 1.39018e-08, 0.00029394, 0.000565406, 0.997215, 0.00803302, 9.46476e-09, 1.22644e-08, 1.97907e-06, 0.000270479, 1.00269, 2.9013, 3.00114, 1.56194e-07, 1.57323e-07, 0.000412485, 6.02396, 16.2016, 16.6555, 21.4582, 4.40021e-07, 2.43056e-06, 2.84144e-06, 3.42629e-06, 4.33964e-06, 4.50461e-06, 5.10799e-06, 5.53397e-06, 2.87272e-11, 7.36856e-08, 

6.25092e-08, 6.60706e-08, 6.08705e-06, 0.218819, 12.2749, 15.5643, 1.2631e-06, 3.39073e-10, 5.67385e-09, 1.39018e-08, 0.000279928, 0.000565406, 0.997215, 38.0491, 9.46476e-09, 1.07747e-08, 1.97907e-06, 1.00269, 2.9013, 3.00114, 6.5455, 1.56194e-07, 1.56664e-07, 0.000412485, 6.02396, 14.6917, 16.6555, 5.63716e-05, 4.40021e-07, 2.43056e-06, 2.84144e-06, 3.42629e-06, 4.33964e-06, 4.50461e-06, 5.10799e-06, 5.53397e-06, 2.87272e-11, 7.36856e-08, 

6.25092e-08, 6.60706e-08, 1.2631e-06, 6.08705e-06, 12.2749, 15.5643, 20.5102, 3.39073e-10, 5.67385e-09, 1.39018e-08, 0.000279928, 0.997215, 15.3604, 19.1316, 9.46476e-09, 1.07747e-08, 1.97907e-06, 2.9013, 3.00114, 6.5455, 23.3236, 1.56194e-07, 1.56664e-07, 3.2407e-06, 0.000412485, 4.69131, 6.02396, 4.56865e-07, 4.40021e-07, 2.43056e-06, 2.84144e-06, 3.42629e-06, 4.33964e-06, 4.50461e-06, 5.10799e-06, 5.53397e-06, 2.87272e-11, 7.36856e-08, 

6.25092e-08, 6.60706e-08, 6.08705e-06, 6.93183, 9.46333, 11.3083, 4.38937, 3.39073e-10, 1.1409e-09, 1.39018e-08, 0.000279928, 0.997215, 1.09351, 15.3604, 9.46476e-09, 1.07747e-08, 2.9013, 3.00114, 6.5455, 19.9142, 24.3467, 1.56194e-07, 1.56664e-07, 4.56865e-07, 0.000412485, 4.69131, 6.02396, 18.686, 4.40021e-07, 2.43056e-06, 2.84144e-06, 3.42629e-06, 4.33964e-06, 4.50461e-06, 5.10799e-06, 5.53397e-06, 2.87272e-11, 7.36856e-08, 

6.25092e-08, 6.60706e-08, 6.08705e-06, 4.38937, 6.93183, 9.46333, 8.97357, 3.39073e-10, 1.1409e-09, 1.39018e-08, 0.000279928, 0.997215, 15.3604, 6.08865, 9.46476e-09, 1.07747e-08, 0.738267, 2.76345, 2.9013, 6.5455, 24.3467, 1.56194e-07, 1.56664e-07, 4.56865e-07, 0.000412485, 4.69131, 6.02396, 13.6109, 4.40021e-07, 2.43056e-06, 2.84144e-06, 3.42629e-06, 4.33964e-06, 4.50461e-06, 5.10799e-06, 5.53397e-06, 2.87272e-11, 7.36856e-08, 

6.11563e-08, 6.25092e-08, 6.08705e-06, 2.80806, 4.38937, 6.93183, 8.97357, 3.39073e-10, 1.1409e-09, 0.000279928, 0.997215, 6.08865, 15.3604, 9.22684, 9.46476e-09, 1.07747e-08, 2.76345, 2.9013, 6.5455, 15.4224, 26.0497, 1.56194e-07, 1.56664e-07, 0.000412485, 4.69131, 6.02396, 9.8123, 0.794977, 4.40021e-07, 2.43056e-06, 2.84144e-06, 3.42629e-06, 4.33964e-06, 4.50461e-06, 5.10799e-06, 5.53397e-06, 2.87272e-11, 7.36856e-08, 

6.11563e-08, 6.25092e-08, 2.75947e-06, 6.08705e-06, 1.71561, 6.93183, 10.8016, 3.39073e-10, 1.1409e-09, 0.000279928, 0.996696, 5.06191, 9.22684, 15.3604, 9.46476e-09, 1.04159e-08, 2.9013, 6.5455, 13.5272, 15.4224, 9.06141, 1.56194e-07, 1.56427e-07, 0.155451, 0.794977, 4.69131, 9.8123, 7.09558, 4.40021e-07, 2.43056e-06, 2.84144e-06, 3.42629e-06, 4.33964e-06, 4.50461e-06, 5.10799e-06, 5.53397e-06, 2.87272e-11, 7.36856e-08, 

6.11563e-08, 6.25092e-08, 7.71371e-07, 6.08705e-06, 1.71561, 10.8016, 18.8337, 3.39073e-10, 1.1409e-09, 0.000279928, 5.06191, 9.22684, 13.8685, 19.2872, 8.68515e-09, 9.46476e-09, 6.5455, 9.06141, 13.5272, 15.4224, 6.47214, 1.56194e-07, 1.56427e-07, 0.155451, 4.69131, 6.29634, 9.8123, 16.5613, 4.40021e-07, 2.43056e-06, 2.84144e-06, 3.42629e-06, 4.33964e-06, 4.50461e-06, 5.10799e-06, 5.53397e-06, 2.87272e-11, 7.36856e-08, 

6.11563e-08, 6.25092e-08, 6.08705e-06, 1.71561, 10.8016, 18.8337, 16.9656, 3.39073e-10, 1.1409e-09, 2.2933, 4.49236, 5.06191, 9.22684, 4.92192, 8.27485e-09, 8.68515e-09, 0.0470574, 1.04999, 5.4764, 6.5455, 9.06141, 1.56194e-07, 1.56427e-07, 0.155451, 0.301786, 1.01735, 1.59495, 7.71086, 4.40021e-07, 2.43056e-06, 2.84144e-06, 3.42629e-06, 4.33964e-06, 4.50461e-06, 5.10799e-06, 5.53397e-06, 2.87272e-11, 7.36856e-08, 

6.11563e-08, 6.25092e-08, 6.08705e-06, 1.71561, 10.8016, 18.8337, 20.0022, 3.39073e-10, 1.1409e-09, 1.08038, 2.2933, 4.49236, 5.06191, 9.22684, 8.27485e-09, 8.68515e-09, 0.0470574, 1.04999, 5.4764, 6.5455, 9.06141, 1.56194e-07, 1.56427e-07, 0.155451, 0.301786, 1.01735, 1.59495, 17.787, 4.40021e-07, 2.43056e-06, 2.84144e-06, 3.42629e-06, 4.33964e-06, 4.50461e-06, 5.10799e-06, 5.53397e-06, 2.87272e-11, 7.36856e-08, 

6.11563e-08, 6.25092e-08, 6.08705e-06, 5.97909, 10.8016, 20.0022, 2.09949, 3.39073e-10, 1.1409e-09, 1.08038, 2.2933, 4.49236, 4.7265, 5.06191, 8.2047e-09, 8.27485e-09, 1.04999, 5.4764, 6.5455, 9.06141, 5.78192, 1.56194e-07, 1.56427e-07, 0.155451, 0.301786, 1.01735, 1.59495, 22.2136, 4.40021e-07, 2.43056e-06, 2.84144e-06, 3.42629e-06, 4.33964e-06, 4.50461e-06, 5.10799e-06, 5.53397e-06, 2.87272e-11, 7.36856e-08, 

6.11563e-08, 6.22374e-08, 6.08705e-06, 2.09949, 5.97909, 10.8016, 46.8515, 3.39073e-10, 1.1409e-09, 1.08038, 2.2933, 4.16079, 4.49236, 20.1862, 8.2047e-09, 8.27485e-09, 5.4764, 5.78192, 6.5455, 9.06141, 29.6276, 1.56194e-07, 1.56364e-07, 0.0683181, 0.155451, 1.59495, 22.2136, 25.7439, 4.40021e-07, 2.43056e-06, 2.84144e-06, 3.42629e-06, 4.33964e-06, 4.50461e-06, 5.10799e-06, 5.53397e-06, 2.87272e-11, 7.36856e-08, 

6.11563e-08, 6.12017e-08, 6.08705e-06, 2.09949, 5.97909, 10.1556, 12.8305, 3.39073e-10, 1.1409e-09, 1.08038, 2.2933, 2.76314, 4.49236, 4.94916, 8.2047e-09, 8.27485e-09, 1.00344, 4.49012, 5.4764, 29.6276, 0.237096, 1.56194e-07, 1.56275e-07, 0.0683181, 1.59495, 22.2136, 25.7439, 20.1917, 4.40021e-07, 2.43056e-06, 2.84144e-06, 3.42629e-06, 4.33964e-06, 4.50461e-06, 5.10799e-06, 5.53397e-06, 2.87272e-11, 7.36856e-08, 

6.11563e-08, 6.12017e-08, 6.08705e-06, 2.09949, 10.1556, 12.8305, 15.8566, 3.39073e-10, 1.1409e-09, 1.08038, 2.2933, 2.76314, 4.49236, 4.94916, 8.15195e-09, 8.2047e-09, 0.078728, 1.00344, 4.49012, 5.4764, 0.0146689, 1.56138e-07, 1.56194e-07, 0.00257326, 1.59495, 22.2136, 25.7439, 0.00102155, 4.40021e-07, 2.43056e-06, 2.84144e-06, 3.42629e-06, 4.33964e-06, 4.50461e-06, 5.10799e-06, 5.53397e-06, 2.87272e-11, 7.36856e-08, 

Best:
(-3.8052e-07, )

Fitness Evaluations:
2919

End Population
(1.755733e-05), (1.756385e-05), (-1.751626e-04), (1.070099e+00), (2.514704e-01), (2.942379e-01), (-6.587837e-01), (-1.307329e-06), (-2.398074e-06), (7.446897e-02), (-1.096602e-01), (8.987742e-01), (-1.131263e+00), (1.919029e+00), (6.410156e-06), (6.430861e-06), (-1.993356e-02), (7.172091e-02), (-1.566571e-01), (2.077442e+00), (-8.599805e-03), (2.805381e-05), (2.805884e-05), (3.601545e-03), (9.395726e-01), (-1.492028e+00), (-2.565644e+00), (2.269188e-03), (4.709498e-05), (-1.106856e-04), (1.196760e-04), (-1.314164e-04), (-1.478989e-04), (-1.506838e-04), (-1.604586e-04), (-1.670153e-04), (-3.805205e-07), (-1.927210e-05), 