Iterations: 50
Function Evaluations Limit: 150000
Population: 50

Prides Length: 4

Percent Nomads: 0.2
Percent Roaming: 0.2
Percent Sex: 0.8

Mating Rate: 0.3
Mutation Probability: 0.2
Immigration Rate: 0.4

Percent Group Influence: 0.4
Annealing On: true
Ranked Selection Pressure: 2
Near To Best Random Pressure: 2

Dimensions: 1
N-Dimension Space: -6.28319:6.28319

Fitness Iterations:
0.688478 (Initial Best)

5.23836, 4.93625, 32.1613, 39.6791, 36.9316, 37.0629, 22.2956, 12.2389, 5.17358, 38.3562, 43.9669, 1.91747, 26.1119, 13.4104, 44.3233, 18.1533, 13.7642, 36.803, 4.87998, 15.4562, 37.2859, 26.7653, 33.6713, 6.84722, 36.5221, 26.1429, 3.05791, 50.316, 31.1953, 37.4166, 19.2267, 16.3696, 32.7366, 36.0868, 4.2313, 25.9358, 41.8318, 11.4213, 23.4382, 37.5675, 22.1321, 25.9768, 3.59766, 18.4804, 0.688478, 5.82476, 22.4438, 24.029, 25.1372, 36.4554, 

0.688478, 3.59766, 5.24155, 10.5039, 13.0548, 39.6791, 21.1732, 16.7686, 7.31407, 4.2313, 0.183936, 0.900835, 1.08968, 13.7642, 15.1687, 25.166, 13.4714, 2.16137, 18.1533, 4.52725, 1.91747, 4.43873, 3.05791, 3.98097, 15.3523, 33.6713, 50.316, 1.8379, 11.0138, 5.17358, 5.23836, 13.3463, 32.7366, 36.0868, 37.5675, 18.0153, 26.1807, 15.4562, 0.026066, 11.4213, 1.83211, 4.93625, 3.78362, 16.3696, 5.82476, 8.20363, 8.25837, 18.4804, 19.4203, 19.9166, 

0.688478, 1.83211, 3.61803, 4.2313, 5.24155, 17.4464, 3.76725, 3.92191, 5.98525, 2.16137, 0.183936, 0.874968, 1.08968, 4.52725, 11.7927, 13.7642, 16.5196, 5.17358, 10.5039, 7.69143, 0.00507154, 3.78362, 1.8379, 3.05791, 10.1433, 11.0138, 50.316, 3.98097, 0.938929, 10.406, 3.74963, 5.82476, 9.10372, 14.2965, 15.4562, 20.2073, 22.2493, 0.026066, 2.52035, 6.21417, 0.754379, 3.59766, 5.23836, 4.43873, 4.93625, 5.16809, 6.91396, 8.20363, 12.0075, 12.4325, 

0.688478, 0.754379, 2.16137, 3.92191, 5.24155, 5.98525, 25.599, 1.08968, 4.64784, 0.938929, 0.183936, 0.874968, 0.108622, 4.52725, 8.95404, 16.5196, 4.22725, 7.69143, 3.76725, 2.52035, 0.00507154, 3.03484, 1.8379, 3.85963, 4.16457, 10.7928, 30.1213, 0.026066, 4.2313, 3.98097, 3.59766, 4.93625, 3.4779, 4.23779, 6.21417, 14.2965, 1.04205, 3.61803, 3.05791, 4.03067, 1.83211, 1.29757, 3.78362, 3.74963, 4.43873, 5.82476, 5.16809, 5.23836, 8.95556, 9.10372, 

0.169187, 0.104164, 1.08968, 2.16137, 4.64784, 5.24155, 5.98525, 1.60887, 0.477018, 0.4473, 0.183936, 0.335531, 0.108622, 2.52035, 4.52725, 8.95404, 16.5196, 1.04205, 0.026066, 1.8379, 0.00507154, 0.754379, 0.378181, 3.98097, 6.36684, 19.8581, 2.85866, 0.994969, 0.0583759, 3.05791, 3.59766, 3.78362, 3.4779, 4.23779, 5.70936, 14.2965, 1.17848, 3.76725, 3.61803, 0.938929, 0.079503, 2.34154, 1.29757, 1.83211, 3.03484, 3.74963, 4.93625, 4.43873, 3.92191, 4.03067, 

0.104164, 0.169187, 1.08968, 2.16137, 4.64784, 20.1398, 22.064, 2.85866, 0.108622, 1.72047, 0.00811292, 0.0302634, 0.026066, 0.0652913, 1.04205, 8.95404, 8.42802, 0.4473, 4.03067, 2.52035, 0.00507154, 0.607086, 0.0583759, 0.378181, 3.05791, 3.98097, 47.5385, 0.0124349, 0.994969, 3.92191, 1.29757, 1.83211, 0.938929, 1.17848, 3.76725, 5.70936, 13.4821, 3.4779, 1.60887, 3.61803, 0.079503, 1.05454, 1.73406, 1.46204, 2.61562, 2.34154, 3.03484, 3.58033, 4.23779, 4.52725, 

0.0295849, 0.0946256, 0.149063, 1.08968, 2.85866, 21.5905, 0.0709422, 0.026066, 1.1025, 3.4779, 0.00811292, 0.0302634, 0.0652913, 1.04205, 1.62024, 0.0391266, 14.1, 3.41293, 0.378181, 0.108622, 0.00507154, 0.524234, 0.0583759, 0.994969, 3.05791, 3.92191, 2.20341, 2.52035, 3.76725, 2.16137, 0.0475764, 1.05454, 1.17848, 1.60887, 3.61803, 5.70936, 13.7148, 0.938929, 0.4473, 0.0124349, 1.29757, 0.079503, 0.104164, 1.83211, 1.46204, 1.73406, 2.19354, 2.34154, 3.98097, 4.03067, 

0.00177167, 0.0295849, 0.026066, 0.0709422, 1.1025, 2.85866, 1.31253, 0.517772, 0.0652913, 2.13418, 0.00046187, 0.0302634, 0.0391266, 0.378181, 3.41293, 14.1, 17.0065, 1.04205, 0.938929, 0.0583759, 0.00507154, 0.524234, 0.994969, 2.16137, 2.52035, 3.76725, 3.92191, 0.0330157, 3.05791, 0.149063, 0.0475764, 0.104164, 0.0124349, 0.4473, 1.17848, 1.60887, 5.70936, 0.108622, 1.62024, 1.08968, 0.00507679, 0.079503, 1.05454, 0.115945, 1.10747, 1.46204, 1.73406, 2.34154, 3.4779, 3.98097, 

0.00177167, 0.0047842, 0.026066, 1.00409, 1.1025, 2.13418, 0.458596, 0.517772, 2.16137, 0.0652913, 0.00046187, 0.00507679, 0.0583759, 0.378181, 0.938929, 4.03839, 6.89455, 0.0709422, 1.60887, 0.189419, 0.00507154, 0.184287, 0.0330157, 0.149063, 0.994969, 2.52035, 22.2582, 0.257355, 0.293231, 2.85866, 0.0475764, 0.104164, 0.0124349, 0.108622, 0.4473, 0.995806, 1.17848, 1.04205, 0.0391266, 3.05791, 0.0302634, 0.079503, 0.115945, 0.524234, 1.05454, 1.10747, 1.46204, 1.49432, 3.41293, 3.4779, 

0.000379345, 0.00177167, 0.026066, 0.0652913, 0.517772, 2.13418, 19.5478, 0.995806, 0.00941852, 0.458596, 0.00046187, 0.00507679, 0.0583759, 0.378181, 1.60887, 4.03839, 6.89455, 0.4473, 0.0330157, 0.0709422, 0.00316069, 0.00249259, 0.149063, 0.257355, 0.994969, 2.52035, 0.000346947, 0.0124349, 0.000140603, 0.189419, 0.0167415, 0.00107383, 0.0391266, 0.108622, 1.04205, 1.17848, 3.05791, 0.00370293, 0.938929, 0.00546262, 0.0151695, 0.0475764, 0.0302634, 0.079503, 0.104164, 0.115945, 0.524234, 1.05454, 1.00409, 1.07012, 

0.000379345, 0.00177167, 0.00941852, 0.026066, 0.995806, 19.5478, 8.33333, 0.00766537, 0.0652913, 0.000346947, 0.00046187, 0.00507679, 0.0330157, 0.0709422, 0.4473, 1.60887, 5.0236, 0.0124349, 0.938929, 0.517772, 3.48367e-06, 0.00119165, 0.000140603, 0.189419, 0.257355, 2.52035, 0.0199017, 0.0391266, 0.0426673, 0.0583759, 0.00107383, 0.0151695, 0.00546262, 0.108622, 1.04205, 3.05791, 2.13405, 0.00370293, 0.149063, 0.378181, 0.00528524, 0.0167415, 0.0204727, 0.0302634, 0.0475764, 0.0878888, 0.104164, 0.115945, 0.994969, 1.00409, 

0.000379345, 0.000402383, 0.000346947, 0.0652913, 0.995806, 19.7296, 16.1836, 0.000140603, 0.00766537, 0.257355, 0.00046187, 0.00507679, 0.0124349, 0.4473, 0.626642, 1.60887, 16.4939, 3.57492e-07, 0.0539239, 0.0709422, 3.48367e-06, 0.000772472, 0.0199017, 0.0391266, 0.0426673, 0.0583759, 1.13338, 0.061694, 0.149063, 0.00941852, 0.00107383, 0.0151695, 0.00370293, 0.00546262, 0.108622, 0.378181, 1.04205, 0.0330157, 0.517772, 0.026066, 0.00528524, 0.0167415, 0.0204727, 0.0302634, 0.0475764, 0.0878888, 0.0933357, 0.104164, 0.938929, 1.00409, 

4.71193e-05, 0.000402383, 0.000140603, 0.00766537, 19.1693, 17.5902, 14.144, 0.00340025, 0.026066, 0.0124349, 0.00046187, 0.00507679, 3.57492e-07, 0.0709422, 0.4473, 0.626642, 4.01303, 0.0426673, 0.0199017, 0.0539239, 3.48367e-06, 0.000424043, 0.0391266, 0.0583759, 0.061694, 1.13338, 5.76675, 0.000346947, 0.0330157, 0.257355, 0.00107383, 0.00537248, 0.00370293, 0.00546262, 0.0384268, 0.108622, 4.97911, 0.149063, 0.00941852, 0.0652913, 0.00528524, 0.0151695, 0.0167415, 0.0204727, 0.0302634, 0.0475764, 0.0878888, 0.0933357, 0.517772, 0.938929, 

4.71193e-05, 0.000402383, 0.00340025, 0.026066, 14.144, 17.5902, 1.04387, 0.0539239, 0.000140603, 0.0330157, 0.000342872, 0.00507679, 3.57492e-07, 0.0199017, 0.0426673, 0.0709422, 0.651354, 0.0583759, 0.0124349, 0.0652913, 3.48367e-06, 0.000423899, 0.000346947, 1.13338, 5.76675, 9.22906, 20.1487, 0.108622, 0.00941852, 0.0741565, 0.00107383, 0.00534983, 0.00370293, 0.00546262, 0.0384268, 12.6943, 0.00536535, 0.0391266, 0.061694, 0.00766537, 0.00528524, 0.00537248, 0.0151695, 0.0167415, 0.0204727, 0.0302634, 0.0475764, 0.0685156, 0.149063, 0.257355, 

2.67913e-07, 4.71193e-05, 0.026066, 0.0330157, 14.144, 2.51546, 24.6484, 0.0709422, 0.0583759, 0.00941852, 0.000342872, 0.00507679, 3.57492e-07, 0.0124349, 0.0426673, 0.0652913, 20.1359, 0.0391266, 0.0199017, 0.061694, 3.48367e-06, 0.000313742, 0.000346947, 0.108622, 1.13338, 1.82458, 0.469058, 0.0741565, 0.00340025, 0.00766537, 0.000918138, 0.00363801, 0.000738469, 0.00370293, 0.00546262, 0.0384268, 14.0382, 0.149063, 0.0539239, 0.000140603, 0.00528524, 0.00537248, 0.0151695, 0.0167415, 0.0204727, 0.0302634, 0.0475764, 0.0685156, 0.257355, 

2.67913e-07, 4.71193e-05, 0.0330157, 0.0583759, 0.0709422, 2.51546, 9.21418, 0.000285438, 0.00507679, 3.57492e-07, 0.0124349, 0.0199017, 0.061694, 7.20472, 3.48367e-06, 0.00021006, 0.000346947, 0.00340025, 0.0741565, 1.13338, 0.000263253, 0.000779898, 0.000918138, 0.000738469, 0.0384268, 0.0539239, 14.0382, 19.1373, 0.000342872, 0.00528524, 0.00537248, 0.0151695, 0.0167415, 0.019072, 0.0204727, 0.0302634, 0.000140603, 0.000227151, 

2.67913e-07, 3.51137e-07, 0.0330157, 0.0583759, 0.0709422, 2.51546, 9.00265, 0.000285438, 0.00178942, 3.57492e-07, 0.0199017, 0.061694, 7.20472, 20.7488, 3.48367e-06, 0.00021006, 0.000263253, 0.000346947, 0.0741565, 1.13338, 2.30351e-06, 8.31533e-06, 9.96562e-05, 0.000738469, 0.0384268, 0.0539239, 19.1373, 0.000204733, 0.000342872, 0.000748849, 0.00507679, 0.00528524, 0.00537248, 0.0151695, 0.0167415, 0.019072, 0.000140603, 0.000227151, 

2.67913e-07, 3.51137e-07, 0.0330157, 0.0583759, 0.0709422, 9.00265, 0.0155234, 0.000121087, 0.000660976, 3.57492e-07, 0.0199017, 0.061694, 7.20472, 15.6095, 3.48367e-06, 4.32351e-05, 2.30351e-06, 0.000263253, 0.000346947, 1.13338, 10.0547, 8.31533e-06, 9.96562e-05, 0.000738469, 0.0384268, 0.0539239, 18.8429, 1.6424, 0.000285438, 0.000342872, 0.00178942, 0.00507679, 0.00537248, 0.0109359, 0.0135753, 0.0167415, 0.000140603, 0.000204733, 

2.67913e-07, 3.51137e-07, 0.0155234, 0.0330157, 0.0709422, 9.00265, 0.106537, 0.00010812, 0.000121087, 3.57492e-07, 0.0199017, 0.061694, 14.0815, 22.2267, 3.48367e-06, 4.3228e-05, 2.30351e-06, 0.000263253, 1.13338, 10.0547, 9.18928, 8.31533e-06, 9.96562e-05, 0.000738469, 0.0384268, 0.0539239, 0.159052, 4.01354, 0.000285438, 0.000342872, 0.00178942, 0.00507679, 0.00537248, 0.0109359, 0.0135753, 0.0167415, 0.000140603, 0.000204733, 

2.67913e-07, 3.51137e-07, 0.0155234, 0.0330157, 0.0709422, 0.106537, 0.00123797, 2.6877e-05, 7.42003e-05, 3.57492e-07, 0.0199017, 10.9455, 14.0815, 1.00597, 3.48367e-06, 4.3228e-05, 2.30351e-06, 0.000263253, 1.13338, 9.18928, 1.97381, 8.31533e-06, 1.13868e-05, 0.0384268, 0.0539239, 0.159052, 1.59546, 6.31121, 0.000285438, 0.000342872, 0.00178942, 0.00507679, 0.00537248, 0.00808837, 0.0109359, 0.0135753, 0.000140603, 0.000204733, 

2.67913e-07, 3.51137e-07, 0.00123797, 0.0155234, 0.0330157, 0.0709422, 22.1263, 2.6877e-05, 7.42003e-05, 0.0199017, 0.0236955, 3.98002, 10.9455, 46.44, 2.29643e-07, 3.48367e-06, 2.30351e-06, 0.000263253, 1.97381, 9.18928, 21.3485, 2.07687e-06, 8.31533e-06, 0.0384268, 0.0539239, 1.59546, 4.28411, 12.9178, 0.000285438, 0.000342872, 0.00178942, 0.00507679, 0.00537248, 0.00808837, 0.0109359, 0.0135753, 3.57492e-07, 0.000140603, 

1.71629e-07, 2.67913e-07, 0.00123797, 0.0155234, 0.0709422, 10.6778, 2.69755, 2.6877e-05, 7.42003e-05, 0.0236955, 3.79503, 3.98002, 19.627, 13.2259, 2.29643e-07, 3.48367e-06, 2.30351e-06, 0.000263253, 1.97381, 9.18928, 24.8196, 2.07687e-06, 8.31533e-06, 0.0384268, 0.0539239, 0.0871506, 4.28411, 9.15899, 0.000285438, 0.000342872, 0.00178942, 0.00507679, 0.00537248, 0.00808837, 0.0109359, 0.0135753, 3.57492e-07, 0.000140603, 

1.47131e-08, 1.71629e-07, 0.0155234, 0.0709422, 2.69755, 10.6778, 5.52257, 2.6877e-05, 7.42003e-05, 0.0236955, 3.79503, 3.98002, 19.627, 25.9925, 2.29643e-07, 3.48367e-06, 0.000263253, 1.97381, 9.18928, 20.1891, 5.63037e-06, 2.07687e-06, 8.31533e-06, 0.0384268, 0.0871506, 4.28411, 9.15899, 16.9331, 0.000285438, 0.000342872, 0.00178942, 0.00507679, 0.00537248, 0.00808837, 0.0109359, 0.0135753, 3.57492e-07, 0.000140603, 

1.47131e-08, 1.71629e-07, 0.0155234, 0.0709422, 2.69755, 5.52257, 10.6778, 8.73398e-06, 2.6877e-05, 0.0236955, 3.79503, 3.98002, 19.627, 3.97985, 2.29643e-07, 3.48367e-06, 2.27113e-06, 0.000263253, 9.18928, 20.1891, 18.7842, 2.07687e-06, 8.31533e-06, 0.0384268, 0.0871506, 4.28411, 9.15899, 0.0164138, 0.000285438, 0.000342872, 0.00178942, 0.00507679, 0.00537248, 0.00808837, 0.0109359, 0.0135753, 3.57492e-07, 0.000140603, 

2.05238e-09, 1.47131e-08, 0.0155234, 0.0709422, 2.69755, 5.52257, 20.1128, 8.73398e-06, 2.6877e-05, 0.0236955, 3.79503, 3.98002, 19.627, 7.55863, 1.9681e-07, 4.29327e-07, 2.27113e-06, 0.000263253, 17.8184, 20.1891, 0.27167, 2.07687e-06, 8.31533e-06, 0.0384268, 0.0871506, 4.28411, 9.15899, 20.1943, 0.000285438, 0.000342872, 0.000414786, 0.00178942, 0.00507679, 0.00537248, 0.00808837, 0.0135753, 3.57492e-07, 0.000140603, 

2.05238e-09, 1.47131e-08, 0.0155234, 0.0453499, 2.69755, 5.52257, 20.1128, 8.73398e-06, 2.6877e-05, 0.0236955, 3.79503, 3.98002, 7.55863, 22.0139, 1.9681e-07, 4.29327e-07, 2.27113e-06, 0.000263253, 0.00731619, 20.1891, 36.009, 2.07687e-06, 8.31533e-06, 0.0384268, 0.0871506, 9.15899, 20.1943, 1.06236, 0.000285438, 0.000342872, 0.000414786, 0.00178942, 0.00507679, 0.00537248, 0.00808837, 0.0135753, 3.57492e-07, 0.000140603, 

2.05238e-09, 1.47131e-08, 0.0155234, 0.488909, 5.52257, 20.1128, 4.10892, 8.73398e-06, 2.6877e-05, 0.0019223, 0.997066, 3.98002, 22.0139, 16.7182, 1.9681e-07, 4.29327e-07, 2.27113e-06, 0.000263253, 20.1891, 25.0893, 25.7162, 2.07687e-06, 8.31533e-06, 0.0384268, 0.0871506, 1.06236, 9.15899, 20.1943, 0.000285438, 0.000342872, 0.000414786, 0.00178942, 0.00507679, 0.00537248, 0.00808837, 0.0135753, 3.57492e-07, 0.000140603, 

2.05238e-09, 1.47131e-08, 0.0155234, 0.488909, 5.52257, 20.0314, 0.00407496, 1.03727e-06, 8.42047e-06, 0.0019223, 0.997066, 1.29464, 3.98002, 13.3687, 8.29694e-08, 1.9681e-07, 2.27113e-06, 0.000263253, 15.9399, 25.0893, 25.7162, 2.07687e-06, 8.31533e-06, 0.0384268, 0.0871506, 1.05861, 20.1943, 0.202487, 0.000285438, 0.000342872, 0.000414786, 0.00178942, 0.00507679, 0.00537248, 0.00808837, 0.0135753, 3.57492e-07, 0.000140603, 

2.05238e-09, 1.47131e-08, 0.0155234, 0.488909, 1.14335, 5.52257, 0.00913942, 1.03727e-06, 5.69568e-06, 0.0019223, 0.997066, 3.98002, 13.3687, 1.51342, 8.29694e-08, 1.9681e-07, 0.000263253, 5.27704, 9.81995, 25.0893, 11.3157, 2.07687e-06, 8.31533e-06, 0.0384268, 0.0871506, 0.202487, 1.05861, 12.2011, 0.000285438, 0.000342872, 0.000414786, 0.00178942, 0.00507679, 0.00537248, 0.00808837, 0.0135753, 3.57492e-07, 0.000140603, 

2.05238e-09, 1.47131e-08, 0.00913942, 0.0155234, 0.455779, 1.14335, 1.18984, 3.68145e-07, 1.03727e-06, 0.0019223, 0.997066, 3.98002, 13.3687, 6.71474, 8.29694e-08, 1.9681e-07, 0.000263253, 5.27704, 11.3157, 18.2215, 12.8238, 2.07687e-06, 2.87934e-06, 0.0384268, 0.202487, 1.05861, 5.40996, 16.939, 0.000285438, 0.000342872, 0.000414786, 0.00178942, 0.00507679, 0.00537248, 0.00808837, 0.0135753, 3.57492e-07, 0.000140603, 

2.05238e-09, 1.47131e-08, 0.00913942, 0.0155234, 0.175911, 0.455779, 1.01602, 3.61056e-07, 3.68145e-07, 0.0019223, 0.997066, 6.71474, 7.21059, 2.08449, 8.29694e-08, 1.9681e-07, 1.25854, 5.27704, 5.84142, 18.2215, 0.364938, 2.07687e-06, 2.87934e-06, 0.0384268, 1.05861, 1.19541, 5.40996, 4.27976, 0.000285438, 0.000342872, 0.000414786, 0.00178942, 0.00507679, 0.00537248, 0.00808837, 0.0135753, 3.57492e-07, 0.000140603, 

2.05238e-09, 1.47131e-08, 0.0031671, 0.0155234, 0.175911, 0.455779, 0.00111985, 3.61056e-07, 3.68145e-07, 0.0019223, 0.939248, 0.997066, 7.21059, 0.250785, 8.29694e-08, 1.9681e-07, 0.000126236, 0.364938, 4.06891, 18.2215, 2.643e-05, 2.07687e-06, 2.87934e-06, 0.0384268, 1.05861, 1.19541, 4.27976, 9.06583, 0.000285438, 0.000342872, 0.000414786, 0.00178942, 0.00507679, 0.00537248, 0.00808837, 0.0135753, 3.57492e-07, 0.000140603, 

2.05238e-09, 1.47131e-08, 0.00111985, 0.0031671, 0.0155234, 0.175911, 9.82287, 3.61056e-07, 3.68145e-07, 0.250785, 0.939248, 0.997066, 7.21059, 3.7714, 8.29694e-08, 1.9681e-07, 2.643e-05, 0.000126236, 0.364938, 4.06891, 9.81851, 2.07687e-06, 2.87934e-06, 0.0384268, 1.01506, 1.05861, 4.27976, 9.06583, 0.000285438, 0.000342872, 0.000414786, 0.00178942, 0.00507679, 0.00537248, 0.00808837, 0.0135753, 3.57492e-07, 0.000140603, 

1.16957e-10, 2.05238e-09, 0.00111985, 0.0031671, 0.0155234, 0.175911, 6.55221, 3.56547e-07, 3.61056e-07, 0.250785, 0.939248, 0.997066, 6.02772, 9.11381, 2.8169e-08, 8.29694e-08, 0.000126236, 0.364938, 1.18532, 4.06891, 1.01069, 2.07687e-06, 2.87934e-06, 0.0384268, 1.01506, 1.05861, 9.06583, 19.657, 0.000285438, 0.000342872, 0.000414786, 0.00178942, 0.00507679, 0.00537248, 0.00808837, 0.0135753, 3.57492e-07, 0.000140603, 

1.16957e-10, 1.30791e-10, 0.00111985, 0.0031671, 0.175911, 6.55221, 31.3251, 3.56547e-07, 3.61056e-07, 0.250785, 0.939248, 0.997066, 9.11381, 2.70811, 2.8169e-08, 5.36429e-08, 0.000126236, 0.364938, 1.18532, 4.06891, 11.0028, 2.07687e-06, 2.87934e-06, 0.0384268, 1.01506, 1.05861, 5.885, 19.657, 1.20852e-05, 0.000285438, 0.000342872, 0.000414786, 0.00178942, 0.00507679, 0.00808837, 0.0135753, 3.57492e-07, 0.000140603, 

3.56142e-11, 1.30791e-10, 0.0031671, 0.175911, 1.9987, 6.55221, 9.42417, 3.52626e-07, 3.56547e-07, 0.250785, 0.939248, 0.997066, 2.70811, 9.11381, 2.8169e-08, 5.36429e-08, 0.000126236, 0.364938, 1.18532, 4.06891, 3.13256, 2.07687e-06, 2.87934e-06, 1.01506, 1.05861, 5.885, 19.657, 18.6272, 1.20852e-05, 0.000285438, 0.000342872, 0.000414786, 0.00178942, 0.00507679, 0.00808837, 0.0135753, 3.57492e-07, 0.000140603, 

3.56142e-11, 1.30791e-10, 0.0031671, 0.175911, 1.71377, 6.55221, 7.27113, 3.52626e-07, 3.56547e-07, 0.939248, 0.997066, 2.70811, 9.11381, 22.4271, 2.8169e-08, 5.36429e-08, 0.000126236, 0.364938, 3.13256, 4.06891, 14.2747, 2.07687e-06, 2.87934e-06, 1.01506, 1.05861, 18.6272, 19.657, 11.7928, 1.20852e-05, 0.000285438, 0.000342872, 0.000414786, 0.00178942, 0.00507679, 0.00808837, 0.0135753, 3.57492e-07, 0.000140603, 

3.56142e-11, 1.30791e-10, 5.7782e-05, 0.175911, 6.55221, 7.27113, 1.75328e-05, 3.52626e-07, 3.56547e-07, 0.00863646, 1.65915, 2.70811, 22.4271, 0.00177474, 2.8169e-08, 5.36429e-08, 0.000126236, 0.364938, 3.13256, 4.06891, 14.2747, 2.07687e-06, 2.87934e-06, 1.01506, 1.05861, 5.83065, 11.7928, 31.0152, 1.20852e-05, 0.000285438, 0.000342872, 0.000414786, 0.00178942, 0.00507679, 0.00808837, 0.0135753, 3.57492e-07, 0.000140603, 

3.56142e-11, 1.30791e-10, 1.75328e-05, 5.7782e-05, 6.55221, 7.27113, 7.47612e-06, 3.49146e-07, 3.52626e-07, 0.00177474, 0.00863646, 1.65915, 2.70811, 18.7856, 2.8169e-08, 4.30091e-08, 2.56048e-08, 3.13256, 4.06891, 14.2747, 21.0289, 2.07687e-06, 2.87934e-06, 1.01506, 5.83065, 11.7928, 31.0152, 35.9143, 1.20852e-05, 0.000285438, 0.000342872, 0.000414786, 0.00178942, 0.00507679, 0.00808837, 0.0135753, 3.57492e-07, 0.000140603, 

3.56142e-11, 1.30791e-10, 7.47612e-06, 1.75328e-05, 5.7782e-05, 6.55221, 7.27113, 3.49146e-07, 3.52626e-07, 0.00177474, 0.00863646, 0.420856, 1.65915, 24.0084, 2.44496e-08, 4.30091e-08, 2.56048e-08, 3.13256, 4.06891, 6.20999, 34.9638, 2.07687e-06, 2.78995e-06, 1.01506, 5.83065, 11.7928, 15.7959, 31.0152, 1.20852e-05, 0.000285438, 0.000342872, 0.000414786, 0.00178942, 0.00507679, 0.00808837, 0.0135753, 3.57492e-07, 0.000140603, 

3.56142e-11, 1.30791e-10, 7.47612e-06, 1.75328e-05, 5.7782e-05, 6.55221, 7.27113, 3.49146e-07, 3.52626e-07, 0.00177474, 0.00863646, 1.65915, 24.0084, 26.8403, 2.44496e-08, 4.30091e-08, 2.56048e-08, 3.13256, 4.06891, 6.20999, 10.5786, 2.07687e-06, 2.78995e-06, 0.995583, 1.01506, 5.83065, 31.0152, 5.08076, 1.20852e-05, 0.000285438, 0.000342872, 0.000414786, 0.00178942, 0.00507679, 0.00808837, 0.0135753, 3.57492e-07, 0.000140603, 

1.25411e-12, 3.56142e-11, 1.75328e-05, 5.7782e-05, 2.23779, 7.27113, 4.20999, 3.49146e-07, 3.5024e-07, 0.00177474, 0.00863646, 24.0084, 26.8403, 25.7823, 2.03236e-08, 2.44496e-08, 2.56048e-08, 3.13256, 6.20999, 10.5786, 8.17061, 2.07687e-06, 2.78995e-06, 1.01506, 5.08076, 5.83065, 26.7135, 25.5413, 1.20852e-05, 0.000285438, 0.000342872, 0.000414786, 0.00178942, 0.00507679, 0.00808837, 0.0135753, 3.57492e-07, 0.000140603, 

1.25411e-12, 3.39391e-11, 1.75328e-05, 5.7782e-05, 0.245313, 2.23779, 18.9989, 3.49146e-07, 3.5024e-07, 0.00177474, 0.00863646, 24.0084, 26.8403, 21.9464, 2.03236e-08, 2.4027e-08, 2.56048e-08, 3.13256, 5.31828, 8.17061, 16.0493, 2.07687e-06, 2.78995e-06, 1.01506, 5.08076, 11.5452, 26.7135, 13.3367, 1.20852e-05, 0.000285438, 0.000342872, 0.000414786, 0.00178942, 0.00507679, 0.00808837, 0.0135753, 3.57492e-07, 0.000140603, 

1.25411e-12, 1.24967e-11, 1.76274e-05, 0.245313, 2.23779, 18.9989, 19.7193, 3.49146e-07, 3.5024e-07, 0.00177474, 0.00863646, 10.6797, 21.9464, 26.8403, 2.03236e-08, 2.4027e-08, 3.13256, 5.24897, 8.17061, 16.0493, 1.85322, 1.66053e-06, 2.07687e-06, 5.08076, 11.5452, 13.3367, 26.7135, 8.95548, 1.20852e-05, 0.000285438, 0.000342872, 0.000414786, 0.00178942, 0.00507679, 0.00808837, 0.0135753, 3.57492e-07, 0.000140603, 

1.25411e-12, 1.24967e-11, 1.76274e-05, 0.245313, 2.23779, 18.9989, 12.2626, 3.49146e-07, 3.49544e-07, 0.00177474, 0.00863646, 21.9464, 26.8403, 0.000421155, 2.03236e-08, 2.4027e-08, 1.85322, 3.13256, 5.24897, 8.17061, 16.0493, 1.61642e-06, 1.66053e-06, 1.14906, 1.48996, 11.5452, 26.7135, 20.1207, 1.20852e-05, 0.000285438, 0.000342872, 0.000414786, 0.000438588, 0.00178942, 0.00507679, 0.0135753, 3.57492e-07, 0.000140603, 

1.79412e-13, 1.25411e-12, 1.76274e-05, 0.245313, 2.23779, 18.9989, 6.34087, 3.49067e-07, 3.49146e-07, 0.000421155, 0.00177474, 0.00863646, 14.3424, 26.8403, 1.69792e-08, 2.03236e-08, 1.85322, 3.13256, 4.98976, 16.0493, 5.13744, 1.61642e-06, 1.63485e-06, 1.14906, 1.48996, 4.46106, 11.5452, 26.7135, 1.20852e-05, 0.000285438, 0.000342872, 0.000414786, 0.000438588, 0.00178942, 0.00507679, 0.0135753, 3.57492e-07, 0.000140603, 

1.77636e-15, 1.79412e-13, 1.76274e-05, 0.245313, 2.23779, 18.9989, 14.3323, 3.49067e-07, 3.49146e-07, 0.000421155, 0.00177474, 0.00863646, 1.0199, 16.203, 1.69792e-08, 2.03236e-08, 3.13256, 4.98976, 5.13744, 16.0249, 6.35608, 1.6106e-06, 1.61642e-06, 0.246026, 1.14906, 1.48996, 10.1037, 0.0736022, 1.20852e-05, 0.000285438, 0.000342872, 0.000414786, 0.000438588, 0.00178942, 0.00507679, 0.0135753, 3.57492e-07, 0.000140603, 

1.77636e-15, 1.79412e-13, 0.235644, 0.245313, 2.23779, 18.9989, 16.8571, 3.49036e-07, 3.49067e-07, 0.000421155, 0.00177474, 0.00863646, 0.320543, 16.203, 1.41185e-08, 1.69792e-08, 3.13256, 4.98976, 5.13744, 6.35608, 16.2632, 1.6106e-06, 1.61531e-06, 0.0736022, 0.246026, 1.48996, 10.1037, 0.0190047, 1.20852e-05, 0.000285438, 0.000342872, 0.000414786, 0.000438588, 0.00178942, 0.00507679, 0.0135753, 3.57492e-07, 0.000140603, 

1.77636e-15, 1.79412e-13, 0.235644, 2.23779, 16.8571, 17.0789, 20.2401, 3.49036e-07, 3.49067e-07, 0.000421155, 0.00863646, 0.320543, 15.7188, 1.21715, 1.41185e-08, 1.69792e-08, 0.128099, 4.98976, 5.13744, 16.2632, 0.0274257, 1.60651e-06, 1.6106e-06, 0.000471927, 0.0190047, 0.246026, 1.48996, 10.1037, 1.20852e-05, 0.000285438, 0.000342872, 0.000414786, 0.000438588, 0.00178942, 0.00507679, 0.0135753, 3.57492e-07, 0.000140603, 

1.77636e-15, 4.26326e-14, 0.235644, 1.30596, 6.18409, 17.0789, 24.1026, 3.49016e-07, 3.49036e-07, 0.00863646, 0.320543, 1.21715, 15.7188, 19.8297, 1.35503e-08, 1.41185e-08, 0.109999, 4.98976, 5.13744, 16.2632, 19.9797, 1.60338e-06, 1.60651e-06, 0.000471927, 0.0190047, 0.246026, 1.48996, 7.62909e-05, 1.20852e-05, 0.000285438, 0.000342872, 0.000414786, 0.000438588, 0.00178942, 0.00507679, 0.0135753, 3.57492e-07, 0.000140603, 

1.77636e-15, 4.26326e-14, 0.235644, 6.18409, 17.0789, 24.1026, 0.0468156, 3.49016e-07, 3.49036e-07, 0.00863646, 0.320543, 9.89574, 19.8297, 21.6195, 1.35503e-08, 1.40792e-08, 0.109999, 3.23372, 4.98976, 16.2632, 8.30511, 1.60338e-06, 1.60651e-06, 0.000471927, 0.0190047, 0.246026, 1.48996, 28.3711, 1.20852e-05, 0.000285438, 0.000342872, 0.000414786, 0.000438588, 0.00178942, 0.00507679, 0.00905518, 3.57492e-07, 0.000140603, 

Best:
(-2.49319e-09, )

Fitness Evaluations:
2559

End Population
(-2.493190e-09), (-1.484514e-08), (-3.453134e-02), (1.163530e+00), (-1.680024e+00), (2.621356e+00), (-1.536741e-02), (-4.194310e-05), (-4.194428e-05), (-6.598369e-03), (-4.030290e-02), (-3.053953e+00), (-1.394568e+00), (-1.450287e+00), (-8.264416e-06), (-8.424150e-06), (-2.356829e-02), (-1.313469e-01), (-2.061595e+00), (1.324449e+00), (-2.220972e-01), (8.989930e-05), (8.998706e-05), (-1.542329e-03), (-9.788968e-03), (-3.528691e-02), (9.447048e-01), (-3.668219e+00), (2.468106e-04), (-1.199484e-03), (1.314636e-03), (1.445943e-03), (1.486852e-03), (3.003308e-03), (5.058836e-03), (-6.756454e-03), (-4.244936e-05), (-8.418509e-04), 