Iterations: 50
Function Evaluations Limit: 150000
Population: 50

Prides Length: 4

Percent Nomads: 0.2
Percent Roaming: 0.2
Percent Sex: 0.8

Mating Rate: 0.3
Mutation Probability: 0.2
Immigration Rate: 0.4

Percent Group Influence: 0.4
Annealing On: true
Ranked Selection Pressure: 2
Near To Best Random Pressure: 2

Dimensions: 1
N-Dimension Space: -6.28319:6.28319

Fitness Iterations:
0.995786 (Initial Best)

23.0579, 19.7388, 25.4721, 16.9774, 48.1259, 21.2619, 40.0675, 25.3068, 31.6454, 49.0982, 17.5667, 19.8427, 26.7359, 22.2455, 28.122, 6.41614, 22.1586, 4.4472, 34.284, 38.6873, 35.9971, 39.9259, 48.4576, 16.1312, 8.67004, 49.3943, 11.3691, 16.1454, 39.8941, 29.9942, 17.6561, 15.1617, 16.3101, 32.4199, 0.995786, 33.9502, 18.2769, 24.639, 20.6685, 43.6591, 32.0739, 4.29429, 42.0253, 31.5551, 11.0086, 39.0369, 27.1164, 30.1776, 16.8252, 39.5761, 

0.99648, 1.0014, 7.38369, 21.2619, 25.4721, 48.1259, 16.1115, 6.32432, 4.09285, 4.58482, 1.12702, 1.80197, 0.0507429, 6.41614, 6.98699, 21.5719, 6.85568, 4.4472, 2.29408, 9.22048, 15.1617, 13.9089, 8.67004, 16.1312, 18.2894, 1.1511, 12.5114, 13.8915, 7.37771, 16.0217, 2.1622, 4.29429, 0.995786, 14.179, 19.3769, 24.639, 0.106728, 1.31662, 4.42719, 3.98893, 19.7388, 6.78467, 11.6306, 12.8301, 11.0378, 17.8076, 15.2335, 17.0677, 17.0697, 17.6411, 

0.99648, 1.0014, 4.02052, 4.09285, 16.1115, 20.645, 22.2573, 0.0507429, 0.00427355, 0.995786, 0.0751542, 1.80197, 2.29408, 4.10963, 4.4472, 6.41614, 21.7809, 7.38369, 3.96381, 1.1061, 1.22553, 4.70536, 7.37771, 8.67004, 11.4857, 12.5114, 14.8971, 4.58482, 1.1511, 6.98699, 2.1622, 4.29429, 0.106728, 3.98893, 4.42719, 24.639, 17.0674, 8.86238, 10.7362, 1.31662, 1.12702, 4.75351, 6.78467, 8.25228, 11.0378, 11.6306, 12.8301, 13.3848, 13.5407, 13.8915, 

0.99648, 1.0014, 4.02052, 4.09285, 20.092, 22.2573, 2.41702, 4.62485, 4.42719, 3.96381, 0.0751542, 0.0810889, 0.0185526, 2.29408, 4.4472, 6.41614, 10.5841, 0.995786, 0.0507429, 0.106728, 1.08218, 0.39927, 4.08573, 6.98699, 7.37771, 14.8971, 13.8619, 1.31662, 0.314521, 0.00427355, 0.107599, 4.20214, 3.98893, 8.86238, 10.7362, 17.0674, 24.639, 1.1511, 5.18076, 1.1061, 1.22553, 1.12702, 3.27243, 4.1638, 4.29429, 4.2057, 4.75351, 6.78467, 7.38369, 7.75355, 

0.000367811, 1.0014, 2.41702, 4.09285, 4.62485, 20.092, 22.2573, 4.4472, 3.25227, 4.02052, 0.00350847, 0.0751542, 0.0185526, 0.0507429, 2.29408, 13.0165, 8.7776, 0.314521, 1.1511, 5.18076, 0.39927, 1.08218, 1.31662, 5.27516, 6.98699, 7.37771, 1.33749, 4.42719, 3.30487, 0.995786, 0.107599, 1.50154, 1.1061, 3.98893, 10.7362, 16.7414, 1.73549, 0.106728, 0.00427355, 6.41614, 0.99648, 1.22553, 1.51178, 3.27243, 3.56874, 4.1638, 4.2057, 4.29429, 7.38369, 7.75355, 

0.000367811, 0.38944, 1.00407, 3.25227, 4.02052, 4.09285, 4.4472, 1.29597, 4.62485, 0.106728, 0.00350847, 0.0751542, 0.0185526, 0.0507429, 2.29408, 5.18076, 37.8435, 1.1511, 0.995786, 4.42719, 0.39927, 0.99648, 1.31662, 1.33749, 3.30487, 5.27516, 6.11168, 0.161857, 2.27845, 1.73549, 0.000104063, 0.00169909, 0.00427355, 1.1061, 6.41614, 7.1519, 0.00260693, 0.314521, 0.408448, 3.98893, 0.0422181, 1.08218, 1.00117, 1.0014, 1.22553, 1.50154, 1.51178, 2.72965, 5.15452, 6.98699, 

0.000258609, 0.0212211, 0.106728, 1.00407, 4.02052, 4.4472, 4.62485, 1.31662, 2.5183, 4.09285, 0.00350847, 0.0751542, 0.0507429, 1.1511, 2.29408, 16.0514, 5.81792, 2.27845, 3.25227, 1.29597, 0.0422181, 0.99648, 0.161857, 1.33749, 3.30487, 4.28666, 6.7331, 0.00427355, 0.995786, 2.1293, 0.000104063, 0.00169909, 0.00260693, 0.314521, 0.602823, 3.98893, 19.611, 0.408448, 0.0185526, 1.73549, 0.000367811, 0.38944, 0.39927, 1.00117, 1.08218, 1.22553, 1.33928, 1.50154, 4.42719, 5.15452, 

0.000258609, 0.0187101, 0.106728, 1.00407, 4.02052, 4.62485, 14.8846, 1.29597, 3.30487, 0.0507429, 0.000367811, 0.0751542, 3.25227, 5.81792, 16.0514, 4.23962, 10.0565, 2.1293, 1.87246e-05, 0.161857, 0.0422181, 0.38944, 0.00427355, 0.995786, 1.33749, 4.28666, 8.45252, 1.31662, 2.29408, 2.27845, 0.000104063, 0.00169909, 0.00260693, 0.0185526, 0.314521, 0.408448, 1.73549, 2.5183, 1.1511, 1.43761, 0.00350847, 0.99648, 0.39927, 0.757553, 1.00117, 1.08218, 1.13583, 1.22553, 3.98893, 4.09285, 

0.000258609, 0.00350847, 0.0507429, 0.106728, 4.02052, 1.71366, 6.02017, 2.5183, 0.00427355, 1.87246e-05, 0.000367811, 0.000128888, 0.161857, 2.1293, 4.57173, 5.81792, 16.0514, 1.29597, 3.25227, 1.33749, 0.0422181, 0.0751542, 0.995786, 1.31662, 2.27845, 2.29408, 0.60214, 0.00260693, 1.1511, 3.98893, 0.000104063, 0.00169909, 0.0185526, 0.314521, 0.408448, 1.43761, 1.73549, 1.00407, 1.08329, 3.30487, 0.0187101, 0.38944, 0.39927, 0.624911, 0.757553, 0.872208, 0.99648, 1.00117, 4.09285, 4.23962, 

8.83315e-06, 0.00350847, 1.87246e-05, 0.00427355, 0.0382171, 0.0507429, 6.02017, 2.27845, 0.130562, 1.31662, 0.000128888, 0.000367811, 0.00128297, 0.161857, 5.81792, 1.04546, 4.45185, 2.09109, 1.00407, 2.5183, 0.0240014, 0.0501077, 0.722185, 0.995786, 2.29408, 3.98893, 3.97992, 1.73549, 0.0185526, 0.60214, 0.000104063, 0.00169909, 0.314521, 0.408448, 1.08329, 1.43761, 3.30487, 1.71366, 1.33749, 0.00260693, 0.0187101, 0.0422181, 0.232187, 0.38944, 0.39927, 0.624911, 0.757553, 0.872208, 3.25227, 4.02052, 

8.83315e-06, 0.00151252, 0.00427355, 0.0382171, 0.0507429, 26.4661, 21.668, 0.00260693, 1.87246e-05, 0.60214, 1.58645e-05, 0.000128888, 0.00128297, 0.161857, 1.04546, 25.695, 19.3966, 0.995786, 0.546872, 2.09109, 0.0240014, 0.0501077, 0.0185526, 0.722185, 3.97992, 0.201014, 21.6626, 1.31662, 1.00407, 0.130562, 0.000104063, 0.000346609, 0.314521, 0.408448, 1.43761, 1.71366, 3.30487, 1.17682, 1.73549, 1.08329, 0.0187101, 0.0422181, 0.200706, 0.232187, 0.38944, 0.39927, 0.624911, 0.757553, 2.27845, 2.29408, 

8.83315e-06, 0.00151252, 0.00260693, 0.00427355, 0.0382171, 0.0507429, 0.60214, 0.201014, 0.0185526, 0.408448, 1.58645e-05, 0.000128888, 0.546872, 0.607565, 1.04546, 2.09109, 19.8052, 0.314521, 0.161857, 0.130562, 0.0240014, 0.0501077, 1.00407, 1.31662, 3.97992, 8.95506, 23.1037, 1.17682, 0.722185, 0.00128297, 0.000104063, 0.000346609, 1.08329, 1.71366, 1.73549, 19.6836, 9.70852, 0.995786, 1.87246e-05, 0.000883558, 0.0187101, 0.0422181, 0.200706, 0.232187, 0.38944, 0.39927, 0.401195, 0.624911, 1.43761, 2.27845, 

8.83315e-06, 0.00151252, 0.00427355, 0.0382171, 0.408448, 0.60214, 21.6957, 0.607565, 0.130562, 1.08329, 1.58645e-05, 5.5401e-05, 0.546872, 1.04546, 2.09109, 19.8052, 9.72893, 0.161857, 0.0507429, 0.314521, 1.18693e-05, 0.00870043, 0.00128297, 0.722185, 1.00407, 1.31662, 3.97992, 0.201014, 1.17682, 0.0185526, 5.73992e-05, 0.000104063, 1.87246e-05, 0.995786, 1.73549, 19.6836, 20.0541, 0.000883558, 0.00260693, 1.43761, 0.0501077, 0.0187101, 0.0422181, 0.200706, 0.232187, 0.347253, 0.38944, 0.401195, 1.71366, 2.27845, 

8.83315e-06, 0.00151252, 0.130562, 0.408448, 1.08329, 4.80341, 14.1994, 1.31662, 0.00427355, 1.17682, 1.58645e-05, 5.5401e-05, 0.0507429, 0.314521, 1.04546, 2.10696, 21.2707, 0.000883558, 0.161857, 0.546872, 1.18693e-05, 0.00330811, 0.201014, 0.722185, 1.00407, 0.166967, 10.9703, 0.00128297, 0.0382171, 0.607565, 6.87144e-07, 0.000104063, 1.87246e-05, 0.00260693, 0.995786, 7.60326, 11.0256, 0.0185526, 0.60214, 1.43761, 0.0187101, 0.0422181, 0.0501077, 0.0707047, 0.200706, 0.347253, 0.384002, 0.38944, 1.58452, 1.71366, 

8.83315e-06, 0.0013463, 0.00427355, 0.130562, 0.408448, 1.17682, 0.000661009, 0.161857, 0.00128297, 0.166967, 1.58645e-05, 5.5401e-05, 0.000883558, 0.314521, 1.04546, 2.10696, 14.6716, 0.995786, 0.0185526, 0.0382171, 1.18693e-05, 0.00151252, 0.607565, 0.722185, 1.00407, 10.9703, 12.6569, 0.546872, 1.31662, 0.0507429, 6.87144e-07, 9.46544e-05, 0.00260693, 0.60214, 1.43761, 11.0256, 1.79212, 1.87246e-05, 0.201014, 1.08329, 0.00330811, 0.00191153, 0.00373872, 0.0187101, 0.0422181, 0.0707047, 0.200706, 0.347253, 1.58452, 1.68808, 

8.83315e-06, 0.000333533, 0.00128297, 0.130562, 0.161857, 0.408448, 4.56066, 0.314521, 0.000661009, 0.995786, 1.58645e-05, 5.5401e-05, 0.0185526, 0.0382171, 1.04546, 2.10696, 19.3617, 0.000883558, 0.00427355, 0.166967, 1.18693e-05, 0.00151252, 0.0507429, 0.607565, 10.9703, 18.5581, 25.5534, 0.60214, 0.722185, 1.00407, 6.87144e-07, 9.46544e-05, 0.00260693, 0.201014, 11.0256, 1.49312, 19.271, 1.08329, 0.546872, 1.87246e-05, 0.0013463, 0.00191153, 0.00330811, 0.00373872, 0.0187101, 0.0422181, 0.0707047, 0.103269, 1.17682, 1.29018, 

8.83315e-06, 0.000184597, 0.00128297, 0.314521, 0.408448, 0.995786, 26.9775, 0.000883558, 0.546872, 0.0507429, 1.58645e-05, 5.5401e-05, 0.0382171, 2.10696, 19.3617, 0.576599, 24.7982, 0.00427355, 0.166967, 0.0185526, 1.18693e-05, 0.000361513, 0.60214, 0.607565, 6.0075, 20.2215, 6.31293, 0.201014, 0.161857, 0.000661009, 6.87144e-07, 1.5622e-05, 1.87246e-05, 0.00260693, 1.08329, 11.0256, 13.722, 0.722185, 0.130562, 0.0585814, 0.0013463, 0.00191153, 0.00330811, 0.00373872, 0.0187101, 0.0418115, 0.0422181, 0.0707047, 1.00407, 1.04546, 

8.83315e-06, 0.000184597, 0.000883558, 0.00128297, 0.546872, 26.9775, 9.76666, 0.121051, 0.0507429, 0.372991, 1.58645e-05, 5.5401e-05, 0.0185526, 17.3431, 24.7982, 17.1706, 9.78179, 0.314521, 1.87246e-05, 0.0382171, 1.18693e-05, 0.000278796, 0.000661009, 0.201014, 0.607565, 0.025722, 9.43618, 0.408448, 0.00260693, 0.00427355, 6.87144e-07, 1.5622e-05, 8.60886e-06, 0.130562, 0.722185, 1.08329, 11.0256, 0.000106499, 0.166967, 0.161857, 0.000219293, 0.00051955, 0.0013463, 0.00191153, 0.00330811, 0.00373872, 0.0187101, 0.0315888, 0.60214, 0.995786, 

8.83315e-06, 2.99108e-05, 0.00128297, 0.0507429, 0.372991, 9.76666, 20.2371, 0.166967, 0.000883558, 0.0382171, 1.47195e-06, 1.58645e-05, 1.87246e-05, 9.78179, 17.3431, 24.7982, 20.3812, 9.22134e-07, 0.0185526, 0.314521, 1.18693e-05, 0.000278796, 0.00260693, 0.025722, 0.201014, 0.607565, 5.62373, 0.000661009, 0.408448, 1.78474e-06, 6.87144e-07, 1.45107e-06, 0.000106499, 0.161857, 1.08329, 11.0256, 4.22009, 0.00427355, 0.121051, 0.130562, 2.70343e-06, 0.000219293, 0.000337914, 0.00051955, 0.0013463, 0.00191153, 0.00330811, 0.00373872, 0.546872, 0.60214, 

2.70343e-06, 2.99108e-05, 0.00128297, 0.0382171, 0.166967, 7.33739, 10.1208, 0.000661009, 0.546872, 0.408448, 1.47195e-06, 3.24696e-06, 9.22134e-07, 0.314521, 9.78179, 17.3431, 24.7982, 0.0507429, 0.372991, 0.000106499, 1.18693e-05, 0.000278796, 0.00260693, 0.025722, 0.201014, 0.607565, 5.62373, 0.60214, 0.00335232, 1.87246e-05, 6.87144e-07, 1.45107e-06, 0.121051, 0.130562, 0.161857, 1.08329, 4.22009, 1.78474e-06, 0.00427355, 0.000883558, 8.83315e-06, 0.000219293, 0.000337914, 0.00051955, 0.0013463, 0.00191153, 0.00330811, 0.00373872, 

2.70343e-06, 8.83315e-06, 0.00128297, 0.408448, 0.546872, 10.1208, 0.000544311, 8.00764e-08, 1.47195e-06, 9.22134e-07, 0.314521, 9.78179, 2.28297, 4.17914, 1.18693e-05, 0.000117594, 1.87246e-05, 0.025722, 0.201014, 5.62373, 18.3209, 6.87144e-07, 1.45107e-06, 1.78474e-06, 0.00427355, 0.121051, 0.161857, 12.8083, 2.99108e-05, 0.000278796, 0.000219293, 0.000337914, 0.00051955, 0.0013463, 0.00191153, 0.00330811, 0.000106499, 0.000661009, 

3.52098e-07, 8.31265e-07, 0.000544311, 0.00128297, 0.408448, 0.546872, 10.1208, 8.00764e-08, 1.36914e-06, 9.22134e-07, 0.314521, 2.28297, 4.17914, 0.0691058, 1.18693e-05, 0.000117594, 1.87246e-05, 0.025722, 5.62373, 18.3209, 24.1069, 4.36196e-07, 6.87144e-07, 1.78474e-06, 0.00427355, 0.121051, 0.161857, 12.8083, 8.83315e-06, 2.99108e-05, 0.000219293, 0.000278796, 0.000337914, 0.00051955, 0.0013463, 0.00191153, 1.17648e-06, 0.000106499, 

1.36329e-07, 3.52098e-07, 0.000544311, 0.00128297, 0.408448, 0.546872, 10.1208, 8.00764e-08, 1.36914e-06, 9.22134e-07, 0.0604485, 0.0652135, 4.17914, 20.0281, 8.83315e-06, 2.99108e-05, 0.025722, 1.4951, 4.89012, 5.62373, 2.96888, 3.653e-07, 4.36196e-07, 1.78474e-06, 0.00427355, 0.161857, 12.8083, 29.8527, 1.18693e-05, 0.000110268, 4.61703e-05, 0.000219293, 0.000278796, 0.000337914, 0.00051955, 0.0013463, 1.17648e-06, 1.87246e-05, 

6.01678e-08, 1.36329e-07, 0.000544311, 0.408448, 0.546872, 10.1208, 13.8019, 6.00532e-08, 8.00764e-08, 9.22134e-07, 0.00200535, 4.17914, 14.4143, 0.314629, 8.83315e-06, 1.13838e-05, 0.025722, 0.926419, 1.4951, 4.89012, 0.195889, 3.14767e-07, 3.653e-07, 1.78474e-06, 0.00427355, 12.8083, 29.8527, 4.63777, 1.18693e-05, 4.61703e-05, 0.000110268, 0.000219293, 0.000278796, 0.000337914, 0.00051955, 0.0013463, 1.17648e-06, 1.87246e-05, 

6.01678e-08, 1.36329e-07, 0.000544311, 0.408448, 0.546872, 13.8019, 20.0079, 6.00532e-08, 8.00764e-08, 9.22134e-07, 0.00200535, 0.314629, 4.17914, 19.9727, 8.83315e-06, 1.13838e-05, 0.025722, 0.195889, 1.4951, 4.89012, 17.844, 3.14767e-07, 3.653e-07, 1.78474e-06, 2.39726, 3.35346, 12.8083, 2.90357, 1.18693e-05, 4.61703e-05, 0.000110268, 0.000219293, 0.000278796, 0.000337914, 0.00051955, 0.0013463, 1.17648e-06, 1.87246e-05, 

6.01678e-08, 1.36329e-07, 0.000544311, 0.546872, 4.55942, 20.0079, 3.95762, 5.17108e-08, 6.00532e-08, 9.22134e-07, 0.00200535, 0.314629, 4.17914, 19.8058, 8.83315e-06, 1.13838e-05, 0.195889, 1.4951, 4.89012, 14.6444, 1.59982, 3.14767e-07, 3.653e-07, 1.78474e-06, 2.39726, 2.57703, 3.35346, 7.69206e-07, 1.04027e-06, 1.18693e-05, 4.61703e-05, 0.000110268, 0.000219293, 0.000278796, 0.000337914, 0.00051955, 1.17648e-06, 1.87246e-05, 

6.01678e-08, 1.36329e-07, 0.000544311, 0.546872, 3.95762, 4.55942, 20.0079, 5.17108e-08, 6.00532e-08, 9.22134e-07, 0.000751562, 0.314629, 4.17914, 1.43276, 8.83315e-06, 1.13838e-05, 0.195889, 1.4951, 1.59982, 4.89012, 14.6444, 3.05015e-07, 3.14767e-07, 7.69206e-07, 1.78474e-06, 2.39726, 2.57703, 7.35832, 1.04027e-06, 1.18693e-05, 4.61703e-05, 0.000110268, 0.000219293, 0.000278796, 0.000337914, 0.00051955, 1.17648e-06, 1.87246e-05, 

6.01678e-08, 6.20258e-08, 0.000544311, 0.546872, 3.95762, 4.55942, 0.000222254, 5.13498e-08, 5.17108e-08, 9.22134e-07, 0.000751562, 0.314629, 1.43276, 20.0646, 8.83315e-06, 1.13838e-05, 0.195889, 1.4951, 1.59982, 4.89012, 8.77434, 3.05015e-07, 3.14767e-07, 7.69206e-07, 2.39726, 2.57703, 7.35832, 5.08108e-07, 1.04027e-06, 1.18693e-05, 4.61703e-05, 0.000110268, 0.000219293, 0.000278796, 0.000337914, 0.00051955, 1.17648e-06, 1.87246e-05, 

5.92473e-08, 6.01678e-08, 0.000222254, 0.000544311, 0.228274, 3.95762, 4.55942, 5.13498e-08, 5.1503e-08, 9.22134e-07, 0.000751562, 0.314629, 0.72033, 1.43276, 1.04027e-06, 1.13838e-05, 0.195889, 1.4951, 4.89012, 8.77434, 18.0786, 3.03436e-07, 3.05015e-07, 5.08108e-07, 7.69206e-07, 2.39726, 2.57703, 6.21843, 8.83315e-06, 1.18693e-05, 4.61703e-05, 0.000110268, 0.000219293, 0.000278796, 0.000337914, 0.00051955, 1.17648e-06, 1.87246e-05, 

5.88558e-08, 5.92473e-08, 0.000222254, 0.000544311, 3.95762, 4.55942, 12.8586, 5.13498e-08, 5.1503e-08, 9.22134e-07, 0.000252438, 0.000751562, 1.43276, 14.3442, 1.04027e-06, 1.13838e-05, 0.195889, 1.4951, 4.89012, 8.77434, 18.0786, 3.03436e-07, 3.05015e-07, 5.08108e-07, 7.69206e-07, 1.35258, 2.39726, 0.780948, 8.83315e-06, 1.18693e-05, 4.61703e-05, 0.000110268, 0.000219293, 0.000278796, 0.000337914, 0.00051955, 1.17648e-06, 1.87246e-05, 

5.87606e-08, 5.88558e-08, 0.000544311, 3.95762, 4.55942, 12.8586, 19.0578, 5.13498e-08, 5.1503e-08, 9.22134e-07, 5.93574e-05, 0.000751562, 1.43276, 1.33545e-05, 1.04027e-06, 8.83315e-06, 0.195889, 1.4951, 4.43155, 8.77434, 16.0869, 3.03436e-07, 3.05015e-07, 5.08108e-07, 7.69206e-07, 0.640437, 2.39726, 0.176277, 1.13838e-05, 1.18693e-05, 4.61703e-05, 0.000110268, 0.000219293, 0.000278796, 0.000337914, 0.00051955, 1.17648e-06, 1.87246e-05, 

5.87606e-08, 5.88558e-08, 0.000544311, 4.55942, 12.8586, 19.0578, 16.2502, 5.13498e-08, 5.1503e-08, 9.22134e-07, 1.33545e-05, 5.93574e-05, 0.000751562, 1.43276, 1.04027e-06, 8.83315e-06, 0.195889, 4.43155, 8.77434, 16.0869, 1.07759, 3.03436e-07, 3.05015e-07, 7.69206e-07, 0.176277, 0.640437, 1.03957, 17.9537, 1.13838e-05, 1.18693e-05, 4.61703e-05, 0.000110268, 0.000219293, 0.000278796, 0.000337914, 0.00051955, 2.87031e-07, 5.08108e-07, 

5.87606e-08, 5.87789e-08, 0.000544311, 4.55942, 9.27449, 12.8586, 20.1311, 5.13498e-08, 5.1503e-08, 1.33545e-05, 5.93574e-05, 0.000751562, 1.43276, 9.2886, 1.04027e-06, 1.99945e-06, 0.195889, 1.07759, 4.43155, 8.77434, 8.3021, 3.02544e-07, 3.03436e-07, 7.69206e-07, 0.176277, 0.640437, 1.03957, 7.57056, 1.13838e-05, 1.18693e-05, 4.61703e-05, 0.000110268, 0.000219293, 0.000278796, 0.000337914, 0.00051955, 2.87031e-07, 5.08108e-07, 

5.87606e-08, 5.87789e-08, 0.000544311, 1.28984, 4.55942, 20.1311, 0.000192733, 5.13498e-08, 5.1503e-08, 1.33545e-05, 5.93574e-05, 0.000751562, 0.188854, 1.43276, 4.48275e-07, 1.04027e-06, 0.195889, 1.00208, 1.07759, 4.43155, 19.7386, 3.02544e-07, 3.03311e-07, 7.69206e-07, 0.176277, 0.640437, 1.03957, 4.67647e-07, 1.13838e-05, 1.18693e-05, 4.61703e-05, 0.000110268, 0.000219293, 0.000278796, 0.000337914, 0.00051955, 2.87031e-07, 5.08108e-07, 

5.87468e-08, 5.87606e-08, 0.000192733, 0.000544311, 1.28984, 20.1311, 6.69817, 5.13498e-08, 5.14421e-08, 1.33545e-05, 0.000751562, 0.188854, 1.43276, 14.9683, 1.5766e-07, 4.48275e-07, 0.195889, 1.07759, 4.43155, 19.7386, 19.4988, 3.02167e-07, 3.02544e-07, 4.67647e-07, 7.69206e-07, 0.176277, 0.640437, 9.74759, 1.13838e-05, 1.18693e-05, 4.61703e-05, 0.000110268, 0.000219293, 0.000278796, 0.000337914, 0.00051955, 2.87031e-07, 5.08108e-07, 

5.87468e-08, 5.87606e-08, 0.000192733, 0.000544311, 1.28984, 6.12869, 6.69817, 1.85019e-08, 5.13498e-08, 9.3044e-09, 0.000751562, 0.188854, 4.13254, 20.2449, 4.48221e-08, 1.5766e-07, 0.195889, 1.07759, 6.46034, 13.6251, 6.4332, 3.02167e-07, 3.02544e-07, 4.67647e-07, 0.176277, 0.640437, 9.74759, 11.3528, 1.13838e-05, 1.18693e-05, 4.61703e-05, 0.000110268, 0.000219293, 0.000278796, 0.000337914, 0.00051955, 2.87031e-07, 5.08108e-07, 

5.87468e-08, 5.87606e-08, 0.000192733, 0.000544311, 1.28984, 6.69817, 2.9893, 1.85019e-08, 2.20983e-08, 0.000751562, 0.188854, 4.13254, 10.2634, 15.4204, 4.48221e-08, 1.5766e-07, 0.195889, 0.330424, 6.4332, 7.04303, 0.0112979, 3.02167e-07, 3.02544e-07, 4.67647e-07, 0.176277, 0.640437, 9.74759, 11.3528, 1.13838e-05, 1.18693e-05, 4.61703e-05, 0.000110268, 0.000219293, 0.000278796, 0.000337914, 0.00051955, 2.87031e-07, 5.08108e-07, 

5.87468e-08, 5.87606e-08, 0.000192733, 0.000544311, 2.9893, 6.69817, 19.547, 2.13893e-09, 1.85019e-08, 0.000751562, 0.995882, 4.13254, 10.2634, 0.329287, 4.48221e-08, 1.5766e-07, 0.0112979, 0.195889, 0.330424, 2.8258, 15.5064, 3.02167e-07, 3.02408e-07, 0.176277, 0.640437, 9.74759, 11.3528, 18.5959, 1.13838e-05, 1.18693e-05, 4.61703e-05, 0.000110268, 0.000219293, 0.000278796, 0.000337914, 0.00051955, 2.87031e-07, 5.08108e-07, 

5.87439e-08, 5.87468e-08, 0.000192733, 0.000544311, 2.9893, 6.69817, 16.3238, 2.13893e-09, 1.85019e-08, 0.000751562, 0.995882, 4.13254, 10.2634, 31.0472, 4.48221e-08, 1.5766e-07, 0.0112979, 0.195889, 0.330424, 1.10878, 20.1387, 3.02167e-07, 3.023e-07, 0.176277, 0.640437, 9.74759, 11.3528, 0.834587, 1.13838e-05, 1.18693e-05, 4.61703e-05, 0.000110268, 0.000219293, 0.000278796, 0.000337914, 0.00051955, 2.87031e-07, 5.08108e-07, 

5.87439e-08, 5.87468e-08, 0.000544311, 2.9893, 3.22355, 6.69817, 8.9754, 1.51072e-09, 2.13893e-09, 0.000751562, 0.995882, 4.13254, 9.63204, 25.357, 4.48221e-08, 1.5766e-07, 0.0112979, 0.0295473, 0.195889, 20.1387, 15.4788, 3.02167e-07, 3.023e-07, 0.176277, 0.640437, 0.834587, 9.74759, 10.5131, 1.13838e-05, 1.18693e-05, 4.61703e-05, 5.57558e-05, 0.000110268, 0.000219293, 0.000337914, 0.00051955, 2.87031e-07, 5.08108e-07, 

5.87439e-08, 5.87444e-08, 0.000544311, 2.9893, 3.22355, 8.9754, 5.43319, 1.51072e-09, 2.13893e-09, 0.000751562, 0.988234, 4.13254, 21.9781, 0.288995, 4.48221e-08, 1.5766e-07, 0.0295473, 0.0325073, 0.195889, 15.214, 0.014127, 3.02167e-07, 3.023e-07, 0.176277, 0.640437, 5.09324, 5.81392, 15.9321, 1.13838e-05, 1.18693e-05, 4.61703e-05, 5.57558e-05, 0.000110268, 0.000219293, 0.000337914, 0.00051955, 2.87031e-07, 5.08108e-07, 

5.87439e-08, 5.87444e-08, 0.000544311, 3.22355, 5.43319, 8.9754, 27.052, 1.51072e-09, 1.54988e-09, 0.000751562, 0.0481778, 4.13254, 10.302, 19.4031, 4.48221e-08, 1.5766e-07, 0.014127, 0.031185, 0.195889, 15.214, 1.5286, 3.02167e-07, 3.023e-07, 0.00293803, 0.640437, 5.09324, 15.9321, 24.012, 1.13838e-05, 1.18693e-05, 4.61703e-05, 5.57558e-05, 0.000110268, 0.000219293, 0.000337914, 0.00051955, 2.87031e-07, 5.08108e-07, 

5.87439e-08, 5.87444e-08, 0.000544311, 3.22355, 5.43319, 8.9754, 27.052, 1.51072e-09, 1.54988e-09, 0.000751562, 0.0481778, 4.13254, 17.5642, 3.28072, 4.48221e-08, 1.5766e-07, 0.000857651, 0.014127, 0.195889, 12.1071, 10.2131, 3.02167e-07, 3.023e-07, 0.00293803, 0.640437, 5.09324, 6.01133, 1.24459, 1.13838e-05, 1.18693e-05, 4.61703e-05, 5.57558e-05, 0.000110268, 0.000219293, 0.000337914, 0.00051955, 2.87031e-07, 5.08108e-07, 

5.87439e-08, 5.87444e-08, 0.000544311, 1.02443, 3.20277, 5.43319, 8.9754, 1.51072e-09, 1.54988e-09, 0.000751562, 0.0481778, 3.28072, 6.81376, 5.04831, 4.48221e-08, 1.5766e-07, 0.014127, 0.195889, 3.19674, 3.87086, 18.0603, 3.02167e-07, 3.02263e-07, 0.000297165, 0.00293803, 1.24459, 5.09324, 19.9405, 1.13838e-05, 1.18693e-05, 4.61703e-05, 5.57558e-05, 0.000110268, 0.000219293, 0.000337914, 0.00051955, 2.87031e-07, 5.08108e-07, 

5.87439e-08, 5.87441e-08, 0.000544311, 1.02443, 1.23415, 8.9754, 0.144884, 1.48617e-09, 1.51072e-09, 0.000751562, 0.0481778, 5.04831, 6.81376, 35.9554, 1.59974e-08, 4.48221e-08, 0.014127, 0.195889, 3.19674, 3.87086, 8.38111, 3.02167e-07, 3.02263e-07, 0.000297165, 0.00293803, 1.24459, 19.9405, 2.45715, 1.13838e-05, 1.18693e-05, 4.61703e-05, 5.57558e-05, 0.000110268, 0.000219293, 0.000337914, 0.00051955, 2.87031e-07, 5.08108e-07, 

5.87439e-08, 5.87441e-08, 0.000544311, 0.144884, 1.02443, 1.23415, 8.9754, 1.48617e-09, 1.50887e-09, 0.000751562, 0.0481778, 5.04831, 6.81376, 29.5711, 1.59974e-08, 4.48221e-08, 0.014127, 0.195889, 3.19674, 3.87086, 9.25002, 3.02167e-07, 3.02263e-07, 0.000297165, 0.280903, 1.24459, 2.45715, 0.0441959, 1.13838e-05, 1.18693e-05, 4.61703e-05, 5.57558e-05, 0.000100997, 0.000110268, 0.000219293, 0.000337914, 2.87031e-07, 5.08108e-07, 

5.87439e-08, 5.87441e-08, 0.000544311, 0.144884, 1.02443, 1.23415, 16.2766, 1.47619e-09, 1.48617e-09, 0.000751562, 5.04831, 6.81376, 29.5711, 2.73633, 1.59974e-08, 4.48221e-08, 0.195889, 3.19674, 3.87086, 9.25002, 14.5219, 3.02167e-07, 3.02263e-07, 0.000297165, 0.0301504, 0.0441959, 1.24459, 9.17504, 1.13838e-05, 1.18693e-05, 4.61703e-05, 5.57558e-05, 0.000100997, 0.000110268, 0.000219293, 0.000337914, 2.87031e-07, 5.08108e-07, 

5.87439e-08, 5.87439e-08, 0.000544311, 0.144884, 1.02443, 1.23415, 25.9032, 1.47377e-09, 1.47619e-09, 0.000751562, 5.04831, 6.09692, 6.81376, 10.6646, 1.59974e-08, 4.48221e-08, 0.195889, 0.518773, 3.19674, 3.87086, 9.25002, 3.02167e-07, 3.02263e-07, 0.000183228, 0.000297165, 0.0301504, 0.0441959, 1.24459, 1.13838e-05, 1.18693e-05, 4.61703e-05, 5.57558e-05, 0.000100997, 0.000110268, 0.000219293, 0.000337914, 2.87031e-07, 5.08108e-07, 

5.87439e-08, 5.87439e-08, 0.000544311, 1.02443, 1.23415, 25.9032, 25.9934, 1.47274e-09, 1.47377e-09, 0.000751562, 5.04831, 6.09692, 10.6646, 21.51, 2.07441e-09, 1.59974e-08, 0.195889, 0.518773, 0.823235, 3.87086, 3.77276, 3.02138e-07, 3.02167e-07, 0.000183228, 0.000297165, 0.0301504, 0.0441959, 1.24459, 1.13838e-05, 1.18693e-05, 4.61703e-05, 5.57558e-05, 0.000100997, 0.000110268, 0.000219293, 0.000337914, 2.87031e-07, 5.08108e-07, 

5.87439e-08, 5.87439e-08, 0.000544311, 1.02443, 1.23415, 25.9032, 25.9934, 1.47274e-09, 1.47377e-09, 0.000751562, 5.04831, 6.09692, 10.6646, 20.1838, 2.07441e-09, 1.59974e-08, 0.518773, 0.823235, 3.77276, 3.87086, 18.5473, 3.02138e-07, 3.02167e-07, 0.000183228, 0.000297165, 0.0301504, 0.0441959, 32.4081, 1.13838e-05, 1.18693e-05, 4.61703e-05, 5.57558e-05, 0.000100997, 0.000110268, 0.000219293, 0.000337914, 2.87031e-07, 5.08108e-07, 

5.87439e-08, 5.87439e-08, 0.000544311, 1.02443, 1.23415, 25.9032, 15.162, 1.47203e-09, 1.47274e-09, 0.000701068, 5.04831, 10.6646, 20.1838, 0.000170402, 2.28479e-10, 2.07441e-09, 0.518773, 0.823235, 3.87086, 18.5473, 10.6045, 3.02138e-07, 3.02167e-07, 0.000183228, 0.000297165, 0.0301504, 0.0441959, 16.1443, 1.13838e-05, 1.18693e-05, 4.61703e-05, 5.57558e-05, 0.000100997, 0.000110268, 0.000219293, 0.000337914, 2.87031e-07, 5.08108e-07, 

Best:
(1.07315e-06, )

Fitness Evaluations:
2694

End Population
(-1.720755e-05), (-1.720756e-05), (1.656393e-03), (9.827597e-01), (9.601184e-01), (2.557031e+00), (-3.342585e-01), (2.723928e-06), (2.724587e-06), (1.879838e-03), (1.142411e+00), (-7.483347e-01), (-5.211053e-01), (9.267786e-04), (1.073151e-06), (3.233592e-06), (-5.135738e-02), (-6.486259e-02), (8.709233e-01), (5.972487e-01), (2.585613e-01), (3.902477e-05), (3.902664e-05), (-9.610245e-04), (-1.223878e-03), (-1.233083e-02), (1.493094e-02), (6.531284e-01), (2.395419e-04), (2.445971e-04), (-4.824134e-04), (5.301307e-04), (7.134964e-04), (7.455249e-04), (1.051359e-03), (1.305094e-03), (3.803668e-05), (5.060760e-05), 