Iterations: 50
Function Evaluations Limit: 150000
Population: 50

Prides Length: 4

Percent Nomads: 0.2
Percent Roaming: 0.2
Percent Sex: 0.8

Mating Rate: 0.3
Mutation Probability: 0.2
Immigration Rate: 0.4

Dimensions: 1
N-Dimension Space: -6.28319:6.28319

Fitness Iterations:
0.995786
31.6454, 4.29429, 48.1259, 23.0579, 28.122, 16.9774, 19.7388, 40.0675, 21.2619, 25.3068, 22.2455, 19.8427, 17.5667, 4.4472, 11.0086, 11.3691, 38.6873, 26.7359, 34.284, 32.0739, 39.9259, 8.67004, 29.9942, 16.1312, 35.9971, 16.1454, 39.8941, 48.4576, 49.3943, 27.1164, 16.3101, 42.0253, 32.4199, 18.2769, 15.1617, 20.6685, 39.0369, 24.639, 17.6561, 0.995786, 22.1586, 49.0982, 43.6591, 16.8252, 39.5761, 33.9502, 30.1776, 25.4721, 6.41614, 31.5551, 

4.29429, 2.1039, 1.67642, 16.9774, 5.24577, 25.2004, 9.67796, 3.31889, 19.6877, 15.958, 7.25574, 9.96653, 11.0086, 38.6873, 34.284, 0.422032, 13.1953, 17.5667, 6.41614, 0.995786, 11.7709, 0.983928, 9.44696, 39.8941, 19.1508, 11.904, 27.3562, 4.4472, 16.1454, 11.3691, 1.66854, 10.3206, 8.97099, 24.639, 17.6561, 13.0528, 8.79344, 12.0898, 18.2769, 16.8333, 16.8252, 16.3362, 21.949, 20.4338, 19.8427, 16.0972, 16.1888, 14.3974, 20.6685, 21.9121, 

4.29429, 2.1039, 1.67642, 6.00027, 3.31889, 25.8421, 4.38526, 12.0898, 6.41614, 3.99861, 2.9901, 1.16183, 38.6873, 0.422032, 13.1953, 0.995786, 19.4498, 9.67796, 6.62557, 3.19264, 7.25574, 0.983928, 9.44696, 39.8941, 3.11169, 4.4472, 3.10555, 4.38381, 10.4635, 2.02911, 1.66854, 1.7895, 17.6561, 1.03842, 5.01421, 5.39629, 40.3456, 10.6639, 5.24577, 5.5963, 11.7709, 4.07458, 10.5555, 13.4722, 9.96653, 7.33427, 10.0224, 9.85425, 13.0528, 16.1454, 

1.01479, 2.1039, 1.67642, 12.0898, 6.41614, 2.20407, 17.4888, 3.99861, 2.02911, 3.11169, 2.9901, 1.16183, 13.1953, 0.995786, 19.4498, 15.391, 5.50347, 0.422032, 1.03842, 5.01421, 4.42767, 0.983928, 4.4472, 3.10555, 4.38381, 4.16895, 23.1212, 3.31889, 3.12262, 1.0358, 1.66854, 1.7895, 17.6561, 5.24577, 1.89327, 9.89288, 9.07547, 5.39629, 4.43082, 1.00274, 4.29429, 9.96653, 7.33427, 9.85425, 5.6716, 5.17395, 6.66618, 4.07458, 6.00027, 6.62557, 

1.01479, 2.1039, 12.0898, 2.20407, 11.9133, 3.99861, 2.02911, 1.00274, 5.39629, 3.12262, 2.9901, 1.16183, 13.1953, 0.995786, 0.422032, 1.03842, 7.35034, 4.38381, 3.31889, 5.50347, 4.42767, 0.983928, 3.10555, 4.16895, 23.1212, 1.0358, 19.0886, 6.00027, 4.4472, 1.02115, 1.66854, 1.7895, 5.24577, 1.89327, 4.43082, 17.8163, 1.0253, 5.01421, 1.16304, 6.41614, 4.29429, 7.33427, 9.85425, 5.6716, 5.17395, 6.66618, 4.07458, 4.50211, 6.62557, 9.07547, 

1.01479, 2.1039, 12.0898, 3.99861, 2.02911, 3.12262, 15.8173, 5.01421, 5.32038, 2.20407, 2.63037, 1.16183, 0.995786, 0.422032, 7.35034, 22.0768, 16.2917, 5.24577, 1.19649, 1.03842, 1.3711, 0.983928, 3.10555, 4.16895, 16.3391, 1.02115, 26.1127, 4.4472, 4.38381, 3.31889, 1.11512, 0.171535, 1.89327, 1.0253, 1.16304, 6.41614, 2.07438, 1.00274, 4.43082, 1.0358, 4.37651, 5.6716, 5.17395, 6.66618, 4.29429, 4.50211, 1.66854, 4.07458, 5.39629, 5.50347, 

1.01479, 2.1039, 7.06743, 3.99861, 3.12262, 2.20407, 6.9425, 1.0253, 1.00974, 1.19649, 1.00718, 1.01859, 0.422032, 7.35034, 4.63924, 10.1718, 5.59184, 0.995786, 3.10555, 2.02911, 1.3711, 0.0303343, 11.1639, 1.02115, 4.38381, 3.31889, 18.8489, 1.89327, 1.16304, 1.00274, 1.00008, 0.171535, 6.41614, 4.43082, 1.0358, 11.5818, 12.0659, 1.03842, 4.16895, 4.4472, 4.37651, 4.72581, 4.29429, 4.50211, 1.66854, 4.07458, 1.16183, 2.70538, 4.55224, 5.01421, 

0.998809, 1.66854, 7.06743, 3.12262, 6.9425, 1.0253, 13.1814, 3.99861, 1.01844, 3.31889, 1.00718, 1.01859, 7.35034, 3.9808, 3.10555, 5.04114, 10.6039, 4.16895, 0.995786, 1.00974, 1.3711, 0.0303343, 3.17049, 1.02115, 1.16304, 1.00274, 36.6536, 1.19649, 1.89327, 2.20407, 1.00008, 0.171535, 6.41614, 12.0659, 1.03842, 4.4472, 17.4169, 2.02911, 0.422032, 1.0358, 4.37651, 4.29429, 4.50211, 2.1039, 4.07458, 1.16183, 2.70538, 3.66393, 4.38381, 4.43082, 

0.443103, 1.66854, 1.12091, 1.0253, 3.99861, 1.01844, 1.16824, 3.31889, 2.9002, 4.16895, 1.00718, 1.01859, 3.9808, 10.6039, 1.00974, 23.1438, 24.4992, 0.995786, 2.02911, 3.21511, 0.0303343, 0.225826, 1.02115, 1.16304, 1.00274, 1.19649, 1.19369, 1.89327, 2.20407, 1.0358, 1.00008, 0.171535, 11.6222, 1.02135, 11.7068, 0.422032, 3.35023, 3.10555, 3.12262, 0.995085, 4.37651, 4.29429, 2.1039, 4.07458, 1.16183, 2.70538, 0.998809, 1.3711, 4.38381, 4.43082, 

0.443103, 0.462555, 1.0253, 1.82569, 4.16895, 0.465536, 6.96609, 1.02135, 3.10555, 1.16304, 0.998809, 1.01859, 1.00974, 0.995786, 2.02911, 3.21511, 14.896, 1.50245, 1.19369, 1.12091, 0.0303343, 0.225826, 1.02115, 0.476954, 1.89327, 1.0358, 2.93508, 1.19649, 0.485457, 1.16824, 1.00008, 0.171535, 11.7068, 0.422032, 3.12262, 0.995085, 14.6992, 1.01844, 0.0711241, 0.476893, 2.1039, 1.16183, 2.70538, 1.00718, 1.3711, 3.32931, 1.66854, 3.71938, 3.31889, 3.35023, 

0.443103, 0.462555, 4.16895, 1.07971, 1.16304, 9.1127, 20.1991, 1.12091, 0.0711241, 1.89327, 0.189564, 1.01859, 0.995786, 1.50245, 1.19369, 21.5115, 20.0714, 0.210916, 1.82569, 0.465536, 0.0303343, 0.139585, 1.02115, 0.476954, 1.0358, 0.485457, 1.16824, 3.10555, 2.02911, 1.0253, 1.00008, 0.171535, 0.422032, 0.995085, 1.01844, 0.476893, 20.222, 1.02135, 1.19649, 2.93508, 2.1039, 1.16183, 0.998809, 1.00718, 1.3711, 3.32931, 1.66854, 1.09155, 3.12262, 3.21511, 

0.443103, 0.462555, 1.07971, 8.21288, 20.1991, 1.12091, 1.89327, 0.230539, 0.476893, 0.0711241, 0.189564, 0.998809, 1.50245, 1.19369, 0.210916, 1.82569, 0.465536, 1.02135, 0.995786, 1.16824, 0.0303343, 0.139585, 0.485457, 3.10555, 2.02911, 1.0253, 20.5425, 1.10592, 1.19649, 0.476954, 1.00008, 0.100116, 0.995085, 1.01844, 2.93508, 20.6328, 17.0362, 1.16304, 1.0358, 1.02115, 2.1039, 1.16183, 1.01859, 1.00718, 1.3711, 1.66854, 1.09155, 1.02381, 1.41043, 2.58958, 

0.00996635, 0.407253, 20.1991, 1.12091, 1.89327, 0.476893, 0.0711241, 0.210916, 1.19649, 1.16824, 0.189564, 0.998809, 0.247132, 1.19369, 1.82569, 1.02135, 0.995786, 0.485457, 0.230539, 1.41043, 0.0303343, 0.139585, 2.09867, 2.02911, 1.0253, 5.06643, 1.10592, 0.465536, 0.0300375, 0.149662, 1.00008, 0.100116, 2.93508, 17.0362, 1.16304, 1.0358, 1.02115, 0.995085, 0.476954, 2.58958, 2.1039, 1.16183, 1.01859, 1.00718, 1.3711, 1.66854, 1.09155, 1.02381, 5.35675, 6.02313, 

0.00996635, 0.380113, 5.20396, 0.476893, 0.210916, 3.27622, 14.4296, 0.0711241, 1.19369, 0.465536, 0.189564, 0.998809, 0.247132, 0.485457, 0.230539, 20.2325, 11.2182, 0.476954, 1.02135, 1.0253, 0.0303343, 0.139585, 2.09867, 5.06643, 0.0300375, 0.149662, 31.7594, 1.16824, 0.0686321, 0.16004, 1.00008, 0.100116, 17.0362, 1.16304, 1.0358, 1.02115, 2.58958, 0.26889, 1.10592, 0.995085, 1.16183, 1.01859, 1.00718, 1.3711, 1.09155, 0.407253, 1.06083, 1.37796, 1.19649, 1.65058, 

0.00996635, 0.17924, 5.20396, 0.476893, 3.27622, 1.19369, 29.2715, 0.995085, 0.189273, 0.460766, 0.189564, 0.0865431, 0.485457, 0.230539, 0.0113685, 0.476954, 0.119346, 0.0711241, 0.0686321, 0.244495, 0.000128567, 0.00248874, 5.06643, 0.0300375, 0.149662, 23.3348, 4.61838, 0.26889, 0.16004, 0.061597, 0.998809, 0.100116, 17.0362, 1.0358, 2.58958, 5.64401, 20.0475, 0.465536, 0.210916, 0.247132, 1.16183, 1.01859, 1.00718, 1.09155, 0.407253, 1.06083, 1.24632, 1.00008, 1.02115, 1.10592, 

0.00996635, 0.17924, 10.6167, 0.995085, 0.189273, 0.460766, 1.03313, 1.0358, 1.02115, 0.230539, 0.070899, 0.0865431, 0.0113685, 0.476954, 0.0711241, 0.0686321, 0.244495, 0.119346, 1.14554, 0.465536, 0.000128567, 0.00245417, 5.06643, 0.0300375, 0.149662, 0.16004, 0.061597, 1.19369, 0.26889, 0.476893, 0.998809, 0.100116, 17.0362, 2.58958, 20.0475, 0.247132, 15.6947, 0.485457, 1.10592, 0.210916, 1.16183, 1.01859, 1.00718, 1.09155, 0.407253, 1.06083, 1.24632, 1.00008, 1.28922, 3.27622, 

0.00996635, 0.17924, 1.00398, 0.761764, 1.0358, 0.230539, 40.7592, 0.0686321, 0.149662, 0.460766, 0.0171106, 5.76338e-06, 0.244495, 0.119346, 1.14554, 0.465536, 0.566482, 0.247132, 0.061597, 0.0711241, 0.000128567, 0.00245417, 0.16004, 1.19369, 0.26889, 0.476893, 11.6671, 0.0113685, 0.995085, 1.02115, 0.998809, 0.100116, 17.0362, 2.58958, 0.485457, 0.210916, 2.20832, 0.0300375, 0.476954, 0.189273, 1.16183, 1.01859, 1.00718, 1.09155, 0.407253, 1.06083, 1.00008, 0.993003, 1.10592, 1.28922, 

0.00996635, 0.0244117, 0.149694, 1.0358, 0.035677, 0.324792, 0.00476492, 0.0711241, 0.244495, 0.0686321, 0.0171106, 5.76338e-06, 0.119346, 0.566482, 0.247132, 29.8282, 3.51704, 0.26889, 0.061597, 0.485457, 0.000128567, 0.00245417, 1.19369, 0.476893, 11.6671, 0.995085, 1.02115, 0.0113685, 0.149662, 0.16004, 0.407253, 0.100116, 17.0362, 0.210916, 0.476954, 0.189273, 12.1057, 0.0300375, 0.465536, 1.00398, 1.01859, 1.00718, 1.09155, 0.998809, 1.06083, 1.00008, 0.993003, 0.17924, 1.10592, 1.14554, 

0.00996635, 0.0244117, 0.149694, 0.035677, 0.324792, 0.00476492, 8.78517, 0.00300607, 0.0686321, 0.995085, 0.0171106, 5.76338e-06, 0.247132, 0.26889, 0.061597, 0.142761, 1.75413, 0.119346, 0.0113685, 0.210916, 0.000128567, 0.00245417, 1.19369, 0.476893, 11.6671, 0.16004, 0.0602959, 0.149662, 0.408014, 0.0711241, 0.0296062, 0.0976472, 17.0362, 0.476954, 0.189273, 0.0300375, 1.00398, 0.244495, 0.566482, 0.485457, 1.01859, 1.00718, 0.998809, 1.00008, 0.993003, 0.17924, 0.407253, 0.148244, 1.02115, 1.10592, 

0.00996635, 0.0244117, 0.149694, 0.035677, 0.324792, 7.16858, 20.2434, 0.0113685, 0.189273, 0.0602959, 0.00463446, 5.76338e-06, 0.247132, 0.061597, 0.119346, 0.210916, 1.82658, 0.485457, 0.00476492, 0.16004, 0.000128567, 0.000104851, 1.19369, 0.476893, 0.149662, 0.000708962, 0.0711241, 0.26889, 0.0686321, 0.080875, 0.0296062, 0.0976472, 17.0362, 0.476954, 0.244495, 0.566482, 4.07168, 0.00300607, 0.142761, 0.0300375, 1.01859, 1.00718, 0.998809, 1.00008, 0.993003, 0.17924, 0.407253, 0.148244, 0.995085, 1.00389, 

0.00996635, 0.0244117, 0.149694, 0.035677, 0.739525, 0.0113685, 17.891, 0.995085, 0.476954, 0.476893, 0.00463446, 5.76338e-06, 0.247132, 0.061597, 0.485457, 0.00476492, 0.16004, 0.210916, 0.189273, 0.0602959, 0.000128567, 0.000104851, 0.000708962, 0.26889, 0.0686321, 0.0558966, 12.8573, 0.324792, 0.00300607, 0.142761, 0.0296062, 0.0976472, 17.0362, 0.244495, 0.566482, 0.0300375, 1.62763, 0.119346, 0.149662, 0.0711241, 1.01859, 1.00718, 0.998809, 1.00008, 0.993003, 0.17924, 0.407253, 0.148244, 1.00389, 1.19369, 

0.00996635, 0.0244117, 0.149694, 0.995085, 0.476893, 17.9505, 19.5337, 0.142761, 0.150575, 0.035677, 0.00463446, 5.76338e-06, 0.16004, 0.210916, 0.189273, 19.5896, 15.5057, 0.0546721, 0.119346, 0.15807, 0.000128567, 0.000104851, 0.000708962, 0.26889, 0.0686321, 0.324792, 0.00300607, 0.061597, 0.0113685, 0.0711241, 0.0132074, 0.0976472, 1.1319, 0.244495, 0.0300375, 1.62763, 0.149662, 0.247132, 0.00476492, 0.0602959, 1.00718, 0.998809, 1.00008, 0.993003, 0.17924, 0.407253, 0.148244, 0.435498, 0.476954, 0.485457, 

0.00996635, 0.0244117, 0.995085, 17.9505, 19.5337, 0.142761, 19.9076, 0.000708962, 0.00300607, 0.00680046, 0.0012604, 5.76338e-06, 0.126678, 19.5896, 0.0546721, 0.119346, 0.15807, 0.150575, 0.035677, 0.0300375, 0.000128567, 0.000104851, 0.26889, 0.0686321, 0.324792, 0.0113685, 0.0711241, 0.00044624, 0.00476492, 0.189273, 0.00944477, 0.0192372, 1.1319, 0.244495, 0.149662, 0.0602959, 0.0238478, 0.061597, 0.16004, 0.149694, 0.993003, 0.17924, 0.407253, 0.148244, 0.435498, 0.0677449, 0.00463446, 0.0976472, 0.247132, 0.476954, 

0.00463446, 0.0184063, 0.995085, 0.142761, 0.00300607, 9.01205, 19.3441, 0.0711241, 0.00680046, 0.15807, 0.0012604, 5.76338e-06, 0.119346, 0.150575, 0.035677, 0.0300375, 50.2843, 0.126678, 0.149694, 0.000708962, 0.000128567, 0.000104851, 0.26889, 0.0686321, 0.324792, 0.0113685, 0.00044624, 0.149662, 0.189273, 0.0128379, 0.00944477, 0.0192372, 0.393098, 0.244495, 0.0602959, 0.061597, 0.16004, 0.0546721, 0.00476492, 0.0238478, 0.17924, 0.407253, 0.148244, 0.0677449, 0.00996635, 0.0976472, 0.0244117, 0.0237315, 0.247132, 0.476954, 

0.00463446, 0.0184063, 0.995085, 0.0711241, 0.15807, 1.32262, 10.0207, 0.00044624, 0.00300607, 0.0128379, 0.0012604, 5.76338e-06, 0.0300375, 0.126678, 0.149694, 0.000708962, 7.49651, 0.0113685, 0.00157032, 0.00680046, 0.000128567, 1.04393e-06, 0.26889, 0.324792, 0.189273, 21.971, 15.4275, 0.0686321, 0.142761, 0.0546721, 0.00944477, 0.00996635, 0.244495, 0.061597, 0.00476492, 0.0238478, 20.4062, 0.119346, 0.0602959, 0.035677, 0.17924, 0.407253, 0.148244, 0.0677449, 0.0192372, 0.0976472, 0.0244117, 0.0237315, 0.149662, 0.150575, 

0.00314426, 0.0184063, 0.995085, 0.15807, 0.00044624, 0.0128379, 12.9786, 0.0662812, 0.035677, 0.149662, 0.0012604, 5.76338e-06, 0.126678, 7.49651, 0.0113685, 0.00157032, 0.00680046, 0.000708962, 0.00300607, 0.0300375, 0.000128567, 1.04393e-06, 0.26889, 0.324792, 0.189273, 14.2688, 0.0686321, 0.142761, 0.0546721, 0.0711241, 0.00944477, 0.00996635, 0.00476492, 0.0238478, 20.4062, 0.119346, 0.0602959, 0.149694, 0.150575, 0.061597, 0.17924, 0.148244, 0.0677449, 0.0192372, 0.0976472, 0.0244117, 0.0237315, 0.0278116, 0.244495, 0.648201, 

0.00314426, 0.00164629, 0.15807, 12.9786, 0.0662812, 0.149662, 26.0489, 0.244495, 0.0711241, 0.149694, 0.0012604, 3.13834e-06, 0.126678, 0.0113685, 0.00680046, 0.000708962, 0.0300375, 0.0128379, 0.061597, 0.0238478, 0.000128567, 1.04393e-06, 0.26889, 0.189273, 0.142761, 0.0546721, 8.27901, 0.00476492, 0.0686321, 0.035677, 0.00944477, 0.00996635, 15.672, 0.119346, 0.0602959, 0.150575, 7.0662, 0.00157032, 0.00300607, 0.00044624, 0.17924, 0.148244, 0.0677449, 0.0192372, 0.0976472, 0.0244117, 0.0237315, 0.0278116, 0.324792, 0.648201, 

0.00314426, 0.00164629, 0.15807, 12.9786, 0.149662, 26.0489, 0.244495, 0.0238478, 0.0662812, 0.00476492, 0.0012604, 3.13834e-06, 0.0113685, 0.00680046, 0.0300375, 0.0128379, 0.668382, 0.00300607, 0.0546721, 0.0602959, 0.000128567, 1.04393e-06, 0.26889, 8.27901, 0.0686321, 0.035677, 12.245, 0.00044624, 0.0077873, 0.061597, 0.00190983, 0.00996635, 3.77977, 0.119346, 0.150575, 0.00157032, 0.698712, 0.126678, 0.0711241, 0.000708962, 0.148244, 0.0677449, 0.0192372, 0.0976472, 0.0244117, 0.0237315, 0.0278116, 0.00944477, 0.142761, 0.149694, 

0.00314426, 0.00164629, 0.149662, 0.244495, 0.0662812, 7.18683, 21.9724, 0.0686321, 0.0128379, 0.0602959, 0.0012604, 3.13834e-06, 0.0113685, 0.00680046, 0.0300375, 0.0546721, 10.9275, 0.00300607, 0.00044624, 0.126678, 0.000128567, 1.04393e-06, 5.58456, 4.84354, 0.0077873, 0.061597, 19.7595, 0.149694, 0.0238478, 0.00157032, 0.000139142, 0.00944477, 0.119346, 0.0711241, 0.000708962, 0.0959605, 1.4259, 0.00476492, 0.142761, 0.035677, 0.148244, 0.0677449, 0.0192372, 0.0976472, 0.0244117, 0.0237315, 0.0278116, 0.00996635, 0.150575, 0.15807, 

0.00225181, 0.00164629, 0.0662812, 7.18683, 0.0686321, 48.6563, 18.9039, 0.15807, 0.0602959, 0.012686, 0.0012604, 3.13834e-06, 0.0113685, 0.0546721, 0.00300607, 0.126678, 18.8854, 0.0128379, 0.00044624, 0.0300375, 0.000128567, 1.04393e-06, 0.0077873, 0.149694, 0.0238478, 0.00157032, 4.01158, 0.000708962, 0.150575, 0.149662, 0.000139142, 0.00944477, 0.119346, 0.0959605, 0.00476492, 0.142761, 0.035677, 0.00680046, 0.061597, 0.0711241, 0.0677449, 0.0192372, 0.0244117, 0.0237315, 0.0278116, 0.00996635, 0.0125673, 0.0319053, 0.244495, 1.4259, 

0.00225181, 0.00164629, 7.18683, 0.0686321, 41.5031, 0.15807, 12.731, 0.00680046, 0.012686, 0.0238478, 0.0012604, 3.13834e-06, 0.00300607, 0.126678, 18.8854, 0.00044624, 12.5267, 0.0128379, 0.00157032, 0.000708962, 0.000128567, 1.04393e-06, 0.0077873, 0.149694, 0.150575, 0.149662, 15.0413, 0.0113685, 0.035677, 0.0564689, 0.000139142, 0.00944477, 0.119346, 0.0959605, 0.142761, 0.0711241, 5.31486, 0.00476492, 0.0300375, 0.0546721, 0.0677449, 0.0192372, 0.0244117, 0.0237315, 0.0278116, 0.00996635, 0.0125673, 0.0319053, 0.061597, 0.0662812, 

0.00225181, 0.00164629, 0.0686321, 41.5031, 12.731, 0.0238478, 9.46027, 0.0077873, 0.0546721, 0.00300607, 0.0012604, 3.13834e-06, 0.00044624, 0.0128379, 0.00157032, 4.13402, 9.00954, 0.0564689, 0.000708962, 0.061597, 0.000128567, 1.04393e-06, 0.149694, 0.149662, 15.0413, 0.0185606, 18.8016, 0.035677, 0.00476492, 0.012686, 0.000139142, 0.00944477, 0.119346, 0.0959605, 0.0434835, 18.4366, 15.8445, 0.0300375, 0.0113685, 0.00680046, 0.0192372, 0.0244117, 0.0237315, 0.0278116, 0.00996635, 0.0125673, 0.0319053, 0.00812518, 0.0662812, 0.126678, 

0.000140177, 0.00120025, 0.0686321, 9.46027, 0.0077873, 0.00300607, 0.0017444, 0.0959605, 0.000708962, 0.0546721, 0.0012604, 3.13834e-06, 0.00044624, 0.0128379, 0.00157032, 9.92605, 14.6615, 0.0238478, 0.0662812, 0.00476492, 0.000128567, 1.04393e-06, 0.149694, 0.149662, 15.0413, 0.035677, 25.5208, 0.0434835, 0.012686, 0.0564689, 0.000139142, 0.00225181, 0.119346, 15.8445, 0.0300375, 0.00680046, 10.3767, 0.061597, 0.0185606, 0.0113685, 0.0192372, 0.0244117, 0.0237315, 0.0278116, 0.00996635, 0.0125673, 0.00812518, 0.00944477, 0.126678, 4.13402, 

0.000140177, 0.000175437, 0.0686321, 0.00300607, 0.000708962, 0.0546721, 1.02311, 0.126678, 0.00476492, 0.0959605, 0.0012604, 3.13834e-06, 0.00044624, 0.0128379, 9.92605, 0.0238478, 0.0662812, 0.149694, 0.0017444, 0.0077873, 0.000128567, 1.04393e-06, 15.0413, 0.035677, 5.89205, 0.0434835, 9.19373, 0.149662, 0.0564689, 0.012686, 0.000139142, 0.00225181, 0.119346, 0.00680046, 10.3767, 0.0185606, 0.0113685, 0.0300375, 0.00157032, 0.061597, 0.0192372, 0.0244117, 0.0237315, 0.0278116, 0.00996635, 0.0125673, 0.00812518, 0.00944477, 2.13437, 4.13402, 

0.000140177, 0.000175437, 0.0686321, 0.00300607, 0.0959605, 17.3873, 12.2764, 0.000708962, 0.126678, 0.0238478, 0.0012604, 3.13834e-06, 0.0128379, 0.0662812, 0.149694, 0.0017444, 10.8485, 0.0113685, 0.119346, 0.035677, 0.000128567, 1.04393e-06, 15.0413, 5.89205, 0.0564689, 0.012686, 11.3131, 0.00044624, 0.00476492, 0.0434835, 0.000139142, 0.000108843, 0.00680046, 0.0185606, 0.0300375, 0.061597, 6.14837, 0.0546721, 0.00157032, 0.0077873, 0.0192372, 0.0244117, 0.0237315, 0.0278116, 0.00996635, 0.0125673, 0.00812518, 0.00944477, 0.149662, 1.02311, 

0.000140177, 0.000175437, 0.00300607, 17.3873, 12.2764, 0.126678, 0.0238478, 0.012686, 0.00044624, 0.0959605, 0.0012604, 3.13834e-06, 0.0128379, 0.0017444, 10.8485, 0.0113685, 0.119346, 0.00306403, 0.0686321, 0.0546721, 0.000128567, 1.04393e-06, 15.0413, 5.89205, 0.0564689, 0.00476492, 0.0434835, 0.000708962, 0.0077873, 0.0662812, 0.000139142, 2.66756e-05, 0.00680046, 0.0185606, 0.0300375, 6.14837, 5.15869, 0.035677, 0.00157032, 0.061597, 0.0192372, 0.0244117, 0.0237315, 0.00996635, 0.0125673, 0.00812518, 0.00944477, 0.00126697, 0.149662, 0.149694, 

0.000140177, 0.000175437, 0.00300607, 2.67144, 0.0238478, 0.00044624, 18.7429, 0.000708962, 0.00226151, 0.00476492, 0.0012604, 3.13834e-06, 3.81819, 0.119346, 0.0297438, 0.0546721, 19.9016, 0.00306403, 0.0128379, 0.0185606, 0.000128567, 1.04393e-06, 15.0413, 5.89205, 0.0564689, 0.0434835, 17.7848, 0.0077873, 0.012686, 0.0113685, 0.000139142, 2.66756e-05, 0.00680046, 0.0300375, 6.14837, 0.061597, 15.9193, 0.00157032, 0.0017444, 0.00932059, 0.0192372, 0.0237315, 0.00996635, 0.0125673, 0.00812518, 0.00944477, 0.00126697, 0.0183829, 0.035677, 0.0662812, 

0.000140177, 0.000175437, 2.67144, 18.7429, 0.00476492, 12.2991, 17.9674, 0.012686, 0.0077873, 0.00226151, 0.0012604, 3.13834e-06, 0.0546721, 0.00306403, 0.0128379, 0.0185606, 21.1954, 0.00157032, 0.0297438, 0.061597, 0.000128567, 1.04393e-06, 5.89205, 0.0564689, 0.0434835, 0.748447, 0.0113685, 0.00044624, 0.0338495, 0.0238478, 0.000139142, 2.66756e-05, 0.00680046, 0.0300375, 0.0017444, 0.00932059, 7.66647, 0.035677, 0.000708962, 0.00300607, 0.0192372, 0.00996635, 0.0125673, 0.00812518, 0.00944477, 0.00126697, 0.0183829, 0.0204806, 0.0662812, 0.119346, 

0.000140177, 0.000175437, 0.00476492, 12.2991, 17.9674, 15.8612, 5.23742, 0.00932059, 0.0297438, 0.0238478, 0.0012604, 3.13834e-06, 21.1954, 0.00157032, 0.061597, 5.15352, 1.00993, 0.00306403, 0.00680046, 0.00226151, 0.000128567, 1.04393e-06, 0.0564689, 0.748447, 0.0113685, 0.860366, 19.0125, 0.0077873, 0.0338495, 0.0185606, 0.000139142, 2.66756e-05, 0.0300375, 0.0017444, 7.66647, 0.000708962, 0.00300607, 0.012686, 0.00044624, 0.0128379, 0.0192372, 0.00996635, 0.0125673, 0.00812518, 0.00944477, 0.00126697, 0.0183829, 0.0204806, 0.035677, 0.0434835, 

0.000140177, 0.000175437, 0.00476492, 5.23742, 0.00932059, 0.0238478, 18.621, 0.00306403, 0.0128379, 0.0017444, 0.0012604, 3.13834e-06, 21.1954, 0.00157032, 0.061597, 16.1536, 15.5256, 0.0297438, 0.000708962, 0.0338495, 0.000128567, 1.04393e-06, 0.0564689, 19.0125, 0.0077873, 26.2574, 14.7834, 0.0185606, 0.0113685, 0.035677, 5.94249e-06, 2.66756e-05, 0.0300375, 0.012686, 0.00044624, 6.10293, 2.4268, 0.00680046, 0.00226151, 0.00300607, 0.0192372, 0.00996635, 0.0125673, 0.00812518, 0.00944477, 0.00126697, 0.0183829, 0.0204806, 0.0434835, 0.748447, 

0.000140177, 0.000175437, 5.23742, 0.00932059, 18.621, 0.0017444, 15.3376, 0.0128379, 0.00226151, 0.0238478, 0.000527994, 3.13834e-06, 0.00157032, 1.65648, 0.0338495, 4.44269, 29.1101, 0.0300375, 0.0185606, 0.0297438, 0.000128567, 1.04393e-06, 0.0564689, 0.0077873, 0.60283, 0.035677, 8.74299, 0.00044624, 0.000708962, 0.00306403, 5.94249e-06, 2.66756e-05, 0.012686, 0.994974, 0.00680046, 0.00300607, 0.031602, 0.0113685, 0.00476492, 0.00141867, 0.0192372, 0.00996635, 0.0125673, 0.00812518, 0.00944477, 0.00126697, 0.0183829, 0.00095694, 0.0434835, 0.061597, 

0.000140177, 0.000175437, 9.37273, 0.00226151, 0.0238478, 19.2947, 0.0713779, 0.00141867, 0.0128379, 0.00300607, 0.000527994, 3.13834e-06, 4.44269, 0.0185606, 0.0297438, 20.6214, 21.9113, 0.0113685, 0.00044624, 0.000708962, 0.000128567, 1.04393e-06, 0.0564689, 0.0077873, 0.00306403, 1.54664, 17.8134, 0.0338495, 0.00157032, 0.00476492, 5.94249e-06, 2.66756e-05, 0.012686, 0.994974, 0.00680046, 0.031602, 1.68059, 0.0300375, 0.0017444, 0.00932059, 0.0192372, 0.00996635, 0.0125673, 0.00812518, 0.00944477, 0.00126697, 0.0183829, 0.00095694, 0.035677, 0.0434835, 

0.000140177, 0.000175437, 9.37273, 0.0713779, 0.00141867, 0.0128379, 9.16044, 0.0113685, 0.035677, 0.0017444, 0.000195043, 3.13834e-06, 0.0185606, 0.0297438, 21.9113, 0.00044624, 0.000708962, 0.994974, 0.0238478, 0.00157032, 0.000128567, 1.04393e-06, 0.0564689, 0.0077873, 0.00306403, 17.8134, 0.00476492, 0.0434835, 0.00226151, 0.0234582, 2.28834e-07, 6.20317e-06, 0.00680046, 0.031602, 0.00932059, 22.2002, 19.6851, 0.012686, 0.00300607, 0.0300375, 0.0192372, 0.00996635, 0.0125673, 0.00812518, 0.00944477, 0.00126697, 0.0183829, 0.00095694, 1.54664, 1.68059, 

0.000140177, 0.000175437, 0.0693762, 0.0713779, 0.0017444, 0.0246281, 18.2319, 0.00226151, 0.0113685, 0.00306403, 0.000195043, 3.13834e-06, 0.0185606, 0.00044624, 0.994974, 0.0238478, 0.00157032, 0.00680776, 0.031602, 0.00300607, 0.000128567, 1.04393e-06, 0.0564689, 0.0077873, 0.00476492, 0.0234582, 20.213, 0.0128379, 0.000708962, 0.0300375, 2.28834e-07, 6.20317e-06, 0.00932059, 22.2002, 0.012686, 7.306, 18.44, 0.0297438, 0.00680046, 0.00141867, 0.00996635, 0.0125673, 0.00812518, 0.00944477, 0.00126697, 0.00095694, 0.0112078, 0.0143745, 0.035677, 0.0434835, 

0.000140177, 0.000175437, 0.0713779, 0.0246281, 0.0113685, 4.00639, 15.9572, 0.0238478, 0.000708962, 0.0300375, 3.65487e-05, 3.13834e-06, 0.00044624, 0.994974, 0.00157032, 0.031602, 0.00300607, 0.00680046, 0.00226151, 0.0017444, 0.000128567, 1.04393e-06, 0.0077873, 0.00476492, 20.213, 9.02256, 6.29554, 0.00306403, 0.00141867, 0.00680776, 2.28834e-07, 6.20317e-06, 0.00932059, 1.84364, 0.012686, 0.0297438, 3.89307, 0.0234582, 0.0185606, 0.0128379, 0.00996635, 0.0125673, 0.00812518, 0.00944477, 0.00126697, 0.00095694, 0.0112078, 0.0143745, 0.035677, 0.0434835, 

0.000140177, 0.000175437, 0.0375152, 11.8736, 0.000708962, 0.0300375, 16.5696, 0.0113685, 0.0077873, 0.00476492, 1.87519e-05, 3.13834e-06, 0.994974, 0.00157032, 0.031602, 0.00680046, 0.0017444, 0.00932059, 0.00300607, 0.00108558, 0.000128567, 1.04393e-06, 9.02256, 0.00306403, 0.00680776, 17.0916, 7.63137, 0.00044624, 0.012686, 0.0128379, 2.28834e-07, 6.20317e-06, 0.0297438, 3.89307, 0.0234582, 19.8291, 2.61523, 0.00141867, 0.0185606, 0.00226151, 0.00996635, 0.0125673, 0.00812518, 0.00944477, 0.00126697, 0.00095694, 0.0112078, 0.000536378, 0.0238478, 0.0246281, 

0.000140177, 0.000175437, 8.26879, 0.0300375, 16.0893, 0.0113685, 0.00476492, 0.00226151, 0.0017444, 0.00108558, 1.87519e-05, 3.13834e-06, 0.994974, 0.00157032, 0.031602, 1.22648, 9.11362, 0.00680046, 0.012686, 0.000708962, 0.000128567, 1.04393e-06, 1.03862, 0.00306403, 17.0916, 0.00044624, 0.263252, 0.0077873, 0.0128379, 0.00141867, 2.28834e-07, 1.1538e-07, 3.89307, 0.0234582, 0.0630978, 2.61523, 0.0260218, 0.00680776, 0.00300607, 0.00932059, 0.00996635, 0.00812518, 0.00944477, 0.00126697, 0.00095694, 0.0112078, 0.000536378, 0.0081684, 0.0185606, 0.0238478, 

8.96427e-05, 3.25285e-05, 5.0462, 0.0113685, 0.00476492, 19.7182, 4.50697, 0.0238478, 0.0234582, 0.0185606, 1.87519e-05, 3.13834e-06, 0.994974, 0.00157032, 0.031602, 0.000708962, 20.3323, 0.012686, 0.00108558, 0.0017444, 1.04393e-06, 7.16278e-05, 1.03862, 17.0916, 0.0077873, 0.00141867, 5.50014e-05, 0.0128379, 0.00306403, 0.00680046, 2.28834e-07, 1.1538e-07, 1.98724, 0.0260218, 0.00300607, 0.00932059, 14.4766, 0.00226151, 0.00680776, 0.00044624, 0.00996635, 0.00812518, 0.00944477, 0.00126697, 0.00095694, 0.000536378, 0.0081684, 0.000140177, 0.0300375, 0.0630978, 

8.96427e-05, 3.25285e-05, 5.0462, 19.7182, 4.50697, 0.0238478, 0.0185606, 0.00300607, 0.0234582, 0.00680046, 1.87519e-05, 3.13834e-06, 0.00021798, 0.000708962, 0.00108558, 2.96128, 5.76678, 0.0113685, 0.0260218, 0.0017444, 1.04393e-06, 7.16278e-05, 1.03862, 0.0077873, 5.50014e-05, 0.00306403, 36.3694, 0.00141867, 0.012686, 0.031602, 2.28834e-07, 1.1538e-07, 0.00932059, 3.41756, 0.00226151, 0.00680776, 0.00044624, 0.0300375, 0.0128379, 0.00476492, 0.00996635, 0.00812518, 0.00944477, 0.00126697, 0.00095694, 0.000536378, 0.0081684, 0.000140177, 0.0630978, 0.754436, 

8.31532e-05, 3.25285e-05, 19.7182, 4.50697, 0.0234582, 17.3005, 10.1445, 0.012426, 0.00306403, 0.00680046, 3.30773e-08, 3.13834e-06, 0.00021798, 0.000708962, 0.00108558, 0.0113685, 0.00350495, 0.00476492, 0.0077873, 0.00044624, 1.04393e-06, 7.16278e-05, 1.03862, 5.50014e-05, 9.22885, 0.00141867, 3.76589, 0.00680776, 0.0017444, 0.0128379, 2.28834e-07, 1.1538e-07, 0.00932059, 3.41756, 0.00226151, 8.71295, 7.43194, 0.00300607, 0.012686, 0.0185606, 0.00812518, 0.00944477, 0.00126697, 0.00095694, 0.000536378, 0.0081684, 0.000140177, 0.00416272, 0.0187552, 0.0260218, 

8.31532e-05, 3.25285e-05, 10.1445, 0.012426, 0.00680046, 9.59739, 26.6083, 0.0113685, 0.000708962, 0.0017444, 3.30773e-08, 3.13834e-06, 0.00021798, 0.00108558, 0.00476492, 0.00044624, 7.24587e-05, 0.00147938, 0.0234582, 0.00350495, 1.04393e-06, 7.16278e-05, 9.22885, 0.00141867, 0.00680776, 0.0128379, 1.62544, 0.00306403, 0.012686, 5.50014e-05, 2.184e-07, 1.1538e-07, 0.00226151, 7.43194, 0.00300607, 0.0185606, 5.49481, 0.0187552, 0.00932059, 0.0077873, 0.00812518, 0.00126697, 0.00095694, 0.000536378, 0.000140177, 0.00416272, 0.000558907, 0.00332726, 0.0260218, 1.03862, 

Best:
1.29123e-05	

Fitness Evaluations:
3423

End Population
(-6.474074e-04), (-4.049208e-04), (1.228223e+00), (7.914938e-03), (-5.855061e-03), (2.927161e+00), (3.703270e+00), (-7.570609e-03), (-1.890391e-03), (-2.965292e-03), (1.291228e-05), (-1.257730e-04), (1.048207e-03), (2.339228e-03), (-4.900975e-03), (1.499767e-03), (6.043428e-04), (2.730753e-03), (-1.087600e-02), (-4.203310e-03), (-7.253926e-05), (6.008677e-04), (2.158628e+00), (-2.674134e-03), (5.858203e-03), (-8.045101e-03), (-9.381653e-01), (-3.930023e-03), (7.997355e-03), (5.265320e-04), (-3.317904e-05), (-2.411587e-05), (-3.376331e-03), (-8.020315e-01), (3.892672e-03), (9.673868e-03), (2.077989e+00), (-9.724470e-03), (6.854771e-03), (-6.265549e-03), (6.400052e-03), (-2.527115e-03), (-2.196259e-03), (1.644278e-03), (8.405763e-04), (-4.580800e-03), (1.678455e-03), (4.095370e-03), (-1.145512e-02), (-1.009795e+00), 