Iterations: 50
Function Evaluations Limit: 150000
Population: 50

Prides Length: 4

Percent Nomads: 0.2
Percent Roaming: 0.2
Percent Sex: 0.8

Mating Rate: 0.3
Mutation Probability: 0.2
Immigration Rate: 0.4

Dimensions: 1
N-Dimension Space: -6.28319:6.28319

Fitness Iterations:
0.688478
32.1613, 22.1321, 12.2389, 36.9316, 38.3562, 5.17358, 37.0629, 5.82476, 39.6791, 24.029, 22.4438, 18.1533, 4.87998, 15.4562, 36.803, 1.91747, 43.9669, 36.4554, 44.3233, 26.1119, 13.4104, 13.7642, 26.1429, 37.4166, 26.7653, 36.5221, 50.316, 31.1953, 18.4804, 25.9768, 36.0868, 3.59766, 23.4382, 25.1372, 33.6713, 25.9358, 11.4213, 19.2267, 41.8318, 32.7366, 22.2956, 5.23836, 16.3696, 6.84722, 0.688478, 4.93625, 37.5675, 3.05791, 37.2859, 4.2313, 

1.17494, 4.9187, 12.2389, 38.3562, 37.0629, 34.9578, 25.8782, 2.3699, 22.443, 4.2313, 3.05791, 3.0357, 4.22625, 2.34406, 44.3233, 7.67676, 17.3765, 18.1454, 5.82476, 4.69029, 0.688478, 5.95348, 37.4166, 26.3417, 2.64719, 16.0065, 21.1572, 5.17358, 14.4507, 1.91747, 6.09211, 3.59766, 13.7107, 25.1372, 20.7894, 23.1137, 6.16452, 0.57789, 0.901906, 21.831, 8.12801, 6.43128, 6.84722, 5.23836, 4.93625, 10.0981, 3.77055, 8.95534, 24.029, 25.8653, 

1.17494, 3.77055, 12.2389, 38.3562, 37.0629, 18.7124, 38.9923, 5.82476, 7.93058, 2.64719, 3.05791, 3.0357, 2.34406, 30.048, 7.67676, 17.3765, 19.2284, 4.69029, 1.27139, 4.22625, 0.688478, 4.93625, 7.95208, 19.6356, 5.17358, 1.45707, 5.14274, 14.4507, 12.297, 0.901906, 4.9187, 3.59766, 13.7107, 10.1172, 1.33897, 0.57789, 0.0141003, 12.6781, 3.98271, 3.95901, 6.43128, 5.23836, 5.95348, 4.18705, 6.09211, 5.95102, 5.39831, 6.42973, 16.0065, 16.9788, 

1.17494, 3.05791, 10.3686, 38.9923, 5.82476, 25.9378, 16.962, 0.355798, 0.57789, 2.80307, 3.0357, 2.66098, 2.34406, 0.608192, 19.2284, 4.69029, 1.27139, 7.93058, 2.69994, 5.14274, 0.688478, 3.98127, 19.6356, 5.17358, 12.297, 0.901906, 20.1126, 0.0523005, 3.95901, 1.01245, 3.59766, 1.52076, 13.7107, 10.1172, 5.00883, 3.98271, 1.56478, 2.64719, 1.34815, 0.0141003, 5.23836, 5.95348, 4.18705, 5.95102, 5.39831, 3.77055, 4.93625, 4.9187, 7.95208, 8.4435, 

1.17494, 3.05791, 4.07435, 16.962, 0.355798, 0.36659, 2.80307, 2.69994, 4.03422, 0.000929632, 0.302063, 0.00161563, 19.2284, 1.27139, 7.93058, 5.14274, 23.6684, 4.69029, 1.01245, 3.98271, 0.688478, 3.77055, 5.24936, 5.17358, 0.0523005, 3.95901, 20.1033, 1.56478, 6.91881, 0.901906, 3.59766, 1.52076, 5.00883, 1.34815, 0.0141003, 16.8418, 16.6044, 2.64719, 0.384012, 2.34406, 5.23836, 4.18705, 2.70137, 3.98127, 4.93625, 4.9187, 4.30179, 3.0357, 7.95208, 8.4435, 

1.17494, 1.8031, 4.07435, 2.80307, 4.03422, 0.000929632, 26.6581, 2.18827, 2.34406, 1.20875, 0.302063, 0.00161563, 7.93058, 4.15547, 23.6684, 3.98271, 19.0787, 1.12317, 0.901906, 0.0523005, 0.688478, 2.70137, 5.17358, 3.95901, 20.1033, 1.56478, 16.1625, 1.34815, 0.000395537, 1.01245, 0.000952056, 0.0513401, 0.0141003, 2.64719, 0.384012, 15.2587, 0.0313723, 2.69994, 0.355798, 1.27139, 4.18705, 3.77055, 3.98127, 4.9187, 4.30179, 3.0357, 3.05791, 0.289476, 4.69029, 5.00883, 

1.17494, 1.8031, 2.80307, 4.03422, 0.000929632, 2.34406, 1.20875, 2.64719, 0.901906, 2.55022, 0.0848092, 0.00161563, 7.93058, 23.6684, 1.12317, 0.0523005, 21.1725, 2.69994, 4.15547, 2.18827, 0.688478, 1.43776, 0.449154, 1.56478, 16.1625, 0.000395537, 3.96866, 1.01245, 1.34815, 0.0141003, 0.000952056, 0.0107774, 0.384012, 15.2587, 0.355798, 1.27139, 3.98208, 3.98271, 0.0313723, 4.07435, 4.18705, 3.77055, 3.98127, 3.0357, 2.70137, 0.289476, 3.72286, 3.28158, 4.69029, 5.00883, 

0.0150856, 1.12146, 0.000929632, 2.64719, 0.901906, 8.83963, 19.6006, 0.0141003, 1.20875, 0.355798, 0.00161563, 0.0105818, 23.6684, 1.12317, 4.15547, 2.18827, 7.60006, 1.14691, 0.00412455, 1.01245, 0.0848092, 0.0285493, 0.449154, 1.56478, 1.34815, 0.0696737, 15.2987, 1.27139, 0.00172116, 0.384012, 0.000952056, 0.0107774, 10.7229, 3.98208, 3.98271, 0.0313723, 11.8459, 0.000395537, 2.34406, 0.0523005, 3.0357, 2.70137, 0.688478, 1.8549, 0.289476, 2.76073, 1.43776, 1.8031, 2.55022, 3.65169, 

0.00621522, 0.0146924, 0.000929632, 2.64719, 19.6006, 0.0141003, 0.355798, 0.0523005, 1.27139, 0.00412455, 0.00161563, 0.0105818, 4.81468, 1.12317, 2.18827, 1.14691, 1.01245, 1.56478, 0.901906, 3.65169, 0.0848092, 0.0285493, 0.449154, 0.0696737, 0.00172116, 20.2359, 12.7116, 0.384012, 1.20875, 0.0313723, 0.000952056, 0.0107774, 3.98271, 11.8459, 0.000395537, 2.34406, 1.05392, 0.0144856, 2.55022, 1.34815, 2.70137, 0.688478, 1.8549, 0.289476, 1.43776, 0.487026, 1.01277, 0.0150856, 3.98208, 4.15547, 

0.00621522, 0.0146924, 0.000929632, 0.355798, 0.0523005, 1.27139, 17.701, 0.0530011, 0.0313723, 0.0144856, 0.00161563, 0.0105818, 4.81468, 1.14691, 1.56478, 0.901906, 6.78556, 0.0141003, 1.12317, 0.449154, 0.0275242, 0.0285493, 0.00172116, 20.2359, 12.7116, 0.384012, 11.1563, 0.0696737, 0.000395537, 1.01245, 0.000952056, 0.0107774, 3.98271, 2.34406, 2.55022, 10.6209, 1.57908, 0.00412455, 1.11608, 1.05392, 0.688478, 1.8549, 0.289476, 1.43776, 0.487026, 1.01277, 0.0150856, 0.0410976, 1.20875, 1.34815, 

0.00621522, 0.0099721, 0.000929632, 0.0523005, 1.27139, 0.0313723, 8.23217, 0.0144856, 0.000395537, 0.0530011, 0.00161563, 0.0105818, 1.14691, 0.901906, 0.449154, 6.30866, 4.55309, 0.384012, 1.56478, 0.0141003, 0.0150856, 0.0285493, 0.00172116, 12.7116, 0.0696737, 1.01245, 9.02128, 1.20875, 1.25543, 1.34815, 0.000952056, 0.0107774, 2.34406, 1.57908, 0.00412455, 1.05392, 5.08845, 1.11608, 1.12317, 0.355798, 0.688478, 1.8549, 0.289476, 1.43776, 0.487026, 1.01277, 0.0275242, 0.0410976, 2.55022, 4.81468, 

0.00621522, 0.00534028, 0.000929632, 8.23217, 0.0144856, 0.0530011, 11.9724, 0.0141003, 1.14691, 0.00412455, 0.00161563, 5.15209e-05, 0.901906, 0.449154, 3.23198, 0.384012, 1.56478, 0.0313723, 1.01245, 1.12317, 0.00917944, 0.00036746, 0.00172116, 0.0696737, 1.25543, 1.34815, 17.0874, 0.0257301, 0.355798, 0.0523005, 0.000952056, 0.0107774, 1.57908, 1.05392, 1.11608, 25.0349, 23.7155, 1.20875, 0.6474, 0.000395537, 0.0130546, 0.289476, 0.487026, 1.01277, 0.0275242, 0.0410976, 1.04917, 0.0150856, 1.27139, 2.34406, 

0.00621522, 0.00534028, 0.000929632, 1.28287, 0.0141003, 9.68338, 1.09822, 1.14691, 0.384012, 1.00692, 0.00161563, 5.15209e-05, 0.901906, 0.449154, 0.0313723, 1.01245, 0.172043, 0.0530011, 0.00172116, 0.00412455, 0.00451351, 0.00036746, 0.0696737, 1.25543, 0.00023191, 0.0300677, 19.2038, 1.12317, 0.0144856, 1.11608, 0.000952056, 0.0107774, 1.57908, 4.19031, 1.20875, 0.6474, 0.000395537, 1.05392, 0.355798, 0.0523005, 0.0130546, 0.289476, 0.487026, 0.0275242, 0.0410976, 0.0150856, 0.326466, 0.0212125, 1.19172, 1.27139, 

0.000737745, 0.00534028, 0.604955, 1.14691, 0.384012, 1.00692, 0.370324, 0.0696737, 0.00412455, 0.0523005, 0.00161563, 5.15209e-05, 0.901906, 0.0313723, 1.01245, 0.000549147, 0.0530011, 0.000395537, 0.00172116, 0.0141003, 0.00451351, 0.00036746, 0.00023191, 0.0300677, 19.2038, 1.12317, 1.11608, 1.19172, 0.0144856, 0.000929632, 0.000952056, 0.0017587, 1.20875, 0.6474, 1.05392, 0.355798, 20.126, 0.00840196, 0.449154, 1.09822, 0.0130546, 0.289476, 0.0275242, 0.0410976, 0.0150856, 0.326466, 0.0212125, 0.00919293, 1.20816, 1.25543, 

0.000737745, 0.00367887, 1.00692, 0.370324, 0.00412455, 0.0523005, 11.0899, 0.449154, 0.000549147, 0.0144856, 0.00147757, 5.15209e-05, 0.901906, 1.01245, 0.0530011, 0.000395537, 4.28818, 0.6474, 0.00840196, 0.0696737, 0.00451351, 0.00036746, 0.0300677, 1.12317, 1.11608, 0.000929632, 13.5705, 0.604955, 0.0313723, 0.0141003, 0.000952056, 0.0017587, 1.13463, 0.355798, 1.09822, 12.4621, 19.9646, 0.00023191, 0.384012, 0.00172116, 0.0130546, 0.289476, 0.0275242, 0.0410976, 0.0150856, 0.326466, 0.0212125, 0.00919293, 1.05392, 1.14691, 

0.000737745, 0.00367887, 0.370324, 0.0523005, 0.000549147, 0.0144856, 2.16538, 0.0313723, 1.00692, 0.449154, 0.00147757, 5.15209e-05, 1.01245, 4.28818, 0.6474, 14.6666, 4.95268, 0.0696737, 0.0530011, 0.00412455, 0.00451351, 0.00036746, 0.0300677, 1.11608, 0.000929632, 0.0141003, 16.7398, 0.00840196, 0.00172116, 0.00023191, 0.000952056, 0.0017587, 0.355798, 1.09822, 19.9646, 0.384012, 11.8093, 0.000395537, 0.00201682, 0.901906, 0.0130546, 0.289476, 0.0275242, 0.0410976, 0.0150856, 0.326466, 0.0212125, 0.00919293, 1.05392, 1.12317, 

0.000737745, 0.00367887, 0.370324, 0.0523005, 0.0144856, 2.16538, 0.0313723, 1.00692, 0.00201682, 0.0141003, 0.00147757, 5.15209e-05, 14.6666, 4.95268, 0.0696737, 0.0530011, 26.379, 0.00614958, 0.000395537, 0.449154, 0.00451351, 0.00036746, 0.0300677, 1.11608, 0.000929632, 0.00840196, 10.0781, 0.00412455, 0.6474, 1.01245, 8.9433e-05, 5.2422e-07, 0.355798, 0.384012, 11.8093, 0.901906, 16.3534, 0.00172116, 0.000549147, 0.00023191, 0.0130546, 0.289476, 0.0275242, 0.0410976, 0.0150856, 0.0212125, 0.00919293, 0.0190925, 1.05392, 1.09822, 

0.000737745, 0.00367887, 0.0523005, 0.0313723, 1.00692, 0.00201682, 19.3786, 0.000395537, 8.54264e-05, 0.000549147, 0.00147757, 5.15209e-05, 0.0530011, 0.00614958, 0.449154, 1.00216, 22.0912, 1.01245, 0.00023191, 0.0144856, 0.00451351, 0.00036746, 1.11608, 0.00840196, 10.0781, 0.6474, 17.7991, 0.0141003, 0.00172116, 0.000929632, 8.9433e-05, 5.2422e-07, 0.355798, 0.384012, 0.901906, 16.3534, 0.148459, 0.00412455, 0.0300677, 0.0696737, 0.0130546, 0.0275242, 0.0410976, 0.0150856, 0.0212125, 0.00919293, 0.0190925, 0.0764224, 1.05392, 1.09822, 

0.000316944, 3.53005e-07, 0.0313723, 3.41473, 8.54264e-05, 0.000549147, 15.2854, 0.384012, 0.0530011, 0.0300677, 0.00147757, 5.15209e-05, 0.00614958, 1.00216, 0.00023191, 0.0144856, 22.2228, 0.449154, 1.00692, 0.355798, 0.00451351, 0.00036746, 0.6474, 0.0141003, 0.00172116, 0.000929632, 7.87782, 0.00201682, 0.148459, 0.00840196, 8.9433e-05, 5.2422e-07, 0.901906, 16.3534, 0.0696737, 0.0129968, 6.65026, 0.000395537, 0.00412455, 0.0523005, 0.0130546, 0.0275242, 0.0410976, 0.0150856, 0.0212125, 0.00919293, 0.0190925, 0.0227375, 1.01245, 1.05392, 

8.98451e-05, 3.53005e-07, 0.0313723, 3.41473, 0.000549147, 0.384012, 0.0530011, 0.0806888, 0.000395537, 0.000929632, 0.00147757, 5.15209e-05, 0.00023191, 22.2228, 0.449154, 1.00692, 0.355798, 0.0144856, 0.00614958, 0.0696737, 0.0007328, 0.00036746, 0.00172116, 0.00201682, 0.148459, 0.00840196, 0.0350035, 0.6474, 0.0129968, 8.54264e-05, 8.9433e-05, 5.2422e-07, 16.3534, 4.43246, 0.00412455, 16.692, 15.8273, 0.0523005, 0.0141003, 0.0300677, 0.0130546, 0.0275242, 0.0150856, 0.0212125, 0.00919293, 0.0190925, 0.0227375, 0.0408841, 0.901906, 1.00216, 

8.98451e-05, 3.53005e-07, 0.0313723, 0.000549147, 0.0806888, 0.000929632, 1.06882, 0.00840196, 7.52985e-05, 0.148459, 0.000587021, 5.15209e-05, 0.00023191, 0.449154, 1.00692, 0.355798, 0.00614958, 0.00201682, 0.0350035, 0.0696737, 8.02316e-05, 0.00036746, 0.00172116, 0.6474, 8.54264e-05, 13.892, 17.5016, 0.0144856, 0.0523005, 0.901906, 8.9433e-05, 5.2422e-07, 0.00412455, 0.0141003, 0.0300677, 25.8361, 32.2834, 0.0129968, 0.0530011, 0.384012, 0.0130546, 0.0275242, 0.0150856, 0.0212125, 0.00919293, 0.0190925, 0.0227375, 0.00313022, 1.00216, 3.41473, 

8.98451e-05, 3.53005e-07, 0.000549147, 0.0806888, 7.52985e-05, 10.3987, 6.68964, 0.0350035, 0.0313723, 0.449154, 0.000587021, 5.15209e-05, 0.00023191, 1.00692, 0.355798, 0.0696737, 9.809, 0.0530011, 0.0144856, 0.00614958, 2.9559e-05, 0.00036746, 0.00172116, 0.6474, 8.54264e-05, 0.0523005, 1.83019, 0.000929632, 0.00840196, 0.0300677, 2.39563e-05, 5.2422e-07, 0.00412455, 0.0141003, 25.8361, 0.0129968, 5.33028, 0.384012, 0.00201682, 0.148459, 0.0130546, 0.0275242, 0.0150856, 0.0212125, 0.00919293, 0.0190925, 0.0227375, 0.00313022, 0.901906, 1.00216, 

8.98451e-05, 3.53005e-07, 7.52985e-05, 10.3987, 1.29229, 0.0350035, 16.6459, 0.00614958, 0.384012, 0.0144856, 0.000587021, 5.15209e-05, 0.00023191, 0.355798, 0.0696737, 9.809, 4.26143, 0.0300677, 0.0530011, 0.0313723, 2.9559e-05, 1.74875e-06, 0.00172116, 8.54264e-05, 0.0523005, 0.000929632, 20.2817, 0.000549147, 0.00840196, 0.0129968, 1.57719e-05, 5.2422e-07, 0.00412455, 7.43631, 0.00201682, 5.84268, 7.62336, 0.0806888, 0.0134188, 0.148459, 0.0130546, 0.0275242, 0.0150856, 0.0212125, 0.00919293, 0.0190925, 0.0227375, 0.00313022, 0.449154, 0.6474, 

8.98451e-05, 3.53005e-07, 7.52985e-05, 16.6459, 0.384012, 0.0144856, 11.7802, 0.000549147, 0.0530011, 0.00614958, 0.000587021, 5.15209e-05, 0.355798, 0.0696737, 4.26143, 0.0300677, 10.6238, 0.00023191, 0.449154, 0.0350035, 2.9559e-05, 1.74875e-06, 0.00172116, 8.54264e-05, 0.0523005, 0.00840196, 16.4043, 0.6474, 0.148459, 0.000929632, 1.57719e-05, 5.2422e-07, 0.00412455, 0.00201682, 0.0134188, 0.000398448, 9.6431, 0.0806888, 0.0129968, 0.0313723, 0.0130546, 0.0150856, 0.0212125, 0.00919293, 0.0190925, 0.0227375, 0.00313022, 0.00210557, 1.29229, 5.84268, 

3.53005e-07, 1.83329e-05, 16.6459, 0.000549147, 0.0530011, 2.48993e-05, 22.6888, 0.0696737, 0.00840196, 0.00023191, 8.98451e-05, 5.15209e-05, 4.26143, 10.6238, 0.0350035, 25.8087, 2.96522, 0.00614958, 0.0103148, 0.0129968, 2.9559e-05, 1.74875e-06, 0.00172116, 8.54264e-05, 15.0877, 0.000929632, 20.1156, 0.0134188, 0.0144856, 0.0300677, 1.10613e-05, 5.2422e-07, 0.00412455, 0.000398448, 9.6431, 0.0313723, 13.4714, 0.0523005, 0.00201682, 7.52985e-05, 0.0130546, 0.0150856, 0.0212125, 0.00919293, 0.0190925, 0.00313022, 0.00210557, 0.000587021, 0.0806888, 0.148459, 

3.53005e-07, 7.54159e-07, 0.0530011, 2.48993e-05, 0.0696737, 15.1485, 17.5695, 0.000929632, 0.0144856, 0.0103148, 8.98451e-05, 5.15209e-05, 4.26143, 25.8087, 2.96522, 0.00614958, 31.7395, 0.00023191, 0.0300677, 0.000549147, 2.9559e-05, 1.74875e-06, 0.00172116, 15.0877, 20.1156, 0.0134188, 3.29209, 8.54264e-05, 0.00840196, 0.0350035, 2.08921e-07, 5.2422e-07, 0.000398448, 0.0313723, 0.0523005, 0.00201682, 7.52985e-05, 0.0806888, 0.0129968, 0.00412455, 0.0130546, 0.0150856, 0.0212125, 0.00919293, 0.0190925, 0.00313022, 0.00210557, 0.000587021, 0.148459, 9.6431, 

3.53005e-07, 7.54159e-07, 0.0530011, 2.48993e-05, 0.0696737, 15.1485, 14.8097, 0.00201682, 8.54264e-05, 0.0300677, 8.98451e-05, 5.15209e-05, 25.8087, 2.96522, 0.00614958, 0.000549147, 9.63123, 0.0144856, 0.000929632, 0.0129968, 1.67393e-07, 1.74875e-06, 15.0877, 0.0134188, 0.00840196, 15.65, 25.3331, 0.00023191, 0.00172116, 0.00412455, 2.08921e-07, 9.05216e-08, 0.000398448, 0.0313723, 7.52985e-05, 0.0806888, 6.68273, 0.0103148, 7.38596e-06, 0.0350035, 0.0130546, 0.0150856, 0.00919293, 0.0190925, 0.00313022, 0.00210557, 0.000587021, 0.00299247, 0.0523005, 0.148459, 

3.53005e-07, 7.54159e-07, 0.0530011, 14.8097, 8.54264e-05, 2.13963e-05, 8.25095, 0.0523005, 0.00412455, 0.0696737, 1.50991e-05, 5.15209e-05, 2.96522, 9.63123, 0.0144856, 0.0129968, 21.3333, 0.0103148, 0.000549147, 0.0300677, 1.67393e-07, 1.74875e-06, 0.0134188, 0.00840196, 25.3331, 0.00023191, 3.35206, 0.00614958, 2.48993e-05, 0.000929632, 2.08921e-07, 9.05216e-08, 0.000398448, 0.0313723, 7.52985e-05, 7.38596e-06, 7.33702, 0.00172116, 0.00201682, 0.0350035, 0.0130546, 0.0150856, 0.00919293, 0.00313022, 0.00210557, 0.000587021, 0.00299247, 8.98451e-05, 0.0806888, 0.148459, 

3.53005e-07, 7.54159e-07, 14.8097, 8.54264e-05, 2.13963e-05, 0.0298646, 18.9662, 0.0129968, 0.0523005, 0.0300677, 1.50991e-05, 5.15209e-05, 2.96522, 0.0144856, 0.0103148, 0.000549147, 2.04454, 0.0350035, 7.38596e-06, 0.00412455, 1.67393e-07, 1.74875e-06, 0.0134188, 11.0576, 0.00023191, 2.48993e-05, 8.7991, 0.000929632, 0.000816533, 0.00614958, 2.08921e-07, 9.05216e-08, 0.000398448, 0.0313723, 7.52985e-05, 7.33702, 0.00172116, 0.0530011, 0.00840196, 0.00201682, 0.00919293, 0.00313022, 0.00210557, 0.000587021, 0.00299247, 8.98451e-05, 0.00848523, 0.00257178, 0.0696737, 0.0806888, 

3.53005e-07, 7.54159e-07, 2.13963e-05, 0.000278403, 0.0129968, 22.9363, 17.5174, 0.0144856, 0.0696737, 2.48993e-05, 1.50991e-05, 5.15209e-05, 0.0103148, 0.000549147, 0.0350035, 0.00412455, 10.8586, 0.0806888, 0.0300677, 0.000929632, 1.67393e-07, 1.74875e-06, 0.0134188, 11.0576, 8.7991, 0.000816533, 0.00614958, 8.54264e-05, 0.00840196, 0.00023191, 2.08921e-07, 9.05216e-08, 0.0313723, 7.52985e-05, 0.00172116, 0.0530011, 0.00201682, 7.38596e-06, 0.000398448, 0.0523005, 0.00919293, 0.00313022, 0.00210557, 0.000587021, 0.00299247, 8.98451e-05, 0.00848523, 0.00257178, 0.135586, 0.348216, 

3.53005e-07, 7.54159e-07, 2.13963e-05, 0.0129968, 5.41339, 1.15942, 0.0696737, 0.000278403, 0.0300677, 0.000398448, 1.50991e-05, 4.38331e-05, 0.000549147, 0.0350035, 0.00412455, 10.8586, 0.000380908, 0.00614958, 0.0103148, 8.54264e-05, 1.67393e-07, 2.69959e-07, 0.000816533, 0.00840196, 0.00023191, 14.7024, 22.5533, 0.00201682, 0.000929632, 7.38596e-06, 2.08921e-07, 9.05216e-08, 7.52985e-05, 0.00172116, 0.0530011, 0.0523005, 0.000168002, 0.0144856, 0.0134188, 2.48993e-05, 0.00313022, 0.00210557, 0.000587021, 0.00299247, 8.98451e-05, 0.00257178, 0.00140848, 5.15209e-05, 0.0313723, 0.0806888, 

3.53005e-07, 7.54159e-07, 2.13963e-05, 0.0129968, 5.41339, 0.0300677, 8.15844, 0.0103148, 0.00614958, 0.0134188, 1.50991e-05, 4.38331e-05, 0.000549147, 0.0350035, 0.00412455, 0.000380908, 8.79202, 0.000168002, 0.00023191, 7.38596e-06, 1.67393e-07, 2.69959e-07, 0.000816533, 14.7024, 1.27769, 0.00201682, 4.37018, 0.00840196, 2.48993e-05, 0.000929632, 2.08921e-07, 9.05216e-08, 7.52985e-05, 0.00172116, 0.0144856, 14.6265, 10.6436, 0.000398448, 8.54264e-05, 0.000278403, 0.00313022, 0.00210557, 0.000587021, 0.00299247, 8.98451e-05, 0.00257178, 0.00140848, 5.15209e-05, 0.0313723, 0.0523005, 

3.53005e-07, 7.54159e-07, 8.15844, 0.0103148, 0.00614958, 20.1368, 17.2646, 0.0129968, 0.000380908, 0.0144856, 1.50991e-05, 4.38331e-05, 0.000549147, 0.000168002, 0.00023191, 7.38596e-06, 16.9193, 0.000929632, 0.00201682, 0.00172116, 1.67393e-07, 2.69959e-07, 0.000816533, 14.7024, 1.27769, 4.37018, 2.48993e-05, 0.0254881, 0.00412455, 0.0134188, 2.08921e-07, 9.05216e-08, 7.52985e-05, 10.6436, 8.54264e-05, 0.000278403, 16.7232, 0.00840196, 2.13963e-05, 0.000398448, 0.00313022, 0.00210557, 0.000587021, 0.00299247, 8.98451e-05, 0.00257178, 0.00140848, 5.15209e-05, 0.0313723, 0.0350035, 

3.53005e-07, 7.54159e-07, 0.0103148, 0.00614958, 8.96103, 25.8755, 19.2788, 0.0129968, 7.38596e-06, 0.000278403, 1.6525e-06, 4.38331e-05, 0.000168002, 0.00023191, 16.1086, 0.00201682, 25.4824, 0.00172116, 0.0134188, 0.000549147, 1.67393e-07, 2.69959e-07, 1.51249, 1.00419, 4.37018, 0.0254881, 0.00412455, 0.00840196, 0.000816533, 0.000929632, 2.08921e-07, 9.05216e-08, 8.54264e-05, 2.13963e-05, 0.000398448, 2.97023, 14.3778, 2.48993e-05, 7.52985e-05, 0.000380908, 0.00313022, 0.00210557, 0.000587021, 0.00299247, 8.98451e-05, 0.00257178, 0.00140848, 5.15209e-05, 0.0144856, 0.0313723, 

3.53005e-07, 7.54159e-07, 8.96103, 18.4523, 5.11523, 7.38596e-06, 37.4583, 0.000929632, 0.000278403, 0.000398448, 1.6525e-06, 4.94354e-06, 16.1086, 25.4824, 0.00172116, 26.2807, 16.4573, 0.00023191, 0.000816533, 0.000380908, 1.67393e-07, 2.69959e-07, 1.51249, 4.37018, 0.00412455, 15.0745, 3.74726, 0.000549147, 0.00614958, 0.00201682, 4.80302e-08, 9.05216e-08, 2.13963e-05, 2.97023, 14.3778, 7.52985e-05, 4.76567e-06, 2.48993e-05, 0.000168002, 8.54264e-05, 0.00210557, 0.000587021, 0.00299247, 8.98451e-05, 0.00257178, 0.00140848, 5.15209e-05, 4.38331e-05, 0.00840196, 0.0103148, 

3.53005e-07, 7.54159e-07, 18.4523, 37.4583, 0.000278403, 25.5893, 11.3289, 7.38596e-06, 2.13963e-05, 7.52985e-05, 1.6525e-06, 4.94354e-06, 25.4824, 26.2807, 16.4573, 0.000380908, 0.325669, 0.00172116, 0.000929632, 2.48993e-05, 1.67393e-07, 2.69959e-07, 1.51249, 4.37018, 3.74726, 0.00614958, 10.3412, 0.000398448, 0.000549147, 0.00201682, 4.80302e-08, 9.05216e-08, 14.3778, 2.75898e-06, 0.000168002, 8.54264e-05, 9.74249e-07, 0.000816533, 0.00023191, 0.00412455, 0.00210557, 0.000587021, 8.98451e-05, 0.00257178, 0.00140848, 5.15209e-05, 4.38331e-05, 8.7234e-07, 0.00840196, 0.0103148, 

3.53005e-07, 7.54159e-07, 9.07773, 16.1143, 0.000278403, 7.52985e-05, 11.1241, 9.74249e-07, 0.00023191, 0.000380908, 8.7234e-07, 4.94354e-06, 26.2807, 16.4573, 0.325669, 2.48993e-05, 0.000280986, 0.00614958, 2.75898e-06, 0.00412455, 1.67393e-07, 2.69959e-07, 3.74726, 9.48829, 0.000549147, 20.1738, 1.57243, 0.000929632, 2.13963e-05, 0.00201682, 4.80302e-08, 9.05216e-08, 8.76083, 0.000168002, 8.54264e-05, 0.000816533, 10.2093, 0.00103942, 0.000398448, 7.38596e-06, 0.00210557, 0.000587021, 8.98451e-05, 0.00257178, 0.00140848, 5.15209e-05, 4.38331e-05, 1.6525e-06, 0.00790552, 0.00840196, 

3.53005e-07, 7.54159e-07, 9.07773, 0.000278403, 7.52985e-05, 17.4944, 19.735, 2.48993e-05, 0.000280986, 0.00023191, 8.7234e-07, 1.6525e-06, 26.2807, 0.325669, 2.75898e-06, 0.00412455, 4.85329, 0.000380908, 0.000168002, 0.000929632, 1.67393e-07, 2.69959e-07, 0.000549147, 20.1738, 1.57243, 0.00201682, 3.23072, 9.74249e-07, 2.13963e-05, 7.38596e-06, 4.80302e-08, 9.05216e-08, 8.54264e-05, 0.000816533, 10.2093, 3.06171, 9.39928, 0.000398448, 0.00103942, 0.00614958, 0.00210557, 0.000587021, 8.98451e-05, 0.00257178, 0.00140848, 5.15209e-05, 4.38331e-05, 4.94354e-06, 0.00790552, 0.00840196, 

3.53005e-07, 7.54159e-07, 7.52985e-05, 2.48993e-05, 0.00023191, 12.7623, 29.1923, 2.75898e-06, 9.74249e-07, 0.00840196, 8.7234e-07, 1.6525e-06, 0.00412455, 0.000380908, 0.000168002, 18.5842, 7.97853, 0.325669, 0.00103942, 0.000280986, 1.67393e-07, 2.69959e-07, 0.000549147, 20.1738, 0.00201682, 3.23072, 14.4879, 0.000278403, 0.000816533, 7.38596e-06, 4.80302e-08, 9.05216e-08, 8.54264e-05, 5.90069, 0.000398448, 0.00614958, 26.2469, 0.00790552, 2.13963e-05, 0.000929632, 0.00210557, 0.000587021, 8.98451e-05, 0.00257178, 0.00140848, 5.15209e-05, 4.38331e-05, 4.94354e-06, 1.01599, 1.31951, 

3.53005e-07, 7.54159e-07, 0.00023191, 9.74249e-07, 0.00840196, 1.22925e-06, 1.12555, 2.48993e-05, 0.00103942, 0.325669, 8.7234e-07, 1.6525e-06, 0.000380908, 0.000168002, 18.5842, 0.000280986, 23.0888, 7.38596e-06, 2.75898e-06, 7.52985e-05, 1.67393e-07, 3.23842e-09, 1.72548, 0.000342191, 3.23072, 0.000278403, 0.000816533, 0.000929632, 1.01599, 0.00614958, 4.80302e-08, 9.05216e-08, 8.54264e-05, 0.000398448, 20.8532, 0.00790552, 2.13963e-05, 0.000549147, 1.31951, 0.00412455, 0.00210557, 0.000587021, 8.98451e-05, 0.00257178, 0.00140848, 5.15209e-05, 4.38331e-05, 4.94354e-06, 3.45071, 5.90069, 

3.53005e-07, 7.54159e-07, 0.00023191, 1.22925e-06, 1.12555, 19.4488, 1.46201, 0.000816533, 2.75898e-06, 0.000398448, 8.7234e-07, 1.6525e-06, 0.000380908, 0.000168002, 18.5842, 1.04023, 17.7937, 9.74249e-07, 2.13963e-05, 0.000549147, 1.67393e-07, 3.23842e-09, 0.276919, 0.000278403, 0.000929632, 0.00614958, 9.32176, 2.48993e-05, 0.00103942, 7.38596e-06, 4.80302e-08, 9.05216e-08, 8.54264e-05, 6.28607, 0.00790552, 2.87715, 19.5263, 7.52985e-05, 0.000342191, 0.000280986, 0.00210557, 0.000587021, 8.98451e-05, 0.00257178, 0.00140848, 5.15209e-05, 4.38331e-05, 4.94354e-06, 0.00412455, 0.00840196, 

3.53005e-07, 7.54159e-07, 1.22925e-06, 19.4488, 1.46201, 18.1675, 19.7642, 2.53181e-05, 2.75898e-06, 7.38596e-06, 8.7234e-07, 1.6525e-06, 0.000380908, 18.5842, 2.13963e-05, 0.000549147, 22.2536, 9.74249e-07, 0.000398448, 0.000342191, 1.67393e-07, 3.23842e-09, 0.276919, 0.000278403, 0.00614958, 46.042, 0.996569, 2.48993e-05, 0.000816533, 7.52985e-05, 4.80302e-08, 9.05216e-08, 6.28607, 0.00790552, 2.87715, 0.000280986, 8.39657, 0.000168002, 0.00023191, 8.54264e-05, 0.00210557, 0.000587021, 8.98451e-05, 0.00140848, 5.15209e-05, 4.38331e-05, 4.94354e-06, 0.000178903, 0.000929632, 0.00103942, 

3.53005e-07, 7.54159e-07, 1.22925e-06, 19.7642, 2.53181e-05, 14.192, 11.8645, 7.38596e-06, 0.000398448, 2.75898e-06, 8.7234e-07, 1.6525e-06, 0.000358082, 18.5842, 0.000549147, 7.16366, 0.000342191, 0.00023191, 7.52985e-05, 9.74249e-07, 1.67393e-07, 3.23842e-09, 0.276919, 0.00614958, 1.3577, 2.48993e-05, 4.00029, 0.000816533, 2.13963e-05, 8.54264e-05, 4.80302e-08, 9.05216e-08, 0.00790552, 0.000280986, 8.39657, 0.000168002, 20.2903, 0.000929632, 0.000278403, 0.000104891, 0.000587021, 8.98451e-05, 5.15209e-05, 4.38331e-05, 4.94354e-06, 0.000178903, 0.000118152, 2.79616e-05, 0.00103942, 0.0472611, 

3.53005e-07, 7.54159e-07, 2.53181e-05, 14.192, 11.8645, 7.38596e-06, 19.3161, 1.22925e-06, 8.54264e-05, 8.80154e-06, 8.7234e-07, 1.6525e-06, 0.000358082, 0.000342191, 0.00023191, 10.5186, 16.1162, 0.000278403, 0.000280986, 0.000398448, 1.67393e-07, 3.23842e-09, 0.276919, 1.12704, 2.48993e-05, 4.00029, 0.000816533, 2.13963e-05, 7.52985e-05, 0.000104891, 4.80302e-08, 9.05216e-08, 0.00790552, 8.39657, 0.000168002, 0.548135, 39.3347, 0.000549147, 2.75898e-06, 9.74249e-07, 8.98451e-05, 5.15209e-05, 4.38331e-05, 4.94354e-06, 0.000178903, 0.000118152, 2.79616e-05, 4.16286e-05, 0.000929632, 0.00103942, 

3.53005e-07, 7.54159e-07, 9.87063, 7.38596e-06, 8.54264e-05, 19.0875, 3.50513, 4.7594e-07, 0.000104891, 0.000278403, 8.7234e-07, 1.10828e-06, 0.000358082, 0.000342191, 0.00023191, 16.1162, 0.000280986, 2.53181e-05, 2.48993e-05, 8.80154e-06, 1.67393e-07, 3.23842e-09, 1.12704, 4.00029, 2.13963e-05, 7.52985e-05, 8.2087, 3.37527e-06, 0.000816533, 0.000168002, 4.80302e-08, 4.04239e-08, 0.00790552, 8.39657, 0.548135, 2.75898e-06, 9.23242, 0.000398448, 1.22925e-06, 9.74249e-07, 8.98451e-05, 5.15209e-05, 4.38331e-05, 4.94354e-06, 0.000118152, 2.79616e-05, 4.16286e-05, 8.78846e-06, 0.000929632, 0.00103942, 

3.53005e-07, 7.54159e-07, 9.87063, 7.38596e-06, 19.0875, 3.50513, 1.59536, 4.7594e-07, 1.22925e-06, 0.000104891, 4.57873e-07, 1.07284e-06, 0.000342191, 16.1162, 2.53181e-05, 2.48993e-05, 7.58089, 0.000278403, 8.54264e-05, 0.000168002, 1.67393e-07, 3.23842e-09, 4.00029, 1.37887e-06, 8.2087, 0.000816533, 5.53467, 4.53878e-07, 3.37527e-06, 7.52985e-05, 4.80302e-08, 4.04239e-08, 0.00790552, 2.75898e-06, 0.000398448, 8.96933, 24.7483, 0.00023191, 9.74249e-07, 8.80154e-06, 8.98451e-05, 5.15209e-05, 4.38331e-05, 4.94354e-06, 2.79616e-05, 4.16286e-05, 8.78846e-06, 8.7234e-07, 0.000280986, 0.000358082, 

3.53005e-07, 7.54159e-07, 9.87063, 7.38596e-06, 3.50513, 1.22925e-06, 8.95501, 0.000168002, 0.00790552, 0.0333248, 4.57873e-07, 8.7234e-07, 16.1162, 2.53181e-05, 2.48993e-05, 0.000278403, 18.4507, 3.37527e-06, 0.000104891, 0.000280986, 1.67393e-07, 3.23842e-09, 1.37887e-06, 0.000816533, 4.53878e-07, 7.52985e-05, 7.0461, 0.00023191, 4.7594e-07, 0.000358082, 4.80302e-08, 4.04239e-08, 2.75898e-06, 0.000398448, 24.7483, 9.74249e-07, 23.4269, 8.80154e-06, 0.000342191, 8.54264e-05, 8.98451e-05, 5.15209e-05, 4.38331e-05, 4.94354e-06, 2.79616e-05, 4.16286e-05, 8.78846e-06, 1.07284e-06, 1.59536, 4.00029, 

3.53005e-07, 7.54159e-07, 7.38596e-06, 1.22925e-06, 0.000168002, 16.3377, 15.8585, 0.000398448, 0.00790552, 0.0333248, 4.57873e-07, 8.7234e-07, 2.53181e-05, 2.48993e-05, 0.000104891, 14.0639, 15.9275, 3.37527e-06, 0.000816533, 0.000278403, 8.64287e-09, 3.23842e-09, 1.37887e-06, 7.52985e-05, 4.15778, 4.7594e-07, 0.000358082, 0.00023191, 4.53878e-07, 2.75898e-06, 4.80302e-08, 4.04239e-08, 15.9993, 23.4269, 8.80154e-06, 0.000342191, 24.8649, 9.74249e-07, 8.54264e-05, 0.000280986, 8.98451e-05, 5.15209e-05, 4.38331e-05, 4.94354e-06, 2.79616e-05, 4.16286e-05, 8.78846e-06, 1.07284e-06, 1.59536, 3.50513, 

3.53005e-07, 7.54159e-07, 7.38596e-06, 15.8585, 0.000398448, 16.1854, 16.4608, 8.54264e-05, 0.000168002, 2.48993e-05, 4.57873e-07, 8.7234e-07, 6.13038, 2.46704, 3.37527e-06, 0.000278403, 20.1719, 2.53181e-05, 0.000342191, 8.80154e-06, 8.64287e-09, 3.23842e-09, 4.7594e-07, 0.000358082, 0.00023191, 4.53878e-07, 2.75898e-06, 1.37887e-06, 0.000104891, 7.52985e-05, 4.80302e-08, 4.04239e-08, 15.9993, 9.91912, 0.000280986, 26.223, 4.19571, 1.03801e-05, 1.22925e-06, 9.74249e-07, 8.98451e-05, 5.15209e-05, 4.38331e-05, 4.94354e-06, 2.79616e-05, 4.16286e-05, 8.78846e-06, 1.07284e-06, 0.000816533, 0.00790552, 

3.53005e-07, 7.54159e-07, 7.38596e-06, 10.2247, 16.4608, 2.48993e-05, 20.3923, 8.54264e-05, 4.53878e-07, 0.000816533, 4.57873e-07, 8.7234e-07, 2.46704, 0.000342191, 8.80154e-06, 11.0899, 25.8504, 0.000168002, 0.000398448, 0.000278403, 8.64287e-09, 3.23842e-09, 4.7594e-07, 0.00023191, 2.75898e-06, 1.37887e-06, 3.91673e-05, 2.53181e-05, 9.74249e-07, 0.000358082, 4.80302e-08, 4.04239e-08, 15.9993, 0.000280986, 26.223, 1.03801e-05, 1.22925e-06, 0.000104891, 3.50746e-06, 3.37527e-06, 4.38331e-05, 4.94354e-06, 2.79616e-05, 4.16286e-05, 8.78846e-06, 1.07284e-06, 1.04685e-05, 2.43081e-06, 0.00790552, 0.739971, 

3.53005e-07, 7.54159e-07, 7.38596e-06, 16.4608, 2.48993e-05, 8.54264e-05, 0.000816533, 3.50746e-06, 1.03801e-05, 8.80154e-06, 4.57873e-07, 8.7234e-07, 0.000342191, 25.8504, 0.000168002, 0.000278403, 16.9998, 0.00023191, 1.37887e-06, 3.37527e-06, 8.64287e-09, 3.23842e-09, 2.75898e-06, 9.74249e-07, 0.000358082, 14.2737, 17.7137, 3.91673e-05, 2.53181e-05, 1.22925e-06, 3.2608e-08, 4.04239e-08, 5.08795, 0.000280986, 0.000104891, 12.5628, 14.0442, 4.53878e-07, 4.7594e-07, 0.000398448, 4.38331e-05, 4.94354e-06, 2.79616e-05, 4.16286e-05, 8.78846e-06, 1.07284e-06, 1.04685e-05, 2.43081e-06, 0.00790552, 0.739971, 

Best:
-4.04021e-06	

Fitness Evaluations:
3401

End Population
(-4.218208e-05), (-6.165514e-05), (-1.929484e-04), (1.327831e+00), (-3.542679e-04), (6.561970e-04), (2.028746e-03), (-1.329640e-04), (-2.287383e-04), (2.106286e-04), (4.804083e-05), (-6.631025e-05), (-1.313329e-03), (3.717449e+00), (9.202294e-04), (1.184611e-03), (-3.703756e-01), (-1.081182e-03), (8.336801e-05), (1.304344e-04), (-6.600348e-06), (-4.040213e-06), (-1.179268e-04), (-7.007656e-05), (-1.343478e-03), (3.184996e-01), (-3.865297e-01), (-4.443242e-04), (3.572347e-04), (-7.871520e-05), (1.282035e-05), (-1.427437e-05), (1.914006e+00), (-1.190094e-03), (-7.271212e-04), (-7.171651e-01), (-6.919784e-01), (4.783075e-05), (4.897947e-05), (1.417180e-03), (4.700444e-04), (1.578545e-04), (-3.754216e-04), (4.580720e-04), (2.104719e-04), (-7.353691e-05), (-2.297097e-04), (-1.106912e-04), (-6.312935e-03), (6.145153e-02), 