Iterations: 50
Function Evaluations Limit: 150000
Population: 50

Prides Length: 4

Percent Nomads: 0.2
Percent Roaming: 0.2
Percent Sex: 0.8

Mating Rate: 0.3
Mutation Probability: 0.2
Immigration Rate: 0.4

Dimensions: 1
N-Dimension Space: -6.28319:6.28319

Fitness Iterations:
1.05218
27.7885, 9.13364, 23.3228, 18.2852, 11.873, 20.8121, 5.36237, 20.2508, 36.9638, 6.26228, 38.1166, 3.35166, 19.4039, 37.9728, 43.0077, 19.1563, 18.7077, 17.2194, 21.9707, 22.1212, 8.13176, 6.21677, 4.02981, 19.5142, 16.9282, 22.5695, 25.5118, 49.6354, 32.9454, 28.2919, 15.7643, 7.18926, 9.33786, 13.551, 36.4197, 40.2499, 24.8948, 13.4451, 6.71763, 1.05218, 12.9826, 12.4126, 11.0382, 27.3684, 14.096, 21.7994, 17.1849, 21.8376, 20.0288, 49.2081, 

2.21945, 1.34295, 18.2852, 20.8121, 20.2508, 22.2558, 6.26228, 1.53989, 8.12906, 12.0456, 3.35166, 7.18926, 19.4039, 43.0077, 10.6916, 3.30979, 22.1212, 4.02981, 7.55655, 7.16889, 4.66116, 6.21677, 16.9282, 19.3435, 49.6354, 28.2919, 17.2854, 5.36237, 12.2117, 6.71763, 1.00813, 1.99227, 35.766, 1.05057, 24.8948, 9.87503, 2.23674, 8.05188, 1.05218, 0.191331, 12.9826, 11.0382, 14.096, 9.13364, 12.4126, 10.9653, 8.97846, 8.13176, 13.551, 16.6226, 

1.02482, 1.34295, 18.2852, 22.2558, 1.53989, 8.12906, 8.91294, 1.93701, 10.6916, 7.16889, 3.35166, 2.12249, 3.30979, 22.1212, 4.02981, 4.12037, 30.4556, 5.36237, 0.191331, 1.04189, 4.66116, 5.25462, 16.9282, 13.7914, 36.5639, 11.5238, 6.71763, 2.23674, 12.0456, 1.02833, 1.00813, 1.00883, 1.05057, 23.2116, 9.87503, 8.05188, 1.05218, 13.551, 6.26228, 12.2117, 6.21677, 9.13364, 10.9653, 8.97846, 8.13176, 5.86319, 3.98168, 2.21945, 13.851, 14.7265, 

1.02482, 1.34295, 21.164, 8.12906, 8.91294, 1.93701, 10.6916, 2.95265, 1.05218, 1.76458, 1.41627, 1.75495, 3.30979, 5.31403, 4.02981, 4.08835, 1.25694, 0.096608, 0.191331, 6.71763, 1.08443, 1.83068, 13.7914, 4.24945, 1.02833, 19.7507, 0.550692, 5.40897, 1.04189, 1.53989, 1.00813, 1.00883, 1.05057, 22.6172, 13.551, 6.26228, 4.87192, 5.8176, 2.23674, 5.36237, 5.86319, 3.98168, 2.21945, 1.94222, 5.55835, 3.35166, 5.25462, 4.15788, 7.95162, 8.05188, 

1.02482, 1.06335, 21.164, 1.27205, 10.6916, 2.95265, 1.05218, 5.36237, 3.30979, 5.31403, 1.3579, 1.75495, 4.02981, 1.25694, 0.096608, 0.191331, 6.71763, 4.08835, 1.02833, 6.26228, 1.08443, 1.83068, 4.24945, 19.7507, 0.550692, 5.40897, 16.6323, 1.53989, 1.57294, 0.117475, 1.00813, 1.00883, 1.05057, 22.6172, 2.11337, 5.8176, 2.23674, 1.76458, 1.04189, 1.93701, 3.98168, 2.21945, 1.94222, 5.55835, 3.35166, 5.25462, 4.15788, 1.41627, 7.95162, 8.05188, 

1.00841, 0.892268, 21.164, 5.36237, 5.31403, 4.46592, 7.67326, 1.02833, 1.27205, 1.05088, 1.3579, 1.41627, 0.096608, 0.191331, 6.71763, 6.26228, 18.9698, 1.25694, 1.8456, 1.57294, 1.08443, 1.83068, 4.24945, 19.7507, 2.08312, 1.53989, 8.62406, 0.117475, 2.11337, 1.0636, 1.00813, 0.154102, 1.05057, 22.6172, 1.04189, 1.93701, 1.23412, 1.76458, 1.05218, 0.550692, 3.98168, 2.21945, 1.94222, 3.35166, 4.15788, 1.75495, 1.25213, 1.02482, 2.23674, 2.95265, 

1.00841, 0.892268, 17.5189, 5.36237, 4.46592, 1.02833, 1.05088, 2.23674, 2.11337, 1.93701, 1.02482, 1.41627, 0.191331, 6.71763, 4.68153, 1.57294, 12.5768, 1.0636, 0.117475, 0.096608, 1.08443, 1.10512, 4.24945, 19.7507, 2.08312, 1.53989, 22.1683, 1.05218, 1.8456, 0.721603, 1.00813, 0.154102, 1.05057, 1.23412, 1.76458, 0.550692, 10.9671, 1.27205, 1.04189, 1.25694, 3.98168, 2.21945, 1.94222, 3.35166, 4.15788, 1.75495, 1.3579, 1.25213, 2.95265, 4.20246, 

1.00841, 0.892268, 17.5189, 1.02833, 0.979051, 1.93701, 22.5029, 1.76458, 2.95265, 1.25694, 1.02482, 1.25213, 0.191331, 1.57294, 12.5768, 1.0636, 0.117475, 1.05088, 1.27205, 1.05218, 1.03262, 1.10512, 4.24945, 19.7507, 2.08312, 1.53989, 9.55922, 1.05057, 1.8456, 4.20246, 1.00813, 0.154102, 1.23412, 0.550692, 1.04189, 1.01947, 3.45999, 0.096608, 0.721603, 2.11337, 2.21945, 1.94222, 3.35166, 1.75495, 1.41627, 1.3579, 1.35068, 1.08443, 4.46592, 4.68153, 

1.00841, 0.892268, 1.93701, 1.76458, 1.25694, 20.12, 19.3648, 0.096608, 0.191331, 1.67381, 1.02482, 1.08443, 1.0636, 0.117475, 1.05088, 1.27205, 5.50059, 1.02833, 0.00074229, 1.05218, 1.03262, 1.0136, 4.24945, 19.7507, 2.08312, 1.8456, 7.22547, 1.3059, 1.01947, 1.05057, 1.00813, 0.154102, 1.23412, 0.550692, 0.721603, 2.11337, 8.83148, 0.979051, 1.57294, 1.53989, 2.21945, 1.94222, 1.75495, 1.41627, 1.3579, 1.35068, 1.25213, 1.4025, 3.45999, 3.98022, 

1.00841, 0.892268, 15.2127, 6.73276, 1.67381, 9.16642, 2.35313, 1.11606, 1.57294, 1.02833, 1.02482, 1.00571, 1.0636, 0.117475, 1.27205, 1.05218, 0.538174, 1.53989, 1.05088, 1.05057, 1.0136, 0.0419739, 4.24945, 2.08312, 1.00982, 1.01947, 0.088756, 0.191331, 0.096608, 0.721603, 1.00813, 0.154102, 1.23412, 0.550692, 8.83148, 0.979051, 25.8123, 0.00074229, 1.76458, 0.99978, 1.75495, 1.41627, 1.3579, 1.35068, 1.25213, 1.4025, 1.08443, 1.03262, 1.8456, 1.93701, 

1.00841, 0.892268, 1.39569, 6.73276, 1.67381, 1.11606, 13.061, 1.23412, 0.721603, 1.05088, 0.970714, 1.00571, 1.0636, 0.117475, 1.27205, 0.144763, 20.2287, 1.02833, 1.52466, 1.00982, 1.0136, 0.0419739, 4.24945, 1.01947, 0.088756, 0.096608, 20.6207, 0.979051, 0.538174, 1.05057, 1.00003, 0.154102, 0.550692, 0.00074229, 1.76458, 0.99978, 21.12, 1.53989, 0.191331, 1.03148, 1.3579, 1.35068, 1.25213, 1.4025, 1.08443, 1.03262, 1.02868, 1.02482, 1.57294, 1.8456, 

1.00841, 0.892268, 1.39569, 6.73276, 13.061, 1.23412, 1.50745, 0.99978, 0.088756, 0.144763, 0.970714, 1.00571, 1.0636, 1.27205, 6.02428, 1.02833, 1.30982, 1.05057, 1.00982, 1.03148, 1.0136, 0.00952739, 1.01947, 0.096608, 20.6207, 0.538174, 1.41978, 0.117475, 1.01084, 0.979051, 1.00003, 0.154102, 1.76458, 1.53989, 0.191331, 19.1122, 17.9585, 0.721603, 0.550692, 0.00074229, 1.35068, 1.25213, 1.08443, 1.03262, 1.02868, 1.02482, 1.00699, 1.22801, 1.05088, 1.11606, 

1.00699, 0.892268, 1.23412, 1.50745, 0.088756, 11.5025, 22.1761, 0.721603, 0.979051, 0.99978, 0.970714, 0.719745, 1.05057, 1.00982, 1.03148, 0.781492, 13.6578, 0.729017, 1.05088, 1.11606, 0.00952739, 0.250946, 1.01947, 16.9163, 0.538174, 0.117475, 1.01084, 0.550692, 0.557307, 0.144763, 1.00003, 0.00492523, 0.191331, 19.1122, 0.00074229, 7.23452, 1.09949, 1.0636, 0.096608, 1.27205, 1.08443, 1.03262, 1.02868, 1.02482, 1.00841, 1.22801, 1.00571, 1.0136, 1.30982, 1.39569, 

1.00571, 0.709243, 1.23412, 0.088756, 11.5025, 8.9555, 15.5762, 0.191331, 0.247708, 0.00074229, 0.125832, 0.0397901, 1.05057, 0.113047, 0.781492, 1.11606, 19.4027, 0.979051, 0.729017, 1.05088, 0.00952739, 0.250946, 0.117475, 0.0672259, 0.557307, 0.144763, 19.5831, 1.03148, 1.01947, 0.721603, 1.00003, 0.00492523, 19.1122, 7.23452, 0.096608, 1.27205, 21.4258, 0.538174, 0.99978, 0.550692, 1.08443, 1.03262, 1.02868, 1.02482, 1.00841, 1.22801, 1.00699, 1.0136, 1.0636, 1.09949, 

0.0438453, 0.0140022, 1.23412, 11.5025, 0.191331, 0.143463, 2.42639, 0.979051, 0.0672259, 0.538174, 0.125832, 0.0397901, 1.05057, 0.113047, 1.11606, 9.85022, 3.25604, 0.721603, 0.00074229, 0.550692, 0.00952739, 0.250946, 0.117475, 0.144763, 1.03148, 20.2224, 20.7201, 0.088756, 0.096608, 0.781492, 0.650093, 0.00492523, 7.23452, 21.4258, 0.99978, 20.8625, 2.43835, 0.557307, 0.729017, 0.247708, 1.02868, 1.02482, 1.00841, 1.00699, 1.0136, 1.00571, 0.313577, 0.996281, 1.01947, 1.05088, 

0.000369605, 0.00119536, 1.23412, 11.5025, 0.143463, 0.979051, 6.50239, 0.191331, 0.0189395, 0.538174, 0.0140022, 0.0397901, 1.05057, 9.85022, 0.721603, 7.22, 17.3286, 0.000233368, 0.096608, 0.113047, 0.00952739, 0.250946, 0.144763, 11.9439, 20.7201, 25.329, 22.2396, 0.117475, 0.088756, 0.557307, 0.650093, 0.00492523, 7.23452, 15.8894, 0.99978, 0.729017, 0.247708, 0.0672259, 0.00074229, 0.550692, 1.02482, 1.00841, 1.00699, 1.0136, 1.00571, 0.313577, 0.996281, 0.125832, 0.781492, 0.936693, 

0.000369605, 0.00119536, 1.23412, 4.68125, 0.0189395, 0.538174, 20.1743, 0.936693, 0.143463, 0.28321, 0.00235736, 0.0397901, 1.05057, 4.36592, 0.000233368, 0.096608, 1.05624, 0.729017, 0.144763, 0.117475, 0.00952739, 0.125832, 25.329, 22.2396, 0.088756, 0.557307, 19.3123, 0.191331, 0.721603, 0.781492, 0.000953609, 0.0867459, 0.247708, 0.0672259, 0.00074229, 0.550692, 0.997306, 0.979051, 0.99978, 0.113047, 1.00841, 1.00699, 1.0136, 1.00571, 0.313577, 0.996281, 0.250946, 0.650093, 6.06784, 6.50239, 

0.000369605, 0.000493412, 0.0189395, 0.538174, 0.28321, 20.2276, 20.201, 0.557307, 1.05057, 0.979051, 0.00235736, 0.00065439, 0.000233368, 0.096608, 1.05624, 0.117475, 25.9644, 0.144763, 0.191331, 0.729017, 0.00952739, 0.125832, 16.3836, 0.088756, 15.371, 0.781492, 7.38858, 0.997306, 0.00074229, 0.721603, 0.000953609, 0.0196023, 0.247708, 0.0672259, 0.99978, 0.113047, 6.33731, 0.143463, 0.550692, 0.936693, 1.00841, 1.00699, 1.00571, 0.313577, 0.996281, 0.250946, 0.650093, 0.00119536, 1.23412, 4.29639, 

6.42127e-06, 0.000493412, 0.0189395, 0.538174, 20.201, 0.557307, 21.8374, 0.0672259, 0.00074229, 0.088756, 0.00235736, 0.00065439, 0.0525601, 1.05624, 0.117475, 0.729017, 29.1327, 0.143463, 0.936693, 0.144763, 0.00119536, 0.125832, 15.371, 0.781492, 7.38858, 15.5553, 16.3877, 0.28321, 0.979051, 0.451887, 0.000953609, 0.0196023, 0.247708, 0.99978, 0.113047, 0.550692, 19.368, 0.191331, 0.721603, 0.000233368, 1.00841, 1.00699, 1.00571, 0.313577, 0.996281, 0.250946, 0.650093, 0.00952739, 0.997306, 1.05057, 

6.42127e-06, 0.000493412, 0.0189395, 0.557307, 21.8374, 0.088756, 21.874, 0.0525601, 0.144763, 0.113047, 0.00235736, 0.00065439, 0.117475, 0.729017, 0.143463, 0.242942, 6.44539, 0.451887, 0.000233368, 0.781492, 0.00119536, 0.125832, 15.371, 7.38858, 16.3877, 0.28321, 26.0562, 0.979051, 0.191331, 0.538174, 0.000953609, 0.00432563, 0.247708, 0.99978, 0.550692, 0.721603, 19.0715, 0.54108, 0.00074229, 0.0672259, 1.00841, 1.00699, 1.00571, 0.313577, 0.996281, 0.250946, 0.650093, 0.00952739, 0.997306, 1.05057, 

6.42127e-06, 0.000493412, 0.0189395, 0.557307, 4.00139, 0.088756, 0.144763, 0.117475, 0.0672259, 4.10272e-05, 0.00065439, 1.52063e-05, 0.242942, 6.44539, 0.000233368, 0.781492, 18.1676, 0.143463, 0.0525601, 0.721603, 0.00119536, 0.00235736, 0.28321, 26.0562, 0.979051, 21.9343, 17.9236, 0.538174, 0.191331, 0.451887, 0.000953609, 0.00432563, 0.247708, 0.99978, 0.550692, 0.407612, 20.2173, 0.00074229, 0.729017, 0.113047, 1.00699, 1.00571, 0.313577, 0.996281, 0.250946, 0.650093, 0.125832, 0.00952739, 0.997306, 1.05057, 

6.42127e-06, 0.000493412, 0.088756, 0.117475, 0.0672259, 4.10272e-05, 19.8079, 0.550692, 0.144763, 0.120933, 0.00065439, 1.52063e-05, 0.242942, 6.44539, 18.1676, 0.721603, 18.4644, 0.00074229, 0.0189395, 0.0584724, 6.28694e-05, 0.00235736, 0.28321, 0.150961, 19.7207, 1.41763, 0.0292868, 0.0525601, 0.143463, 0.407612, 0.000953609, 0.00432563, 0.247708, 0.729017, 0.113047, 12.1288, 11.5853, 0.191331, 0.451887, 0.000233368, 0.313577, 0.996281, 0.250946, 0.650093, 0.125832, 0.00952739, 0.0265144, 0.038995, 0.557307, 0.781492, 

6.42127e-06, 0.000493412, 0.088756, 0.117475, 4.10272e-05, 0.550692, 0.0351867, 0.191331, 0.0672259, 0.00547269, 0.00065439, 1.52063e-05, 6.44539, 18.1676, 0.00074229, 0.0189395, 36.4501, 0.0525601, 0.28321, 0.0584724, 6.28694e-05, 0.00235736, 19.7207, 0.0292868, 0.143463, 0.407612, 14.611, 0.113047, 0.120933, 0.242942, 0.000953609, 0.00432563, 0.729017, 12.1288, 0.451887, 0.000233368, 17.229, 0.247708, 0.557307, 0.131728, 0.313577, 0.250946, 0.650093, 0.125832, 0.00952739, 0.0265144, 0.038995, 0.00796322, 0.721603, 0.781492, 

6.42127e-06, 0.000493412, 0.117475, 4.10272e-05, 0.550692, 0.0351867, 16.286, 0.0525601, 0.0584724, 0.28321, 0.00065439, 1.52063e-05, 15.9253, 0.00074229, 0.0189395, 21.8225, 8.26557, 0.143463, 0.0672259, 0.247708, 6.28694e-05, 0.00235736, 4.88936, 0.0292868, 0.526017, 0.113047, 0.120933, 0.242942, 0.00547269, 0.191331, 0.000953609, 0.00432563, 0.729017, 12.1288, 0.000233368, 0.557307, 5.63293, 0.088756, 0.131728, 0.407612, 0.313577, 0.250946, 0.650093, 0.125832, 0.00952739, 0.0265144, 0.038995, 0.00796322, 0.451887, 0.721603, 

6.42127e-06, 0.000271787, 4.10272e-05, 0.0351867, 0.0525601, 0.0584724, 1.37836, 0.526017, 0.113047, 0.557307, 0.00065439, 1.52063e-05, 0.00074229, 0.0189395, 0.143463, 0.0672259, 0.247708, 0.117475, 0.0073971, 0.223935, 6.28694e-05, 0.000857993, 0.0292868, 0.120933, 0.00547269, 0.191331, 24.653, 0.0134998, 0.131728, 0.000233368, 0.000953609, 0.00432563, 0.729017, 12.1288, 0.407612, 4.94478, 0.00797884, 0.550692, 0.242942, 0.28321, 0.250946, 0.125832, 0.00952739, 0.0265144, 0.038995, 0.00796322, 0.00308347, 0.00565417, 0.721603, 3.26147, 

6.42127e-06, 0.000271787, 4.10272e-05, 0.0525601, 0.526017, 0.113047, 0.557307, 0.00797884, 0.0073971, 0.000488248, 0.000124838, 6.63451e-07, 0.00074229, 0.00180902, 0.0672259, 0.117475, 0.223935, 0.143463, 0.0178653, 0.120933, 6.28694e-05, 0.000857993, 7.19879, 0.0134998, 0.000233368, 3.67153, 18.4372, 0.00547269, 0.0351867, 0.247708, 0.000953609, 0.00432563, 0.729017, 0.407612, 0.550692, 0.242942, 1.507, 0.131728, 0.0584724, 0.191331, 0.125832, 0.00952739, 0.0265144, 0.038995, 0.00796322, 0.00308347, 0.00565417, 0.000451617, 0.28321, 0.721603, 

6.42127e-06, 0.000271787, 4.10272e-05, 0.526017, 0.113047, 0.000488248, 19.1545, 0.247708, 0.00180902, 0.0525601, 0.000124838, 6.63451e-07, 0.00074229, 0.0672259, 0.117475, 0.0178653, 0.120933, 0.143463, 0.191331, 0.407612, 6.28694e-05, 0.000451617, 0.0134998, 0.000233368, 0.00547269, 0.0351867, 1.00971, 0.223935, 0.00797884, 0.242942, 0.000953609, 0.00338414, 0.550692, 0.131728, 0.0584724, 27.2333, 15.4351, 0.28321, 0.557307, 0.0073971, 0.125832, 0.00952739, 0.0265144, 0.038995, 0.00796322, 0.00308347, 0.00565417, 0.000857993, 0.721603, 0.729017, 

6.42127e-06, 0.000271787, 4.10272e-05, 14.7622, 0.0525601, 1.17722, 20.2385, 0.0881501, 0.120933, 0.0178653, 0.000124838, 6.63451e-07, 0.00074229, 0.0672259, 0.407612, 10.9544, 25.4487, 0.00180902, 0.143463, 0.00797884, 6.28694e-05, 0.000189127, 0.0134998, 0.000233368, 0.00547269, 0.0351867, 0.223935, 0.191331, 0.242942, 0.117475, 0.000953609, 0.00338414, 0.550692, 0.131728, 0.28321, 0.494839, 0.0073971, 0.000488248, 0.0584724, 0.113047, 0.00952739, 0.0265144, 0.038995, 0.00796322, 0.00308347, 0.00565417, 0.000857993, 0.125496, 0.247708, 0.526017, 

6.42127e-06, 6.09328e-05, 14.7622, 1.17722, 7.72401, 0.0178653, 1.05277, 0.0881501, 0.0525601, 0.0672259, 0.000124838, 6.63451e-07, 9.22605, 13.4351, 0.00180902, 0.143463, 16.9476, 0.00547269, 0.000233368, 0.0584724, 6.28694e-05, 0.000189127, 0.0134998, 0.0351867, 0.223935, 0.117475, 20.1014, 4.10272e-05, 0.00797884, 0.00074229, 0.000857993, 0.00308347, 0.550692, 0.494839, 0.0073971, 0.000488248, 10.2485, 0.131728, 0.120933, 0.113047, 0.00952739, 0.0265144, 0.038995, 0.00796322, 0.00338414, 0.00565417, 0.000953609, 0.125496, 0.191331, 0.225109, 

6.42127e-06, 6.09328e-05, 7.72401, 0.0178653, 0.0881501, 0.0525601, 0.0672259, 0.223935, 1.05277, 0.0351867, 0.000124838, 6.63451e-07, 13.4351, 0.00180902, 0.143463, 0.00547269, 0.0584724, 0.550692, 0.000233368, 0.00797884, 6.28694e-05, 0.000189127, 0.117475, 4.10272e-05, 0.00074229, 9.22342, 21.7703, 0.0134998, 0.00286308, 0.225109, 0.000857993, 0.000953609, 0.494839, 0.0073971, 0.131728, 0.120933, 13.9824, 0.000488248, 0.113047, 0.191331, 0.00952739, 0.0265144, 0.038995, 0.00796322, 0.00338414, 0.00565417, 0.00308347, 0.00728232, 1.06778, 1.17722, 

6.42127e-06, 6.09328e-05, 4.19383, 0.0178653, 0.223935, 0.0351867, 1.69289, 0.143463, 0.0881501, 0.0672259, 0.000124838, 6.63451e-07, 13.4351, 0.00547269, 0.0584724, 0.000233368, 0.00797884, 0.0525601, 0.146339, 0.113047, 6.28694e-05, 0.000189127, 0.0497896, 0.00074229, 0.0134998, 0.00286308, 0.0105045, 0.494839, 0.0073971, 4.10272e-05, 0.000857993, 0.000953609, 0.131728, 0.000488248, 0.191331, 1.3442, 4.49951, 0.120933, 0.00180902, 0.550692, 0.00952739, 0.0265144, 0.00796322, 0.00338414, 0.00565417, 0.00308347, 0.00728232, 0.0120726, 1.05277, 1.06778, 

6.42127e-06, 6.09328e-05, 4.19383, 0.0178653, 0.223935, 0.0351867, 0.0672259, 0.143463, 0.131728, 0.000124079, 3.19185e-05, 6.63451e-07, 13.4351, 0.00547269, 0.0584724, 0.00797884, 0.0735506, 0.0252074, 0.00286308, 0.191331, 6.28694e-05, 9.06024e-06, 0.0497896, 0.0134998, 0.0105045, 0.494839, 0.0073971, 0.146339, 0.0881501, 0.0525601, 1.558e-05, 0.000953609, 0.000488248, 1.3442, 0.120933, 0.00180902, 7.10691, 0.000233368, 4.10272e-05, 0.00074229, 0.00952739, 0.00796322, 0.00338414, 0.00565417, 0.00308347, 0.00728232, 0.0120726, 0.000171506, 0.550692, 1.05277, 

6.42127e-06, 6.09328e-05, 4.19383, 0.0178653, 0.00337224, 0.143463, 0.131728, 0.000488248, 0.0252074, 0.000251768, 2.68878e-05, 6.63451e-07, 13.4351, 0.00547269, 0.0584724, 0.00797884, 0.0735506, 4.10272e-05, 0.0672259, 0.000862417, 6.28694e-05, 9.06024e-06, 0.0497896, 0.0105045, 0.0073971, 0.0881501, 6.99463, 0.146339, 0.000985403, 0.120933, 1.558e-05, 2.50611e-05, 0.00180902, 0.000233368, 0.00074229, 36.545, 3.24505e-05, 0.00286308, 0.0134998, 0.000124079, 0.00338414, 0.00565417, 0.00308347, 0.00728232, 0.000171506, 0.000356662, 0.000459196, 3.19185e-05, 0.191331, 0.223935, 

6.42127e-06, 3.19185e-05, 0.131728, 0.000488248, 0.0252074, 18.3939, 12.1864, 0.0672259, 0.000233368, 0.0178653, 2.68878e-05, 6.63451e-07, 13.4351, 0.00547269, 0.0584724, 4.10272e-05, 2.18691, 0.000251768, 0.00074229, 1.50614e-05, 6.28694e-05, 9.06024e-06, 0.0497896, 0.0105045, 6.99463, 0.000985403, 43.0452, 0.00797884, 0.00286308, 0.000124079, 1.558e-05, 1.75874e-05, 36.545, 3.24505e-05, 0.0134998, 16.004, 23.008, 0.00180902, 0.000862417, 0.0073971, 0.00338414, 0.00565417, 0.00308347, 0.00728232, 0.000171506, 0.000356662, 0.000459196, 3.44484e-05, 0.0735506, 0.0881501, 

6.42127e-06, 3.19185e-05, 0.000488248, 0.0252074, 18.3939, 0.0672259, 0.000233368, 0.0178653, 0.000124079, 0.00198713, 2.68878e-05, 6.63451e-07, 0.00547269, 4.10272e-05, 0.000251768, 20.5289, 48.509, 0.000985403, 0.00797884, 1.50614e-05, 6.28694e-05, 9.06024e-06, 0.0105045, 17.1582, 0.00286308, 0.372857, 0.223293, 0.00428063, 0.0497896, 0.0584724, 1.558e-05, 1.75874e-05, 3.24505e-05, 0.0134998, 16.004, 0.00180902, 0.000862417, 0.0735506, 0.00074229, 0.0073971, 0.00338414, 0.00565417, 0.00308347, 0.000171506, 0.000356662, 0.000459196, 3.44484e-05, 0.00208179, 0.0881501, 0.131728, 

6.42127e-06, 3.19185e-05, 0.00632645, 0.000233368, 0.0178653, 0.00198713, 20.1053, 0.000985403, 0.00428063, 0.0881501, 2.68878e-05, 6.63451e-07, 0.00547269, 4.10272e-05, 17.9045, 0.00797884, 1.50614e-05, 3.24505e-05, 0.000124079, 0.0134998, 3.44484e-05, 9.06024e-06, 0.0105045, 17.1582, 0.00286308, 0.372857, 0.0584724, 0.000488248, 0.000251768, 0.0750644, 1.558e-05, 1.75874e-05, 0.00180902, 0.000862417, 0.0735506, 0.00074229, 0.0073971, 0.0497896, 0.131728, 0.0672259, 0.00338414, 0.00565417, 0.00308347, 0.000171506, 0.000356662, 0.000459196, 6.28694e-05, 0.00208179, 0.16296, 1.21227, 

6.42127e-06, 3.19185e-05, 0.0178653, 20.1053, 0.000985403, 0.00428063, 14.7536, 4.10272e-05, 0.0134998, 0.000488248, 6.63451e-07, 6.38216e-06, 0.00547269, 1.50614e-05, 0.000124079, 22.1224, 9.39075e-06, 0.0105045, 0.00632645, 0.00198713, 2.68878e-05, 9.06024e-06, 17.1582, 0.372857, 0.0584724, 0.0750644, 13.031, 0.000233368, 0.0073971, 3.24505e-05, 1.558e-05, 1.75874e-05, 0.00180902, 0.000862417, 0.00074229, 0.131728, 16.0784, 0.00286308, 0.00797884, 0.000251768, 0.00338414, 0.00308347, 0.000171506, 0.000356662, 0.000459196, 6.28694e-05, 0.00208179, 3.44484e-05, 0.0497896, 0.0672259, 

6.42127e-06, 3.19185e-05, 0.0178653, 0.000985403, 14.7536, 4.10272e-05, 1.09329, 0.00428063, 0.00286308, 0.00632645, 1.50218e-07, 6.38216e-06, 0.00547269, 1.50614e-05, 22.1224, 0.0105045, 26.5166, 0.000124079, 0.000862417, 0.00180902, 8.57854e-06, 9.06024e-06, 17.1582, 0.0750644, 13.031, 0.000233368, 0.0073971, 0.0134998, 0.000488248, 9.39075e-06, 1.558e-05, 1.75874e-05, 0.00074229, 16.0784, 0.000891697, 17.1895, 32.0404, 0.000251768, 3.24505e-05, 0.00198713, 0.00308347, 0.000171506, 0.000356662, 0.000459196, 6.28694e-05, 0.00208179, 3.44484e-05, 2.68878e-05, 0.0497896, 0.0584724, 

6.42127e-06, 3.19185e-05, 0.0178653, 14.7536, 1.09329, 0.00428063, 0.00632645, 0.000985403, 0.00074229, 0.000488248, 1.50218e-07, 6.38216e-06, 1.50614e-05, 22.1224, 0.0105045, 0.000124079, 0.000862417, 4.10272e-05, 0.000233368, 0.00198713, 8.57854e-06, 9.06024e-06, 3.57054, 11.1485, 0.0073971, 0.0134998, 12.0539, 0.000907677, 9.39075e-06, 0.000251768, 1.558e-05, 1.75874e-05, 0.000891697, 17.1895, 3.24505e-05, 8.8884, 1.03524, 0.00180902, 0.00547269, 0.00286308, 0.00308347, 0.000171506, 0.000356662, 0.000459196, 6.28694e-05, 0.00208179, 3.44484e-05, 2.68878e-05, 0.0497896, 0.0584724, 

6.42127e-06, 3.19185e-05, 0.0178653, 14.7536, 0.00428063, 0.000985403, 20.2316, 0.000907677, 0.000488248, 0.00632645, 1.50218e-07, 6.38216e-06, 1.50614e-05, 0.0105045, 0.000862417, 16.0539, 1.2605, 0.000124079, 0.00074229, 3.24505e-05, 8.57854e-06, 9.06024e-06, 11.1485, 0.0134998, 12.0539, 9.39075e-06, 16.251, 0.00198713, 0.00286308, 0.000233368, 1.558e-05, 1.75874e-05, 0.000891697, 17.1895, 8.8884, 0.00180902, 9.30307, 0.00547269, 0.000251768, 4.10272e-05, 0.00308347, 0.000171506, 0.000356662, 0.000459196, 6.28694e-05, 0.00208179, 3.44484e-05, 2.68878e-05, 0.0073971, 0.0497896, 

6.42127e-06, 2.68878e-05, 0.0178653, 14.7536, 0.00428063, 0.00632645, 20.1279, 0.000862417, 0.000907677, 4.10272e-05, 2.87561e-08, 6.38216e-06, 1.50614e-05, 0.0105045, 16.0539, 0.000407745, 0.00074229, 0.0073971, 3.24505e-05, 0.00198713, 8.57854e-06, 9.06024e-06, 11.1485, 0.0134998, 9.39075e-06, 0.00286308, 0.000233368, 0.000985403, 0.000124079, 0.000891697, 1.558e-05, 1.75874e-05, 17.1895, 0.00180902, 9.30307, 0.000251768, 16.1709, 0.00547269, 0.000488248, 0.000131358, 0.000171506, 0.000356662, 0.000459196, 6.28694e-05, 0.00208179, 3.44484e-05, 3.19185e-05, 0.00012674, 0.0497896, 3.99703, 

6.42127e-06, 2.68878e-05, 0.0178653, 0.00428063, 0.000862417, 0.000907677, 4.10272e-05, 3.24505e-05, 0.00286308, 0.000115915, 2.87561e-08, 6.38216e-06, 0.0105045, 7.80274, 0.00074229, 0.0073971, 0.00198713, 0.00010292, 0.756755, 1.50614e-05, 8.57854e-06, 9.06024e-06, 11.1485, 9.39075e-06, 0.000233368, 0.000124079, 0.000891697, 0.0497896, 0.00632645, 0.000407745, 1.558e-05, 1.75874e-05, 0.00180902, 3.38147, 0.000251768, 0.000488248, 0.000131358, 0.0134998, 0.455857, 0.00547269, 0.000171506, 0.000356662, 0.000459196, 6.28694e-05, 3.44484e-05, 3.19185e-05, 0.00012674, 0.000158108, 3.99703, 4.85746, 

6.42127e-06, 2.68878e-05, 0.00428063, 0.000907677, 0.000115915, 6.13053, 3.78496, 0.000251768, 3.24505e-05, 0.000272252, 2.87561e-08, 1.64446e-06, 7.80274, 0.00074229, 1.50614e-05, 1.74439, 4.45211, 0.000862417, 0.000891697, 0.000233368, 8.57854e-06, 9.06024e-06, 11.1485, 9.39075e-06, 0.000124079, 0.0497896, 14.9797, 0.00180902, 0.00286308, 0.000407745, 1.558e-05, 1.75874e-05, 3.38147, 0.000488248, 0.000131358, 0.0134998, 17.5241, 0.00198713, 4.10272e-05, 0.00010292, 0.000171506, 0.000356662, 6.28694e-05, 3.44484e-05, 3.19185e-05, 0.00012674, 0.000158108, 0.000268023, 0.00547269, 0.00632645, 

6.42127e-06, 2.68878e-05, 0.00428063, 0.000907677, 0.000272252, 18.8593, 9.13708, 1.50614e-05, 3.24505e-05, 0.000115915, 2.87561e-08, 1.64446e-06, 0.00074229, 0.000862417, 0.000891697, 0.000233368, 10.6715, 0.00180902, 0.00632645, 0.0134998, 8.57854e-06, 9.06024e-06, 11.1485, 9.39075e-06, 0.000124079, 22.2501, 13.673, 4.10272e-05, 0.000131358, 0.000407745, 1.558e-05, 1.57415e-05, 3.38147, 0.000488248, 0.00198713, 0.00010292, 11.5051, 0.000251768, 0.00286308, 0.00547269, 0.000171506, 0.000356662, 6.28694e-05, 3.44484e-05, 3.19185e-05, 0.00012674, 0.000158108, 0.000268023, 0.0497896, 1.74439, 

6.42127e-06, 8.02669e-06, 0.000907677, 0.000272252, 18.8593, 1.50614e-05, 3.24505e-05, 0.000251768, 0.000131358, 0.00010292, 2.87561e-08, 1.64446e-06, 0.000891697, 0.000233368, 10.6715, 0.00180902, 10.8809, 0.000488248, 0.000139795, 4.10272e-05, 8.57854e-06, 9.06024e-06, 11.1485, 9.39075e-06, 0.000124079, 0.000407745, 19.9435, 1.70791e-05, 0.00428063, 0.00074229, 1.558e-05, 1.57415e-05, 3.38147, 0.00286308, 0.00547269, 12.114, 20.2264, 0.000115915, 0.00198713, 0.000862417, 0.000171506, 6.28694e-05, 3.44484e-05, 3.19185e-05, 0.00012674, 0.000158108, 0.000268023, 2.5676e-05, 0.00632645, 0.0134998, 

6.42127e-06, 8.02669e-06, 0.000272252, 18.8593, 1.50614e-05, 3.24505e-05, 8.90101, 0.000891697, 0.000862417, 4.10272e-05, 2.87561e-08, 1.64446e-06, 10.6715, 0.0356609, 0.000488248, 10.5298, 19.9382, 0.000131358, 0.000907677, 0.000139795, 8.57854e-06, 9.06024e-06, 0.000124079, 0.000407745, 17.7136, 1.70791e-05, 1.36602, 0.00180902, 0.00010292, 0.000233368, 1.558e-05, 1.55947e-05, 3.38147, 0.00547269, 12.114, 0.000115915, 1.33329, 9.39075e-06, 0.000251768, 0.00074229, 0.000171506, 6.28694e-05, 3.44484e-05, 3.19185e-05, 0.00012674, 0.000158108, 0.000268023, 2.5676e-05, 0.00198713, 0.00286308, 

6.42127e-06, 8.02669e-06, 1.50614e-05, 0.000891697, 0.000862417, 4.10272e-05, 8.00008, 0.00286308, 0.000124079, 0.00547269, 2.87561e-08, 1.64446e-06, 10.6715, 0.0356609, 0.000488248, 0.000131358, 18.5193, 0.000139795, 1.33329, 0.000272252, 8.57854e-06, 1.45735e-07, 0.000407745, 1.70791e-05, 0.00180902, 0.000233368, 13.3459, 0.192616, 0.00010292, 5.48942e-07, 1.558e-05, 1.55947e-05, 0.000115915, 9.39075e-06, 0.000251768, 0.00074229, 0.997046, 0.00198713, 3.24505e-05, 0.000907677, 0.000171506, 6.28694e-05, 3.44484e-05, 3.19185e-05, 0.00012674, 0.000158108, 2.5676e-05, 9.06024e-06, 1.36602, 2.03629, 

6.42127e-06, 1.43719e-06, 1.50614e-05, 4.10272e-05, 8.00008, 0.00286308, 0.00547269, 0.00198713, 0.000891697, 0.000488248, 2.87561e-08, 1.64446e-06, 0.000131358, 0.000139795, 1.33329, 4.12547, 14.3261, 0.000862417, 0.000124079, 1.70791e-05, 8.57854e-06, 1.45735e-07, 0.000407745, 0.00180902, 3.72313, 0.00010292, 8.37812, 0.000272252, 3.24505e-05, 0.00074229, 9.06024e-06, 1.55947e-05, 0.000115915, 9.39075e-06, 0.997046, 0.000907677, 6.66111, 0.000251768, 5.48942e-07, 0.000233368, 0.000171506, 6.28694e-05, 3.44484e-05, 3.19185e-05, 0.00012674, 0.000158108, 2.5676e-05, 1.558e-05, 0.0356609, 0.192616, 

6.42127e-06, 1.43719e-06, 1.50614e-05, 8.00008, 0.00547269, 0.000891697, 16.9803, 0.000139795, 0.000407745, 3.24505e-05, 2.87561e-08, 1.64446e-06, 0.000131358, 0.817675, 1.70791e-05, 25.3537, 16.1949, 0.000115915, 0.000862417, 0.00180902, 8.57854e-06, 1.45735e-07, 1.28993, 0.00010292, 0.000272252, 0.00074229, 1.81454, 0.000251768, 0.000488248, 0.00198713, 9.06024e-06, 1.55947e-05, 0.000907677, 6.66111, 5.48942e-07, 0.000233368, 1.30266, 4.10272e-05, 9.39075e-06, 0.000124079, 0.000171506, 6.28694e-05, 3.44484e-05, 3.19185e-05, 0.00012674, 0.000158108, 2.5676e-05, 1.558e-05, 0.00286308, 0.0356609, 

6.42127e-06, 1.43719e-06, 1.50614e-05, 8.00008, 0.000891697, 3.24505e-05, 17.9334, 0.000233368, 0.000407745, 0.000488248, 2.87561e-08, 1.64446e-06, 1.70791e-05, 19.3559, 2.11836, 0.00180902, 18.2539, 0.000907677, 0.000862417, 0.00010292, 8.57854e-06, 1.45735e-07, 1.28993, 0.00074229, 0.0468418, 0.000251768, 0.00198713, 0.000272252, 0.000115915, 0.000124079, 9.06024e-06, 2.57456e-06, 6.66111, 5.48942e-07, 1.30266, 4.10272e-05, 9.39075e-06, 0.000139795, 0.00286308, 0.000131358, 0.000171506, 6.28694e-05, 3.44484e-05, 3.19185e-05, 0.00012674, 0.000158108, 2.5676e-05, 1.558e-05, 0.00547269, 0.0141312, 

6.42127e-06, 1.43719e-06, 3.24505e-05, 17.9334, 0.000233368, 0.000407745, 12.1252, 1.50614e-05, 0.000115915, 0.00074229, 2.87561e-08, 1.64446e-06, 2.11836, 0.00180902, 18.2539, 0.00010292, 20.1045, 0.000139795, 0.000488248, 0.000124079, 8.57854e-06, 1.45735e-07, 1.28993, 0.000251768, 0.00198713, 0.000272252, 1.67707, 0.000862417, 1.70791e-05, 4.10272e-05, 9.06024e-06, 2.57456e-06, 6.66111, 5.48942e-07, 1.30266, 0.00286308, 0.000131358, 9.27455e-05, 0.000891697, 9.39075e-06, 0.000171506, 6.28694e-05, 3.44484e-05, 3.19185e-05, 0.00012674, 0.000158108, 2.5676e-05, 1.558e-05, 0.000907677, 0.00547269, 

Best:
1.20393e-05	

Fitness Evaluations:
3379

End Population
(-1.799072e-04), (-8.511290e-05), (-4.044348e-04), (2.743529e+00), (1.084573e-03), (-1.433619e-03), (1.765829e+00), (2.755312e-04), (7.643791e-04), (-1.934315e-03), (1.203935e-05), (9.104353e-05), (9.187771e-01), (3.019718e-03), (6.053649e-01), (-7.202573e-04), (5.299334e-01), (-8.394291e-04), (1.568771e-03), (-7.908372e-04), (-2.079432e-04), (2.710317e-05), (8.151812e-02), (1.126521e-03), (-3.164885e-03), (-1.171452e-03), (9.358551e-01), (2.084969e-03), (2.934066e-04), (-4.547514e-04), (-2.137016e-04), (-1.139173e-04), (1.951758e-01), (5.260186e-05), (9.554136e-01), (-3.798961e-03), (-8.137050e-04), (-6.837300e-04), (-2.120068e-03), (-2.175645e-04), (9.297761e-04), (5.629342e-04), (-4.166992e-04), (4.011060e-04), (-7.992719e-04), (-8.927196e-04), (-3.597506e-04), (-2.802342e-04), (-2.138980e-03), (-5.252399e-03), 