Iterations: 50
Function Evaluations Limit: 150000
Population: 50

Prides Length: 4

Percent Nomads: 0.2
Percent Roaming: 0.2
Percent Sex: 0.8

Mating Rate: 0.3
Mutation Probability: 0.2
Immigration Rate: 0.4

Dimensions: 2
N-Dimension Space: -5:5

Fitness Iterations:
49.4222
90.5676, 368.837, 708.035, 658.917, 49.4222, 779.888, 407.773, 1462.64, 876.321, 45.3254, 500.756, 101.856, 19812.7, 32088.1, 256.23, 599.925, 270.981, 138.286, 80.1524, 138.148, 154.322, 386.116, 4644.95, 165.27, 58654.3, 7114.9, 53881.1, 196.308, 250.221, 361.2, 757.45, 434.627, 3324.24, 0.194472, 387.022, 299.691, 709.114, 1435.31, 676.856, 62.6919, 1014.74, 2632.92, 332.465, 1579.27, 4518.25, 1838.19, 968.152, 1402.3, 1713.2, 1953.67, 

10.909, 37.8043, 656.903, 165.56, 16.0942, 45.3254, 4.56189, 208.109, 56.1889, 559.838, 442.587, 101.856, 5557.23, 270.981, 9.39303, 1579.95, 2255.31, 4.08164, 5.97168, 84.2416, 3.43513, 59.0228, 185.346, 152.697, 13151, 250.221, 361.2, 138.286, 49.4222, 196.308, 195.549, 7.88692, 0.194472, 240.072, 334.501, 676.856, 28.5449, 599.925, 256.23, 50.2295, 332.465, 500.756, 368.837, 59.7203, 580.52, 355.626, 136.922, 434.627, 610.769, 819.128, 

10.909, 37.8043, 16.0942, 45.3254, 559.838, 347.442, 2570.79, 196.308, 56.1889, 4.56189, 59.0228, 1.45618, 5557.23, 270.981, 9.39303, 1579.95, 8.69296, 28.5449, 105.515, 52.1881, 3.43513, 45.9797, 161.964, 10.8263, 138.286, 112.246, 52.8431, 50.2295, 44.1606, 87.53, 90.1194, 7.88692, 0.194472, 118.449, 256.23, 7.93399, 1297.7, 49.4222, 5.97168, 4.08164, 332.465, 75.7059, 355.626, 195.549, 136.922, 149.265, 183.583, 59.7203, 208.109, 334.501, 

10.909, 37.8043, 16.0942, 2570.79, 56.1889, 4.56189, 4424.38, 196.308, 161.964, 5.97168, 9.62164, 1.45618, 270.981, 8.69296, 105.515, 52.1881, 1759.84, 28.5449, 45.3254, 52.8431, 3.43513, 13.6268, 10.8263, 138.286, 112.246, 50.2295, 1144.29, 87.53, 208.109, 9.39303, 7.88692, 8.0462, 118.449, 256.23, 7.93399, 49.4222, 4.08164, 0.194472, 44.1606, 238.933, 75.7059, 136.922, 149.265, 183.583, 59.7203, 142.496, 117.087, 90.1194, 313.545, 334.501, 

10.909, 37.8043, 132.246, 4.56189, 196.308, 5.31946, 27.6928, 5.89213, 105.515, 1.84378, 9.62164, 0.187399, 1759.84, 28.5449, 45.3254, 57.098, 2217.76, 87.53, 52.8431, 9.39303, 3.43513, 11.0418, 10.8263, 112.246, 50.2295, 208.109, 4327.02, 56.1889, 16.0942, 8.69296, 3.51295, 8.0462, 49.4222, 4.08164, 0.194472, 44.1606, 19.9074, 118.449, 7.93399, 52.1881, 75.7059, 121.192, 59.7203, 117.087, 90.1194, 47.5978, 13.6268, 81.1393, 121.026, 161.964, 

3.28141, 8.0462, 132.246, 196.308, 3.76477, 27.6928, 5.89213, 87.53, 44.1606, 105.515, 9.62164, 0.187399, 28.5449, 52.8431, 9.39303, 1511.7, 6465.58, 1.84378, 57.098, 76.8362, 3.43513, 11.0418, 10.8263, 4.21534, 56.1889, 16.0942, 82.4193, 0.194472, 19.9074, 0.346238, 3.51295, 4.42295, 49.4222, 4.08164, 118.449, 7.93399, 52.1881, 8.69296, 112.246, 45.3254, 75.7059, 59.7203, 47.5978, 13.6268, 81.1393, 29.1038, 53.1493, 28.6734, 121.026, 161.964, 

3.28141, 5.76909, 196.308, 5.89213, 105.515, 21.0369, 1.77342, 27.6928, 3.76477, 45.3254, 5.94736, 0.187399, 28.5449, 6465.58, 1.84378, 854.327, 8.98636, 10.8263, 52.1881, 8.69296, 3.43513, 8.95002, 4.21534, 56.1889, 0.194472, 19.9074, 3078.34, 9.39303, 44.1606, 16.0942, 3.51295, 4.42295, 4.08164, 118.449, 7.93399, 112.246, 1284.9, 41.9311, 49.4222, 0.346238, 47.5978, 13.6268, 29.1038, 28.6734, 16.7317, 9.62164, 24.4593, 8.0462, 52.8431, 57.098, 

3.28141, 5.76909, 196.308, 5.89213, 105.515, 1.77116, 68.6357, 0.346238, 1.84378, 0.194472, 3.73144, 0.187399, 28.5449, 854.327, 8.98636, 10.8263, 52.1881, 21.0369, 14.5507, 12.683, 3.43513, 8.95002, 4.21534, 3078.34, 9.39303, 44.1606, 20.7543, 3.76477, 8.69296, 27.6928, 3.51295, 4.42295, 4.08164, 118.449, 7.93399, 112.246, 49.4222, 41.9311, 16.0942, 19.9074, 13.6268, 16.7317, 9.62164, 24.4593, 8.0462, 22.0857, 28.1295, 14.7299, 45.3254, 52.8431, 

3.28141, 2.93058, 5.89213, 1.77116, 0.346238, 1.84378, 2.91968, 27.6928, 3.76477, 12.683, 0.187399, 0.534569, 854.327, 8.98636, 14.5507, 0.986406, 2.11329, 19.6618, 0.14498, 10.8263, 1.14287, 8.0462, 9.39303, 44.1606, 20.7543, 8.69296, 306.995, 37.3358, 28.5449, 4.21534, 3.51295, 3.73144, 4.08164, 0.176305, 7.93399, 112.246, 29.7564, 4.35512, 0.194472, 16.0942, 13.6268, 9.62164, 8.95002, 14.7299, 6.57126, 5.76909, 4.42295, 3.43513, 45.3254, 49.4222, 

3.28141, 2.93058, 5.89213, 1.06404, 1.84378, 2.91968, 48.0555, 3.2731, 7.93399, 4.76893, 0.187399, 0.534569, 854.327, 8.98636, 14.0341, 0.14498, 1541.32, 0.986406, 0.194472, 0.176305, 1.14287, 2.82331, 9.39303, 20.7543, 8.69296, 4.21534, 2800.11, 3.76477, 12.683, 10.8263, 3.43513, 3.73144, 112.246, 4.35512, 16.0942, 858.181, 161.377, 2.11329, 0.346238, 4.08164, 13.6268, 9.62164, 8.95002, 6.57126, 5.76909, 4.42295, 3.51295, 8.0462, 14.5507, 27.6928, 

0.534569, 2.91573, 5.89213, 1.06404, 1.84378, 3.2731, 4.76893, 2.47242, 9.39303, 2.91968, 0.131616, 0.00317788, 854.327, 14.0341, 0.176305, 319.337, 0.640906, 0.194472, 7.93399, 4.35512, 1.14287, 0.708626, 20.7543, 8.69296, 4.21534, 2800.11, 3.76477, 8.98636, 0.14498, 10.8263, 0.133068, 3.51295, 112.246, 16.0942, 0.346238, 740.04, 40.2228, 0.986406, 4.08164, 2.11329, 8.95002, 6.57126, 5.76909, 4.42295, 3.73144, 8.0462, 3.28141, 3.57968, 12.683, 14.5507, 

0.534569, 2.91573, 1.06404, 4.76893, 9.39303, 2.91968, 574.248, 2.47242, 3.76477, 0.14498, 0.00317788, 0.0039273, 854.327, 14.0341, 0.194472, 73.1101, 0.0064538, 4.1121, 0.176305, 3.2731, 0.131616, 0.708626, 20.7543, 8.69296, 4.21534, 2800.11, 484.946, 2.11329, 5.89213, 4.08164, 0.133068, 3.51295, 112.246, 0.346238, 0.986406, 953.637, 9828.06, 0.640906, 1.84378, 3.45762, 6.57126, 5.76909, 4.42295, 3.73144, 8.0462, 3.28141, 3.57968, 1.14287, 7.93399, 8.98636, 

0.534569, 2.91573, 9.39303, 3.76477, 0.14498, 872.026, 13.8119, 1.84378, 0.986406, 2.47242, 0.00317788, 0.0039273, 854.327, 14.0341, 73.1101, 85.6875, 286.602, 4.1121, 3.2731, 0.346238, 0.131616, 0.708626, 8.69296, 0.703369, 2.11329, 5.89213, 27.5804, 0.194472, 0.0064538, 2.91968, 0.133068, 3.51295, 112.246, 953.637, 9828.06, 0.640906, 3.45762, 1.06404, 0.176305, 4.08164, 6.57126, 5.76909, 4.42295, 3.73144, 3.28141, 3.57968, 1.14287, 6.09695, 4.76893, 7.93399, 

0.534569, 1.14287, 9.39303, 3.76477, 57.2637, 1.84378, 7.16188, 4.1121, 7.72284, 0.14498, 0.00317788, 0.0039273, 73.1101, 85.6875, 286.602, 3.2731, 63.655, 0.0064538, 2.11329, 0.346238, 0.131616, 0.708626, 0.703369, 27.5804, 0.194472, 2.91968, 105.815, 0.986406, 2.47242, 4.08164, 0.133068, 3.28141, 0.640906, 1.06404, 0.176305, 0.396708, 283.715, 3.45762, 4.76893, 5.89213, 6.57126, 5.76909, 4.42295, 3.73144, 3.51295, 3.57968, 2.91573, 6.09695, 7.93399, 8.69296, 

0.34037, 1.14287, 1.84378, 7.16188, 4.1121, 7.72284, 0.14498, 3.76477, 0.703369, 0.194472, 2.164e-05, 0.0039273, 3.2731, 0.0064538, 0.346238, 36.6227, 820.09, 2.11329, 4.76893, 5.89213, 0.131616, 0.708626, 27.5804, 46.4269, 0.986406, 2.47242, 4.08164, 4.8557, 4.72077, 7.93399, 0.133068, 0.262336, 0.640906, 0.176305, 283.715, 3.45762, 8237.8, 0.396708, 1.06404, 2.91968, 5.76909, 4.42295, 3.73144, 3.51295, 3.57968, 2.91573, 0.534569, 1.32375, 8.69296, 9.39303, 

0.34037, 0.329456, 7.16188, 0.61182, 0.703369, 0.194472, 6706.59, 1.84378, 0.640906, 0.396708, 2.164e-05, 0.0039273, 3.2731, 36.6227, 1.47292, 2.11329, 3.63583, 1.03009, 0.296005, 3.45762, 0.131616, 0.534569, 27.5804, 46.4269, 0.986406, 4.72077, 4531.69, 0.346238, 1.06404, 2.47242, 0.133068, 0.262336, 0.0638258, 283.715, 7458.66, 6.86634, 17.9621, 0.0064538, 2.91968, 0.14498, 4.42295, 3.73144, 3.51295, 3.57968, 2.91573, 0.708626, 1.32375, 1.32428, 3.76477, 4.08164, 

0.34037, 0.329456, 7.16188, 0.61182, 0.640906, 0.396708, 4.9102, 0.986406, 1.84378, 1.47292, 2.164e-05, 0.0039273, 3.2731, 36.6227, 2.11329, 3.63583, 1.03009, 0.296005, 0.14498, 0.703369, 0.131616, 0.534569, 27.5804, 4.72077, 4531.69, 0.346238, 2685.47, 2.47242, 0.0064538, 1.2867, 0.133068, 0.262336, 0.0638258, 283.715, 957.507, 2.91968, 435.864, 1.06404, 0.194472, 3.45762, 3.51295, 3.57968, 2.91573, 0.708626, 1.32375, 1.32428, 1.10706, 2.74278, 3.76477, 4.08164, 

0.190058, 0.329456, 0.61182, 0.396708, 4.9102, 1.47292, 834.952, 0.346238, 0.386457, 3.76477, 2.164e-05, 0.0039273, 3.2731, 36.6227, 2.11329, 1.03009, 0.296005, 0.703369, 0.640906, 1.06404, 0.131616, 0.176804, 27.5804, 295.394, 0.0064538, 27.1224, 0.121396, 2.47242, 3.63583, 0.986406, 0.133068, 0.109832, 0.0638258, 2.91968, 14.3297, 0.194472, 3.45762, 0.14498, 1.2867, 1.84378, 2.91573, 0.708626, 1.32375, 1.32428, 1.10706, 2.74278, 0.534569, 0.262336, 4.08164, 4.72077, 

0.190058, 0.329456, 0.396708, 0.346238, 0.386457, 3.76477, 21592, 1.2867, 3.45762, 0.640906, 2.164e-05, 0.0039273, 3.2731, 0.296005, 0.703369, 1.06404, 251.379, 2.11329, 0.0064538, 1.47292, 0.131616, 0.142584, 27.1224, 2.47242, 3.63583, 0.986406, 95.7573, 0.194472, 4.72077, 0.61182, 0.133068, 0.109832, 0.0638258, 2.91968, 0.14498, 1.84378, 94.9735, 0.121396, 1.03009, 4.08164, 0.708626, 1.32375, 1.32428, 1.10706, 2.74278, 0.534569, 0.262336, 1.41754, 4.9102, 6.13749, 

0.190058, 0.329456, 0.386457, 3.76477, 1.2867, 228.066, 259.299, 0.640906, 0.0064538, 0.121396, 2.164e-05, 0.0039273, 0.296005, 0.703369, 251.379, 0.383002, 4.89346, 2.11329, 0.61182, 1.47292, 0.131616, 0.142584, 27.1224, 2.47242, 3.63583, 0.986406, 0.194472, 0.346238, 0.208496, 0.0638258, 0.133068, 0.109832, 0.14498, 1.03009, 4.08164, 9553.78, 5.20013, 0.396708, 1.84378, 1.06404, 0.708626, 1.32375, 1.32428, 1.10706, 0.534569, 0.262336, 0.157988, 0.635603, 2.91968, 3.45762, 

0.0658731, 0.329456, 0.386457, 3.76477, 1.2867, 228.066, 4927.92, 1.06404, 0.640906, 0.104263, 2.164e-05, 0.00199279, 251.379, 0.383002, 4.89346, 127.113, 1.76703, 0.396708, 0.61182, 1.84378, 0.131616, 0.142584, 27.1224, 0.986406, 0.346238, 0.199902, 1199.39, 0.194472, 0.0064538, 0.121396, 0.133068, 0.000513342, 0.14498, 1.03009, 1836.92, 33654, 2826.81, 0.703369, 1.47292, 0.0638258, 0.708626, 1.32375, 1.32428, 1.10706, 0.534569, 0.262336, 0.157988, 0.635603, 2.11329, 2.47242, 

0.0658731, 0.157988, 1.2867, 1637.87, 1.06404, 0.640906, 488.603, 0.346238, 0.0638258, 0.986406, 2.164e-05, 0.00199279, 251.379, 4.89346, 0.396708, 0.61182, 1.84378, 1.76703, 0.0064538, 2.11329, 0.131616, 0.142584, 0.199902, 1199.39, 0.194472, 0.121396, 2410.16, 2.47242, 3.76477, 0.383002, 0.000513342, 0.00311864, 1.03009, 0.703369, 0.101876, 0.00234018, 769.759, 0.386457, 0.104263, 0.14498, 0.708626, 1.32375, 1.10706, 0.534569, 0.329456, 0.262336, 0.635603, 0.133068, 27.1224, 123.976, 

0.0658731, 0.0179663, 1.2867, 1.06404, 0.0638258, 0.226391, 12.5616, 0.104263, 0.640906, 1.76703, 2.164e-05, 0.00199279, 251.379, 0.396708, 1.84378, 2.11329, 110.009, 1.03009, 0.986406, 0.121396, 0.131616, 0.13165, 59.6868, 2410.16, 2.47242, 0.383002, 17.7249, 0.199902, 0.346238, 0.101876, 0.000513342, 0.00311864, 0.703369, 0.00234018, 769.759, 0.386457, 0.14498, 0.0064538, 0.194472, 0.13426, 0.708626, 0.534569, 0.329456, 0.262336, 0.635603, 0.133068, 0.157988, 1.10488, 3.76477, 4.89346, 

0.0330948, 0.0179663, 1.06404, 0.226391, 0.640906, 1.76703, 230.936, 0.986406, 0.383002, 0.396708, 2.164e-05, 0.00199279, 251.379, 1.84378, 0.121396, 213.9, 403.364, 0.104263, 1.2867, 0.194472, 0.131616, 0.13165, 59.6868, 0.199902, 0.346238, 0.101876, 0.933162, 0.0638258, 1.03009, 0.13426, 0.000513342, 0.00311864, 0.703369, 0.00234018, 0.386457, 0.0064538, 186.077, 0.563578, 0.14498, 2.11329, 0.708626, 0.534569, 0.329456, 0.262336, 0.635603, 0.133068, 0.157988, 0.173158, 2.47242, 3.76477, 

0.0330948, 0.0179663, 0.640906, 1.76703, 230.936, 21.6754, 3.18826, 0.00234018, 0.563578, 0.104263, 2.164e-05, 0.00199279, 1.84378, 0.121396, 403.364, 1.2867, 318.325, 0.13426, 0.14498, 0.0064538, 0.131616, 0.13165, 59.6868, 0.199902, 0.346238, 0.0638258, 1067.79, 0.933162, 0.226391, 0.194472, 0.000513342, 0.00311864, 0.703369, 0.386457, 186.077, 5003.61, 5358.55, 0.396708, 0.383002, 0.101876, 0.708626, 0.534569, 0.329456, 0.262336, 0.635603, 0.133068, 0.157988, 0.173158, 0.986406, 1.03009, 

0.0330948, 0.0179663, 0.640906, 21.6754, 0.00234018, 0.104263, 6955.43, 1.03009, 0.563578, 1.76703, 2.164e-05, 0.00199279, 1.84378, 403.364, 1.2867, 277.093, 26.9148, 0.396708, 0.14498, 0.346238, 0.131616, 0.13165, 3.97741, 0.199902, 0.0638258, 0.226391, 762.673, 0.121396, 0.0064538, 0.933162, 0.000513342, 0.00311864, 0.703369, 0.386457, 0.383002, 0.101876, 34.7218, 0.986406, 0.13426, 0.194472, 0.708626, 0.534569, 0.329456, 0.262336, 0.635603, 0.133068, 0.157988, 0.173158, 1.80221, 44.3477, 

0.0330948, 0.0179663, 21.6754, 0.00234018, 1.03009, 1.76703, 578.192, 0.640906, 0.563578, 0.14498, 2.164e-05, 0.00199279, 1.2867, 26.9148, 0.396708, 0.346238, 10505.4, 0.0064538, 0.104263, 0.101876, 0.120763, 0.122699, 0.226391, 1.1978, 0.121396, 0.933162, 15502.4, 0.383002, 0.703369, 0.199902, 0.000513342, 0.00311864, 0.386457, 0.986406, 0.13426, 61.4502, 123.672, 1.80221, 0.0638258, 0.194472, 0.708626, 0.534569, 0.329456, 0.262336, 0.635603, 0.133068, 0.157988, 0.173158, 1.84378, 3.97741, 

0.0330948, 0.0179663, 0.00234018, 1.76703, 0.640906, 0.563578, 5887.5, 0.933162, 1.03009, 0.121396, 2.164e-05, 1.25355e-05, 1.2867, 0.346238, 0.104263, 1580.81, 18.7881, 0.199902, 0.14498, 0.986406, 0.113789, 0.114464, 0.226391, 15502.4, 0.383002, 1091.11, 1528.7, 1.1978, 0.101876, 0.703369, 0.000513342, 0.00311864, 0.13426, 17.7835, 1.80221, 0.0638258, 0.194472, 0.386457, 0.0064538, 0.396708, 0.708626, 0.534569, 0.329456, 0.262336, 0.635603, 0.133068, 0.157988, 0.173158, 1.84378, 3.97741, 

0.0330948, 0.0179663, 1.76703, 0.143928, 5887.5, 0.933162, 0.121396, 0.13426, 0.194472, 1.03009, 2.164e-05, 1.25355e-05, 1.2867, 1580.81, 0.986406, 1278.28, 15.4728, 0.346238, 0.14498, 0.199902, 0.113789, 0.11165, 0.226391, 0.383002, 1528.7, 0.143434, 364.532, 0.703369, 0.104263, 0.00234018, 0.000513342, 0.00311864, 0.0638258, 0.0064538, 0.396708, 418.879, 174.107, 0.386457, 0.101876, 0.563578, 0.534569, 0.329456, 0.262336, 0.635603, 0.133068, 0.157988, 0.173158, 0.114464, 1.1978, 1.80221, 

0.0330948, 0.0179663, 5887.5, 0.121396, 0.194472, 1.03009, 424.828, 0.383002, 0.199902, 0.703369, 2.164e-05, 1.25355e-05, 0.986406, 1278.28, 15.4728, 0.14498, 2.70564, 0.563578, 0.13426, 0.0064538, 0.113789, 0.11165, 0.226391, 50.3952, 364.532, 0.104263, 8.1248, 0.143434, 0.933162, 0.00234018, 0.000513342, 0.00311864, 0.0638258, 0.396708, 418.879, 0.101876, 332.959, 0.386457, 0.346238, 0.143928, 0.534569, 0.329456, 0.262336, 0.635603, 0.133068, 0.157988, 0.173158, 0.114464, 1.1978, 1.2867, 

0.0248128, 0.0179663, 0.194472, 1.03009, 0.383002, 4545.6, 1296.85, 0.143928, 0.703369, 0.13426, 2.164e-05, 1.25355e-05, 1278.28, 15.4728, 0.14498, 2.70564, 198.146, 0.933162, 0.199902, 1.1978, 0.113789, 0.11165, 0.226391, 0.104263, 8.1248, 0.00234018, 2542.8, 0.563578, 0.0064538, 0.121396, 0.000513342, 0.00311864, 0.0638258, 0.396708, 0.101876, 0.386457, 0.346238, 0.792267, 0.143434, 0.986406, 0.534569, 0.329456, 0.262336, 0.133068, 0.157988, 0.173158, 0.114464, 0.53301, 1.2867, 1.30514, 

0.0248128, 0.0179663, 4545.6, 1296.85, 0.143928, 0.703369, 18.6447, 0.383002, 0.563578, 0.346238, 2.164e-05, 1.25355e-05, 1278.28, 15.4728, 1.1978, 288.664, 107.681, 0.0064538, 0.13426, 0.143434, 0.113789, 0.11165, 0.226391, 0.104263, 8.1248, 0.00234018, 31103.7, 0.624953, 0.199902, 0.194472, 0.000513342, 0.00311864, 0.396708, 0.101876, 0.386457, 0.986406, 2836.3, 0.121396, 0.0638258, 0.14498, 0.534569, 0.329456, 0.262336, 0.133068, 0.157988, 0.173158, 0.114464, 0.53301, 0.792267, 0.933162, 

0.0248128, 0.0179663, 4545.6, 0.143928, 0.703369, 18.6447, 0.346238, 0.194472, 0.13426, 0.143434, 2.164e-05, 1.25355e-05, 42.8334, 15.4728, 1.1978, 107.681, 2.00911, 0.101876, 0.563578, 0.792267, 0.113789, 0.11165, 0.104263, 0.00234018, 0.624953, 0.199902, 2.72996, 0.383002, 0.14498, 0.0064538, 0.000513342, 0.00311864, 0.396708, 0.386457, 0.121396, 0.0638258, 51.9067, 0.933162, 0.986406, 0.226391, 0.534569, 0.329456, 0.262336, 0.133068, 0.157988, 0.173158, 0.114464, 0.53301, 3.24909, 8.1248, 

0.0248128, 0.0179663, 4545.6, 0.143928, 0.259688, 0.194472, 36.5974, 0.14498, 0.383002, 0.226391, 2.164e-05, 1.25355e-05, 42.8334, 15.4728, 1.1978, 0.101876, 0.792267, 0.396708, 0.199902, 0.13426, 0.113789, 0.11165, 0.00234018, 0.624953, 2.72996, 0.0064538, 8237.89, 0.0893201, 0.143434, 0.104263, 0.000513342, 0.00311864, 0.386457, 0.121396, 0.0638258, 51.9067, 6.67362, 0.933162, 0.563578, 0.346238, 0.329456, 0.262336, 0.133068, 0.157988, 0.173158, 0.114464, 0.0849783, 0.393604, 0.986406, 2.00911, 

0.0229922, 0.0179663, 0.259688, 0.194472, 0.383002, 0.226391, 1926.56, 0.933162, 0.0638258, 0.101876, 2.164e-05, 1.25355e-05, 42.8334, 1.1978, 0.396708, 0.66466, 330.745, 0.0893201, 0.986406, 0.13426, 0.113789, 0.11165, 0.00234018, 2.72996, 0.0064538, 0.143434, 0.104263, 0.624953, 0.792267, 0.199902, 0.000513342, 0.00311864, 0.386457, 0.121396, 0.563578, 0.346238, 7260.11, 0.143928, 0.14498, 2.00911, 0.329456, 0.262336, 0.133068, 0.157988, 0.173158, 0.114464, 0.0849783, 0.243002, 3.44969, 15.4728, 

0.0229922, 0.0179663, 0.259688, 0.383002, 0.933162, 0.0638258, 0.101876, 0.346238, 0.0893201, 0.624953, 2.164e-05, 1.25355e-05, 42.8334, 1.1978, 0.396708, 0.66466, 6707.58, 0.199902, 0.143928, 0.194472, 0.0849783, 0.106481, 0.00234018, 2.72996, 0.143434, 0.792267, 883.381, 0.986406, 0.14498, 0.0064538, 0.000513342, 0.00311864, 0.386457, 0.121396, 0.563578, 3620.77, 1360.63, 0.226391, 0.104263, 0.13426, 0.329456, 0.262336, 0.133068, 0.157988, 0.173158, 0.114464, 0.113789, 0.243002, 2.00911, 3.44969, 

0.0179663, 0.00367214, 0.383002, 0.933162, 0.101876, 0.346238, 688.79, 0.0638258, 0.00234018, 0.176903, 2.164e-05, 1.25355e-05, 42.8334, 0.396708, 0.199902, 0.143928, 5248.99, 0.0893201, 0.259688, 0.030595, 0.0849783, 0.0811671, 0.792267, 0.14498, 0.0064538, 0.730164, 5717.52, 0.143434, 0.476563, 0.00228078, 0.000513342, 0.00311864, 0.386457, 0.563578, 119.008, 0.104263, 0.13426, 0.121396, 0.226391, 0.194472, 0.133068, 0.157988, 0.173158, 0.114464, 0.113789, 0.243002, 0.0229922, 0.0516062, 0.624953, 0.66466, 

0.0179663, 0.00367214, 0.101876, 688.79, 0.0638258, 0.00234018, 156.288, 0.476563, 0.176903, 0.346238, 2.164e-05, 1.25355e-05, 42.8334, 0.0893201, 0.259688, 0.030595, 2.35508, 0.386457, 0.199902, 0.624953, 0.0516062, 0.0811671, 0.14498, 5717.52, 0.143434, 0.00228078, 321.939, 0.13426, 0.383002, 0.143928, 0.000513342, 0.00311864, 0.563578, 0.104263, 0.121396, 0.194472, 120.961, 0.396708, 0.0064538, 0.226391, 0.133068, 0.157988, 0.173158, 0.114464, 0.113789, 0.243002, 0.0229922, 0.0849783, 0.66466, 0.730164, 

0.0179663, 0.000547389, 0.101876, 156.288, 0.476563, 0.176903, 84.1184, 0.121396, 0.00234018, 0.0638258, 2.164e-05, 1.25355e-05, 42.8334, 0.259688, 2.35508, 0.199902, 0.624953, 0.0893201, 0.346238, 0.143434, 0.0516062, 0.0811671, 2871.79, 0.00228078, 0.13426, 106.948, 6.77233, 0.226391, 0.0064538, 0.143928, 0.000513342, 0.00311864, 0.104263, 0.194472, 0.71814, 0.396708, 142.371, 0.14498, 0.030595, 0.383002, 0.133068, 0.157988, 0.173158, 0.114464, 0.113789, 0.243002, 0.0229922, 0.0849783, 0.386457, 0.563578, 

0.000547389, 0.0133515, 0.176903, 84.1184, 0.121396, 0.0638258, 0.0158398, 0.383002, 0.030595, 0.226391, 2.164e-05, 1.25355e-05, 2.35508, 0.199902, 0.346238, 6299.51, 5718.5, 0.101876, 0.259688, 0.00228078, 0.0179663, 0.0811671, 2871.79, 0.0064538, 0.143928, 564.567, 2127.45, 0.0893201, 0.00234018, 0.143434, 0.000513342, 0.00311864, 0.104263, 0.194472, 0.396708, 0.14498, 64.0448, 0.386457, 0.13426, 0.476563, 0.133068, 0.157988, 0.173158, 0.114464, 0.113789, 0.0516062, 0.0849783, 0.0229922, 0.563578, 0.624953, 

0.000297155, 0.0133515, 34.9432, 0.121396, 0.383002, 0.030595, 16.043, 0.0893201, 0.476563, 0.194472, 2.164e-05, 1.25355e-05, 2.35508, 6299.51, 0.101876, 0.00228078, 3879.85, 0.143434, 0.0638258, 0.199902, 0.0179663, 0.0229922, 0.0064538, 0.143928, 564.567, 0.00234018, 15250.4, 0.0158398, 0.346238, 0.226391, 0.000513342, 0.00311864, 0.104263, 0.396708, 0.386457, 0.13426, 0.661534, 0.176903, 0.14498, 0.259688, 0.133068, 0.157988, 0.173158, 0.114464, 0.113789, 0.0793588, 0.0849783, 0.0516062, 0.563578, 0.624953, 

0.000297155, 0.0133515, 3.72365, 0.383002, 0.030595, 16.043, 0.0893201, 0.346238, 0.14498, 0.386457, 2.164e-05, 1.25355e-05, 2.35508, 907.982, 0.101876, 0.00228078, 0.143434, 0.176903, 0.0638258, 0.121396, 0.0179663, 0.0229922, 0.143928, 564.567, 0.0158398, 0.226391, 771.232, 0.00234018, 0.476563, 0.396708, 0.000513342, 0.00311864, 0.104263, 0.13426, 0.661534, 0.259688, 0.85652, 0.199902, 0.194472, 0.0064538, 0.133068, 0.157988, 0.173158, 0.114464, 0.113789, 0.0793588, 0.0849783, 0.0516062, 0.563578, 0.624953, 

0.000297155, 0.0133515, 0.383002, 0.030595, 16.043, 0.346238, 0.386457, 0.0158398, 0.143434, 0.101876, 2.164e-05, 1.25355e-05, 2.35508, 907.982, 0.00228078, 0.0638258, 120.069, 0.176903, 0.14498, 0.121396, 0.0179663, 0.0229922, 0.143928, 564.567, 0.226391, 0.247239, 0.396708, 0.13426, 0.0682523, 0.0893201, 0.000513342, 0.00311864, 0.104263, 0.259688, 0.85652, 0.199902, 0.194472, 0.563578, 0.00234018, 0.0064538, 0.133068, 0.157988, 0.114464, 0.113789, 0.0793588, 0.0849783, 0.0516062, 0.0473246, 0.624953, 0.661534, 

0.000297155, 0.0133515, 16.043, 0.386457, 0.0158398, 0.143434, 365.331, 0.199902, 0.247239, 0.121396, 2.164e-05, 1.25355e-05, 907.982, 0.0638258, 0.176903, 0.14498, 3488.18, 0.0682523, 0.346238, 0.00228078, 0.0179663, 0.0229922, 564.567, 0.226391, 0.396708, 0.13426, 0.0893201, 0.0064538, 0.030595, 0.194472, 0.000513342, 0.00311864, 0.104263, 0.259688, 0.85652, 0.563578, 3.44373, 0.143928, 0.101876, 0.00234018, 0.133068, 0.114464, 0.113789, 0.0793588, 0.0849783, 0.0516062, 0.0473246, 0.0780151, 0.383002, 0.624953, 

0.000297155, 0.0133515, 0.0158398, 0.143434, 365.331, 0.121396, 3315.96, 0.104263, 0.101876, 0.0064538, 2.164e-05, 1.25355e-05, 0.0638258, 0.176903, 0.0682523, 0.00228078, 0.0620479, 0.143928, 0.199902, 0.14498, 0.0133525, 0.0229922, 564.567, 0.13426, 0.030595, 0.194472, 1026.05, 0.226391, 0.247239, 0.383002, 0.000513342, 0.00311864, 0.85652, 0.563578, 0.00234018, 226.003, 2.09607, 0.259688, 0.0893201, 0.346238, 0.114464, 0.113789, 0.0793588, 0.0849783, 0.0516062, 0.0473246, 0.0780151, 0.0506151, 0.386457, 0.396708, 

0.000297155, 0.00138148, 0.0158398, 0.104263, 0.101876, 0.0064538, 88.6556, 0.00234018, 0.194472, 0.121396, 2.164e-05, 1.25355e-05, 0.0638258, 0.0682523, 0.0620479, 0.143928, 0.199902, 0.14498, 0.176903, 0.383002, 0.0133525, 0.015978, 68.0783, 0.13426, 0.030595, 1026.05, 0.226391, 0.0893201, 0.011929, 0.00228078, 0.000513342, 0.000372532, 0.85652, 2.09607, 0.259688, 0.00027262, 16.7403, 0.247239, 0.143434, 0.346238, 0.0793588, 0.0849783, 0.0516062, 0.0473246, 0.0780151, 0.0506151, 0.0229922, 0.0133515, 0.386457, 0.396708, 

0.000297155, 0.00138148, 0.0158398, 0.00234018, 0.194472, 0.121396, 94.5571, 0.386457, 0.176903, 0.0682523, 2.164e-05, 1.25355e-05, 0.0638258, 0.199902, 0.14498, 0.383002, 0.0365692, 0.0620479, 0.259688, 0.396708, 0.0133515, 0.015978, 0.13426, 0.030595, 0.226391, 0.0893201, 575.017, 0.143928, 0.104263, 0.101876, 0.000513342, 0.000372532, 2.09607, 0.00027262, 0.247239, 0.143434, 0.346238, 0.00228078, 0.0064538, 0.011929, 0.0793588, 0.0516062, 0.0473246, 0.0780151, 0.0506151, 0.0229922, 0.0133525, 0.0506203, 0.85652, 16.7403, 

0.000297155, 0.000515257, 0.00234018, 0.194472, 0.176903, 1152.29, 10.0579, 0.0365692, 0.121396, 0.104263, 2.164e-05, 1.25355e-05, 0.14498, 0.383002, 0.0620479, 0.396708, 266.946, 0.030595, 0.00228078, 0.0158398, 0.0133515, 0.0133525, 0.0893201, 575.017, 0.143928, 3535.67, 9092.85, 0.0682523, 0.0064538, 0.13426, 0.000513342, 0.000372532, 2.09607, 0.247239, 0.346238, 0.011929, 8595.32, 0.0638258, 0.101876, 0.00027262, 0.0793588, 0.0516062, 0.0473246, 0.0780151, 0.0506151, 0.0229922, 0.015978, 0.0506203, 0.143434, 0.199902, 

0.000297155, 0.000515257, 10.0579, 0.0365692, 0.121396, 0.104263, 298.87, 0.00234018, 0.176903, 0.00228078, 2.164e-05, 1.25355e-05, 0.14498, 0.396708, 0.030595, 1918.44, 327.259, 0.00027262, 0.0158398, 0.0620479, 0.0133515, 0.0133525, 0.0893201, 0.143928, 0.13426, 26.4996, 6.11025, 0.011929, 0.0682523, 0.194472, 0.000513342, 0.000372532, 2.09607, 0.247239, 0.346238, 8595.32, 0.0638258, 0.0064538, 0.143434, 0.101876, 0.0793588, 0.0516062, 0.0473246, 0.0780151, 0.0506151, 0.0229922, 0.015978, 0.0506203, 0.199902, 0.383002, 

0.000297155, 0.000515257, 0.0365692, 0.00234018, 0.176903, 0.00228078, 357.002, 0.101876, 0.0638258, 0.194472, 2.164e-05, 1.25355e-05, 0.14498, 0.396708, 0.030595, 36.0901, 0.0158398, 0.00027262, 0.143434, 0.121396, 0.0133515, 0.0133525, 0.0893201, 0.13426, 6.11025, 0.0682523, 13750.2, 0.104263, 0.0549759, 0.011929, 0.000513342, 0.000372532, 2.09607, 0.247239, 0.0064538, 33.245, 6633.67, 0.199902, 0.0620479, 0.143928, 0.0793588, 0.0516062, 0.0473246, 0.0780151, 0.0506151, 0.0229922, 0.015978, 0.0506203, 0.346238, 0.383002, 

Best:
1.00342	1.00676	

Fitness Evaluations:
3217

End Population
(1.008142e+00), (1.014831e+00), (1.004395e+00), (1.006582e+00), (1.101268e+00), (1.229012e+00), (9.846153e-01), (9.648810e-01), (8.206977e-01), (6.354982e-01), (1.007159e+00), (1.019091e+00), (8.469571e-01), (2.606725e+00), (8.731311e-01), (7.330696e-01), (9.891619e-01), (1.003682e+00), (1.032352e+00), (1.109730e+00), (1.003417e+00), (1.007161e+00), (1.003420e+00), (1.006761e+00), (6.260310e-01), (3.990750e-01), (5.282479e-01), (3.207781e-01), (1.043523e+00), (1.071999e+00), (1.783727e+00), (3.777298e+00), (9.243295e-01), (8.443284e-01), (9.851587e-01), (9.698141e-01), (7.597462e-01), (5.479377e-01), (6.722695e-01), (4.637739e-01), (9.297919e-01), (8.553356e-01), (1.075236e+00), (1.147363e+00), (1.100901e+00), (1.240114e+00), (9.888781e-01), (1.014504e+00), (-1.020083e+00), (8.981091e-01), (1.015658e+00), (1.057640e+00), (3.288512e+00), (-9.095664e-01), (7.012647e-01), (4.795165e-01), (7.693603e-01), (5.961357e-01), (1.088432e+00), (1.178274e+00), (9.892897e-01), (9.806907e-01), (9.850881e-01), (9.691731e-01), (7.016407e-01), (6.339701e-01), (6.669635e-01), (4.817627e-01), (1.001388e+00), (1.010811e+00), (1.381461e+00), (1.333112e+00), (3.205005e+00), (2.130307e+00), (5.539176e-01), (3.098461e-01), (1.242433e+00), (1.549362e+00), (7.669025e-01), (5.582073e-01), (7.251515e-01), (5.196665e-01), (1.058526e+00), (1.098527e+00), (1.010424e+00), (1.042686e+00), (1.112823e+00), (1.212824e+00), (1.144561e+00), (1.327258e+00), (1.151131e+00), (1.326334e+00), (1.068275e+00), (1.130573e+00), (1.144584e+00), (1.327311e+00), (1.383575e+00), (1.869659e+00), (8.290268e-01), (6.278068e-01), 