Iterations: 50
Function Evaluations Limit: 150000
Population: 50

Prides Length: 4

Percent Nomads: 0.2
Percent Roaming: 0.2
Percent Sex: 0.8

Mating Rate: 0.3
Mutation Probability: 0.2
Immigration Rate: 0.4

Dimensions: 2
N-Dimension Space: -5:5

Fitness Iterations:
10.0278
35.7092, 30.5417, 7.12274, 1067.36, 25.3391, 15231.3, 725.998, 3.33637, 53.3412, 227.359, 24.9282, 367.243, 2533.03, 7498.46, 13889.3, 7.83362, 9291.23, 446.149, 101.021, 732.664, 27.0732, 28.2242, 49604.7, 13.2061, 29012.6, 139.344, 12.5082, 331.412, 624.726, 614.511, 10.0278, 5.97946, 40943.5, 4600.26, 81.0381, 1313.21, 76.5041, 142.166, 14.3448, 0.156826, 376.33, 643.731, 355.651, 294.949, 617.629, 486.197, 116.128, 214.769, 1314.99, 1650.49, 

30.5417, 12.1555, 1065.94, 505.594, 53.3412, 227.359, 1.27336, 614.511, 0.156826, 13.2061, 1.41896, 36.5734, 4885.31, 13889.3, 7.83362, 446.149, 732.664, 194.923, 25.3391, 3.33637, 4.06578, 9.33251, 836.713, 139.344, 12.5082, 169.618, 624.726, 678.712, 160.085, 101.021, 10.0278, 3.32598, 4600.26, 1313.21, 44.2352, 142.166, 14.3448, 7.12274, 9.47872, 81.0381, 355.651, 294.949, 116.128, 214.769, 340.939, 24.9282, 333.501, 343.933, 725.998, 1256.72, 

12.1555, 13.7398, 393.25, 53.3412, 1.27336, 13.2061, 62.173, 56.8932, 44.2352, 27.3229, 0.259363, 17.6197, 13889.3, 732.664, 194.923, 3.33637, 45.3793, 7.83362, 7.11824, 169.618, 4.06578, 9.33251, 48.6429, 12.5082, 624.726, 101.021, 33.834, 0.156826, 35.881, 59.4847, 10.0278, 3.32598, 5.62826, 14.3448, 7.12274, 18734.5, 40.5238, 25.3391, 9.47872, 142.166, 116.128, 214.769, 24.9282, 30.5417, 36.5734, 152.785, 121.94, 26.7318, 446.149, 505.594, 

12.1555, 5.34359, 393.25, 1.27336, 13.2061, 56.8932, 14.5133, 5.62826, 27.3229, 44.2352, 0.259363, 13.7398, 13889.3, 194.923, 2.67566, 39.213, 73.6357, 7.83362, 14.3448, 4.87672, 4.06578, 9.33251, 48.6429, 624.726, 0.156826, 35.881, 59.4847, 43.959, 13.2308, 27.6811, 0.553627, 1.11153, 7.12274, 25.3391, 9.47872, 142.166, 13194.3, 40.5238, 7.11824, 12.5082, 24.9282, 30.5417, 36.5734, 26.7318, 17.6197, 12.6774, 24.1402, 40.3409, 45.3793, 53.3412, 

5.34359, 4.99776, 393.25, 1.27336, 13.2061, 56.8932, 14.5133, 13.2308, 40.5238, 9.47872, 0.259363, 13.7398, 13889.3, 2.67566, 39.213, 71.3749, 996.5, 7.83362, 14.3448, 25.3391, 4.06578, 6.35223, 624.726, 0.156826, 35.881, 43.959, 2451.55, 4.55836, 27.3229, 4.87672, 0.553627, 1.11153, 7.12274, 142.166, 7.11824, 12.5082, 55.1036, 19.3805, 5.62826, 27.6811, 24.9282, 30.5417, 36.5734, 26.7318, 17.6197, 12.6774, 24.1402, 9.33251, 44.2352, 45.3793, 

5.34359, 4.99776, 13.2061, 14.5133, 13.2308, 2.19793, 15.1274, 9.47872, 6.79416, 4.87672, 0.259363, 6.35223, 2696.74, 5.68205, 996.5, 7.83362, 25.3391, 1.27336, 40.5238, 12.5082, 4.06578, 3.62624, 0.156826, 35.881, 961.603, 27.6648, 2.52832, 2.67566, 14.3448, 5.62826, 0.553627, 1.11153, 7.12274, 142.166, 7.11824, 19.3805, 19.2823, 4.55836, 39.213, 6.51772, 17.6197, 12.6774, 24.1402, 9.33251, 7.40794, 17.4402, 6.61354, 4.79816, 43.959, 44.2352, 

4.79816, 4.99776, 14.5133, 2.19793, 15.1274, 4.87672, 22.9835, 2.27526, 13.2308, 7.83362, 0.259363, 2.17061, 5.68205, 25.3391, 40.5238, 12.5082, 16521.5, 1.27336, 7.11824, 7.12274, 2.20046, 3.62624, 0.156826, 35.881, 2.52832, 5.62826, 1949.64, 6.51772, 2.67566, 13.2061, 0.553627, 1.11153, 142.166, 19.2823, 4.55836, 5.65812, 15.5777, 14.3448, 6.79416, 9.47872, 12.6774, 9.33251, 7.40794, 6.61354, 5.30176, 15.8878, 6.64581, 11.3813, 19.3805, 27.6648, 

4.79816, 4.99776, 2.19793, 15.1274, 22.9835, 2.27526, 5.60502, 14.3448, 5.65812, 12.5082, 0.259363, 2.17061, 5.68205, 1.27336, 7.12274, 1024.12, 67.5704, 7.11824, 15.5777, 0.156826, 2.20046, 3.35169, 2.52832, 5.62826, 6.51772, 2.67566, 13.2061, 14.5133, 9.47872, 19.2823, 0.553627, 1.11153, 142.166, 4.55836, 6.79416, 5.40698, 782.454, 0.772667, 4.87672, 13.2308, 12.6774, 9.33251, 7.40794, 6.61354, 5.30176, 6.64581, 11.3813, 5.70277, 19.3805, 25.3391, 

3.86515, 4.99776, 15.1274, 2.27526, 5.60502, 14.3448, 45.6735, 9.47872, 7.11824, 5.65812, 0.259363, 2.17061, 5.68205, 7.12274, 1024.12, 15.5777, 0.156826, 4.55836, 2.19793, 3.10011, 2.20046, 3.35169, 2.52832, 5.62826, 6.51772, 2.67566, 71.3264, 5.40698, 6.79416, 1.27336, 0.553627, 1.11153, 142.166, 782.454, 0.772667, 4.87672, 1093.34, 13.2061, 13.2308, 12.5082, 9.33251, 7.40794, 6.61354, 5.30176, 6.64581, 11.3813, 5.70277, 4.79816, 14.5133, 19.2823, 

3.86515, 4.79816, 2.27526, 5.60502, 7.11824, 5.65812, 48.0519, 14.3448, 8.24957, 3.10011, 0.237227, 2.17061, 7.12274, 15.5777, 4.55836, 2.19793, 1089.04, 0.156826, 6.51772, 0.772667, 2.20046, 3.35169, 2.52832, 5.62826, 2.67566, 71.3264, 6.79416, 13.2061, 1.27336, 5.65075, 0.553627, 1.11153, 142.166, 4.87672, 1093.34, 12.5082, 580.743, 13.2308, 5.68205, 5.01831, 9.33251, 7.40794, 6.61354, 5.30176, 6.31516, 5.70277, 4.99776, 5.28172, 14.5133, 15.1274, 

3.86515, 2.57994, 5.60502, 3.99161, 48.0519, 3.10011, 199.676, 5.65075, 2.52832, 5.01831, 0.237227, 2.17061, 7.12274, 15.5777, 4.55836, 0.772667, 4566.34, 2.67566, 0.494157, 6.51772, 2.20046, 3.35169, 5.62826, 6.79416, 13.2061, 15.4692, 8.65418, 0.156826, 8.24957, 2.27526, 0.553627, 1.11153, 142.166, 4.87672, 12.5082, 580.743, 2403.8, 1.27336, 5.68205, 7.11824, 7.40794, 6.61354, 5.30176, 6.31516, 5.70277, 4.99776, 5.28172, 5.63757, 11.1563, 13.2308, 

3.86515, 2.57994, 4.62783, 48.0519, 2.52832, 5.01831, 1697.32, 4.55836, 0.772667, 7.12274, 0.237227, 0.0107474, 15.5777, 1262.59, 2.67566, 0.494157, 207.766, 9.11224, 8.65418, 3.99161, 2.20046, 3.35169, 1.63047, 13.2061, 8.24957, 2.27526, 80.4534, 0.156826, 5.65075, 1.27336, 0.553627, 1.11153, 34.6056, 4.87672, 28.6535, 5.68205, 7.11824, 6.51772, 6.79416, 3.10011, 6.61354, 5.30176, 6.31516, 5.70277, 4.99776, 5.28172, 5.63757, 5.80938, 11.1563, 12.5082, 

3.41458, 2.57994, 48.0519, 4.55836, 0.772667, 7.12274, 21.863, 4.27309, 0.214353, 5.01831, 0.0107474, 0.0508605, 2.67566, 0.494157, 207.766, 3.99161, 0.0589071, 0.156826, 1.63047, 3.05687, 2.20046, 3.35169, 13.2061, 8.24957, 2.27526, 1.27336, 5.34615, 2.52832, 7.11824, 4.62783, 0.553627, 1.11153, 34.6056, 28.6535, 6.51772, 3.10011, 130.498, 5.68205, 0.511691, 5.65075, 5.30176, 5.70277, 4.99776, 5.28172, 5.63757, 5.80938, 0.237227, 3.86515, 8.65418, 9.11224, 

0.237227, 2.57994, 0.772667, 7.12274, 21.863, 3.893, 0.214353, 4.55836, 5.01831, 5.34615, 0.0107474, 0.0508605, 2.67566, 0.0124468, 0.0589071, 0.156826, 237.545, 4.62783, 3.05687, 8.65418, 2.20046, 3.35169, 13.2061, 1.27336, 2.52832, 7.11824, 61.1051, 3.10011, 1.84373, 3.99161, 0.553627, 1.11153, 6.51772, 5.68205, 0.511691, 5.65075, 7130.34, 1.63047, 2.27526, 8.059, 5.30176, 5.70277, 4.99776, 5.28172, 5.63757, 5.80938, 3.41458, 3.86515, 9.11224, 28.6535, 

0.237227, 2.57994, 0.214353, 4.55836, 5.01831, 5.34615, 28.2015, 3.05687, 2.52832, 0.156826, 0.0107474, 0.0260841, 2.67566, 237.545, 4.62783, 1760.07, 8.2998, 1.63047, 0.0124468, 1.84373, 2.20046, 1.27647, 1.27336, 7.11824, 61.1051, 3.99161, 94.811, 0.0589071, 3.893, 2.74995, 0.553627, 1.11153, 6.51772, 7130.34, 2.27526, 8.059, 202.371, 3.10011, 0.772667, 0.511691, 5.30176, 5.70277, 4.99776, 5.28172, 5.63757, 5.80938, 3.41458, 3.86515, 5.65075, 5.68205, 

0.237227, 2.57994, 0.214353, 5.01831, 5.34615, 2.52832, 0.156826, 2.27526, 2.74995, 3.893, 0.0107474, 0.0114133, 2.67566, 237.545, 4.62783, 1.63047, 0.0124468, 0.511691, 3.05687, 8.2998, 1.97945, 1.27647, 7.11824, 3.99161, 0.0589071, 7.49496, 29.5733, 28.2015, 4.55836, 1.27336, 0.517454, 1.11153, 6.51772, 5079.61, 1.1782, 3.10011, 0.772667, 1.84373, 5.68205, 5.65075, 5.30176, 5.70277, 4.99776, 5.28172, 5.63757, 3.41458, 3.86515, 5.41563, 61.1051, 94.811, 

0.237227, 2.57994, 0.214353, 5.01831, 5.34615, 2.52832, 151.686, 2.67566, 7.11824, 0.0124468, 0.0107474, 0.0114133, 237.545, 1.63047, 3.05687, 701.969, 421.199, 3.893, 2.74995, 0.772667, 1.97945, 1.27647, 3.99161, 0.0589071, 7.49496, 4.55836, 159.917, 4.62783, 2.27526, 1.27336, 0.517454, 1.11153, 6.51772, 1.1782, 3.10011, 1.84373, 5.65075, 0.511691, 5.68205, 0.156826, 5.30176, 5.70277, 4.99776, 5.28172, 5.63757, 3.41458, 3.86515, 5.41563, 8.2998, 10.9716, 

0.237227, 2.57994, 5.01831, 2.52832, 7.11824, 0.0124468, 10404.2, 0.214353, 0.156826, 5.34615, 0.0107474, 0.0114133, 237.545, 1.63047, 421.199, 3.893, 1024.86, 5.68205, 3.05687, 1.98306, 1.97945, 1.27647, 0.0589071, 26.1975, 4.62783, 1.27336, 190.207, 0.772667, 3.99161, 4.55836, 0.0626218, 0.580255, 1.1782, 3.10011, 1.84373, 0.511691, 870.802, 2.67566, 2.74995, 5.65075, 5.30176, 5.70277, 4.99776, 5.28172, 5.63757, 3.41458, 3.86515, 5.41563, 6.51772, 7.49496, 

0.237227, 1.26429, 2.52832, 0.0124468, 0.214353, 5.34615, 4.10355, 0.0589071, 3.05687, 4.55836, 0.0107474, 0.0114133, 38.0155, 1.63047, 421.199, 454.883, 246.156, 1.27336, 0.156826, 1.1782, 1.97945, 1.27647, 4.62783, 190.207, 3.99161, 11.471, 17.3698, 2.74995, 0.00698047, 1.84373, 0.0626218, 0.516927, 3.10011, 560.975, 2.67566, 5.65075, 63.9596, 1.98306, 0.772667, 0.511691, 5.30176, 4.99776, 5.28172, 5.63757, 3.41458, 3.86515, 5.41563, 2.57994, 5.01831, 5.68205, 

0.237227, 0.09382, 2.52832, 0.214353, 0.0589071, 3.05687, 79.462, 4.55836, 5.01831, 4.62783, 0.0107474, 0.0114133, 30.4539, 246.156, 0.156826, 1.1782, 352.076, 0.130373, 0.0124468, 1.63047, 1.40005, 1.27647, 190.207, 2.74995, 0.00698047, 1.84373, 692.139, 3.99161, 1.98306, 4.10355, 0.0626218, 0.516927, 560.975, 63.9596, 0.772667, 0.511691, 1560.63, 1.27336, 2.67566, 0.255782, 5.30176, 4.99776, 5.28172, 3.41458, 3.86515, 5.41563, 2.57994, 1.26429, 5.34615, 5.65075, 

0.218059, 0.09382, 2.52832, 0.214353, 79.462, 4.55836, 167.518, 5.34615, 0.0589071, 5.01831, 0.0107474, 0.0114133, 0.156826, 1.1782, 352.076, 0.130373, 0.0124468, 5.65075, 1.98306, 4.62783, 1.26429, 1.27647, 0.00698047, 1.84373, 3.99161, 4.10355, 375.031, 30.4539, 2.74995, 0.511691, 0.0626218, 0.516927, 560.975, 1.27336, 2.67566, 0.255782, 640.263, 3.05687, 0.772667, 1.63047, 5.30176, 4.99776, 5.28172, 3.41458, 3.86515, 5.41563, 2.57994, 1.40005, 55.6516, 63.9596, 

0.218059, 0.09382, 0.214353, 5.34615, 0.0589071, 0.0223882, 3.7431, 0.653991, 3.05687, 0.0124468, 0.0107474, 0.0114133, 0.156826, 0.610517, 352.076, 4.62783, 0.0362317, 1.98306, 1.84373, 2.74995, 0.658025, 1.27647, 0.00698047, 3.99161, 30.4539, 0.511691, 528.163, 1.46009, 0.130373, 2.52832, 0.0481863, 0.516927, 560.975, 0.255782, 0.772667, 1.63047, 9625.05, 2.67566, 1.27336, 4.10355, 4.99776, 5.28172, 1.26429, 3.86515, 2.57994, 1.40005, 0.0626218, 0.655264, 5.01831, 5.65075, 

0.218059, 0.0477288, 0.214353, 0.0589071, 0.0223882, 3.05687, 0.408678, 0.929287, 0.0124468, 1.84373, 0.0107474, 0.0114133, 0.156826, 0.610517, 0.0362317, 1962.78, 28.5217, 0.00698047, 0.653991, 1.46009, 0.658025, 1.26429, 23.2893, 0.511691, 1.45856, 0.130373, 3.05108, 0.255782, 0.686814, 2.74995, 0.0481863, 0.516927, 0.772667, 1.63047, 9625.05, 1.27336, 11.6583, 2.52832, 1.98306, 2.67566, 1.27647, 3.86515, 2.57994, 1.40005, 0.0626218, 0.655264, 4.82621, 0.331973, 3.7431, 3.99161, 

0.0162719, 0.0477288, 0.0589071, 0.0223882, 0.929287, 1.84373, 263.193, 0.139735, 0.408678, 0.772667, 0.0107474, 0.0111707, 0.610517, 1962.78, 0.653991, 159.824, 18.2477, 0.686814, 0.00698047, 2.52832, 0.0626218, 0.655264, 23.2893, 0.511691, 0.130373, 0.255782, 835.374, 1.46009, 0.0124468, 1.45856, 0.0481863, 0.331973, 1.63047, 11.6583, 1.98306, 1120.46, 28.9855, 1.27336, 0.0362317, 0.156826, 1.27647, 3.86515, 2.57994, 1.40005, 0.658025, 1.26429, 0.516927, 3.39908, 2.67566, 2.74995, 

0.0162719, 0.0477288, 0.0223882, 263.193, 0.139735, 0.408678, 0.772667, 1.84373, 0.0362317, 0.0589071, 0.0107474, 0.0111707, 0.653991, 6.75169, 2.52832, 569.192, 362.659, 0.929287, 0.610517, 1.45856, 0.0159976, 0.0399892, 0.130373, 2.21385, 1.46009, 0.0124468, 0.0252275, 0.686814, 0.511691, 0.255782, 0.0481863, 0.331973, 1.63047, 1.98306, 1120.46, 1.27336, 0.156826, 2.44683, 1.54335, 0.00698047, 1.27647, 1.40005, 0.658025, 1.26429, 0.516927, 2.34685, 1.34327, 0.655264, 2.67566, 2.74995, 

0.0162719, 0.0477288, 0.0223882, 0.679775, 0.0362317, 5.6227, 22.5221, 0.139735, 0.130373, 1.84373, 0.0107474, 0.0111707, 569.192, 0.929287, 0.610517, 1.45856, 44.0152, 0.0589071, 0.653991, 1.54335, 0.0159976, 0.0399892, 2.21385, 0.0252275, 0.511691, 0.255782, 20.9605, 0.408678, 0.772667, 1.46009, 0.0481863, 0.331973, 1.63047, 1.27336, 0.156826, 0.00698047, 5275.61, 0.0124468, 0.686814, 1.98306, 1.27647, 1.40005, 0.658025, 1.26429, 0.516927, 1.34327, 0.655264, 0.631706, 2.44683, 2.52832, 

0.0162719, 0.0477288, 5.6227, 22.5221, 0.139735, 1.84373, 4182.63, 0.0252275, 1.45856, 0.0362317, 0.0107474, 0.0111707, 569.192, 0.929287, 0.0589071, 1.54335, 814.674, 0.255782, 0.653991, 0.0223882, 0.0159976, 0.0399892, 2.21385, 0.511691, 0.723609, 0.408678, 0.772667, 0.610517, 0.156826, 0.686814, 0.0481863, 0.331973, 1.63047, 1.27336, 0.00698047, 134.597, 1.98306, 0.679775, 0.0124468, 0.130373, 1.27647, 1.40005, 0.658025, 1.26429, 0.516927, 1.34327, 0.655264, 0.631706, 1.46009, 2.44683, 

0.0162719, 0.0477288, 0.139735, 4182.63, 1.45856, 0.0362317, 8.96826, 1.63047, 0.156826, 1.46009, 0.0107474, 0.0111707, 569.192, 0.0589071, 0.653991, 0.0223882, 6467.48, 0.772667, 0.255782, 1.27336, 0.0159976, 0.0399892, 2.21385, 0.511691, 0.723609, 0.408678, 0.686814, 0.929287, 0.0252275, 1.84373, 0.0481863, 0.331973, 0.00698047, 1.98306, 0.0124468, 0.130373, 400.417, 0.610517, 0.679775, 1.54335, 1.27647, 1.40005, 0.658025, 1.26429, 0.516927, 1.34327, 0.655264, 0.631706, 2.44683, 4.87039, 

0.0162719, 0.0477288, 95.19, 1.45856, 0.0362317, 1.46009, 1895.72, 0.408678, 0.139735, 0.679775, 0.0107474, 0.0111707, 569.192, 1771.42, 0.772667, 0.255782, 5987.97, 0.0252275, 0.723609, 0.610517, 0.0159976, 0.0399892, 2.21385, 0.511691, 0.929287, 0.784032, 23.9376, 0.686814, 0.0589071, 0.653991, 0.0481863, 0.0175685, 0.00698047, 1.98306, 0.0124468, 0.130373, 661.089, 0.0223882, 0.156826, 1.27336, 1.27647, 1.40005, 0.658025, 1.26429, 0.516927, 1.34327, 0.655264, 0.631706, 1.54335, 1.63047, 

0.0162719, 0.0477288, 1.46009, 1895.72, 0.139735, 2546.86, 13671.7, 0.679775, 0.0223882, 0.130373, 0.0107474, 0.0111707, 569.192, 1771.42, 0.255782, 5987.97, 2664.61, 0.723609, 0.0362317, 0.929287, 0.0117479, 0.0399892, 0.511691, 0.784032, 0.686814, 0.653991, 18811.5, 0.408678, 0.610517, 0.772667, 0.0481863, 0.0175685, 0.00698047, 1.98306, 0.0124468, 661.089, 0.156826, 0.0252275, 0.0589071, 1.0145, 1.27647, 0.658025, 1.26429, 0.516927, 1.34327, 0.655264, 0.631706, 0.647949, 1.27336, 1.45856, 

0.0162719, 0.0477288, 2546.86, 13671.7, 0.130373, 3.92176, 96.1827, 0.0727646, 0.686814, 1.0145, 0.0107474, 0.0111707, 569.192, 776.549, 0.255782, 5987.97, 12621.1, 0.0223882, 0.723609, 0.0124468, 0.0117479, 0.0399892, 0.511691, 0.784032, 0.653991, 0.610517, 1474.92, 0.0362317, 0.772667, 0.929287, 0.0481863, 0.0175685, 0.00698047, 0.156826, 0.0252275, 0.0589071, 8800.16, 0.408678, 0.679775, 1.27336, 1.27647, 0.658025, 1.26429, 0.516927, 0.655264, 0.631706, 0.647949, 0.539888, 1.45856, 1.46009, 

0.0162719, 0.0477288, 0.130373, 96.1827, 0.0727646, 1.0145, 812.062, 3.92176, 0.686814, 0.610517, 0.0107474, 0.0111707, 0.255782, 704.164, 0.0223882, 0.723609, 2.53197, 0.653991, 1.45856, 0.772667, 0.0117479, 0.0399892, 0.511691, 0.784032, 0.0362317, 2388.2, 12.9605, 0.929287, 0.00698047, 1.46009, 0.0481863, 0.0175685, 0.0252275, 0.0589071, 0.679775, 1.27336, 159.651, 0.408678, 0.156826, 0.0124468, 1.27647, 0.658025, 1.26429, 0.516927, 0.655264, 0.631706, 0.647949, 0.539888, 199.226, 324.62, 

0.00558269, 0.0296419, 0.0727646, 812.062, 3.92176, 0.610517, 108.116, 0.0192824, 0.723609, 0.686814, 0.0107474, 0.0108594, 0.255782, 0.0223882, 0.653991, 12.306, 7.01486, 1.0145, 0.00698047, 0.772667, 0.0117479, 0.0399892, 0.784032, 0.0362317, 2388.2, 0.929287, 1.46009, 0.511691, 0.130373, 0.0589071, 0.0477288, 0.0175685, 0.0252275, 0.408678, 0.156826, 294.485, 1498.31, 0.0124468, 1.27336, 0.679775, 0.658025, 1.26429, 0.516927, 0.655264, 0.631706, 0.647949, 0.539888, 0.0481863, 1.45856, 2.53197, 

0.00558269, 0.0296419, 2.70968, 0.610517, 0.0192824, 0.686814, 0.223564, 0.0223882, 0.0124468, 0.0727646, 0.0107474, 0.0108594, 0.653991, 0.00698047, 0.772667, 243.677, 59.5035, 0.784032, 1.0145, 0.723609, 0.0117479, 0.0399892, 0.0362317, 0.929287, 0.511691, 0.0589071, 63.4452, 0.255782, 0.679775, 0.0252275, 0.0477288, 0.0175685, 0.408678, 0.156826, 1498.31, 585.804, 304.219, 1.45856, 0.130373, 1.27336, 0.658025, 0.516927, 0.655264, 0.631706, 0.647949, 0.539888, 0.0481863, 0.184131, 1.46009, 2.53197, 

0.00558269, 0.0286266, 0.223564, 0.0223882, 0.0124468, 9.99058, 182.024, 1.45856, 1.46009, 0.130373, 0.0107474, 0.0108594, 0.653991, 0.00698047, 0.784032, 1.0145, 0.723609, 0.0192824, 0.0362317, 0.772667, 0.0117479, 0.0399892, 0.929287, 0.0589071, 0.255782, 0.679775, 0.0252275, 0.0727646, 0.610517, 2.53197, 0.0477288, 0.0175685, 0.408678, 0.156826, 1498.31, 1.27336, 3100.34, 0.686814, 2.70968, 0.511691, 0.658025, 0.516927, 0.655264, 0.631706, 0.647949, 0.539888, 0.0481863, 0.184131, 4.20276, 11.1583, 

0.00558269, 0.0286266, 0.0223882, 0.0124468, 9.99058, 1.46009, 0.130373, 0.0362317, 0.511691, 0.223564, 0.0107474, 0.0108594, 0.653991, 0.784032, 1.0145, 0.723609, 4028.19, 1.45856, 0.408678, 0.679775, 0.0117479, 0.0107721, 0.929287, 0.255782, 0.0252275, 0.0727646, 2.53197, 0.610517, 0.156826, 0.772667, 0.0477288, 0.0175685, 1.27336, 3100.34, 0.686814, 2.70968, 134.997, 0.00698047, 0.0589071, 0.0192824, 0.658025, 0.516927, 0.655264, 0.631706, 0.647949, 0.539888, 0.0481863, 0.184131, 4.20276, 11.1583, 

0.00558269, 0.0120101, 0.0124468, 9.99058, 0.130373, 0.0362317, 2.60322, 1.27336, 0.610517, 0.156826, 0.0107474, 0.0108594, 0.653991, 0.723609, 4028.19, 0.408678, 0.679775, 0.0252275, 0.223564, 0.772667, 0.0106038, 0.0107721, 0.929287, 0.255782, 0.0727646, 2.53197, 617.243, 1.0145, 0.0589071, 0.784032, 0.0175685, 0.00131886, 0.686814, 134.997, 0.00698047, 0.00231244, 55.2302, 0.511691, 0.0223882, 0.0192824, 0.516927, 0.631706, 0.647949, 0.539888, 0.0481863, 0.184131, 0.290751, 0.0457053, 1.45856, 1.46009, 

0.00558269, 0.0120101, 0.0124468, 9.99058, 0.0362317, 1.27336, 0.156826, 0.772667, 0.130373, 0.511691, 0.0107474, 0.0108594, 0.723609, 640.352, 0.408678, 0.0252275, 152.684, 0.223564, 0.255782, 0.929287, 0.0106038, 0.0107721, 617.243, 1.0145, 0.0589071, 0.784032, 76.9806, 0.0727646, 0.610517, 0.679775, 0.0175685, 0.00131886, 0.686814, 134.997, 0.00231244, 0.0223882, 0.0192824, 0.653991, 0.00698047, 1.45856, 0.516927, 0.631706, 0.647949, 0.539888, 0.0481863, 0.184131, 0.290751, 0.0457053, 1.46009, 2.53197, 

0.00558269, 0.0120101, 9.99058, 0.156826, 0.130373, 0.511691, 1801.06, 0.223564, 0.653991, 0.255782, 0.0107474, 0.0108594, 0.723609, 298.514, 0.408678, 152.684, 0.663117, 0.0252275, 0.679775, 0.00231244, 0.0106038, 0.0107721, 617.243, 1.0145, 0.784032, 76.9806, 103.261, 0.0589071, 0.0124468, 0.0223882, 0.0162114, 0.00131886, 0.686814, 0.0192824, 0.00698047, 1.45856, 40.3896, 0.0727646, 0.610517, 0.0362317, 0.516927, 0.631706, 0.647949, 0.539888, 0.0481863, 0.184131, 0.290751, 0.0457053, 0.772667, 1.27336, 

0.00558269, 0.0120101, 0.156826, 0.130373, 0.511691, 1801.06, 0.653991, 0.784032, 0.255782, 0.0223882, 0.0107474, 0.0108296, 0.723609, 0.408678, 152.684, 0.0252275, 0.00231244, 0.686814, 0.223564, 0.663117, 0.0105814, 0.0107721, 617.243, 1.0145, 0.0589071, 0.0124468, 2606.99, 0.679775, 0.772667, 1.27336, 0.0162114, 0.00131886, 40.3896, 0.0727646, 0.610517, 25.6159, 26.5139, 0.00698047, 0.0362317, 0.0192824, 0.516927, 0.631706, 0.647949, 0.539888, 0.0481863, 0.184131, 0.290751, 0.0457053, 1.45856, 4.8765, 

0.00558269, 0.00922284, 0.156826, 0.511691, 1801.06, 0.784032, 1856.76, 0.653991, 0.130373, 0.0727646, 0.0107474, 0.0108296, 0.408678, 0.223564, 0.663117, 4299.02, 962.977, 0.0223882, 0.0252275, 0.686814, 0.0105814, 0.0107721, 79.691, 0.0124468, 101.391, 0.772667, 7689, 0.0589071, 0.255782, 0.00231244, 0.0162114, 0.00131886, 21.8717, 25.6159, 0.00698047, 0.0362317, 1628.89, 0.0192824, 0.679775, 0.610517, 0.516927, 0.631706, 0.647949, 0.539888, 0.0481863, 0.184131, 0.290751, 0.0457053, 0.723609, 1.0145, 

0.00558269, 0.00922284, 0.156826, 0.511691, 29.7541, 0.784032, 0.130373, 0.653991, 0.00698047, 5.34124, 0.0107474, 0.00716475, 0.408678, 0.663117, 3071.34, 0.0252275, 0.686814, 4.94127, 1.0145, 0.0192824, 0.0105814, 0.00731234, 0.0124468, 0.772667, 0.255782, 0.00231244, 0.00747157, 0.0727646, 0.013398, 0.0223882, 0.0107721, 0.00131886, 25.6159, 0.0362317, 0.679775, 0.610517, 890.088, 0.0589071, 0.223564, 0.723609, 0.516927, 0.539888, 0.0481863, 0.184131, 0.290751, 0.0457053, 0.0108296, 0.0162114, 49.3125, 79.691, 

0.00558269, 0.00922284, 0.511691, 5.18015, 0.130373, 5.34124, 4.88914, 0.156826, 0.784032, 0.772667, 0.0107474, 0.00716475, 0.408678, 0.663117, 3071.34, 0.0252275, 5881.8, 0.223564, 0.686814, 0.723609, 0.0105814, 0.00731234, 0.255782, 0.00747157, 0.0727646, 0.013398, 0.0223882, 0.0192824, 0.00698047, 0.653991, 0.0107721, 0.00131886, 25.6159, 0.0362317, 0.679775, 0.0589071, 343.597, 0.610517, 0.00231244, 0.0124468, 0.516927, 0.539888, 0.0481863, 0.184131, 0.290751, 0.0457053, 0.0108296, 0.0162114, 1.0145, 2.74719, 

0.00558269, 0.00922284, 5.18015, 0.130373, 4.88914, 0.772667, 1.00667, 0.0192824, 0.408678, 0.156826, 0.0107474, 0.00716475, 0.663117, 3071.34, 5881.8, 0.686814, 1.12892, 0.653991, 0.0223882, 0.0124468, 0.0105814, 0.00731234, 0.255782, 0.00747157, 0.0727646, 0.013398, 210.376, 0.0362317, 0.723609, 0.00698047, 0.0107721, 0.00131886, 25.6159, 0.679775, 0.0589071, 0.610517, 0.00231244, 0.511691, 0.223564, 0.0252275, 0.516927, 0.539888, 0.0481863, 0.184131, 0.290751, 0.0457053, 0.0108296, 0.0162114, 0.784032, 1.0145, 

0.00558269, 0.00922284, 0.130373, 0.0192824, 0.156826, 54.7704, 667.192, 0.0252275, 0.723609, 0.610517, 0.0107474, 0.00716475, 3071.34, 0.0223882, 0.0124468, 20.7187, 12.1975, 0.772667, 0.0362317, 0.00231244, 0.00731234, 0.00190848, 0.255782, 0.00747157, 0.013398, 0.00698047, 0.00335109, 0.663117, 0.686814, 0.0589071, 0.0107721, 0.00131886, 25.6159, 0.679775, 0.511691, 0.223564, 98.6891, 0.653991, 0.34007, 0.0727646, 0.516927, 0.0481863, 0.184131, 0.290751, 0.0457053, 0.0108296, 0.0162114, 0.0105814, 0.784032, 1.00667, 

0.00558269, 0.00922284, 0.0192824, 0.156826, 0.0252275, 0.723609, 0.610517, 1.28454, 0.0727646, 1.00667, 0.0107474, 0.00716475, 0.0223882, 0.772667, 0.0362317, 0.00231244, 415.59, 0.511691, 0.0124468, 0.34007, 0.00731234, 0.00190848, 0.255782, 0.00747157, 0.013398, 0.00698047, 0.686814, 0.553173, 0.663117, 0.00335109, 0.0105814, 0.00131886, 25.6159, 0.679775, 0.223564, 98.6891, 0.653991, 0.0589071, 0.784032, 0.130373, 0.516927, 0.0481863, 0.184131, 0.290751, 0.0457053, 0.0108296, 0.0162114, 0.0107721, 12.1975, 20.7187, 

0.00558269, 0.00922284, 0.0192824, 0.0252275, 0.0727646, 1.00667, 263.64, 0.156826, 0.0223882, 0.0589071, 0.0107474, 0.00716475, 0.0362317, 415.59, 0.511691, 0.34007, 60.9553, 0.223564, 0.00335109, 0.0124468, 0.00731234, 0.00190848, 0.00747157, 0.00698047, 0.0502511, 0.663117, 131.279, 0.610517, 0.679775, 0.013398, 0.0105814, 0.00131886, 25.6159, 98.6891, 0.653991, 0.784032, 17.4436, 0.00231244, 0.255782, 0.130373, 0.516927, 0.0481863, 0.184131, 0.290751, 0.0457053, 0.0108296, 0.0162114, 0.0107721, 0.686814, 0.723609, 

0.00558269, 0.00922284, 0.0252275, 0.0727646, 0.156826, 0.0589071, 143.303, 0.0362317, 0.130373, 0.0502511, 0.0107474, 0.00716475, 415.59, 0.223564, 0.00335109, 113.957, 21.5573, 0.511691, 0.679775, 0.0192824, 0.00731234, 0.00190848, 0.00747157, 0.00698047, 0.663117, 131.279, 1822.36, 0.013398, 0.0124468, 0.34007, 0.0105814, 0.00131886, 98.6891, 0.653991, 0.00231244, 18.3205, 2.25601, 0.255782, 0.610517, 0.0223882, 0.516927, 0.0481863, 0.184131, 0.290751, 0.0457053, 0.0108296, 0.0162114, 0.0107721, 0.686814, 0.723609, 

0.00558269, 0.00739839, 0.67895, 0.130373, 0.0502511, 347.147, 565.815, 0.0124468, 0.653991, 0.156826, 0.0107474, 0.00716475, 415.59, 0.00335109, 0.511691, 0.0192824, 54.6122, 0.223564, 0.0252275, 0.0114083, 0.00731234, 0.00190848, 0.00698047, 131.279, 0.34007, 31.5748, 0.0073811, 0.0362317, 0.00231244, 0.255782, 0.0105814, 0.00131886, 18.3205, 2.25601, 0.610517, 0.0223882, 10238.3, 0.0589071, 0.0727646, 0.00747157, 0.0481863, 0.184131, 0.290751, 0.0457053, 0.0108296, 0.0162114, 0.0107721, 0.00922284, 0.663117, 0.679775, 

0.00558269, 0.00739839, 0.0502511, 347.147, 565.815, 0.0208673, 107.865, 0.0124468, 0.0589071, 0.0252275, 0.0107474, 0.00716475, 362.939, 0.00335109, 54.6122, 0.223564, 144.415, 0.0114083, 0.00231244, 0.0362317, 0.00731234, 0.00190848, 131.279, 0.34007, 31.5748, 187.381, 193.54, 0.0223882, 0.0073811, 0.0192824, 0.00922284, 0.00131886, 0.610517, 0.0727646, 0.00747157, 8.95869, 26.7373, 0.130373, 0.00698047, 0.156826, 0.0481863, 0.184131, 0.0457053, 0.0108296, 0.0162114, 0.0107721, 0.0105814, 0.0233291, 0.255782, 0.511691, 

Best:
0.972691	0.948521	

Fitness Evaluations:
3436

End Population
(1.015633e+00), (1.024205e+00), (9.416919e-01), (8.931071e-01), (1.004131e+00), (9.858656e-01), (3.442441e-01), (1.980537e+00), (1.227452e+00), (-8.719397e-01), (1.010200e+00), (1.006094e+00), (-1.203932e+00), (4.345247e-01), (9.840061e-01), (9.793094e-01), (8.684198e-01), (7.337584e-01), (8.943970e-01), (8.118100e-01), (9.086787e-01), (8.207899e-01), (9.153991e-01), (8.376828e-01), (-2.133479e+00), (2.672582e+00), (9.816120e-01), (9.690512e-01), (7.131211e-01), (1.246985e+00), (6.992114e-01), (5.253781e-01), (-1.451748e-01), (1.217333e+00), (8.934421e-01), (7.989714e-01), (9.676188e-01), (9.398413e-01), (8.568273e-01), (7.216098e-01), (9.405516e-01), (8.907841e-01), (1.011238e+00), (1.026823e+00), (6.282536e-01), (-7.504668e-01), (6.351139e-01), (4.488590e-01), (2.729588e-01), (-4.826847e-01), (1.317175e-01), (-1.348765e+00), (2.567983e-01), (-1.323255e+00), (9.362605e-01), (8.901209e-01), (9.414685e-01), (8.926520e-01), (9.403097e-01), (8.716446e-01), (9.342400e-01), (8.798033e-01), (9.726908e-01), (9.485213e-01), (1.756230e+00), (3.103998e+00), (8.519616e-01), (7.483884e-01), (9.426088e-01), (8.949749e-01), (6.709331e-01), (1.526548e-01), (2.138405e-01), (-4.653425e-01), (7.913603e-01), (5.967821e-01), (1.072997e+00), (1.147257e+00), (6.574163e-01), (4.520613e-01), (8.431928e-01), (6.956125e-01), (5.985290e-01), (3.733868e-01), (8.590546e-01), (7.540496e-01), (9.086801e-01), (8.207092e-01), (1.082274e+00), (1.161600e+00), (8.996554e-01), (8.067282e-01), (8.991543e-01), (8.064497e-01), (1.009564e+00), (1.003976e+00), (9.039473e-01), (8.667751e-01), (2.890440e-01), (9.144108e-02), 