Iterations: 50
Function Evaluations Limit: 150000
Population: 50

Prides Length: 4

Percent Nomads: 0.2
Percent Roaming: 0.2
Percent Sex: 0.8

Mating Rate: 0.3
Mutation Probability: 0.2
Immigration Rate: 0.4

Dimensions: 2
N-Dimension Space: -5:5

Fitness Iterations:
0.256918
0.256918, 48.8363, 46975.5, 1229.34, 1731.11, 6388.77, 53.6033, 51.5777, 39.0858, 3.09709, 19.2773, 171.709, 10950.6, 194.474, 1874.39, 47541.1, 272.226, 1191.4, 0.514674, 838.798, 107.279, 138.494, 1195.93, 800.429, 195.689, 13403.3, 176.612, 363.145, 58.5365, 51.6354, 5.62469, 455.034, 5544.18, 718.438, 1688.96, 4214.97, 641.416, 111.349, 2.37309, 986.657, 294.672, 485.601, 171.555, 568.019, 590.494, 285.281, 452.549, 234.688, 1975.35, 2149.19, 

0.256918, 5.69409, 246.624, 51.5777, 39.0858, 709.9, 2737.46, 3.09709, 272.226, 5.1398, 19.2773, 107.279, 10950.6, 47541.1, 0.514674, 7702.91, 125.223, 754.26, 986.657, 194.474, 8.26087, 21.9801, 1195.93, 800.429, 363.145, 58.5365, 51.6354, 176.612, 8.51517, 70.615, 5.62469, 19.2391, 54.8538, 641.416, 111.349, 2.37309, 14.9586, 9.76212, 1191.4, 4.88211, 43.799, 171.555, 285.281, 171.709, 208.172, 84.2585, 48.8363, 114.504, 1552.69, 1688.96, 

0.256918, 0.956767, 246.624, 51.5777, 3.09709, 27386.9, 942.347, 194.474, 67.4584, 4.88211, 19.2773, 10.1884, 47541.1, 0.514674, 754.26, 228.98, 106.511, 111.349, 0.536167, 149.161, 8.26087, 21.9801, 1195.93, 58.5365, 51.6354, 8.51517, 70.615, 16.5013, 39.0858, 125.223, 5.62469, 19.2391, 54.8538, 2.37309, 9.76212, 150.238, 78.7234, 5.1398, 116.294, 14.9586, 43.799, 45.5963, 5.69409, 84.2585, 48.8363, 114.504, 143.055, 91.5168, 363.145, 514.386, 

0.256918, 0.956767, 51.5777, 27386.9, 194.474, 968.409, 644.019, 5.29093, 3.09709, 0.536167, 5.69409, 3.03214, 40016, 0.514674, 562.488, 1.24143, 111.349, 5.1398, 54.8538, 39.0858, 8.26087, 21.9801, 1195.93, 58.5365, 8.51517, 70.615, 16.5013, 16.6333, 13.8093, 9.76212, 5.62469, 9.40241, 2.37309, 7.58856, 78.7234, 116.294, 11677.5, 14.9586, 51.6354, 1.02662, 43.799, 45.5963, 6.53729, 84.2585, 48.8363, 91.5168, 19.2391, 23.3578, 62.43, 67.4584, 

0.256918, 0.956767, 51.5777, 0.813987, 0.536167, 140.413, 12.1594, 9.76212, 7.58856, 51.6354, 5.31361, 3.03214, 1.24143, 54.8538, 39.0858, 473.604, 249.872, 0.514674, 2.37309, 1.02662, 6.53729, 2.3476, 58.5365, 70.615, 16.6333, 6.03663, 295.159, 5.1398, 8.51517, 0.449727, 5.62469, 9.40241, 78.7234, 116.294, 11677.5, 14.9586, 182.33, 16.5013, 8.96954, 5.29093, 43.799, 45.5963, 8.26087, 48.8363, 19.2391, 23.3578, 5.69409, 41.8154, 57.4308, 62.43, 

0.256918, 0.956767, 51.5777, 0.813987, 0.536167, 9.76212, 25.578, 7.58856, 5.1398, 2.37309, 5.31361, 3.03214, 39.0858, 249.872, 0.514674, 49207.7, 621.087, 51.6354, 6.03663, 12.1594, 5.69409, 2.3476, 7.03729, 16.6333, 295.159, 8.51517, 28.3554, 8.96954, 0.449727, 0.19913, 5.62469, 5.7974, 79.3993, 14.9586, 182.33, 16.5013, 190.349, 1.02662, 1.24143, 5.29093, 27.7395, 8.26087, 19.2391, 23.3578, 6.53729, 41.8154, 9.40241, 27.2383, 54.8538, 57.4308, 

0.256918, 0.956767, 51.5777, 9.76212, 25.578, 7.58856, 887.234, 5.1398, 0.536167, 12.1594, 5.31361, 3.03214, 20888.6, 621.087, 38.5601, 6.03663, 7.36063, 6.97611, 9.07629, 16.5013, 5.69409, 0.720315, 7.03729, 16.6333, 8.51517, 28.3554, 41.1948, 2.37309, 0.19913, 14.9586, 5.62469, 5.7974, 182.33, 190.349, 1.02662, 1.24143, 5.29093, 0.449727, 0.514674, 0.813987, 8.26087, 19.2391, 23.3578, 6.53729, 9.40241, 27.2383, 19.6468, 7.58571, 39.0858, 54.8538, 

0.256918, 0.956767, 51.5777, 9.76212, 25.578, 12.1594, 8558.96, 1.02662, 1.42578, 14.9586, 5.31361, 3.03214, 6.03663, 0.723734, 6.97611, 9.07629, 16.5013, 15.5924, 16.6333, 4.93194, 0.720315, 0.919432, 8.51517, 2.37309, 0.19913, 89.1623, 0.635585, 0.536167, 0.400781, 0.813987, 5.62469, 5.69409, 182.33, 190.349, 1.24143, 0.514674, 519.121, 5.1398, 7.03729, 0.257689, 8.26087, 19.2391, 23.3578, 6.53729, 9.40241, 19.6468, 7.58571, 5.7974, 21.248, 38.5601, 

0.256918, 0.956767, 4.44608, 25.578, 8558.96, 1.02662, 58.7041, 7.03729, 0.400781, 0.257689, 0.919432, 3.03214, 6.97611, 9.07629, 15.5924, 4.93194, 7.78408, 6.03663, 0.19913, 0.678453, 0.720315, 0.745529, 0.957606, 0.536167, 0.813987, 898.329, 0.815738, 0.635585, 5.1398, 0.723734, 0.981244, 5.69409, 190.349, 1.24143, 0.514674, 519.121, 14503.2, 1.79465, 2.37309, 1.42578, 8.26087, 6.53729, 9.40241, 7.58571, 5.7974, 5.91226, 5.62469, 5.31361, 8.51517, 12.1594, 

0.256918, 0.720315, 25.578, 58.7041, 7.03729, 0.257689, 20524.6, 1.42578, 0.634814, 0.443105, 0.919432, 0.671648, 9.07629, 15.5924, 0.19913, 0.678453, 38402.4, 4.44608, 1.24143, 1.80012, 0.679814, 0.575428, 0.957606, 0.813987, 0.815738, 0.635585, 0.723734, 1.79465, 5.1398, 0.400781, 0.981244, 3.03214, 0.514674, 14503.2, 2.37309, 5105.49, 49580.9, 1.02662, 0.536167, 0.162756, 6.53729, 5.7974, 5.91226, 5.62469, 5.31361, 3.05772, 0.956767, 4.07803, 6.03663, 6.97611, 

0.256918, 0.720315, 7.03729, 0.257689, 1.42578, 0.634814, 0.443105, 0.162756, 0.723734, 6.03663, 0.365131, 0.671648, 15.5924, 0.480843, 38402.4, 4.44608, 1.24143, 0.815738, 0.635585, 0.400781, 0.679814, 0.575428, 0.957606, 0.615542, 5.1398, 324.468, 17.6419, 2.37309, 3.09169, 0.19913, 0.981244, 3.03214, 0.514674, 5105.49, 1.02662, 0.536167, 3727.12, 1.80012, 0.813987, 6.97611, 6.53729, 5.7974, 5.91226, 5.62469, 5.31361, 3.05772, 0.956767, 4.07803, 9.07629, 13.5731, 

0.256918, 0.720315, 0.443105, 0.162756, 6.03663, 91.4953, 187.685, 1.0332, 1.02662, 0.514674, 0.365131, 0.671648, 15.5924, 0.480843, 1.24143, 0.815738, 0.635585, 0.634814, 0.723734, 1.42578, 0.679814, 0.575428, 0.957606, 2.37309, 3.09169, 8483.33, 0.770169, 1.80012, 0.615542, 0.257689, 0.846798, 1.72348, 0.536167, 7.92939, 0.813987, 6.97611, 0.10847, 4.44608, 0.400781, 0.19913, 5.7974, 5.62469, 5.31361, 3.05772, 0.981244, 4.07803, 0.956767, 3.03214, 5.1398, 9.07629, 

0.256918, 0.154438, 0.443105, 0.162756, 91.4953, 1.02662, 0.514674, 0.635585, 0.189114, 1.0332, 0.365131, 0.671648, 15.5924, 1.24143, 1.42578, 6006.75, 73.773, 0.480843, 0.957606, 0.615542, 0.679814, 0.575428, 2.37309, 3.09169, 8483.33, 0.770169, 0.257689, 0.723734, 0.19913, 0.815738, 0.720315, 0.981244, 0.536167, 7.92939, 6.97611, 0.10847, 0.400781, 0.634814, 0.813987, 1.80012, 5.62469, 5.31361, 3.05772, 1.72348, 4.07803, 0.956767, 3.03214, 0.846798, 4.44608, 4.72908, 

0.256918, 0.154438, 0.443105, 91.4953, 1.02662, 0.189114, 1.0332, 0.536167, 0.10847, 0.723734, 0.123684, 0.391899, 15.5924, 1.42578, 0.480843, 6718.99, 2292.62, 0.813987, 0.635585, 0.649828, 0.679814, 0.575428, 2.37309, 3.09169, 0.770169, 0.257689, 577.28, 0.162756, 0.514674, 0.615542, 0.720315, 0.682457, 7.92939, 0.400781, 0.634814, 1.80012, 1.43379, 0.957606, 0.19913, 0.815738, 3.05772, 1.72348, 4.07803, 0.956767, 3.03214, 0.846798, 1.44047, 0.981244, 1.24143, 2.69881, 

0.136048, 0.221564, 0.443105, 91.4953, 1.02662, 0.189114, 0.723734, 1.0332, 0.635585, 0.649828, 0.123684, 0.256918, 10.2233, 1.42578, 0.480843, 1958.51, 0.813987, 0.10847, 0.514674, 1.80012, 0.679814, 0.575428, 0.770169, 76.5768, 0.162756, 0.615542, 73.8493, 0.19913, 0.634814, 1.24143, 0.200296, 0.682457, 0.400781, 1.43379, 0.957606, 10.2436, 37367.5, 0.815738, 0.536167, 0.257689, 1.72348, 0.956767, 3.03214, 0.846798, 1.44047, 0.981244, 0.391899, 2.76825, 2.37309, 2.69881, 

0.079936, 0.221564, 18.9692, 0.189114, 0.635585, 0.649828, 219.749, 1.34919, 0.813987, 0.514674, 0.123684, 0.256918, 10.2233, 1.42578, 0.480843, 0.10847, 136.832, 0.244303, 0.723734, 0.443105, 0.679814, 0.575428, 0.770169, 2.61042, 0.162756, 0.19913, 235.041, 1.24143, 0.634814, 1.02662, 0.200296, 0.251148, 1.43379, 0.957606, 0.815738, 0.536167, 0.257689, 0.615542, 0.400781, 1.0332, 1.72348, 0.956767, 0.846798, 1.44047, 0.981244, 0.391899, 1.40953, 0.682457, 1.80012, 2.37309, 

0.079936, 0.221564, 18.9692, 0.189114, 0.649828, 1.34919, 5.88436, 0.615542, 0.536167, 0.257689, 0.118088, 0.00361438, 1.45723, 1.42578, 0.480843, 0.244303, 0.443105, 0.813987, 0.400781, 0.723734, 0.391899, 0.294405, 2.61042, 0.19913, 235.041, 0.634814, 4136.99, 0.770169, 0.162756, 0.514674, 0.200296, 0.251148, 1.43379, 0.957606, 0.815738, 1.0332, 288.209, 0.10847, 0.635585, 1.02662, 1.72348, 0.956767, 0.846798, 1.44047, 0.981244, 0.679814, 1.40953, 0.682457, 1.24143, 1.80012, 

0.079936, 0.221564, 0.189114, 1.34919, 0.615542, 0.257689, 2886.16, 0.244303, 0.19913, 0.634814, 0.0292001, 0.00361438, 1.45723, 1.42578, 0.443105, 0.813987, 293.857, 0.723734, 0.00929459, 0.400781, 0.294405, 0.139947, 2.61042, 4057.19, 0.770169, 0.162756, 0.514674, 0.480843, 0.82916, 0.815738, 0.200296, 0.00668254, 1.43379, 0.957606, 1.0332, 0.635585, 1.02662, 0.10847, 0.536167, 0.649828, 0.956767, 0.535483, 0.981244, 0.679814, 0.118088, 0.682457, 0.391899, 0.251148, 1.24143, 1.80012, 

0.079936, 0.109836, 0.189114, 0.244303, 0.19913, 0.108598, 3.36934, 0.957606, 0.634814, 0.536167, 0.0292001, 0.00361438, 1.45723, 0.443105, 0.813987, 0.723734, 133.97, 0.615542, 0.400781, 0.649828, 0.251148, 0.139947, 0.770169, 0.162756, 0.170848, 758.498, 21.1945, 0.480843, 0.82916, 0.257689, 0.200296, 0.00668254, 1.43379, 0.635585, 0.10847, 4336.13, 1042.45, 0.00929459, 1.02662, 0.514674, 0.956767, 0.535483, 0.679814, 0.118088, 0.682457, 0.391899, 0.264676, 0.221564, 1.0332, 1.24143, 

0.079936, 0.00471123, 0.189114, 3.36934, 0.957606, 0.634814, 0.0014035, 0.00929459, 0.19913, 0.140147, 0.0292001, 0.00361438, 0.813987, 0.723734, 29.0197, 0.400781, 294.58, 0.480843, 0.770169, 0.615542, 0.251148, 0.139947, 0.162756, 0.170848, 758.498, 0.257689, 5557.59, 0.536167, 0.514674, 0.649828, 0.109836, 0.00668254, 1.43379, 0.635585, 1042.45, 1.02662, 4.9804, 0.10847, 0.108598, 0.443105, 0.535483, 0.679814, 0.200296, 0.682457, 0.391899, 0.264676, 0.221564, 0.118088, 0.82916, 1.0332, 

0.079936, 0.00471123, 0.957606, 0.0014035, 0.00929459, 0.19913, 0.140147, 0.635585, 0.480843, 0.170848, 0.0292001, 0.00361438, 0.813987, 29.0197, 0.400781, 294.58, 0.770169, 0.257689, 0.615542, 0.232347, 0.118088, 0.139947, 0.162756, 147.735, 31.0911, 0.514674, 2263.71, 0.649828, 0.10847, 0.536167, 0.109836, 0.00668254, 494.339, 1.02662, 4.9804, 0.443105, 297.657, 0.634814, 0.108598, 0.189114, 0.535483, 0.679814, 0.251148, 0.391899, 0.264676, 0.221564, 0.200296, 0.118902, 0.723734, 0.82916, 

0.079936, 0.00260144, 0.957606, 0.0014035, 0.00929459, 0.170848, 260.904, 0.140147, 0.635585, 0.480843, 0.0292001, 0.00361438, 0.813987, 29.0197, 294.58, 0.232347, 235.083, 0.108598, 0.514674, 0.257689, 0.118088, 0.139947, 0.162756, 147.735, 0.10847, 0.536167, 7.02523, 0.615542, 0.19913, 0.770169, 0.109836, 0.00668254, 4.9804, 0.443105, 0.634814, 0.189114, 34.3436, 0.400781, 0.723734, 0.649828, 0.535483, 0.679814, 0.251148, 0.391899, 0.264676, 0.221564, 0.200296, 0.118902, 0.82916, 1.02662, 

0.079936, 0.00260144, 0.0014035, 0.170848, 260.904, 0.140147, 925.247, 0.232347, 0.770169, 0.480843, 0.0292001, 0.00361438, 294.58, 0.514674, 0.257689, 592.208, 587.498, 0.536167, 0.162756, 0.108598, 0.118088, 0.118902, 0.10847, 0.615542, 0.19913, 11.65, 1429.5, 0.00929459, 0.400781, 0.82916, 0.109836, 0.00668254, 0.443105, 0.634814, 0.189114, 34.3436, 0.723734, 0.649828, 0.813987, 0.635585, 0.535483, 0.679814, 0.251148, 0.391899, 0.264676, 0.221564, 0.200296, 0.139947, 0.957606, 1.02662, 

0.079936, 0.00260144, 0.170848, 260.904, 925.247, 0.232347, 0.480843, 0.108598, 0.82916, 0.257689, 0.0292001, 0.00361438, 0.514674, 75.7226, 0.536167, 0.162756, 75.9093, 0.400781, 0.0014035, 0.00929459, 0.118088, 0.118902, 0.10847, 0.19913, 0.419904, 442.25, 149.001, 0.957606, 0.615542, 0.723734, 0.109836, 0.00668254, 0.443105, 0.189114, 0.649828, 0.813987, 0.635585, 0.634814, 0.770169, 0.140147, 0.535483, 0.679814, 0.251148, 0.391899, 0.264676, 0.221564, 0.200296, 0.139947, 1.02662, 10.7332, 

0.079936, 0.00260144, 925.247, 0.232347, 0.480843, 0.82916, 764.993, 0.0014035, 0.140147, 0.536167, 0.0292001, 0.00361438, 0.514674, 0.162756, 0.00929459, 200.656, 36.834, 0.257689, 0.108598, 0.0738253, 0.117906, 0.0840012, 0.10847, 0.19913, 0.419904, 0.12371, 0.723734, 0.634814, 0.649828, 0.957606, 0.00668254, 0.0456861, 0.443105, 0.189114, 0.813987, 0.635585, 0.770169, 0.170848, 0.0964826, 0.400781, 0.251148, 0.391899, 0.264676, 0.221564, 0.200296, 0.139947, 0.118902, 0.0561229, 1.02662, 10.7332, 

0.0292001, 0.00260144, 0.480843, 0.82916, 0.0014035, 0.536167, 6.28968, 0.162756, 0.289957, 0.189114, 0.00361438, 0.0204448, 0.00929459, 200.656, 0.108598, 0.0164654, 37.9537, 0.0273379, 0.170848, 0.140147, 0.0561229, 0.0840012, 0.12371, 0.723734, 0.634814, 0.649828, 116.654, 0.257689, 0.19913, 0.514674, 0.00668254, 0.0456861, 0.443105, 0.813987, 0.0964826, 0.400781, 1.44873, 0.232347, 0.419904, 0.10847, 0.251148, 0.221564, 0.200296, 0.139947, 0.118902, 0.117906, 0.079936, 0.20037, 0.770169, 0.957606, 

0.0292001, 0.00260144, 0.536167, 6.28968, 0.289957, 0.189114, 383.025, 0.0014035, 0.0273379, 0.162756, 0.00361438, 0.0204448, 0.00929459, 200.656, 0.108598, 0.140147, 33327.2, 0.723734, 0.257689, 0.514674, 0.0561229, 0.079936, 0.12371, 0.634814, 0.649828, 116.654, 0.19913, 0.400781, 0.170848, 0.480843, 0.00668254, 0.0231746, 0.443105, 0.232347, 0.419904, 0.10847, 2054.11, 0.103199, 0.0964826, 0.0164654, 0.200296, 0.139947, 0.118902, 0.117906, 0.0840012, 0.20037, 0.0456861, 0.0905858, 0.770169, 0.813987, 

0.0292001, 0.00260144, 0.536167, 0.289957, 0.189114, 383.025, 0.162756, 0.514674, 0.400781, 0.0273379, 0.00361438, 0.0204448, 200.656, 0.108598, 0.140147, 2513.01, 982.065, 0.170848, 0.0164654, 0.19913, 0.0456861, 0.079936, 0.634814, 0.649828, 116.654, 0.480843, 7.79099, 0.232347, 0.12371, 0.0014035, 0.00668254, 0.0231746, 0.443105, 0.419904, 0.10847, 0.103199, 0.0964826, 0.00929459, 0.723734, 0.257689, 0.200296, 0.139947, 0.118902, 0.117906, 0.0840012, 0.20037, 0.0561229, 0.0905858, 0.770169, 0.813987, 

0.0292001, 0.00260144, 0.289957, 0.189114, 0.400781, 0.0273379, 6404.28, 0.443105, 0.514674, 0.536167, 0.00361438, 0.0204448, 200.656, 0.108598, 0.0164654, 0.19913, 1337.81, 0.140147, 0.182573, 0.0014035, 0.0456861, 0.0561229, 0.649828, 0.480843, 0.232347, 0.12371, 54.9903, 0.162756, 0.634814, 0.170848, 0.0019752, 0.0231746, 0.10847, 0.103199, 0.0964826, 0.257689, 545.501, 0.00929459, 0.723734, 0.419904, 0.200296, 0.139947, 0.118902, 0.117906, 0.0840012, 0.20037, 0.079936, 0.0905858, 0.770169, 0.813987, 

0.0292001, 0.00260144, 0.289957, 0.189114, 0.0273379, 0.443105, 0.514674, 0.400781, 0.634814, 0.162756, 0.00361438, 0.0204448, 200.656, 0.0164654, 0.19913, 1337.81, 264.841, 0.257689, 0.0330214, 0.232347, 0.0456861, 0.0561229, 0.649828, 0.480843, 0.12371, 54.9903, 3443.46, 0.0014035, 0.170848, 0.140147, 0.0019752, 0.0231746, 0.10847, 0.103199, 0.00929459, 0.0523788, 0.419904, 0.536167, 0.0964826, 0.108598, 0.200296, 0.139947, 0.118902, 0.117906, 0.0840012, 0.20037, 0.079936, 0.0905858, 0.770169, 0.813987, 

0.0292001, 0.00260144, 0.443105, 0.400781, 0.634814, 67.9905, 33.5735, 0.0964826, 0.232347, 0.0164654, 0.00361438, 0.0155586, 200.656, 0.19913, 1330.18, 127.096, 440.666, 0.480843, 0.0330214, 0.289957, 0.0456861, 0.0236154, 0.649828, 0.12371, 0.0014035, 0.170848, 0.140147, 0.189114, 0.00929459, 0.162756, 0.0019752, 0.0231746, 0.10847, 0.103199, 0.0523788, 0.419904, 0.108598, 0.514674, 0.257689, 0.0273379, 0.200296, 0.139947, 0.118902, 0.117906, 0.0840012, 0.20037, 0.079936, 0.0905858, 0.536167, 0.770169, 

0.0292001, 0.00260144, 0.443105, 0.400781, 67.9905, 33.5735, 0.0164654, 0.289957, 0.140147, 0.10847, 0.00361438, 0.0155586, 0.19913, 127.096, 0.0330214, 1662.03, 1.68669, 0.189114, 0.257689, 0.12371, 0.00414502, 0.0119418, 0.649828, 0.0014035, 0.170848, 2202.78, 80.7496, 0.103199, 0.162756, 0.0964826, 0.0019752, 0.0231746, 0.0523788, 0.419904, 0.108598, 0.514674, 51.818, 0.0273379, 0.232347, 0.00929459, 0.200296, 0.139947, 0.118902, 0.117906, 0.0840012, 0.079936, 0.0905858, 0.0464568, 0.480843, 0.536167, 

0.0292001, 0.00260144, 0.443105, 33.5735, 0.289957, 2836.35, 81013, 0.0014035, 0.12371, 0.108598, 0.00361438, 0.0155586, 273.786, 1.68669, 0.189114, 1539.58, 75.3, 0.0330214, 0.00929459, 0.170848, 0.00414502, 0.00676129, 0.649828, 0.162756, 0.0964826, 40.6909, 13.1298, 0.103199, 0.140147, 0.0164654, 0.0019752, 0.0231746, 0.0523788, 0.419904, 0.514674, 51.818, 0.232347, 0.0273379, 0.10847, 0.0301952, 0.200296, 0.139947, 0.118902, 0.117906, 0.0840012, 0.079936, 0.0905858, 0.0464568, 0.19913, 0.257689, 

0.0292001, 0.00260144, 0.289957, 2224.26, 0.108598, 989.537, 382.953, 0.0523788, 0.12371, 0.0014035, 0.00361438, 0.0155586, 273.786, 1.68669, 0.0330214, 0.00929459, 84.577, 0.0164654, 0.189114, 0.124488, 0.00414502, 0.00676129, 0.162756, 0.103199, 0.140147, 0.0688852, 166.691, 0.19913, 0.257689, 0.10847, 0.0019752, 0.0231746, 0.514674, 0.0273379, 0.0301952, 1285.14, 0.868708, 0.232347, 0.164421, 0.0964826, 0.139947, 0.118902, 0.117906, 0.0840012, 0.079936, 0.0905858, 0.0464568, 0.170056, 0.419904, 0.443105, 

0.0292001, 0.00260144, 0.289957, 0.108598, 989.537, 2072.18, 4047.09, 0.140147, 0.0964826, 0.162756, 0.00361438, 0.0155586, 1.68669, 0.0330214, 0.740736, 0.189114, 386.646, 0.124488, 0.419904, 0.19913, 0.00166119, 0.00676129, 0.103199, 0.0688852, 0.257689, 0.10847, 8.07873, 0.0164654, 0.12371, 0.0301952, 0.0019752, 0.0231746, 0.0273379, 1285.14, 0.232347, 0.164421, 170.965, 0.0523788, 0.0014035, 0.00929459, 0.139947, 0.118902, 0.117906, 0.0840012, 0.079936, 0.0905858, 0.0464568, 0.170056, 0.443105, 0.514674, 

0.0292001, 0.00260144, 2072.18, 0.140147, 0.0964826, 0.162756, 231.279, 0.164421, 0.108598, 0.0523788, 0.00361438, 0.0155586, 0.740736, 101.766, 0.419904, 0.19913, 453.935, 0.257689, 0.289957, 0.189114, 0.00166119, 0.00676129, 0.103199, 0.10847, 0.12371, 0.0301952, 0.0626785, 0.0330214, 0.0688852, 0.124488, 0.0019752, 0.0231746, 0.0273379, 0.232347, 0.0014035, 0.00929459, 3.01597, 0.443105, 0.0164654, 0.514674, 0.139947, 0.118902, 0.117906, 0.0840012, 0.079936, 0.0905858, 0.0464568, 0.0613015, 1.68669, 3.02972, 

0.0292001, 0.00260144, 0.140147, 0.162756, 0.164421, 785.768, 28.5937, 0.189114, 0.0523788, 0.103199, 0.00361438, 0.0155586, 0.19913, 0.269249, 0.289957, 9.47519, 610.991, 0.257689, 0.108598, 0.10847, 0.00166119, 0.00676129, 0.12371, 0.0301952, 0.0330214, 0.0688852, 41.3738, 0.124488, 0.0964826, 0.0626785, 0.0019752, 0.0231746, 0.0014035, 0.00929459, 0.0164654, 1494.38, 8.52299, 0.0273379, 0.232347, 0.419904, 0.139947, 0.118902, 0.117906, 0.0840012, 0.079936, 0.0905858, 0.0464568, 0.0613015, 0.443105, 0.514674, 

0.0292001, 0.00260144, 0.140147, 0.162756, 785.768, 28.5937, 1518.4, 0.0330214, 0.103199, 0.189114, 0.00361438, 0.0155586, 0.19913, 0.288073, 9.47519, 610.991, 0.10847, 0.108598, 0.0523788, 0.257689, 0.00166119, 0.00676129, 0.0301952, 0.0688852, 0.124488, 0.0964826, 0.0626785, 0.419904, 0.12371, 0.164421, 0.0019752, 0.0231746, 0.0014035, 0.00929459, 0.0164654, 1494.38, 523.143, 0.269249, 0.232347, 0.0273379, 0.139947, 0.118902, 0.117906, 0.0840012, 0.079936, 0.0905858, 0.0464568, 0.0613015, 0.443105, 0.514674, 

0.0292001, 0.00260144, 28.5937, 13.6536, 0.0330214, 0.189114, 6.29608, 0.0014035, 0.124488, 0.140147, 0.00361438, 0.0155586, 0.288073, 0.108598, 0.257689, 3551.29, 261.42, 0.162756, 0.00929459, 0.0273379, 0.00166119, 0.00676129, 0.0626785, 0.419904, 0.12371, 0.164421, 44.9328, 0.0688852, 0.103199, 0.10847, 0.0019752, 0.0231746, 0.0164654, 0.269249, 0.232347, 161.063, 469.567, 0.0301952, 0.0523788, 0.0964826, 0.139947, 0.118902, 0.117906, 0.0840012, 0.079936, 0.0905858, 0.0464568, 0.0613015, 0.19913, 0.443105, 

0.0292001, 0.00260144, 0.189114, 6.29608, 0.124488, 0.140147, 2853.89, 0.00929459, 0.257689, 0.0014035, 0.00361438, 0.0155586, 0.288073, 0.108598, 3551.29, 261.42, 0.0273379, 0.0523788, 0.19913, 0.10847, 0.00166119, 0.00676129, 0.164421, 44.9328, 0.103199, 120.912, 136.746, 0.0330214, 0.12371, 0.162756, 0.0019752, 0.0231746, 0.0164654, 0.269249, 0.232347, 0.0301952, 965.398, 0.0626785, 0.0964826, 0.0688852, 0.139947, 0.118902, 0.117906, 0.0840012, 0.079936, 0.0905858, 0.0464568, 0.0613015, 0.419904, 0.443105, 

0.0292001, 0.00260144, 6.29608, 0.124488, 0.00929459, 0.0014035, 436.562, 0.10847, 0.269249, 0.0523788, 0.00361438, 0.0155586, 3255.18, 0.0273379, 0.19913, 1402.16, 308.836, 0.257689, 0.189114, 0.0626785, 0.00166119, 0.00676129, 0.103199, 136.746, 0.0330214, 0.12371, 0.0817733, 0.164421, 0.0301952, 0.140147, 0.0019752, 0.0153605, 0.0164654, 0.232347, 0.0964826, 0.0688852, 2638.53, 0.288073, 0.162756, 0.0341941, 0.139947, 0.118902, 0.117906, 0.0840012, 0.079936, 0.0905858, 0.0464568, 0.0613015, 0.419904, 0.443105, 

0.0292001, 0.00260144, 0.124488, 436.562, 0.269249, 0.0523788, 33.0061, 0.162756, 0.103199, 0.0964826, 0.00361438, 0.00953107, 3255.18, 0.0273379, 308.836, 0.257689, 0.0626785, 0.164421, 0.10847, 0.0796511, 0.00166119, 0.00676129, 136.746, 0.12371, 0.0817733, 0.140147, 50.7012, 0.0301952, 0.0014035, 0.0688852, 0.0019752, 0.0153605, 0.0164654, 0.232347, 2638.53, 0.0341941, 2950.22, 0.0330214, 0.189114, 0.00929459, 0.118902, 0.117906, 0.0840012, 0.079936, 0.0905858, 0.0464568, 0.0613015, 0.0634097, 0.19913, 0.288073, 

0.0213005, 0.00260144, 0.269249, 33.0061, 0.103199, 0.0964826, 2313.35, 0.10847, 0.124488, 0.0341941, 0.00361438, 0.00953107, 3255.18, 0.0273379, 308.836, 0.257689, 678.875, 0.162756, 0.140147, 0.0626785, 0.00166119, 0.00676129, 0.12371, 0.0817733, 0.0301952, 0.0014035, 0.0688852, 0.189114, 0.0523788, 0.0796511, 0.0019752, 0.0153605, 0.0164654, 0.232347, 2950.22, 0.0330214, 0.00929459, 0.19913, 0.164421, 0.288073, 0.118902, 0.117906, 0.0840012, 0.079936, 0.0905858, 0.0464568, 0.0613015, 0.0634097, 4.86207, 35.1243, 

0.0213005, 0.00260144, 0.269249, 33.0061, 0.103199, 0.0341941, 2317.29, 0.140147, 0.10847, 0.0688852, 0.00361438, 0.00953107, 0.0273379, 308.836, 678.875, 0.0626785, 19.4131, 0.0330214, 0.257689, 0.12371, 0.00166119, 0.00637295, 0.0301952, 0.189114, 0.0523788, 0.0796511, 917.488, 0.124488, 0.162756, 0.0817733, 0.0019752, 0.0153605, 0.0164654, 0.232347, 0.00929459, 0.19913, 0.164421, 0.0964826, 0.0256933, 0.0014035, 0.117906, 0.0840012, 0.079936, 0.0905858, 0.0464568, 0.0613015, 0.0634097, 0.0253439, 0.288073, 4.53376, 

0.0213005, 0.00260144, 0.103199, 0.0341941, 0.140147, 0.10847, 5411.11, 0.19913, 0.189114, 0.0688852, 0.00361438, 0.00953107, 0.0273379, 19.4131, 0.0330214, 0.257689, 13211.8, 0.0626785, 0.0796511, 0.269249, 0.00166119, 0.00637295, 0.0301952, 0.0523788, 917.488, 0.162756, 671.206, 0.124488, 0.232347, 0.0014035, 0.0019752, 0.0153605, 0.0164654, 0.00929459, 0.0964826, 0.0256933, 0.000475779, 0.0817733, 0.0171461, 0.12371, 0.117906, 0.0840012, 0.079936, 0.0905858, 0.0464568, 0.0613015, 0.0634097, 0.0253439, 0.288073, 0.374968, 

0.0213005, 0.00260144, 0.10847, 0.19913, 0.189114, 0.0688852, 1231.27, 0.0014035, 0.0330214, 0.0964826, 0.00361438, 0.00953107, 0.0273379, 0.257689, 13211.8, 0.269249, 344.213, 0.0341941, 0.0523788, 0.103199, 0.00166119, 0.00637295, 0.162756, 671.206, 0.124488, 11402, 60.0936, 0.0301952, 0.000475779, 0.0796511, 0.0019752, 0.0153605, 0.00929459, 0.0256933, 0.0817733, 0.0171461, 0.12371, 0.0626785, 0.140147, 0.0164654, 0.117906, 0.0840012, 0.079936, 0.0905858, 0.0464568, 0.0613015, 0.0634097, 0.0253439, 0.232347, 0.288073, 

0.015908, 0.00260144, 0.189114, 258.006, 0.0014035, 0.0330214, 46.6568, 0.103199, 0.10847, 0.0626785, 0.00361438, 0.00953107, 0.0273379, 0.257689, 13211.8, 344.213, 23.0257, 0.00929459, 0.0171461, 0.0688852, 0.00166119, 0.00637295, 0.162756, 60.0936, 0.000475779, 0.0796511, 1319.31, 0.0964826, 0.0341941, 0.124488, 0.0019752, 0.0152448, 0.0256933, 0.0817733, 0.12371, 0.0164654, 61.87, 0.0323152, 0.0523788, 0.0301952, 0.0840012, 0.079936, 0.0905858, 0.0464568, 0.0613015, 0.0634097, 0.0253439, 0.0198177, 0.140147, 0.19913, 

0.015908, 0.00260144, 258.006, 0.0014035, 0.103199, 0.10847, 0.0626785, 0.124488, 0.122757, 0.19913, 0.00361438, 0.00915752, 0.0273379, 0.257689, 23.0257, 0.00929459, 0.0171461, 0.140147, 0.0301952, 0.0341941, 0.00166119, 0.00637295, 0.162756, 0.000475779, 0.0796511, 0.0964826, 75.5707, 0.0164654, 0.0330214, 0.0422423, 0.0019752, 0.0152448, 0.0256933, 0.0817733, 0.12371, 0.0323152, 0.0523788, 0.0688852, 0.189114, 3.14756, 0.0840012, 0.079936, 0.0905858, 0.0464568, 0.0613015, 0.0634097, 0.0253439, 0.0198177, 25.4526, 33.9818, 

0.015908, 0.00260144, 258.006, 0.0014035, 0.124488, 0.19913, 219.528, 0.0341941, 0.0964826, 0.122757, 0.00361438, 0.00915752, 0.0273379, 0.257689, 23.0257, 0.00929459, 0.0301952, 0.0422423, 0.0626785, 0.0164654, 0.00166119, 0.00637295, 0.162756, 0.000475779, 0.0796511, 0.0330214, 74.9301, 0.12371, 0.10847, 0.0171461, 0.0019752, 0.0152448, 0.0817733, 0.0523788, 0.0688852, 0.189114, 2564.13, 0.103199, 0.0256933, 0.0323152, 0.0840012, 0.079936, 0.0905858, 0.0464568, 0.0613015, 0.0634097, 0.0253439, 0.0198177, 0.140147, 3.14756, 

0.015908, 0.00260144, 7.8757, 0.0818415, 0.0341941, 0.0964826, 0.122757, 0.0688852, 0.0626785, 0.0273379, 0.00361438, 0.00915752, 23.0257, 0.0301952, 0.0164654, 197.25, 8066.78, 0.0796511, 0.124488, 0.140147, 0.00147957, 0.00109218, 0.162756, 0.0330214, 74.9301, 0.12371, 0.0171461, 0.000475779, 0.0422423, 0.00929459, 0.0019752, 0.0118896, 0.0817733, 0.0523788, 0.0256933, 0.0323152, 794.939, 0.103199, 0.10847, 0.0014035, 0.0840012, 0.079936, 0.0905858, 0.0464568, 0.0613015, 0.0634097, 0.0253439, 0.0198177, 0.189114, 0.257689, 

Best:
1.00812	1.01834	

Fitness Evaluations:
3539

End Population
(9.767367e-01), (9.664109e-01), (9.854229e-01), (9.661706e-01), (-7.654056e-01), (8.039981e-01), (1.022911e+00), (1.017832e+00), (8.395912e-01), (7.141129e-01), (7.623583e-01), (6.011924e-01), (9.920495e-01), (9.491346e-01), (8.729933e-01), (7.850857e-01), (8.830512e-01), (8.019157e-01), (8.405789e-01), (7.109579e-01), (1.002804e+00), (9.996102e-01), (9.045992e-01), (8.190493e-01), (1.110146e+00), (7.527004e-01), (1.104592e+00), (1.234000e+00), (9.022929e-01), (8.224503e-01), (1.456225e+00), (7.168744e-01), (3.010556e+00), (8.417467e-02), (8.741870e-01), (7.894660e-01), (8.131296e-01), (6.911076e-01), (1.331049e+00), (1.789172e+00), (9.618661e-01), (9.256902e-01), (1.029217e+00), (1.057743e+00), (1.103713e+00), (1.257169e+00), (8.649901e-01), (7.360450e-01), (7.240822e-01), (1.389477e+00), (8.066337e-01), (6.800380e-01), (1.081550e+00), (1.159505e+00), (1.008124e+00), (1.018339e+00), (8.960765e-01), (8.206850e-01), (1.022528e+00), (1.054937e+00), (9.590476e-01), (9.180458e-01), (8.910249e-01), (7.942997e-01), (1.041760e+00), (1.113554e+00), (7.842770e-01), (6.227339e-01), (1.032717e+00), (1.082196e+00), (9.959472e-01), (1.009883e+00), (1.943817e+00), (9.605394e-01), (7.738692e-01), (6.216910e-01), (1.202684e+00), (1.420488e+00), (9.625376e-01), (9.264511e-01), (7.177982e-01), (5.218397e-01), (1.140309e+00), (1.324851e+00), (7.505627e-01), (5.801868e-01), (9.240072e-01), (8.336195e-01), (8.844386e-01), (8.041285e-01), (8.915699e-01), (8.176241e-01), (1.031091e+00), (1.078762e+00), (8.694736e-01), (7.507113e-01), (6.304043e-01), (3.744937e-01), (9.392361e-01), (8.317664e-01), 