Iterations: 50
Function Evaluations Limit: 150000
Population: 50

Prides Length: 4

Percent Nomads: 0.2
Percent Roaming: 0.2
Percent Sex: 0.8

Mating Rate: 0.3
Mutation Probability: 0.2
Immigration Rate: 0.4

Dimensions: 2
N-Dimension Space: -5:5

Fitness Iterations:
0.87422
9.42552, 154.567, 327.032, 2211.51, 0.87422, 66474.8, 23.9625, 436.626, 39.735, 83.082, 363.236, 6.47402, 37958.5, 40036, 296.653, 7187.86, 206.844, 533.256, 432.702, 214.202, 127.37, 252.443, 172.936, 369.658, 3877.19, 803.263, 134.493, 26.5879, 9.45376, 147.461, 8.76275, 19.1028, 100.88, 14290.8, 27235.2, 132.675, 99.199, 60.2906, 313.303, 0.999228, 567.506, 270.079, 266.287, 770.03, 305.788, 824.527, 795.097, 982.91, 535.558, 701.825, 

9.42552, 6.68189, 0.87422, 23.9625, 436.626, 1307.27, 38.3148, 32.6662, 31.7804, 76.4291, 40.5665, 6.47402, 37958.5, 40036, 533.256, 214.202, 639.414, 0.426315, 59.2237, 14.1775, 127.37, 64.7977, 3.90958, 3877.19, 803.263, 134.493, 3.94524, 9.45376, 39.735, 26.5879, 8.76275, 19.1028, 100.88, 40.1326, 60.2906, 0.999228, 69.6095, 296.653, 83.082, 313.303, 304.901, 266.287, 344.226, 305.788, 270.079, 377.005, 252.443, 58.313, 327.032, 369.658, 

9.42552, 6.68189, 1307.27, 38.3148, 31.7804, 76.4291, 4233.8, 0.87422, 3.94524, 12.5771, 40.5665, 6.47402, 533.256, 214.202, 0.426315, 10.6424, 687.816, 96.7323, 59.2237, 83.082, 5.06861, 47.673, 3.90958, 3877.19, 803.263, 134.493, 39.735, 4.2924, 32.6662, 100.88, 8.76275, 19.1028, 10.03, 60.2906, 0.999228, 313.303, 35.571, 9.45376, 69.6095, 23.9625, 252.443, 58.313, 82.0064, 120.73, 127.37, 64.7977, 150.646, 36.7217, 296.653, 309.99, 

9.42552, 6.68189, 1307.27, 38.3148, 0.87422, 12.5771, 4058.06, 3.94524, 39.735, 35.571, 25.776, 6.47402, 214.202, 0.426315, 687.816, 96.7323, 31.1565, 59.2237, 4.31852, 7.17418, 5.06861, 22.9812, 803.263, 4.2924, 100.88, 1601.49, 258.298, 31.7804, 10.6424, 32.6662, 8.76275, 19.1028, 10.03, 0.999228, 313.303, 69.6095, 16.9179, 14.2252, 3.90958, 7.97501, 58.313, 64.7977, 36.7217, 32.592, 13.489, 54.2319, 47.673, 25.078, 60.2906, 76.4291, 

9.42552, 6.68189, 12.5771, 59.7346, 35.571, 30.7713, 1679.97, 0.87422, 7.17418, 10.03, 6.47402, 4.85443, 214.202, 9.08277, 31.1565, 241.532, 2.25805, 3.90958, 14.2252, 0.426315, 5.06861, 2.4895, 803.263, 4.2924, 100.88, 1601.49, 3593.42, 32.6662, 31.7804, 11.0559, 6.90239, 9.89789, 0.999228, 313.303, 10.825, 7.97501, 0.648608, 10.6424, 4.31852, 3.94524, 36.7217, 32.592, 13.489, 25.078, 25.776, 22.9812, 10.1015, 23.8199, 38.3148, 39.735, 

9.42552, 6.68189, 35.571, 30.7713, 1679.97, 0.87422, 209.869, 10.6424, 3.94524, 7.97501, 4.85443, 2.03985, 9.08277, 241.532, 2.25805, 14.2252, 0.426315, 7.17418, 4.31852, 12.5771, 5.06861, 2.4895, 4.2924, 100.88, 11.0559, 3206.32, 7.82542, 10.03, 31.7804, 3.90958, 6.47402, 9.89789, 0.999228, 146.194, 1.01978, 0.648608, 2654.38, 31.1565, 14.0061, 3.11459, 13.489, 22.9812, 10.1015, 23.8199, 10.4357, 6.90239, 19.6984, 15.6474, 32.6662, 38.3148, 

6.90239, 6.68189, 35.571, 0.87422, 209.869, 10.6424, 49.6916, 14.0061, 7.17418, 7.82542, 4.85443, 2.03985, 9.08277, 2.25805, 0.426315, 539.474, 2.27093, 3.90958, 3.94524, 2.53859, 5.06861, 2.4895, 4.2924, 76.3407, 5.89427, 10.03, 17.9081, 0.999228, 14.2252, 0.648608, 6.47402, 7.37519, 146.194, 0.776241, 31.1565, 8.80146, 1259.58, 12.5771, 4.31852, 7.97501, 13.489, 22.9812, 10.1015, 10.4357, 9.42552, 19.6984, 15.6474, 9.83104, 30.7713, 31.7804, 

6.90239, 6.68189, 2.81627, 49.6916, 7.82542, 127.355, 151.783, 0.648608, 14.2252, 10.6424, 4.85443, 1.70357, 9.08277, 2.25805, 539.474, 2.53859, 740.908, 3.94524, 3.90958, 0.87422, 2.4895, 2.83481, 4.2924, 5.89427, 10.03, 0.999228, 182.181, 7.17418, 12.5771, 1.41251, 6.47402, 2.85839, 0.776241, 31.1565, 4.31852, 7.97501, 3.12311, 0.426315, 8.80146, 14.0061, 13.489, 10.1015, 10.4357, 9.42552, 9.83104, 6.72238, 5.06861, 7.37519, 17.9081, 26.4663, 

2.83481, 6.68189, 127.355, 151.783, 0.648608, 10.6424, 296.851, 4.2924, 2.81627, 3.90958, 1.70357, 0.178675, 2.25805, 539.474, 0.87422, 1005.95, 1.08686, 0.426315, 2.53859, 7.17418, 2.4895, 2.79761, 10.03, 0.999228, 12.5771, 1.41251, 42.7904, 5.89427, 8.67241, 0.776241, 6.47402, 2.85839, 4.31852, 0.0664345, 3.12311, 14.0061, 168.518, 7.82542, 3.94524, 8.80146, 10.1015, 9.42552, 9.83104, 6.72238, 6.90239, 7.37519, 4.85443, 5.06861, 9.08277, 14.2252, 

2.83481, 2.10836, 0.648608, 296.851, 4.2924, 3.90958, 37.2796, 3.12311, 0.87422, 0.999228, 1.70357, 0.178675, 2.25805, 1005.95, 1.08686, 0.426315, 667.764, 2.53859, 1.41251, 7.17418, 2.4895, 2.79761, 12.5771, 5.89427, 0.776241, 178.56, 34540.6, 10.6424, 2.81627, 10.03, 3.62811, 1.23937, 4.31852, 0.0664345, 7.82542, 3.94524, 8.80146, 5.06974, 8.67241, 9.08277, 9.42552, 6.72238, 6.90239, 7.37519, 4.85443, 5.06861, 6.68189, 4.7512, 12.3565, 14.0061, 

2.77014, 2.10836, 0.648608, 34.9386, 37.2796, 0.87422, 0.999228, 2.25805, 3.12311, 5.49137, 1.70357, 0.178675, 1005.95, 1.08686, 667.764, 2624.32, 9641.19, 2.53859, 3.94524, 5.06974, 2.4895, 2.48634, 12.5771, 0.776241, 9907.23, 2.81627, 10.03, 3.23626, 4.2924, 0.426315, 3.62811, 1.23937, 4.31852, 7.82542, 9.08277, 1381.67, 1491.49, 0.0664345, 3.90958, 1.41251, 6.72238, 6.90239, 7.37519, 4.85443, 5.06861, 6.68189, 4.7512, 7.3155, 5.89427, 7.17418, 

0.194473, 2.10836, 37.2796, 0.999228, 2.25805, 3.12311, 59.7307, 10.03, 5.89427, 0.776241, 1.70357, 0.178675, 1005.95, 405.048, 9641.19, 5.06974, 1596.56, 1.08686, 7.17418, 0.87422, 2.4895, 2.48634, 2.81627, 3.23626, 4.2924, 0.426315, 33.0059, 5.49137, 0.0664345, 0.648608, 3.62811, 1.23937, 4.31852, 7.82542, 9.08277, 3.90958, 1.41251, 2.53859, 12.5771, 3.94524, 6.72238, 6.90239, 7.37519, 4.85443, 5.06861, 6.68189, 4.7512, 7.3155, 34.9386, 37.8193, 

0.194473, 2.10836, 37.2796, 2.25805, 3.12311, 10.03, 1236.54, 5.89427, 3.94524, 0.776241, 1.70357, 0.178675, 405.048, 1125.4, 1596.56, 44104.1, 10402.9, 5.49137, 1.08686, 4.2924, 0.89153, 2.48634, 2.81627, 3.23626, 0.426315, 0.0664345, 9.95219, 0.87422, 0.999228, 1.41251, 3.62811, 1.23937, 7.82542, 3.90958, 2.53859, 12.5771, 3469.29, 0.648608, 4.31852, 5.06974, 6.72238, 6.90239, 4.85443, 5.06861, 6.68189, 4.7512, 7.3155, 2.76542, 7.17418, 9.08277, 

0.194473, 1.34072, 2.25805, 3.12311, 5.89427, 259.124, 167.396, 2.81627, 0.426315, 0.648608, 1.70357, 0.178675, 1596.56, 80.7466, 42.3973, 1.08686, 559.01, 0.999228, 3.90958, 0.776241, 0.89153, 2.48634, 0.0664345, 0.87422, 1.41251, 35061.6, 14.153, 7.17418, 4.71117, 3.94524, 1.23496, 1.23937, 1.63277, 12.5771, 4.31852, 5.06974, 895.315, 4.2924, 5.49137, 3.23626, 6.72238, 6.90239, 4.85443, 5.06861, 6.68189, 4.7512, 2.76542, 1.69079, 7.82542, 9.08277, 

0.191416, 0.680852, 3.12311, 167.396, 0.426315, 0.648608, 316.469, 0.776241, 5.89427, 2.25805, 1.70357, 0.0253767, 1596.56, 42.3973, 559.01, 0.999228, 252.729, 1.41251, 1.08686, 0.0664345, 0.89153, 1.69079, 0.87422, 5052.13, 7.17418, 4.71117, 36.837, 4.34261, 4.31852, 3.90958, 1.23496, 1.23937, 1.63277, 12.5771, 4.2924, 5.49137, 3.23626, 5.06974, 2.81627, 3.94524, 6.72238, 4.85443, 5.06861, 6.68189, 4.7512, 2.76542, 2.48634, 4.85516, 7.82542, 9.08277, 

0.191416, 0.680852, 3.12311, 167.396, 0.776241, 1.74751, 40.6426, 0.426315, 3.23626, 1.41251, 1.70357, 0.0253767, 1596.56, 559.01, 34.5316, 1.08686, 9303.67, 6.82677, 0.999228, 7.17418, 0.89153, 1.69079, 0.87422, 4.69417, 4.34261, 3.90958, 15617.2, 5.49137, 0.0664345, 0.648608, 1.23496, 1.23937, 1.63277, 5.06974, 2.81627, 3.94524, 347.515, 4.2924, 2.25805, 4.31852, 6.72238, 4.85443, 5.06861, 6.68189, 4.7512, 2.76542, 2.48634, 4.85516, 7.82542, 9.08277, 

0.191416, 0.575059, 167.396, 1.74751, 0.426315, 1.41251, 53.4126, 0.87422, 0.956837, 3.23626, 1.23937, 0.0253767, 34.5316, 6.82677, 0.999228, 7.17418, 8.53605, 1.63277, 3.12311, 3.94524, 0.89153, 1.69079, 3.90958, 17.3947, 5.49137, 0.0664345, 11.578, 1.08686, 0.648608, 4.69417, 1.23496, 1.05811, 5.06974, 2.81627, 4.2924, 2.25805, 4.31852, 7.82542, 4.34261, 0.776241, 4.85443, 5.06861, 6.68189, 4.7512, 2.76542, 2.48634, 4.85516, 1.70357, 9.08277, 14.6062, 

0.191416, 0.575059, 1.74751, 1.41251, 53.4126, 0.87422, 8560.05, 6.82677, 2.25805, 0.426315, 0.663261, 0.0253767, 0.999228, 7.17418, 1.63277, 3.12311, 59.4525, 5.49137, 0.956837, 8.34305, 0.89153, 1.69079, 3.90958, 17.3947, 1.08686, 0.648608, 286.291, 0.33369, 3.94524, 0.776241, 1.23496, 1.05811, 5.06974, 2.81627, 4.31852, 7.82542, 4.34261, 4.69417, 0.0664345, 3.23626, 4.85443, 5.06861, 4.7512, 2.76542, 2.48634, 4.85516, 1.70357, 6.51651, 8.53605, 9.08277, 

0.191416, 0.575059, 1.74751, 53.4126, 0.87422, 2.25805, 0.426315, 3.43319, 1.63277, 2.81627, 0.663261, 0.0253767, 0.999228, 7.17418, 3.12311, 59.4525, 19441, 0.956837, 3.94524, 5.49137, 0.89153, 1.69079, 1.08686, 0.648608, 0.33369, 0.776241, 31.9253, 7.82542, 1.41251, 4.31852, 1.23496, 0.681487, 5.06974, 4.69417, 0.0664345, 3.23626, 17443.3, 8.34305, 4.34261, 6.82677, 4.85443, 5.06861, 4.7512, 2.76542, 2.48634, 4.85516, 1.70357, 4.83855, 8.37815, 8.53605, 

0.191416, 0.575059, 53.4126, 0.87422, 2.25805, 3.43319, 1603.46, 3.94524, 5.06974, 4.34261, 0.663261, 0.0253767, 0.999228, 7.17418, 59.4525, 0.956837, 1814.1, 0.33369, 5.49137, 2.81627, 0.89153, 1.69079, 0.648608, 0.776241, 31.9253, 1.41251, 4.31852, 5.11218, 1.08686, 3.12311, 1.23496, 0.681487, 4.69417, 0.0664345, 3.23626, 6.82677, 263.334, 1.74751, 1.63277, 0.426315, 4.85443, 5.06861, 4.7512, 2.76542, 2.48634, 4.85516, 1.70357, 4.83855, 7.82542, 8.34305, 

0.191416, 0.575059, 2.25805, 1603.46, 5.06974, 4.34261, 88.9254, 3.23626, 3.94524, 3.43319, 0.663261, 0.0253767, 0.999228, 7.17418, 0.33369, 2.81627, 10.9106, 0.956837, 4.69417, 0.87422, 0.89153, 0.46036, 31.9253, 4.31852, 1.08686, 3.12311, 25.0929, 1.63277, 0.0664345, 0.648608, 0.583474, 0.681487, 6.82677, 263.334, 1.74751, 0.426315, 187.079, 1.41251, 5.11218, 0.776241, 4.85443, 5.06861, 4.7512, 2.76542, 2.48634, 4.85516, 1.70357, 4.83855, 5.49137, 7.82542, 

0.191416, 0.575059, 2.25805, 617.922, 88.9254, 3.23626, 3.94524, 4.31852, 0.999228, 3.12539, 0.663261, 0.0253767, 7.17418, 10.9106, 4.69417, 0.87422, 21.5155, 0.33369, 1.41251, 2.81627, 0.89153, 0.46036, 31.9253, 1.08686, 1.63277, 0.0664345, 0.648608, 0.956837, 0.776241, 4.31579, 0.583474, 0.681487, 6.82677, 1.74751, 0.426315, 187.079, 1.20059, 5.06974, 3.43319, 2.40966, 4.85443, 4.7512, 2.76542, 2.48634, 1.70357, 4.83855, 3.08945, 1.06037, 5.11218, 5.49137, 

0.191416, 0.575059, 266.608, 88.9254, 3.23626, 0.999228, 3.12539, 2.68109, 1.74751, 3.94524, 0.663261, 0.0253767, 7.17418, 4.69417, 0.33369, 1.41251, 63909, 1.00367, 1.56511, 2.81627, 0.89153, 0.46036, 31.9253, 1.08686, 0.648608, 4.31579, 1242.84, 2.25805, 0.956837, 0.776241, 0.583474, 0.681487, 0.426315, 1.20059, 5.06974, 3.43319, 98.8131, 0.87422, 0.467338, 0.0664345, 4.7512, 2.76542, 2.48634, 1.70357, 4.83855, 3.08945, 1.06037, 2.17928, 4.31852, 5.11218, 

0.191416, 0.575059, 0.631499, 88.9254, 0.218121, 3.94524, 63.1633, 2.81627, 1.41251, 2.25805, 0.453681, 0.0253767, 7.17418, 17149.1, 1.00367, 166.798, 2.29481, 0.33369, 0.578538, 0.426315, 0.0850536, 0.46036, 3.99491, 1.08686, 0.648608, 2.36661, 0.956837, 1.74751, 0.467338, 0.776241, 0.583474, 0.500895, 1.20059, 98.8131, 0.87422, 0.0664345, 61.1054, 1.56511, 1.53324, 0.999228, 2.76542, 2.48634, 1.70357, 3.08945, 1.06037, 2.17928, 2.38953, 1.28905, 3.12539, 3.43319, 

0.191416, 0.575059, 0.631499, 88.9254, 2.81627, 11.9318, 2156.64, 0.776241, 0.956837, 0.218121, 0.453681, 0.0253767, 1.00367, 118.788, 2.29481, 0.33369, 0.426315, 0.8337, 0.87422, 1.08686, 0.000341188, 0.430165, 3.99491, 2.36661, 0.467338, 0.747094, 438.313, 1.20059, 1.41251, 0.648608, 0.58273, 0.500895, 41.9173, 61.1054, 1.56511, 1.53324, 57362, 0.578538, 0.999228, 0.0664345, 1.70357, 1.06037, 2.17928, 2.38953, 1.28905, 1.86564, 1.01205, 2.21241, 1.74751, 2.25805, 

0.191416, 0.575059, 0.631499, 88.9254, 11.9318, 19.1134, 0.956837, 0.999228, 0.33369, 0.747094, 0.0253767, 0.0107664, 118.788, 0.426315, 0.8337, 20.9549, 0.00470022, 1.56511, 0.648608, 0.218121, 0.000341188, 0.430165, 2.36661, 1.20059, 1.41251, 330.586, 8280.64, 1.08686, 0.0366881, 0.776241, 0.58273, 0.112268, 1.11737, 1.53324, 148.665, 0.578538, 10087.5, 0.467338, 0.0664345, 1.00367, 1.70357, 1.06037, 2.17928, 1.28905, 1.86564, 1.01205, 2.21241, 0.453681, 1.74751, 2.25805, 

0.191416, 0.190367, 0.631499, 88.9254, 11.9318, 0.999228, 0.33369, 1.41251, 0.426315, 1.53324, 0.0253767, 0.0107664, 0.8337, 0.00470022, 1.56511, 0.648608, 0.218121, 0.956837, 0.0664345, 0.0366881, 0.000341188, 0.430165, 1.20059, 330.586, 8280.64, 1.08686, 0.776241, 0.578538, 2.25805, 0.467338, 0.553392, 0.112268, 1.11737, 148.665, 10087.5, 26.1987, 2020.1, 1.74751, 0.747094, 1.00367, 1.70357, 1.06037, 2.17928, 1.28905, 1.86564, 1.01205, 2.21241, 0.453681, 2.36661, 19.1134, 

0.108616, 0.190367, 88.9254, 0.33369, 1.41251, 0.426315, 1.53324, 0.999228, 0.218121, 2.36661, 0.0253767, 0.0107664, 0.518481, 0.00470022, 1.56511, 0.648608, 0.0664345, 1.74751, 0.0366881, 1.08686, 0.000341188, 0.430165, 330.586, 0.776241, 0.578538, 2.25805, 17079.8, 1.03017, 0.956837, 0.467338, 0.453681, 0.106622, 1.11737, 148.665, 0.747094, 1.00367, 102.664, 1.20059, 0.631499, 0.0342207, 1.70357, 1.06037, 1.28905, 1.86564, 1.01205, 0.553392, 0.991984, 0.191416, 10.9146, 11.9318, 

0.0561212, 0.190367, 0.33369, 1.41251, 1.53324, 0.999228, 225.896, 2.14479, 0.426315, 0.218121, 0.0253767, 0.0107664, 0.518481, 1.56511, 0.648608, 0.0664345, 1.74751, 0.776241, 0.631499, 1.00367, 0.000341188, 0.430165, 330.586, 0.578538, 2.25805, 17079.8, 1.03017, 0.467338, 0.00470022, 0.956837, 0.0522, 0.106622, 1.11737, 148.665, 0.747094, 0.0342207, 260.837, 1.20059, 1.08686, 0.0366881, 1.70357, 1.06037, 1.28905, 1.01205, 0.553392, 0.991984, 0.191416, 0.987823, 2.36661, 2.61834, 

0.0561212, 0.190367, 1.41251, 1.53324, 2.14479, 0.426315, 3139.9, 0.747094, 0.0664345, 0.218121, 0.0253767, 0.0100965, 1.56511, 0.648608, 0.776241, 0.631499, 1.00367, 0.578538, 0.999228, 2.36661, 0.000341188, 0.191416, 2.25805, 1.03017, 0.00470022, 0.956837, 0.350832, 1.74751, 1.11737, 0.518481, 0.0522, 0.087814, 1.20059, 1.08686, 0.0366881, 2552, 5100.19, 0.0342207, 0.467338, 0.33369, 1.06037, 1.01205, 0.553392, 0.991984, 0.195799, 0.987823, 0.245887, 0.430165, 2.61834, 6.75343, 

0.0561212, 0.190367, 1.53324, 2.14479, 3139.9, 0.218121, 314.355, 0.747094, 0.0366881, 0.000437435, 0.0253767, 0.0100965, 1.56511, 0.648608, 0.331252, 2.36661, 567.988, 0.00470022, 0.631499, 0.999228, 0.000341188, 0.00130584, 1.03017, 0.956837, 0.350832, 0.518481, 1479.94, 0.0342207, 0.0664345, 0.33369, 0.0522, 0.087814, 1.20059, 1.08686, 2552, 0.467338, 1940.45, 0.426315, 0.776241, 0.199062, 1.01205, 0.553392, 0.991984, 0.195799, 0.987823, 0.245887, 0.430165, 0.191416, 1.00367, 1.41251, 

0.0236564, 0.190367, 1.53324, 0.218121, 314.355, 3794.93, 0.513996, 0.747094, 0.33369, 0.631499, 0.0216255, 0.0100965, 0.648608, 567.988, 0.00470022, 0.999228, 270.998, 1.00367, 0.0664345, 0.0366881, 0.000341188, 0.00130584, 1.03017, 0.956837, 0.518481, 666.631, 11.0614, 0.000437435, 0.199062, 0.350832, 0.0522, 0.087814, 1.08686, 1940.45, 0.426315, 0.776241, 160.63, 0.467338, 0.331252, 0.0342207, 0.553392, 0.991984, 0.195799, 0.987823, 0.245887, 0.430165, 0.191416, 0.411536, 1.20059, 1.40223, 

0.0236564, 0.190367, 1.53324, 0.218121, 0.513996, 8457.74, 4318.51, 0.518481, 0.33369, 0.0366881, 0.0216255, 0.0100965, 0.648608, 0.00470022, 0.0664345, 5.2927, 23.0142, 0.426315, 0.747094, 0.0342207, 0.000341188, 0.00130584, 1.03017, 0.956837, 11.0614, 0.350832, 0.374122, 0.199062, 0.999228, 0.631499, 0.0522, 0.087814, 1.08686, 0.247611, 0.331252, 0.616751, 4450.86, 0.000437435, 0.0735264, 0.467338, 0.553392, 0.195799, 0.245887, 0.430165, 0.191416, 0.411536, 0.155252, 0.748184, 1.00367, 1.20059, 

0.0236564, 0.190367, 1.53324, 0.513996, 0.33369, 0.0366881, 21.1495, 0.0342207, 0.331252, 0.218121, 0.0216255, 0.0072151, 0.648608, 0.0664345, 0.426315, 52.0707, 54.0343, 0.199062, 0.747094, 0.0735264, 0.000341188, 0.00130584, 1.03017, 0.956837, 11.0614, 0.350832, 31.4356, 0.518481, 0.374122, 0.631499, 0.0522, 0.087814, 0.247611, 0.616751, 0.467338, 316.226, 189.142, 0.999228, 0.00470022, 0.000437435, 0.553392, 0.195799, 0.245887, 0.430165, 0.191416, 0.411536, 0.155252, 0.748184, 1.00367, 1.08686, 

0.0236564, 0.155252, 1.53324, 0.513996, 0.0366881, 0.331252, 562.417, 0.0346053, 0.350832, 0.33369, 0.0216255, 0.0072151, 0.0664345, 0.426315, 0.199062, 0.0735264, 6955.06, 1.00367, 0.000437435, 0.616751, 0.000341188, 0.00130584, 1.03017, 0.956837, 1.0637, 0.518481, 0.374122, 0.0342207, 0.648608, 0.671021, 0.0522, 0.087814, 0.247611, 0.467338, 316.226, 0.999228, 0.00470022, 0.192654, 0.747094, 0.631499, 0.553392, 0.195799, 0.245887, 0.430165, 0.191416, 0.411536, 0.172108, 0.190367, 1.08686, 4.92941, 

0.0236564, 0.13457, 0.0366881, 562.417, 0.33369, 1009.61, 91.0353, 0.350832, 0.331252, 0.0346053, 0.0216255, 0.0072151, 0.426315, 0.0735264, 6955.06, 0.000437435, 0.616751, 0.956837, 0.199062, 0.0664345, 0.000111619, 0.00130584, 1.0637, 0.518481, 0.374122, 0.0342207, 0.671021, 0.999228, 0.513996, 0.648608, 0.0522, 0.087814, 0.467338, 316.226, 0.00470022, 0.747094, 11.2773, 0.192654, 0.631499, 0.247611, 0.553392, 0.195799, 0.245887, 0.430165, 0.191416, 0.411536, 0.172108, 0.190367, 1.00367, 1.03017, 

0.0236564, 0.0148475, 562.417, 0.33369, 91.0353, 0.0346053, 15354.8, 0.331252, 0.192654, 0.350832, 0.0216255, 0.0072151, 0.0735264, 0.000437435, 0.199062, 242.481, 9712.56, 0.0342207, 0.247611, 0.616751, 0.000111619, 0.00130584, 1.0637, 0.518481, 0.374122, 0.999228, 86.4524, 0.513996, 0.00470022, 0.0664345, 0.0522, 0.087814, 0.467338, 316.226, 11.2773, 0.631499, 449.247, 0.648608, 0.0366881, 0.426315, 0.553392, 0.195799, 0.245887, 0.430165, 0.191416, 0.411536, 0.172108, 0.190367, 0.671021, 0.747094, 

0.0236564, 0.0148475, 562.417, 0.0346053, 15354.8, 0.192654, 0.350832, 0.082673, 0.247611, 0.0342207, 0.0216255, 0.0072151, 0.0735264, 0.000437435, 0.199062, 242.481, 0.616751, 0.0664345, 0.331252, 5.31771, 0.000111619, 0.00130584, 1.0637, 0.374122, 0.999228, 86.4524, 0.00470022, 0.747094, 0.33369, 0.0366881, 0.0522, 0.087814, 0.467338, 316.226, 0.0528999, 0.648608, 0.426315, 0.671021, 0.513996, 0.518481, 0.553392, 0.195799, 0.245887, 0.430165, 0.191416, 0.411536, 0.172108, 0.190367, 8.06596, 11.2773, 

0.0216255, 0.0148475, 562.417, 0.0346053, 0.350832, 0.247611, 1680.32, 0.467338, 0.082673, 0.192654, 0.0072151, 0.00191543, 0.0735264, 0.199062, 0.0664345, 0.199119, 7650.21, 0.426315, 0.0719566, 0.0342207, 0.000111619, 0.00130584, 1.0637, 86.4524, 0.747094, 0.0366881, 14.7693, 0.00470022, 0.000437435, 0.33369, 0.0522, 0.0828939, 0.648608, 0.671021, 0.513996, 0.518481, 175.766, 0.0528999, 0.00958772, 0.374122, 0.195799, 0.245887, 0.191416, 0.411536, 0.172108, 0.190367, 0.0236564, 0.087814, 0.616751, 0.999228, 

0.0216255, 0.0148475, 0.0346053, 1084.24, 0.467338, 0.082673, 281.455, 0.0664345, 0.00958772, 0.247611, 0.0072151, 0.00191543, 0.0735264, 46.8016, 0.426315, 0.0719566, 0.0342207, 0.00470022, 0.199062, 0.350832, 0.000111619, 0.00130584, 86.4524, 3.76078, 0.000437435, 0.33369, 27.0756, 0.0366881, 0.513996, 0.192654, 0.0236564, 0.0828939, 0.648608, 0.671021, 0.518481, 175.766, 123.232, 0.374122, 0.199119, 0.0528999, 0.195799, 0.245887, 0.191416, 0.411536, 0.172108, 0.190367, 0.0485015, 0.087814, 0.616751, 0.747094, 

0.0216255, 0.0148475, 60.8227, 0.467338, 0.082673, 0.247611, 5.04858, 0.0366881, 0.616751, 0.518481, 0.0072151, 0.00191543, 0.0735264, 0.0719566, 0.0342207, 0.00470022, 0.199062, 0.118727, 0.0664345, 0.0346053, 0.000111619, 0.00130584, 0.0667078, 0.000437435, 27.0756, 0.192654, 111.245, 0.350832, 0.513996, 0.426315, 0.0236564, 0.0485015, 0.671021, 175.766, 0.374122, 0.0528999, 1648.7, 0.00958772, 0.199119, 0.33369, 0.195799, 0.245887, 0.191416, 0.172108, 0.190367, 0.0828939, 0.087814, 0.139046, 0.648608, 0.747094, 

0.0216255, 0.0148475, 0.467338, 0.247611, 0.616751, 0.518481, 55.6852, 0.199062, 0.192654, 0.145555, 0.0072151, 0.00191543, 0.0735264, 0.0719566, 0.0342207, 6.76957, 20.7403, 0.118727, 0.0528999, 0.0667078, 0.000111619, 0.00130584, 0.000437435, 27.0756, 111.245, 0.426315, 0.0630329, 0.0346053, 0.0366881, 0.00470022, 0.0236564, 0.00409484, 0.671021, 175.766, 0.374122, 1648.7, 7.37995, 0.082673, 0.00958772, 0.0664345, 0.195799, 0.191416, 0.172108, 0.190367, 0.0828939, 0.087814, 0.139046, 0.0615295, 0.199119, 0.33369, 

0.0216255, 0.00547388, 0.247611, 0.616751, 0.518481, 55.6852, 623.583, 0.145555, 0.0664345, 0.199062, 0.0072151, 0.00191543, 0.0735264, 20.7403, 0.118727, 0.0667078, 1581.3, 0.33369, 0.0719566, 0.0528999, 0.000111619, 0.00130584, 0.000437435, 2.55046, 0.0630329, 0.0346053, 163.496, 0.192654, 0.0342207, 0.199119, 0.0236564, 0.00409484, 0.671021, 175.766, 0.374122, 7.37995, 0.00958772, 0.0366881, 0.00470022, 0.082673, 0.195799, 0.191416, 0.172108, 0.190367, 0.0828939, 0.087814, 0.139046, 0.0615295, 0.426315, 0.467338, 

0.0216255, 0.00547388, 0.616751, 623.583, 0.145555, 432.627, 648.661, 0.00470022, 0.0460559, 0.199062, 0.0072151, 0.00191543, 0.0735264, 1581.3, 0.33369, 0.0719566, 1.50814, 0.0528999, 0.0664345, 0.247611, 0.000111619, 0.00130584, 0.000437435, 2.55046, 0.192654, 0.0342207, 3.96247, 0.0630329, 0.0667078, 0.0366881, 0.0236564, 0.00409484, 0.0358089, 0.374122, 7.37995, 0.00958772, 0.082673, 0.0346053, 0.118727, 0.199119, 0.191416, 0.172108, 0.190367, 0.0828939, 0.087814, 0.139046, 0.0615295, 0.0404848, 0.426315, 0.467338, 

0.0216255, 0.00547388, 0.616751, 623.583, 0.145555, 0.0460559, 435.63, 0.000437435, 0.00773461, 0.00470022, 0.0072151, 0.00191543, 622.069, 1.50814, 0.0528999, 36.6657, 537.528, 0.199119, 0.199062, 0.00365894, 0.000111619, 0.00130584, 0.192654, 3.96247, 0.0667078, 0.0366881, 442.558, 0.0630329, 0.0342207, 0.0735264, 0.016174, 0.00409484, 0.0358089, 0.374122, 0.00958772, 0.082673, 0.0346053, 0.118727, 0.0719566, 0.0664345, 0.172108, 0.190367, 0.0828939, 0.087814, 0.139046, 0.0615295, 0.0404848, 0.0236564, 0.247611, 0.33369, 

0.0216255, 0.00547388, 0.616751, 0.0460559, 0.000437435, 0.00773461, 155.774, 0.00365894, 0.00470022, 0.0528999, 0.0072151, 0.00191543, 622.069, 1.50814, 0.199062, 13.8296, 229.119, 0.199119, 0.192654, 0.0342207, 0.000111619, 0.00130584, 3.96247, 0.0667078, 0.0366881, 0.0262438, 144.929, 0.0630329, 0.0358089, 0.0346053, 0.016174, 0.00409484, 0.00958772, 0.118727, 0.0719566, 0.0664345, 36382.7, 0.0735264, 0.082673, 0.145555, 0.172108, 0.0828939, 0.087814, 0.139046, 0.0615295, 0.0404848, 0.0236564, 0.0323922, 0.247611, 0.33369, 

0.0216255, 0.00547388, 0.616751, 0.000437435, 0.00365894, 6.5405, 0.469087, 0.0528999, 0.199119, 0.00773461, 0.0072151, 0.00144615, 622.069, 0.199062, 13.8296, 6.89775, 0.0342207, 0.0664345, 0.0735264, 0.00958772, 0.000111619, 0.00130584, 0.0630329, 0.0358089, 0.0346053, 30.8922, 35704, 0.0262438, 0.0460559, 0.00470022, 0.016174, 0.00409484, 0.118727, 0.0719566, 0.082673, 0.145555, 46794.5, 0.0667078, 0.0366881, 0.192654, 0.172108, 0.0828939, 0.087814, 0.139046, 0.0615295, 0.0404848, 0.0236564, 0.0323922, 0.247611, 0.33369, 

0.00547388, 0.0103575, 0.616751, 0.00365894, 0.469087, 196.431, 85.4413, 0.0342207, 0.0528999, 0.118727, 0.0072151, 0.00144615, 0.199062, 0.0664345, 0.00958772, 349.75, 9.00034, 0.0735264, 0.0460559, 0.0719566, 0.000111619, 0.00130584, 0.0630329, 0.0346053, 30.8922, 0.00470022, 5115.8, 0.145555, 0.00773461, 0.0262438, 0.0156622, 0.00409484, 13664.6, 0.0667078, 0.0366881, 0.192654, 1937.77, 0.082673, 0.0358089, 0.000437435, 0.0828939, 0.087814, 0.139046, 0.0615295, 0.0404848, 0.0236564, 0.0323922, 0.016174, 0.199119, 0.247611, 

0.00547388, 0.00702902, 0.00365894, 196.431, 0.0528999, 0.118727, 61.4315, 0.0366881, 0.0346053, 0.0719566, 0.0072151, 0.00144615, 0.199062, 0.0664345, 0.00958772, 349.75, 220.995, 0.145555, 0.192654, 0.0460559, 0.000111619, 0.00130584, 0.0630329, 30.8922, 0.00773461, 0.0262438, 0.00203922, 0.0735264, 0.0667078, 0.0342207, 0.0156622, 0.00409484, 1896.06, 1937.77, 0.0358089, 0.000437435, 635.355, 0.00470022, 0.199119, 0.082673, 0.0828939, 0.087814, 0.139046, 0.0615295, 0.0404848, 0.0236564, 0.0323922, 0.016174, 0.247611, 0.469087, 

0.00547388, 0.00702902, 196.431, 0.0528999, 0.118727, 0.0366881, 1118.92, 0.0664345, 0.00365894, 0.082673, 0.00487151, 0.00144615, 0.199062, 0.145555, 0.192654, 0.0460559, 71.5928, 0.0358089, 0.00773461, 0.00958772, 0.000111619, 0.00130584, 0.0262438, 0.00203922, 0.0667078, 3.21162, 30.7347, 0.0346053, 0.000437435, 0.0719566, 0.0156622, 0.00409484, 1896.06, 635.355, 0.00470022, 0.199119, 316.807, 0.0342207, 0.0630329, 0.0735264, 0.0828939, 0.087814, 0.139046, 0.0615295, 0.0404848, 0.0236564, 0.0323922, 0.016174, 0.247611, 0.469087, 

Best:
0.99062	0.980842	

Fitness Evaluations:
3185

End Population
(1.028246e+00), (1.064129e+00), (9.228328e-01), (8.483428e-01), (-1.487283e+00), (8.327200e-01), (1.133850e+00), (1.266912e+00), (8.205158e-01), (7.026592e-01), (8.124860e-01), (6.640408e-01), (-1.775738e+00), (-1.802446e-01), (1.249170e+00), (1.553831e+00), (9.973339e-01), (9.886319e-01), (1.005106e+00), (9.814894e-01), (9.699469e-01), (9.470964e-01), (9.861463e-01), (9.760260e-01), (5.874664e-01), (3.621101e-01), (1.185913e+00), (1.373075e+00), (1.210783e+00), (1.504495e+00), (1.044899e+00), (1.112800e+00), (-1.141213e-03), (-8.401803e-01), (1.187312e+00), (1.412400e+00), (9.226259e-01), (8.470578e-01), (1.056006e+00), (1.123180e+00), (9.906200e-01), (9.808418e-01), (9.657381e-01), (9.337987e-01), (1.032276e+00), (1.081470e+00), (9.553628e-01), (9.120344e-01), (9.747581e-01), (9.244491e-01), (-6.221337e-01), (4.632281e-01), (4.730015e-01), (7.756086e-01), (1.006981e+00), (9.954217e-01), (9.849760e-01), (9.716327e-01), (1.148749e+00), (1.341948e+00), (9.120373e-01), (8.229099e-01), (1.044121e+00), (1.085554e+00), (1.888320e+00), (-7.877224e-01), (1.646380e+00), (1.907697e-01), (9.323894e-01), (8.682141e-01), (9.339645e-01), (8.281582e-01), (1.382710e+00), (1.323901e-01), (1.011960e+00), (1.005602e+00), (1.171059e+00), (1.389755e+00), (1.262669e+00), (1.587602e+00), (1.136183e+00), (1.316279e+00), (7.232309e-01), (5.336520e-01), (8.026545e-01), (6.758929e-01), (1.198564e+00), (1.451422e+00), (1.035532e+00), (1.092132e+00), (1.047937e+00), (1.083557e+00), (1.103504e+00), (1.232445e+00), (1.005246e+00), (9.978117e-01), (1.400624e+00), (1.991262e+00), (8.915156e-01), (7.271746e-01), 