Iterations: 50
Function Evaluations Limit: 150000
Population: 50

Prides Length: 4

Percent Nomads: 0.2
Percent Roaming: 0.2
Percent Sex: 0.8

Mating Rate: 0.3
Mutation Probability: 0.2
Immigration Rate: 0.4

Dimensions: 2
N-Dimension Space: -5:5

Fitness Iterations:
7.31001
7.31001, 8.76258, 1506.6, 13443.9, 19855.8, 2972.1, 327.97, 336.478, 1212.88, 799.389, 10.814, 24.2423, 9106.01, 9788.09, 31280.6, 3595.28, 5.75479, 953.648, 26.5472, 1999.24, 11.8574, 330.906, 10460.6, 10440.5, 601.96, 797.789, 2101.42, 262.708, 32.5575, 22.1977, 578.528, 775.556, 1299.8, 1944.38, 3059.91, 630.79, 49436.1, 1212.47, 464.564, 376.034, 585.887, 2667.26, 2290.84, 1510.72, 881.166, 736.989, 1697.97, 74.8903, 2232.18, 2481.8, 

7.31001, 8.76258, 3209.43, 742.466, 218.842, 17.0072, 78.1904, 253.772, 966.084, 13.4484, 10.428, 21.9035, 9106.01, 45.4191, 3595.28, 312.088, 941.001, 330.165, 279.881, 26.5472, 11.8574, 108.099, 10004.9, 601.96, 2101.42, 262.708, 32.5575, 630.79, 799.389, 9.3752, 74.8903, 172.475, 252.1, 18.8287, 331.021, 20.3739, 158.059, 22.1977, 797.789, 5.75479, 585.887, 578.528, 736.989, 553.967, 330.906, 10.814, 638.215, 775.556, 1212.88, 1999.24, 

7.31001, 8.76258, 3209.43, 78.1904, 253.772, 3.39538, 22223.7, 22.1977, 21.1313, 76.811, 10.428, 10.814, 9106.01, 941.001, 279.881, 6630.18, 33.6024, 32.5575, 9.3752, 67.1033, 11.8574, 13.5469, 4737.56, 442.026, 3.68281, 70.6785, 182.564, 20.3739, 45.4191, 83.8443, 74.8903, 126.999, 158.059, 797.789, 5.75479, 25.3984, 1941.68, 18.8287, 26.5472, 17.0072, 80.1167, 17.5812, 44.7692, 81.4278, 15.7154, 21.9035, 108.099, 162.71, 137.187, 165.125, 

7.31001, 4.4328, 3209.43, 78.1904, 22.1977, 76.811, 15443.5, 25.3984, 17.8484, 3.39538, 5.48716, 10.814, 6630.18, 33.6024, 4.98365, 9.3752, 67.1033, 165.125, 6.65245, 137.187, 11.8574, 7.29607, 30.4629, 3.50269, 1.82102, 83.5222, 82.115, 45.4191, 158.059, 101.46, 9.71649, 13.5469, 797.789, 5.75479, 2.64272, 17.0072, 8490.21, 18.8287, 6.35678, 20.3739, 44.7692, 15.7154, 21.9035, 61.1856, 22.8555, 57.8537, 17.5812, 15.9493, 182.564, 279.881, 

3.3874, 4.4328, 1827.69, 22.1977, 76.811, 16.4787, 101.472, 78.1904, 18.8287, 1.82102, 5.48716, 10.814, 33.6024, 9.3752, 165.125, 6.31329, 219.981, 67.1033, 17.8484, 45.4191, 0.209609, 7.29607, 12.4233, 3.50269, 72.9316, 158.059, 737.104, 1.34106, 2.64272, 3.39538, 9.71649, 13.5469, 1.35617, 17.0072, 6.35678, 20.3739, 16.392, 49.132, 45.6168, 4.98365, 15.7154, 21.9035, 22.8555, 17.5812, 15.9493, 11.8574, 15.0808, 20.6715, 101.46, 108.875, 

3.3874, 4.4328, 17.0038, 101.472, 3.34856, 1.82102, 315.526, 3.50269, 16.392, 16.4787, 4.55314, 10.814, 4.72889, 219.981, 67.1033, 1387.51, 5.46301, 18.8287, 4.98365, 33.6024, 0.209609, 7.29607, 12.4233, 737.104, 0.736783, 49.9586, 518.94, 17.8484, 6.31329, 2.64272, 9.71649, 10.2617, 7.04379, 6.35678, 45.6168, 38.4088, 808.482, 1.35617, 20.3739, 3.39538, 15.7154, 17.5812, 15.9493, 11.8574, 15.0808, 20.6715, 20.5774, 16.49, 45.4191, 47.0846, 

3.3874, 4.4328, 1.82102, 315.526, 3.50269, 612.681, 65.9911, 17.0038, 7.04379, 16.4787, 4.55314, 0.652052, 219.981, 67.1033, 5.46301, 4.98365, 115.723, 2.64272, 4.72889, 16.392, 0.209609, 7.29607, 0.736783, 49.9586, 518.94, 3.17318, 46.5645, 18.8287, 1.35617, 17.8484, 6.21239, 7.08743, 6.35678, 45.6168, 38.4088, 0.268429, 3.39538, 12.4233, 1.8905, 8.31291, 15.7154, 17.5812, 15.9493, 11.8574, 15.0808, 16.49, 10.814, 9.71649, 23.0045, 41.3227, 

0.578728, 4.4328, 3.50269, 65.9911, 17.0038, 23.1666, 5.68626, 7.04379, 4.72889, 0.736783, 4.55314, 0.652052, 95.9747, 67.1033, 5.46301, 2.64272, 16.392, 18.8287, 1.82102, 8.31291, 0.209609, 0.168843, 49.9586, 518.94, 0.988663, 0.633245, 83.2175, 6.35678, 0.729006, 17.8484, 6.21239, 7.08743, 0.268429, 1.09962, 12.4233, 1.8905, 404.388, 4.98365, 23.0045, 16.4787, 15.7154, 15.9493, 11.8574, 15.0808, 10.814, 9.71649, 6.62428, 3.3874, 35.6656, 38.4088, 

0.578728, 2.51793, 17.0038, 23.1666, 5.68626, 4.72889, 7.99571, 1.58318, 0.988663, 0.365544, 4.55314, 0.652052, 95.8311, 5.46301, 2.64272, 1.82102, 473.324, 3.50269, 0.729006, 6.35678, 0.209609, 0.168843, 518.94, 0.633245, 7.45466, 17.8484, 1630.38, 12.4233, 16.392, 4.98365, 1.61173, 4.4328, 0.268429, 1.8905, 404.388, 16.4787, 25.3941, 5.34639, 0.736783, 3.17567, 11.8574, 15.0808, 10.814, 9.71649, 6.62428, 3.3874, 6.37753, 15.4023, 18.8287, 23.0045, 

0.578728, 2.51793, 17.0038, 5.68626, 4.72889, 0.988663, 0.365544, 1.8905, 5.46301, 1.58318, 1.35631, 0.652052, 95.8311, 2.64272, 1.82102, 3.50269, 3416.6, 0.268429, 1.24155, 12.4233, 0.209609, 0.168843, 518.94, 0.633245, 17.8484, 31.4229, 61.2861, 16.4787, 6.35678, 7.99571, 1.61173, 4.4328, 5.34639, 0.736783, 3.17567, 21976, 791.047, 0.729006, 7.45466, 4.98365, 11.8574, 15.0808, 10.814, 9.71649, 6.62428, 4.55314, 6.37753, 3.3874, 18.8287, 23.0045, 

0.578728, 2.51793, 5.68626, 4.72889, 1.8905, 1.58318, 271.102, 3.17567, 0.633245, 7.99571, 1.35631, 0.652052, 3416.6, 0.268429, 1.24155, 31.4873, 86.7224, 12.4233, 3.50269, 1.82102, 0.209609, 0.168843, 0.0748812, 31.4229, 16.4787, 6.35678, 633.345, 0.988663, 4.98365, 0.365544, 1.61173, 3.3874, 5.34639, 0.736783, 7.45466, 23.4163, 1465.62, 0.729006, 2.64272, 5.46301, 11.8574, 15.0808, 10.814, 9.71649, 6.62428, 4.55314, 6.37753, 4.4328, 17.0038, 17.8484, 

0.578728, 2.51793, 4.72889, 3.17567, 0.633245, 7.99571, 148.949, 3.50269, 5.34639, 4.98365, 1.35631, 0.652052, 0.268429, 1.24155, 86.7224, 268.725, 381.807, 1.82102, 7.45466, 1.58318, 0.209609, 0.168843, 0.0748812, 6.35678, 0.988663, 0.365544, 112.572, 1.0502, 17.0038, 5.68626, 0.332008, 3.3874, 0.736783, 23.4163, 0.729006, 2.64272, 7.00398, 12.4233, 1.8905, 16.4787, 11.8574, 10.814, 9.71649, 6.62428, 4.55314, 6.37753, 4.4328, 9.37358, 17.8484, 31.4229, 

0.578728, 2.11843, 0.633245, 7.99571, 148.949, 5.34639, 3.01632, 6.35678, 4.72889, 3.65732, 1.35631, 0.652052, 381.807, 1.82102, 7.45466, 1.58318, 186.093, 0.988663, 0.268429, 0.0748812, 0.209609, 0.108959, 0.365544, 1.0502, 17.0038, 5.68626, 58.5845, 0.729006, 1.24155, 3.17567, 0.332008, 2.51793, 2.64272, 7.00398, 12.4233, 1.8905, 188.253, 3.50269, 4.80395, 0.736783, 9.71649, 6.62428, 4.55314, 6.37753, 4.4328, 9.37358, 3.3874, 6.97814, 16.4787, 17.8484, 

0.578728, 2.11843, 0.633245, 7.99571, 5.34639, 6.35678, 14688.7, 0.269918, 1.8905, 2.92802, 1.35631, 0.652052, 1.82102, 7.45466, 0.268429, 0.0748812, 9.45099, 2.16694, 2.64272, 0.988663, 0.128253, 0.108959, 0.21253, 4.6993, 7.73253, 3.17567, 0.0367391, 0.051299, 0.0170174, 1.3506, 0.332008, 2.35298, 12.4233, 188.253, 3.50269, 4.80395, 176.898, 0.0369938, 1.58318, 0.833446, 6.62428, 4.55314, 6.37753, 4.4328, 3.3874, 6.97814, 3.63094, 2.51793, 4.72889, 5.68626, 

0.578728, 2.11843, 6.35678, 0.269918, 1.8905, 2.92802, 33.4613, 0.633245, 4.6993, 3.17567, 1.35631, 0.652052, 1.82102, 7.45466, 2.64272, 0.988663, 56.0657, 0.0748812, 3.75665, 0.0367391, 0.128253, 0.108959, 0.21253, 0.0170174, 1.3506, 211.135, 162.637, 2.16694, 0.268429, 4.71115, 0.332008, 2.35298, 188.253, 3.50269, 4.80395, 0.0369938, 21.6544, 0.833446, 1.58318, 0.051299, 6.62428, 4.55314, 6.37753, 4.4328, 3.3874, 3.63094, 2.51793, 6.07871, 4.72889, 5.34639, 

0.578728, 2.11843, 2.92802, 0.633245, 1.84193, 3.17567, 15.2741, 0.0369938, 0.988663, 0.268429, 1.35631, 0.652052, 1.82102, 0.536287, 0.0748812, 0.0367391, 11.6019, 2.16694, 0.269918, 0.362085, 0.128253, 0.108959, 0.21253, 0.0170174, 162.637, 4.71115, 7653.38, 2.64272, 1.8905, 3.75665, 0.332008, 2.35298, 3.50269, 21.6544, 1.58318, 0.051299, 1.10951, 0.833446, 4.72889, 4.80395, 6.62428, 4.55314, 6.37753, 4.4328, 3.3874, 3.63094, 2.51793, 6.07871, 5.34639, 6.35678, 

0.578728, 1.35566, 2.92802, 0.633245, 0.0369938, 0.953497, 1.3552, 4.71115, 2.64272, 2.16694, 1.35631, 0.652052, 1.82102, 0.536287, 0.0748812, 0.0367391, 46.7124, 3.17567, 0.268429, 0.269918, 0.128253, 0.108959, 0.21253, 162.637, 1.8905, 3.75665, 93.8801, 3.20704, 1.84193, 0.051299, 0.332008, 2.35298, 21.6544, 1.10951, 0.833446, 4.80395, 9.12092, 1.58318, 0.362085, 0.0170174, 4.55314, 4.4328, 3.3874, 3.63094, 2.51793, 6.07871, 3.66511, 2.02657, 4.72889, 5.34639, 

0.578728, 1.35566, 2.92802, 0.633245, 1.3552, 4.71115, 2.64272, 0.833446, 1.26816, 0.269918, 0.652052, 0.503103, 1.82102, 0.536287, 0.0748812, 0.0367391, 3.17567, 0.21253, 2.01652, 0.268429, 0.128253, 0.108959, 1.8905, 93.8801, 0.051299, 820.3, 724.921, 1.84193, 2.16694, 3.75665, 0.0855071, 0.905663, 21.6544, 1.10951, 4.75432, 1.58318, 0.0170174, 0.0369938, 0.362085, 0.953497, 4.55314, 4.4328, 3.3874, 3.63094, 2.51793, 3.66511, 2.02657, 1.35631, 4.72889, 4.80395, 

0.578728, 1.0587, 1.3552, 2.64272, 1.26816, 0.269918, 39.2676, 0.833446, 0.21253, 0.051299, 0.652052, 0.503103, 1.82102, 0.0367391, 2.01652, 4.73476, 38.6266, 0.633245, 0.268429, 0.362085, 0.128253, 0.108959, 1.8905, 93.8801, 724.921, 2.16694, 346.623, 1.10951, 0.826138, 1.51745, 0.0855071, 0.905663, 21.6544, 1.58318, 0.0170174, 0.0369938, 236.72, 0.0748812, 0.536287, 0.953497, 3.3874, 3.63094, 2.51793, 3.66511, 2.02657, 1.35631, 1.15178, 1.25523, 1.84193, 2.92802, 

0.142164, 0.491476, 1.3552, 2.64272, 39.2676, 0.051299, 181.774, 0.713798, 0.0369938, 0.833446, 0.652052, 0.503103, 1.82102, 4.73476, 38.6266, 0.633245, 109.686, 0.268429, 1.26816, 1.58318, 0.128253, 0.108959, 1.8905, 346.623, 0.826138, 2.38742, 104.153, 1.10951, 0.0367391, 0.294264, 0.0855071, 0.730178, 0.0170174, 0.0748812, 0.536287, 0.953497, 0.674386, 0.0224909, 0.362085, 0.21253, 3.3874, 2.51793, 2.02657, 1.35631, 1.15178, 1.25523, 1.0587, 0.905663, 1.84193, 2.01652, 

0.142164, 0.491476, 39.2676, 0.713798, 0.833446, 0.593776, 3844.25, 1.10951, 1.58318, 0.0369938, 0.652052, 0.503103, 38.6266, 0.633245, 109.686, 0.268429, 304.171, 1.26816, 0.0170174, 0.362085, 0.128253, 0.108959, 1.8905, 2.38742, 0.0367391, 0.294264, 146.71, 0.826138, 0.0748812, 0.051299, 0.0855071, 0.184995, 0.536287, 0.953497, 0.0224909, 0.21253, 508.705, 1.09052, 0.0129916, 1.3552, 3.3874, 2.51793, 2.02657, 1.35631, 1.15178, 1.25523, 1.0587, 0.905663, 1.82102, 1.84193, 

0.142164, 0.491476, 0.833446, 0.0897174, 1.10951, 1.58318, 0.0369938, 0.713798, 0.0129916, 0.268429, 0.652052, 0.503103, 38.6266, 109.686, 1.26816, 0.0170174, 316.45, 0.633245, 0.536287, 0.826138, 0.128253, 0.108959, 1.8905, 0.0367391, 0.051299, 263.269, 2037.01, 1.82102, 0.0748812, 0.362085, 0.0855071, 0.184995, 0.618677, 0.0224909, 0.21253, 1.09052, 664.545, 1.3552, 0.294264, 1.42038, 1.35631, 1.15178, 1.25523, 1.0587, 0.905663, 1.2558, 1.02107, 0.809808, 1.84193, 2.38742, 

0.128253, 0.491476, 0.833446, 1.10951, 0.0369938, 0.713798, 0.0129916, 0.0170174, 0.268429, 0.826138, 0.505241, 0.503103, 38.6266, 1.26816, 316.45, 0.633245, 654.659, 1.58318, 0.664271, 0.0748812, 0.108959, 0.0364489, 0.0367391, 0.051299, 263.269, 0.362085, 378.509, 0.536287, 0.0897174, 0.0224909, 0.0855071, 0.145358, 0.21253, 1.09052, 0.294264, 1.42038, 0.548855, 0.0373175, 1.3552, 0.618677, 1.15178, 1.0587, 0.905663, 1.02107, 0.809808, 0.906965, 0.142164, 0.630182, 1.82102, 1.84193, 

0.128253, 0.0463105, 0.833446, 1.10951, 0.0129916, 0.826138, 335.955, 0.713798, 0.0224909, 0.21253, 0.142164, 0.503103, 0.633245, 654.659, 0.664271, 0.0748812, 138.736, 0.618677, 0.0369938, 0.268429, 0.108959, 0.0364489, 0.0367391, 0.051299, 263.269, 0.362085, 675.418, 0.0897174, 1.26816, 0.0170174, 0.0855071, 0.145358, 1.09052, 0.294264, 1.42038, 820.899, 1132.98, 0.0373175, 0.536287, 0.548855, 1.15178, 1.0587, 0.905663, 1.02107, 0.809808, 0.906965, 0.358286, 0.630182, 1.3552, 1.58318, 

0.0442936, 0.0288644, 1.10951, 0.0129916, 335.955, 54.8531, 5.87984, 0.0367391, 0.713798, 0.0224909, 0.142164, 0.503103, 0.633245, 259.168, 0.664271, 138.736, 528.143, 0.268429, 0.0748812, 0.362085, 0.108959, 0.0364489, 263.269, 675.418, 0.0897174, 1.26816, 500.875, 0.0170174, 0.051299, 0.548855, 0.0855071, 0.145358, 0.294264, 1.42038, 0.0373175, 0.536287, 191.434, 0.0369938, 0.21253, 0.618677, 1.15178, 1.0587, 0.905663, 1.02107, 0.809808, 0.906965, 0.358286, 0.630182, 0.826138, 0.833446, 

0.0442936, 0.0288644, 5.87984, 0.713798, 0.0224909, 43.261, 709.497, 0.0170174, 0.294264, 0.21253, 0.142164, 0.503103, 0.664271, 138.736, 347.022, 0.0748812, 4732.16, 0.362085, 0.268429, 0.0367391, 0.108959, 0.0364489, 675.418, 500.875, 0.0409661, 9630.53, 325.929, 0.536287, 0.0897174, 0.548855, 0.0855071, 0.0851713, 0.0373175, 191.434, 0.0369938, 0.618677, 4271.44, 0.0129916, 0.633245, 0.826138, 1.15178, 1.0587, 0.905663, 1.02107, 0.809808, 0.906965, 0.358286, 0.630182, 0.833446, 1.10951, 

0.0442936, 0.0288644, 5.87984, 0.0224909, 0.0170174, 0.294264, 15006.7, 3.27196, 0.633245, 0.833446, 0.142164, 0.358286, 0.664271, 138.736, 347.022, 0.0748812, 1551.51, 0.0367391, 0.21253, 0.713798, 0.108959, 0.0364489, 0.0409661, 9630.53, 0.536287, 0.0897174, 0.548855, 0.826138, 0.268429, 34.3356, 0.0855071, 0.0851713, 0.0373175, 0.0369938, 0.618677, 4271.44, 1560.63, 0.0129916, 1.10951, 0.362085, 1.15178, 1.0587, 0.905663, 1.02107, 0.809808, 0.906965, 0.503103, 0.630182, 43.261, 64.8697, 

0.0288644, 0.0217948, 0.0224909, 0.0170174, 3246.85, 0.833446, 0.0242852, 0.536287, 0.362085, 0.294264, 0.142164, 0.358286, 347.022, 0.0748812, 1551.51, 0.21253, 0.713798, 0.664271, 0.826138, 0.0367391, 0.108959, 0.0364489, 0.0409661, 0.548855, 0.268429, 34.3356, 202.934, 5.87984, 31.9765, 0.618677, 0.0442936, 0.083016, 0.0373175, 0.0369938, 1560.63, 0.0129916, 1.10951, 0.633245, 3.27196, 0.0897174, 1.0587, 0.905663, 1.02107, 0.809808, 0.906965, 0.503103, 0.630182, 0.0855071, 43.261, 49.4621, 

0.0288644, 0.0217948, 0.0224909, 736.595, 0.362085, 226.706, 283.198, 0.664271, 0.826138, 0.268429, 0.142164, 0.142478, 347.022, 0.0748812, 0.21253, 0.0367391, 191.409, 0.0170174, 0.713798, 0.0897174, 0.108959, 0.0364489, 0.0409661, 0.548855, 202.934, 31.9765, 0.618677, 0.0373175, 0.0242852, 0.536287, 0.0442936, 0.083016, 1560.63, 0.633245, 3.27196, 719.764, 3504.56, 0.294264, 0.0129916, 0.0369938, 1.0587, 0.905663, 1.02107, 0.809808, 0.906965, 0.503103, 0.630182, 0.0855071, 0.833446, 1.10951, 

0.0288644, 0.0217948, 0.0224909, 0.362085, 0.826138, 0.268429, 36609.4, 0.0129916, 0.664271, 0.633245, 0.0855071, 0.142478, 347.022, 0.0367391, 0.0170174, 0.0897174, 26.2264, 0.21253, 0.548855, 0.0369938, 0.108959, 0.0293984, 0.0409661, 31.9765, 0.0373175, 634.282, 11.4617, 0.0242852, 0.618677, 0.536287, 0.0442936, 0.083016, 1560.63, 3.27196, 3504.56, 0.294264, 1113.71, 0.0748812, 0.713798, 0.833446, 1.0587, 0.905663, 1.02107, 0.809808, 0.906965, 0.503103, 0.630182, 0.142164, 1.10951, 191.409, 

0.0288644, 0.0217948, 0.0224909, 0.362085, 0.268429, 0.0129916, 0.633245, 0.0242852, 0.00882021, 0.833446, 0.0855071, 0.117853, 347.022, 0.0170174, 17.9523, 0.21253, 8087.8, 0.548855, 0.0748812, 0.0367391, 0.0956704, 0.0293984, 0.0409661, 634.282, 8.02401, 0.618677, 258.986, 0.0373175, 0.0897174, 0.0369938, 0.0442936, 0.083016, 1560.63, 0.294264, 0.713798, 146.304, 38.3578, 0.664271, 0.536287, 0.826138, 0.905663, 1.02107, 0.809808, 0.906965, 0.503103, 0.630182, 0.142164, 0.142478, 1.10951, 1.38171, 

0.0288644, 0.0217948, 0.268429, 0.0129916, 0.0242852, 0.833446, 0.131251, 0.00882021, 0.618677, 0.633245, 0.0760222, 0.117853, 65.3434, 17.9523, 0.21253, 0.0748812, 53.0052, 0.0170174, 0.362085, 0.548855, 0.0956704, 0.0293984, 8.02401, 0.0373175, 0.0897174, 0.0369938, 1415.84, 0.0367391, 0.826138, 1.10951, 0.0442936, 0.083016, 1560.63, 0.294264, 38.3578, 0.664271, 0.536287, 0.713798, 0.0409661, 0.0224909, 0.905663, 0.809808, 0.906965, 0.503103, 0.630182, 0.142164, 0.142478, 0.0855071, 1.38171, 3.21938, 

0.0288644, 0.0217948, 0.268429, 0.0129916, 0.131251, 0.00882021, 0.586546, 0.294264, 0.536287, 0.0373175, 0.0760222, 0.0855071, 0.21253, 0.0748812, 0.0170174, 0.362085, 250.386, 0.0369938, 1.38171, 0.0242852, 0.0956704, 0.0293984, 0.0367391, 0.826138, 1.10951, 27.8077, 713.277, 0.833446, 0.0897174, 0.548855, 0.0442936, 0.083016, 1560.63, 0.713798, 0.0224909, 5648.1, 536.115, 0.664271, 0.618677, 0.0409661, 0.905663, 0.809808, 0.906965, 0.503103, 0.630182, 0.142164, 0.142478, 0.117853, 3.21938, 8.02401, 

0.0288644, 0.0217948, 0.131251, 0.586546, 0.294264, 0.536287, 556.293, 0.0897174, 0.0170174, 0.0129916, 0.0760222, 0.0855071, 0.0748812, 0.362085, 1.38171, 34.9919, 436.503, 0.00882021, 0.0369938, 0.0409661, 0.0956704, 0.0293984, 0.826138, 0.0587547, 713.277, 0.833446, 179.962, 0.548855, 0.268429, 0.0373175, 0.0442936, 0.083016, 1560.63, 0.713798, 0.0224909, 0.618677, 218.945, 0.0367391, 0.21253, 0.0242852, 0.905663, 0.809808, 0.906965, 0.503103, 0.630182, 0.142164, 0.142478, 0.117853, 0.664271, 1.10951, 

0.0217948, 0.0219534, 0.131251, 3.29574, 0.0897174, 0.0170174, 0.0766414, 0.268429, 0.536287, 0.0242852, 0.0394575, 0.0855071, 0.362085, 1.38171, 34.9919, 436.503, 0.0409661, 0.0367391, 0.081543, 0.0224909, 0.0956704, 0.0293984, 0.826138, 0.0587547, 179.962, 0.548855, 17371.1, 0.0129916, 0.00882021, 0.0373175, 0.0288644, 0.083016, 0.713798, 218.945, 0.21253, 1229.15, 204.301, 0.0748812, 0.0369938, 0.218309, 0.905663, 0.809808, 0.503103, 0.630182, 0.142164, 0.142478, 0.117853, 0.0442936, 0.586546, 0.618677, 

0.0210618, 0.0219534, 0.131251, 0.0897174, 0.268429, 0.0242852, 1082.88, 0.0369938, 0.081543, 0.586546, 0.0394575, 0.0442936, 0.362085, 34.9919, 436.503, 0.0409661, 0.0224909, 0.0766414, 0.0170174, 0.0373175, 0.083016, 0.019633, 179.962, 17371.1, 0.0129916, 1311.19, 8.22187, 0.0587547, 0.00882021, 0.536287, 0.0288644, 0.0655198, 218.945, 0.21253, 0.0748812, 0.218309, 96.9289, 0.0367391, 0.051344, 0.548855, 0.809808, 0.503103, 0.630182, 0.142164, 0.142478, 0.117853, 0.0855071, 0.0956704, 0.618677, 0.713798, 

0.0148583, 0.0219534, 0.268429, 1082.88, 0.0369938, 0.081543, 4619.11, 0.548855, 0.0409661, 0.0897174, 0.0394575, 0.0442936, 0.362085, 0.0170174, 0.0373175, 0.120754, 39.4489, 0.21253, 0.0587547, 0.586546, 0.0655198, 0.019633, 0.0129916, 8.22187, 0.00882021, 0.536287, 3885.96, 0.131251, 0.0766414, 0.0224909, 0.0288644, 0.0591446, 0.0748812, 0.218309, 0.051344, 0.0574906, 265.924, 0.0242852, 0.618677, 0.0367391, 0.503103, 0.142164, 0.142478, 0.117853, 0.0855071, 0.0956704, 0.095508, 0.083016, 0.713798, 34.9919, 

0.0128316, 0.0219534, 0.268429, 76.6578, 0.548855, 0.0897174, 112.188, 0.0129916, 0.0470259, 0.051344, 0.0394575, 0.0442936, 0.362085, 0.120754, 0.0587547, 0.586546, 471.736, 0.0224909, 0.0308341, 0.0373175, 0.019633, 0.025554, 8.22187, 0.00882021, 152.232, 0.0766414, 3940.01, 0.0367391, 0.0369938, 0.0170174, 0.0288644, 0.0591446, 0.0748812, 0.218309, 0.0242852, 695.58, 15.0987, 0.081543, 0.0409661, 0.0574906, 0.142164, 0.142478, 0.117853, 0.0855071, 0.0956704, 0.095508, 0.083016, 0.0655198, 0.131251, 0.21253, 

0.0128316, 0.0219534, 0.268429, 0.548855, 0.0897174, 0.0129916, 50.3848, 0.131251, 0.00882021, 0.120754, 0.0394575, 0.0440989, 0.362085, 0.0587547, 0.586546, 471.736, 0.0224909, 0.051344, 0.0367391, 0.00335438, 0.019633, 0.025554, 152.232, 2844.88, 0.0369938, 0.69655, 83.6976, 0.0748812, 0.0170174, 0.0470259, 0.0288644, 0.0591446, 0.0242852, 15.0987, 0.0409661, 0.0574906, 78.7076, 0.0766414, 0.081543, 0.0373175, 0.142164, 0.117853, 0.0855071, 0.0956704, 0.095508, 0.083016, 0.0655198, 0.134452, 0.21253, 0.218309, 

0.0128316, 0.0219534, 0.0897174, 0.0129916, 50.3848, 0.00882021, 0.120754, 0.362085, 0.218309, 0.051344, 0.0394575, 0.0440989, 0.0587547, 471.736, 0.0224909, 0.0367391, 15.059, 0.268429, 0.0748812, 0.21253, 0.019633, 0.025554, 152.232, 0.0369938, 0.69655, 0.0170174, 0.0470259, 0.081543, 0.0373175, 0.287902, 0.0288644, 0.0591446, 0.0242852, 0.0409661, 15.9886, 0.0766414, 43.6653, 0.0574906, 0.131251, 0.00335438, 0.142164, 0.117853, 0.0855071, 0.0956704, 0.095508, 0.083016, 0.0655198, 0.134452, 0.548855, 0.586546, 

0.0128316, 0.0219534, 0.0897174, 0.0129916, 0.00882021, 0.120754, 929.274, 0.218309, 0.0242852, 0.586546, 0.0394575, 0.0402219, 0.0587547, 255.48, 0.0224909, 0.268429, 0.21253, 0.051344, 0.0367391, 0.0766414, 0.019633, 0.025554, 0.0369938, 0.0470259, 0.081543, 0.0373175, 0.287902, 0.0072313, 0.0748812, 0.362085, 0.0288644, 0.0591446, 15.9886, 0.0574906, 0.131251, 0.00335438, 4767.02, 0.548855, 0.0170174, 0.0179221, 0.142164, 0.117853, 0.0855071, 0.0956704, 0.095508, 0.083016, 0.0655198, 0.134452, 0.69655, 2.43294, 

0.0128316, 0.0219534, 0.0897174, 0.00882021, 0.120754, 929.274, 0.0242852, 0.00335438, 0.0367391, 0.218309, 0.0394575, 0.0402219, 0.268429, 0.21253, 0.051344, 0.0766414, 7.55237, 0.0587547, 0.0748812, 0.0170174, 0.019633, 0.025554, 0.0470259, 0.081543, 0.287902, 0.0072313, 0.195313, 0.362085, 0.0129916, 0.0373175, 0.0288644, 0.0591446, 15.9886, 0.0574906, 0.131251, 1302.37, 0.548855, 0.0369938, 0.0224909, 0.0179221, 0.117853, 0.0855071, 0.0956704, 0.095508, 0.083016, 0.0655198, 0.134452, 0.0969261, 0.586546, 0.69655, 

0.0128316, 0.0219534, 0.00882021, 0.0242852, 0.00335438, 0.218309, 47.3912, 0.131251, 0.268429, 0.120754, 0.0394575, 0.0402219, 0.051344, 0.0766414, 0.0587547, 0.0748812, 0.0170174, 0.0897174, 0.21253, 0.0367391, 0.019633, 0.025554, 0.0470259, 0.287902, 0.0072313, 0.195313, 0.0129916, 0.362085, 0.0369938, 0.0507066, 0.0288644, 0.0591446, 0.0574906, 0.0224909, 0.0179221, 0.00717463, 866.422, 0.081543, 0.421586, 0.0373175, 0.117853, 0.0855071, 0.0956704, 0.095508, 0.083016, 0.0655198, 0.0969261, 0.0520013, 0.586546, 0.69655, 

0.0128316, 0.0219534, 0.00882021, 0.131251, 0.120754, 127.148, 576.27, 0.0766414, 0.0369938, 0.051344, 0.0394575, 0.0337754, 0.0170174, 0.0897174, 0.21253, 313.509, 1.37487, 0.0179221, 0.0470259, 0.0367391, 0.019633, 0.025554, 0.287902, 0.0072313, 0.0129916, 0.0507066, 11.4635, 0.0587547, 0.0748812, 0.0242852, 0.0288644, 0.0336169, 0.0574906, 0.00717463, 0.421586, 0.043343, 7.75231, 0.00335438, 0.0224909, 0.0373175, 0.0855071, 0.0956704, 0.095508, 0.083016, 0.0655198, 0.0969261, 0.0520013, 0.0591446, 0.081543, 0.195313, 

0.0128316, 0.0219534, 0.00882021, 0.131251, 0.0369938, 0.051344, 9289.21, 0.0179221, 0.120754, 0.195313, 0.0394575, 0.0337754, 0.0897174, 0.435908, 0.0470259, 167.332, 195.044, 0.0766414, 0.081543, 0.0367391, 0.0175089, 0.025554, 0.287902, 0.0129916, 0.0507066, 0.0587547, 0.0242852, 0.0748812, 0.0574906, 0.0072313, 0.0288644, 0.0336169, 0.043343, 7.75231, 0.0224909, 0.0373175, 67.2029, 0.00335438, 0.0170174, 0.00717463, 0.0855071, 0.0956704, 0.095508, 0.083016, 0.0655198, 0.0969261, 0.0520013, 0.0591446, 0.21253, 0.421586, 

0.0128316, 0.0141899, 0.00882021, 0.0369938, 0.051344, 0.195313, 0.0143693, 0.0587547, 0.0170174, 0.00717463, 0.0178769, 0.0337754, 0.435908, 0.0470259, 167.332, 4.66997, 0.0766414, 0.0367391, 0.0507066, 0.0224909, 0.0175089, 0.025554, 0.287902, 0.0748812, 0.0574906, 697.326, 787.578, 0.0072313, 0.0242852, 0.043343, 0.0288644, 0.0336169, 0.0373175, 67.2029, 0.00335438, 43.9453, 483.863, 0.081543, 0.0179221, 0.0129916, 0.0855071, 0.0956704, 0.095508, 0.083016, 0.0655198, 0.0520013, 0.0591446, 0.0394575, 0.0897174, 0.120754, 

0.0128316, 0.0141899, 0.00882021, 0.051344, 0.195313, 0.00717463, 450.007, 0.0369938, 0.0224909, 0.0129916, 0.0178769, 0.0244264, 0.435908, 0.0470259, 4.66997, 0.0507066, 15.7198, 0.0170174, 0.0587547, 0.0766414, 0.0132202, 0.025554, 0.0748812, 0.0574906, 39.831, 0.043343, 1.03675, 0.0072313, 0.0373175, 0.0242852, 0.0288644, 0.0336169, 43.9453, 483.863, 0.081543, 0.0179221, 1969.03, 0.00335438, 0.0367391, 0.0143693, 0.0855071, 0.0956704, 0.095508, 0.083016, 0.0655198, 0.0520013, 0.0591446, 0.0394575, 0.0897174, 0.120754, 

0.0128316, 0.0141899, 0.00882021, 0.00717463, 450.007, 0.0369938, 278.784, 0.081543, 0.0507066, 0.0179221, 0.0178769, 0.0244264, 4.66997, 15.7198, 0.0766414, 2763.62, 1263.65, 0.0242852, 0.0170174, 0.051344, 0.0132202, 0.025554, 0.0574906, 1.03675, 0.0072313, 0.0373175, 1595.08, 0.043343, 0.0224909, 0.0470259, 0.0288644, 0.0336169, 0.00335438, 0.0367391, 0.0143693, 434.057, 233.983, 0.0748812, 0.0587547, 0.0129916, 0.0855071, 0.0956704, 0.095508, 0.083016, 0.0655198, 0.0520013, 0.0591446, 0.0394575, 0.0897174, 0.120754, 

0.0128316, 0.0141899, 0.00882021, 0.0369938, 278.784, 0.0507066, 377.974, 0.00717463, 0.043343, 0.0173789, 0.0178769, 0.0172891, 4.66997, 2496.28, 0.0170174, 0.051344, 0.0169114, 0.00335438, 0.0470259, 0.0129916, 0.0132202, 0.0244264, 1.03675, 0.0072313, 0.0373175, 1595.08, 180.609, 0.0224909, 0.0179221, 0.0587547, 0.0288644, 0.0336169, 0.0367391, 434.057, 233.983, 0.0748812, 503.241, 0.0242852, 0.0143693, 0.0574906, 0.0855071, 0.083016, 0.0655198, 0.0520013, 0.0591446, 0.0394575, 0.0251714, 0.025554, 0.0766414, 0.081543, 

0.0128316, 0.0118777, 0.0369938, 0.0507066, 377.974, 0.00717463, 0.0173789, 0.0574906, 0.0748812, 0.0179221, 0.0178769, 0.0172891, 0.516609, 0.0170174, 0.0169114, 0.00335438, 72.4123, 0.0129916, 0.0242852, 0.0470259, 0.0132202, 0.0153686, 1.03675, 1595.08, 0.0224909, 0.0587547, 891.379, 0.0114577, 0.00882021, 0.0373175, 0.025554, 0.0336169, 0.0367391, 233.983, 503.241, 0.0143693, 7829.74, 0.051344, 0.0072313, 0.043343, 0.083016, 0.0655198, 0.0520013, 0.0591446, 0.0394575, 0.0251714, 0.0288644, 0.0141899, 0.0766414, 0.081543, 

Best:
0.942941	0.888145	

Fitness Evaluations:
3456

End Population
(9.055305e-01), (8.262362e-01), (9.605001e-01), (9.327179e-01), (8.077001e-01), (6.527605e-01), (8.669684e-01), (7.698026e-01), (1.527756e-01), (-1.918969e+00), (9.216517e-01), (8.526608e-01), (8.696286e-01), (7.582091e-01), (7.615164e-01), (5.823895e-01), (1.273120e+00), (1.622527e+00), (9.255769e-01), (8.455645e-01), (9.155036e-01), (8.485088e-01), (9.046093e-01), (8.273677e-01), (2.993629e-01), (1.056547e-01), (8.821924e-01), (7.838659e-01), (8.930866e-01), (8.050070e-01), (9.429411e-01), (8.881446e-01), (1.045784e+00), (1.944605e+00), (9.285463e-01), (8.533179e-01), (8.454624e-01), (7.127983e-01), (8.227726e-01), (6.644582e-01), (9.023663e-01), (8.081921e-01), (9.116006e-01), (8.397071e-01), (7.455872e-01), (4.573089e-01), (-1.631161e+00), (-1.324479e+00), (9.948741e-01), (1.004763e+00), (9.037721e-01), (8.390515e-01), (1.336043e+00), (-1.200396e+00), (9.628153e-01), (9.370508e-01), (9.766488e-01), (9.629396e-01), (8.665026e-01), (7.368639e-01), (1.062175e+00), (1.142943e+00), (8.558250e-01), (7.437635e-01), (8.085684e-01), (6.547473e-01), (1.492072e-01), (1.549544e+00), (2.136186e+00), (2.322866e+00), (9.454857e-01), (9.046192e-01), (2.731851e+00), (-1.383875e+00), (7.745988e-01), (6.023233e-01), (9.216293e-01), (8.527011e-01), (8.185223e-01), (6.801811e-01), (7.118750e-01), (5.067499e-01), (7.449764e-01), (5.571871e-01), (7.743817e-01), (6.029801e-01), (7.580587e-01), (5.771209e-01), (8.041047e-01), (6.432942e-01), (8.512599e-01), (7.301642e-01), (1.076582e+00), (1.143862e+00), (9.466666e-01), (9.068292e-01), (9.572813e-01), (8.890349e-01), (7.146262e-01), (5.117143e-01), 